-6.303050000000000042e-01 -1.639340000000000019e+00 -1.667300000000000004e+00 -1.481000000000000094e+00 -1.223510000000000097e+00 -6.463480000000000336e-01 0.000000000000000000e+00 1.399020343744248329e-01 4.326130000000000253e-01 1.530571269241646215e-01 0.000000000000000000e+00 nan 9.093168557848694267e-01 7.913300338409999524e-02 6.204627310239999721e-02 7.547509304049999923e-02 -1.000000000000000000e+00 -1.000000000000000000e+00 -1.000000000000000000e+00 -1.000000000000000000e+00 0.000000000000000000e+00 0.000000000000000000e+00
-6.319280000000000452e-01 -2.003880000000000106e+00 -2.025150000000000006e+00 -8.444190000000000307e-01 -8.647200000000000442e-01 -6.455410000000000315e-01 0.000000000000000000e+00 1.311474430252904666e-01 4.326130000000000253e-01 1.690268003466075530e-01 0.000000000000000000e+00 nan 9.363636502868400990e-01 7.055590347529999695e-02 6.836224551139999384e-02 9.277377692469999937e-02 9.221059999999999590e+00 -1.000000000000000000e+00 -1.000000000000000000e+00 -1.000000000000000000e+00 0.000000000000000000e+00 0.000000000000000000e+00
-6.318840000000000012e-01 -2.041100000000000136e+00 -1.934690000000000021e+00 -7.945870000000000433e-01 -8.815399999999999903e-01 -6.400590000000000446e-01 0.000000000000000000e+00 1.240503414837830221e-01 1.345469999999999944e+00 1.850869033908711936e-01 0.000000000000000000e+00 nan 9.589234778168007622e-01 7.055590347529999695e-02 6.836224551139999384e-02 9.277377692469999937e-02 9.221059999999999590e+00 -1.000000000000000000e+00 -1.000000000000000000e+00 -1.000000000000000000e+00 0.000000000000000000e+00 0.000000000000000000e+00
-6.321269999999999945e-01 -2.168579999999999952e+00 -1.935009999999999897e+00 -6.925999999999999934e-01 -1.016929999999999890e+00 -6.387000000000000455e-01 5.533935230431774599e-04 1.187083169857000575e-01 1.893180000000000085e+00 2.013202628621705292e-01 0.000000000000000000e+00 nan 9.767407265143872586e-01 8.949065612869999686e-02 7.033628903789999887e-02 1.076888154759999966e-01 1.021320000000000050e+01 2.358729999999999905e+01 -1.000000000000000000e+00 -1.000000000000000000e+00 0.000000000000000000e+00 0.000000000000000000e+00
-6.272290000000000365e-01 -1.263970000000000038e+00 -1.390130000000000088e+00 -8.767819999999999503e-01 -1.285209999999999964e+00 -6.392050000000000232e-01 2.904636486507738979e-03 1.137104480347889135e-01 -4.802409999999999735e-01 2.178077425011725188e-01 0.000000000000000000e+00 nan 9.896135198324447213e-01 8.949065612869999686e-02 7.033628903789999887e-02 1.076888154759999966e-01 1.021320000000000050e+01 2.358729999999999905e+01 -1.000000000000000000e+00 -1.000000000000000000e+00 3.367046891990855828e-01 7.818088074108724417e-01
-6.224560000000000093e-01 -1.001349999999999962e+00 -1.153890000000000082e+00 -1.383820000000000050e+00 -1.243160000000000043e+00 -6.357779999999999543e-01 6.614403279359581944e-03 1.093063197531822794e-01 -1.027949999999999919e+00 2.346273267655026862e-01 0.000000000000000000e+00 nan 9.973960038789723148e-01 1.045452412509999957e-01 5.882977397840000178e-02 1.015649741460000061e-01 1.962089999999999890e+01 2.985589999999999833e+01 3.321150000000000091e+01 -1.000000000000000000e+00 3.367046891990855828e-01 7.818088074108724417e-01
-6.255709999999999882e-01 -1.187619999999999898e+00 -1.199519999999999920e+00 -1.411459999999999937e+00 -1.310920000000000085e+00 -6.315180000000000238e-01 1.060885009590384342e-02 1.057387899439821144e-01 6.747179999999999844e-02 2.518532372346794501e-01 0.000000000000000000e+00 nan 1.000000000000000000e+00 1.045452412509999957e-01 5.882977397840000178e-02 1.015649741460000061e-01 1.962089999999999890e+01 2.985589999999999833e+01 3.321150000000000091e+01 -1.000000000000000000e+00 4.623787754377399750e-01 7.620182540197426579e-01
-6.325030000000000374e-01 -2.325810000000000155e+00 -2.139229999999999965e+00 -1.325620000000000021e+00 -1.390370000000000106e+00 -6.356100000000000083e-01 1.507607130968025011e-02 1.032412374153111045e-01 7.977549999999999919e-01 2.695550916499604988e-01 0.000000000000000000e+00 nan 9.973960038789723148e-01 1.997355810910000085e-01 3.843669457679999707e-02 1.015962964110000005e-01 1.080049999999999955e+01 3.912039999999999651e+01 4.485810000000000031e+01 4.123120000000000118e+01 4.623787754377399750e-01 7.620182540197426579e-01
-6.292879999999999585e-01 -1.538720000000000088e+00 -1.389960000000000084e+00 -1.390279999999999960e+00 -1.496799999999999908e+00 -6.375769999999999493e-01 2.026209362890973864e-02 1.020349177051614875e-01 -2.976699999999999902e-01 2.877971151175170439e-01 0.000000000000000000e+00 nan 9.896135198324448323e-01 1.997355810910000085e-01 3.843669457679999707e-02 1.015962964110000005e-01 1.080049999999999955e+01 3.912039999999999651e+01 4.485810000000000031e+01 4.123120000000000118e+01 7.445185415325892286e-01 8.062294488624528466e-01
-6.208660000000000290e-01 -9.339960000000000484e-01 -1.023099999999999898e+00 -1.579900000000000082e+00 -1.586240000000000094e+00 -6.333330000000000348e-01 2.637009786831845393e-02 1.023264561677417195e-01 -1.027949999999999919e+00 3.066374124123167899e-01 0.000000000000000000e+00 nan 9.767407265143873696e-01 3.363416591080000129e-01 2.169935784940000070e-02 9.912203023939999968e-02 2.582440000000000069e+01 4.544819999999999993e+01 5.072930000000000206e+01 4.710110000000000241e+01 7.445185415325892286e-01 8.062294488624528466e-01
-6.227960000000000163e-01 -1.044180000000000108e+00 -1.035320000000000018e+00 -4.502010000000000178e-01 -8.329790000000000250e-01 -5.731000000000000538e-01 3.358162610398218728e-02 1.043055068256494300e-01 -1.150990000000000069e-01 3.261273096278068939e-01 0.000000000000000000e+00 nan 9.589234778168007622e-01 3.363416591080000129e-01 2.169935784940000070e-02 9.912203023939999968e-02 2.582440000000000069e+01 4.544819999999999993e+01 5.072930000000000206e+01 4.710110000000000241e+01 6.734426666074875278e-01 6.912250270600648339e-01
-6.214499999999999469e-01 -1.003279999999999950e+00 -9.441910000000000025e-01 -1.519570000000000087e+00 -1.418199999999999905e+00 -6.022579999999999600e-01 4.209881280864880004e-02 1.081426035140133912e-01 -1.150990000000000069e-01 3.463107726307663725e-01 0.000000000000000000e+00 nan 9.363636502868400990e-01 3.789499764109999780e-01 1.700707621490000002e-02 9.949236484680000492e-02 9.094279999999999475e+00 3.145690000000000097e+01 3.905709999999999837e+01 4.163530000000000086e+01 6.734426666074875278e-01 6.912250270600648339e-01
-4.920769999999999866e-01 2.026990000000000042e-02 -2.459020000000000095e-01 2.205290000000000195e+00 2.282700000000000173e+00 -5.621390000000000553e-01 5.210537907861367835e-02 1.139872276639997128e-01 1.710609999999999964e+00 3.672239089104669674e-01 0.000000000000000000e+00 nan 9.093168557848695377e-01 3.789499764109999780e-01 1.700707621490000002e-02 9.949236484680000492e-02 9.094279999999999475e+00 3.145690000000000097e+01 3.905709999999999837e+01 4.163530000000000086e+01 4.466944808148953783e-01 6.753475126934751493e-01
-1.622349999999999903e-01 6.469009999999999483e-01 5.904209999999999736e-01 2.496760000000000090e+00 2.343809999999999949e+00 -5.635959999999999859e-01 6.373943803403692154e-02 1.219661146184671807e-01 3.536319999999999908e+00 3.888945584663927590e-01 0.000000000000000000e+00 nan 8.780895452999469830e-01 4.080081576380000241e-01 2.034594869689999863e-02 1.027494219739999992e-01 1.451800000000000068e+01 2.731970000000000098e+01 3.393970000000000198e+01 3.828070000000000306e+01 4.466944808148953783e-01 6.753475126934751493e-01
-5.263700000000000045e-01 -9.026289999999999314e-02 -1.609420000000000017e-01 2.067340000000000177e+00 2.029459999999999820e+00 -5.476239999999999997e-01 7.711860231639877661e-02 1.321818176698917879e-01 2.440890000000000004e+00 4.113419783699209242e-01 0.000000000000000000e+00 nan 8.430355367376670683e-01 4.080081576380000241e-01 2.034594869689999863e-02 1.027494219739999992e-01 1.451800000000000068e+01 2.731970000000000098e+01 3.393970000000000198e+01 3.828070000000000306e+01 3.976886886664743326e-01 6.573837270843079228e-01
-4.700570000000000026e-01 1.009420000000000039e-01 3.404320000000000124e-01 1.579900000000000082e+00 1.622749999999999915e+00 -5.689119999999999733e-01 9.234189834545358799e-02 1.447115460905842310e-01 2.258319999999999883e+00 4.345766245740086964e-01 0.000000000000000000e+00 nan 8.045520060219111258e-01 4.093275419119999925e-01 2.830128915189999983e-02 1.208437578349999958e-01 1.311860000000000070e+01 3.123100000000000165e+01 3.603589999999999804e+01 4.218820000000000192e+01 3.976886886664743326e-01 6.573837270843079228e-01
-5.103320000000000078e-01 -1.710240000000000024e-02 2.818510000000000199e-03 2.334680000000000089e+00 2.297489999999999810e+00 -5.681629999999999736e-01 1.094874170742469177e-01 1.596062903207842165e-01 9.803260000000000307e-01 4.586000334430682113e-01 0.000000000000000000e+00 nan 7.630749869329276347e-01 4.093275419119999925e-01 2.830128915189999983e-02 1.208437578349999958e-01 1.311860000000000070e+01 3.123100000000000165e+01 3.603589999999999804e+01 4.218820000000000192e+01 4.240418543751802716e-01 6.379585272495705839e-01
-5.324470000000000036e-01 -1.265469999999999928e-01 1.503549999999999887e-01 1.423799999999999955e+00 1.095790000000000042e+00 -3.803730000000000167e-01 1.286103989895736044e-01 1.768902442265971597e-01 -4.802409999999999735e-01 4.834048043453443855e-01 0.000000000000000000e+00 nan 7.190744306703704680e-01 3.273823087050000136e-01 4.144466644730000066e-02 1.672093824710000065e-01 1.629420000000000002e+01 3.724090000000000344e+01 4.386540000000000106e+01 4.828739999999999810e+01 4.240418543751802716e-01 6.379585272495705839e-01
-5.234820000000000029e-01 3.616500000000000270e-02 -7.047280000000000211e-02 1.147089999999999943e+00 8.734570000000000389e-01 8.795279999999999765e-02 1.497363452710597231e-01 1.965605309738241990e-01 6.151839999999999531e-01 5.089746835050286133e-01 0.000000000000000000e+00 nan 6.730488811184249798e-01 3.273823087050000136e-01 4.144466644730000066e-02 1.672093824710000065e-01 1.629420000000000002e+01 3.724090000000000344e+01 4.386540000000000106e+01 4.828739999999999810e+01 3.347018486052240061e-01 6.168943581898951312e-01
-5.252919999999999812e-01 5.274290000000000228e-02 -1.550110000000000099e-01 1.286599999999999966e+00 1.108559999999999990e+00 -3.272629999999999983e-02 1.728510840370663937e-01 2.185872356236425729e-01 4.326130000000000253e-01 5.352847481640345961e-01 0.000000000000000000e+00 nan 6.255198261443907226e-01 2.493086791789999868e-01 4.478373762389999818e-02 1.944462690379999970e-01 1.636070000000000135e+01 4.306730000000000302e+01 5.111039999999999850e+01 5.352029999999999887e+01 3.347018486052240061e-01 6.168943581898951312e-01
-1.053589999999999943e-01 7.840369999999999839e-01 7.208679999999999533e-01 1.797139999999999960e+00 1.034829999999999917e+00 -1.920060000000000100e-01 1.979674866382924447e-01 2.429137440808166737e-01 -1.027949999999999919e+00 5.623016889668055462e-01 0.000000000000000000e+00 nan 5.770257889327705669e-01 2.493086791789999868e-01 4.478373762389999818e-02 1.944462690379999970e-01 1.636070000000000135e+01 4.306730000000000302e+01 5.111039999999999850e+01 5.352029999999999887e+01 3.212312199019107251e-01 5.904523213608907639e-01
3.927719999999999823e-02 8.950059999999999683e-01 8.484709999999999752e-01 1.394260000000000055e+00 9.384759999999999769e-01 -1.949220000000000119e-01 2.250685695179325263e-01 2.694573845540189083e-01 -6.628110000000000390e-01 5.899841873686224591e-01 0.000000000000000000e+00 nan 5.281162263024060666e-01 2.637697898629999815e-01 3.494820062520000159e-02 1.996474762600000119e-01 1.928559999999999874e+01 4.480199999999999960e+01 4.949139999999999873e+01 5.816629999999999967e+01 3.212312199019107251e-01 5.904523213608907639e-01
-5.071109999999999784e-01 4.015150000000000316e-03 1.505219999999999891e-01 1.476650000000000018e+00 1.191470000000000029e+00 -4.608670000000000266e-01 2.540605636744195373e-01 2.981103642602584980e-01 9.803260000000000307e-01 6.182833837912256048e-01 0.000000000000000000e+00 nan 4.793453031411690768e-01 2.637697898629999815e-01 3.494820062520000159e-02 1.996474762600000119e-01 1.928559999999999874e+01 4.480199999999999960e+01 4.949139999999999873e+01 5.816629999999999967e+01 3.991256297019596389e-01 5.827662385997739447e-01
-5.155560000000000143e-01 6.944599999999999385e-02 -6.176430000000000115e-02 1.116230000000000055e+00 8.821400000000000352e-01 -5.149880000000000013e-01 2.848575750386241889e-01 3.287409907601855918e-01 4.326130000000000253e-01 6.471434312213599771e-01 0.000000000000000000e+00 nan 4.312656134963481769e-01 2.490140513630000052e-01 4.528102888849999674e-02 2.031433275199999999e-01 2.024800000000000111e+01 4.941989999999999839e+01 5.929460000000000264e+01 6.378719999999999857e+01 3.991256297019596389e-01 5.827662385997739447e-01
-5.438159999999999661e-01 -7.396909999999999596e-02 -1.750279999999999891e-01 1.207750000000000101e+00 9.727139999999999675e-01 -3.378840000000000177e-01 3.173540961374231584e-01 3.611951640860496804e-01 1.162900000000000045e+00 6.765021279797502896e-01 0.000000000000000000e+00 nan 3.844219194632887415e-01 2.490140513630000052e-01 4.528102888849999674e-02 2.031433275199999999e-01 2.024800000000000111e+01 4.941989999999999839e+01 5.929460000000000264e+01 6.378719999999999857e+01 4.142051885222253205e-01 5.834559714819353982e-01
-5.976890000000000258e-01 -5.627769999999999717e-01 -1.220699999999999896e+00 8.630900000000000238e-01 7.280280000000000085e-01 -3.740600000000000036e-01 3.514144106622517638e-01 3.952981227559108079e-01 2.988599999999999923e+00 7.062916224909823182e-01 0.000000000000000000e+00 nan 3.393449788131757128e-01 2.481123018009999959e-01 5.588881916809999850e-02 2.076890431350000010e-01 3.013510000000000133e+01 8.056789999999999452e+01 8.580859999999999843e+01 8.356119999999999948e+01 4.142051885222253205e-01 5.834559714819353982e-01
-5.508840000000000403e-01 -1.116560000000000052e-01 -4.139519999999999866e-01 7.538169999999999593e-01 8.483159999999999590e-01 -4.898799999999999821e-01 3.868968897260166573e-01 4.308564238910599364e-01 1.162900000000000045e+00 7.329769238659249453e-01 0.000000000000000000e+00 nan 2.965455312954062839e-01 2.481123018009999959e-01 5.588881916809999850e-02 2.076890431350000010e-01 3.013510000000000133e+01 8.056789999999999452e+01 8.580859999999999843e+01 8.356119999999999948e+01 3.803899158917911638e-01 5.872597458914797786e-01
-2.779200000000000004e-01 5.927200000000000246e-01 5.249310000000000365e-01 6.393330000000000402e-01 8.039079999999999560e-01 -2.725759999999999850e-01 4.236468797754558979e-01 4.676601350011310165e-01 -6.628110000000000390e-01 7.598307178906884563e-01 0.000000000000000000e+00 nan 2.565085117521482827e-01 3.887908900070000118e-01 6.158181220640000092e-02 1.723527522149999880e-01 3.613680000000000092e+01 8.778239999999999554e+01 9.563819999999999766e+01 8.991500000000000625e+01 3.803899158917911638e-01 5.872597458914797786e-01
-3.530130000000000212e-01 4.257190000000000141e-01 3.941189999999999971e-01 9.095250000000000279e-01 9.518839999999999524e-01 3.622250000000000192e-01 4.614706185886522372e-01 5.054852126031015302e-01 6.151839999999999531e-01 7.865487403487403384e-01 0.000000000000000000e+00 nan 2.196875556128082829e-01 3.887908900070000118e-01 6.158181220640000092e-02 1.723527522149999880e-01 3.613680000000000092e+01 8.778239999999999554e+01 9.563819999999999766e+01 8.991500000000000625e+01 2.712267814740018101e-01 5.766610782368788435e-01
-1.291710000000000080e-01 6.219449999999999701e-01 8.817450000000000010e-01 6.769789999999999974e-01 9.994530000000000358e-01 1.379480000000000040e+00 5.001590926497454515e-01 5.440960407234785023e-01 1.345469999999999944e+00 8.128282653696508042e-01 0.000000000000000000e+00 nan 1.864998590233523101e-01 5.556912874399999591e-01 6.955671156699999580e-02 1.340005344029999990e-01 2.828509999999999991e+01 7.081010000000000559e+01 8.215749999999999886e+01 8.111159999999999570e+01 2.712267814740018101e-01 5.766610782368788435e-01
1.096989999999999910e+00 1.196139999999999981e+00 1.441300000000000026e+00 1.389340000000000019e+00 1.482850000000000001e+00 2.538089999999999957e+00 5.395195634646052785e-01 5.832481005214253944e-01 -1.150990000000000069e-01 8.383715354341675363e-01 0.000000000000000000e+00 nan 1.573214518472699774e-01 5.556912874399999591e-01 6.955671156699999580e-02 1.340005344029999990e-01 2.828509999999999991e+01 7.081010000000000559e+01 8.215749999999999886e+01 8.111159999999999570e+01 2.222598255697832981e-01 5.451860400796266770e-01
2.062429999999999986e+00 1.378659999999999997e+00 1.639930000000000110e+00 8.021580000000000377e-01 1.325709999999999944e+00 3.456939999999999902e+00 5.793264839121309295e-01 6.234143942801616545e-01 -1.150990000000000069e-01 8.628891350858868270e-01 0.000000000000000000e+00 nan 1.324829370969660136e-01 5.713208400539999676e-01 9.642745447599999908e-02 1.325726456419999977e-01 1.849889999999999901e+01 5.833529999999999660e+01 7.413460000000000605e+01 7.599230000000000018e+01 2.222598255697832981e-01 5.451860400796266770e-01
2.606460000000000221e+00 1.464690000000000047e+00 1.699359999999999982e+00 1.119539999999999980e+00 1.709989999999999899e+00 3.454289999999999861e+00 6.191802075494575730e-01 6.620736554643178451e-01 4.326130000000000253e-01 8.861032701240190157e-01 0.000000000000000000e+00 nan 1.122657450695280223e-01 5.713208400539999676e-01 9.642745447599999908e-02 1.325726456419999977e-01 1.849889999999999901e+01 5.833529999999999660e+01 7.413460000000000605e+01 7.599230000000000018e+01 2.727746832072079908e-01 4.906868988312100832e-01
2.319999999999999840e+00 1.423010000000000108e+00 1.628419999999999979e+00 8.216080000000000050e-01 1.160479999999999956e+00 3.684899999999999842e+00 6.576241525857527970e-01 6.989636473927915983e-01 6.151839999999999531e-01 9.077509151226840212e-01 0.000000000000000000e+00 nan 9.689894462900738858e-02 5.810103351199999988e-01 1.078596818439999938e-01 1.442550801220000012e-01 1.497809999999999953e+01 4.044559999999999889e+01 6.063709999999999667e+01 6.950060000000000571e+01 2.727746832072079908e-01 4.906868988312100832e-01
2.500269999999999992e+00 1.446779999999999955e+00 1.643650000000000055e+00 1.286119999999999930e+00 1.303760000000000030e+00 3.338159999999999794e+00 6.957805234306975173e-01 7.353307950282225169e-01 4.326130000000000253e-01 9.275867936140870240e-01 0.000000000000000000e+00 nan 8.655664776465687993e-02 5.810103351199999988e-01 1.078596818439999938e-01 1.442550801220000012e-01 1.497809999999999953e+01 4.044559999999999889e+01 6.063709999999999667e+01 6.950060000000000571e+01 2.629324693193670903e-01 4.032171600077851803e-01
2.630869999999999820e+00 1.465649999999999897e+00 1.660239999999999938e+00 8.096039999999999903e-01 1.077439999999999953e+00 3.074660000000000171e+00 7.332654801315335868e-01 7.707630440563262297e-01 4.326130000000000253e-01 9.453861571689057275e-01 0.000000000000000000e+00 nan 8.135603683252157214e-02 6.016834878379999640e-01 1.027335362960000026e-01 1.500630762609999891e-01 5.705669999999999575e+00 2.241319999999999979e+01 3.945309999999999917e+01 5.588759999999999906e+01 2.629324693193670903e-01 4.032171600077851803e-01
2.597210000000000019e+00 1.461119999999999974e+00 1.653669999999999973e+00 1.053330000000000100e+00 1.146330000000000071e+00 2.805149999999999810e+00 7.685261585769875836e-01 8.048589329376059087e-01 6.151839999999999531e-01 9.609473318857991719e-01 0.000000000000000000e+00 nan 4.002609541271262561e-02 6.016834878379999640e-01 1.027335362960000026e-01 1.500630762609999891e-01 5.705669999999999575e+00 2.241319999999999979e+01 3.945309999999999917e+01 5.588759999999999906e+01 2.756152770688621301e-01 3.912834153387032554e-01
2.700530000000000097e+00 1.477629999999999999e+00 1.638379999999999947e+00 1.171270000000000033e+00 1.316589999999999927e+00 2.601010000000000044e+00 8.025066918873471344e-01 8.372321416270106509e-01 6.151839999999999531e-01 9.740940034372947975e-01 0.000000000000000000e+00 nan 0.000000000000000000e+00 6.485013001920000297e-01 8.286083737110000458e-02 1.309096519909999923e-01 4.168700000000000294e+00 1.284110000000000085e+01 2.726229999999999976e+01 4.315800000000000125e+01 2.756152770688621301e-01 3.912834153387032554e-01
2.687500000000000000e+00 1.475579999999999892e+00 1.620929999999999982e+00 1.681769999999999987e+00 1.664309999999999956e+00 2.403849999999999820e+00 8.348220670422739076e-01 8.675158687344117769e-01 4.326130000000000253e-01 9.846772147815709975e-01 0.000000000000000000e+00 nan 0.000000000000000000e+00 6.485013001920000297e-01 8.286083737110000458e-02 1.309096519909999923e-01 4.168700000000000294e+00 1.284110000000000085e+01 2.726229999999999976e+01 4.315800000000000125e+01 2.869332682363905374e-01 4.394827686287632318e-01
2.493790000000000173e+00 1.446050000000000058e+00 1.564440000000000053e+00 1.222900000000000098e+00 1.372249999999999970e+00 2.228260000000000129e+00 8.651061379286938413e-01 8.953669875309191450e-01 4.326130000000000253e-01 9.925770539052605201e-01 0.000000000000000000e+00 nan 0.000000000000000000e+00 6.706386669310000492e-01 7.180014639390000508e-02 1.207847851459999955e-01 3.692730000000000068e+00 1.160389999999999944e+01 2.093680000000000163e+01 3.161139999999999972e+01 2.869332682363905374e-01 4.394827686287632318e-01
2.243549999999999933e+00 1.408120000000000038e+00 1.472350000000000048e+00 1.333690000000000042e+00 1.417790000000000106e+00 1.935939999999999994e+00 8.930157739225628166e-01 9.204699337118258384e-01 4.326130000000000253e-01 9.977040124744761540e-01 0.000000000000000000e+00 nan 0.000000000000000000e+00 6.706386669310000492e-01 7.180014639390000508e-02 1.207847851459999955e-01 3.692730000000000068e+00 1.160389999999999944e+01 2.093680000000000163e+01 3.161139999999999972e+01 2.902620891680165460e-01 4.345317157617620829e-01
2.220180000000000042e+00 1.408009999999999984e+00 1.413850000000000051e+00 9.414660000000000251e-01 1.313700000000000090e+00 1.658199999999999896e+00 9.182347476959460408e-01 9.425402808662736165e-01 4.326130000000000253e-01 1.000000000000000000e+00 0.000000000000000000e+00 nan 0.000000000000000000e+00 6.828909056380000342e-01 5.802001792759999693e-02 1.253411162739999918e-01 4.287759999999999572e+00 1.113330000000000020e+01 1.744160000000000110e+01 2.341290000000000049e+01 2.902620891680165460e-01 4.345317157617620829e-01
2.150710000000000122e+00 1.395639999999999992e+00 1.388700000000000045e+00 7.240579999999999794e-01 1.164579999999999949e+00 1.440080000000000027e+00 9.404773181990000452e-01 9.613279631421397520e-01 4.326130000000000253e-01 9.958639611121445911e-01 0.000000000000000000e+00 nan 0.000000000000000000e+00 6.828909056380000342e-01 5.802001792759999693e-02 1.253411162739999918e-01 4.287759999999999572e+00 1.113330000000000020e+01 1.744160000000000110e+01 2.341290000000000049e+01 2.868167595037837136e-01 4.438909129400034903e-01
2.018990000000000062e+00 1.370789999999999953e+00 1.343480000000000008e+00 1.188260000000000094e+00 1.413839999999999986e+00 1.341990000000000016e+00 9.594914682202452250e-01 9.766201085920612757e-01 4.326130000000000253e-01 9.885402227972271971e-01 0.000000000000000000e+00 nan 0.000000000000000000e+00 7.098738809179999665e-01 4.833568537420000061e-02 1.270590842200000070e-01 4.206279999999999575e+00 9.670719999999999317e+00 1.419500000000000028e+01 1.737780000000000058e+01 2.868167595037837136e-01 4.438909129400034903e-01
2.037939999999999863e+00 1.374360000000000026e+00 1.339439999999999964e+00 1.283439999999999914e+00 1.337679999999999980e+00 1.245989999999999931e+00 9.750617598422719468e-01 9.882434510976595421e-01 4.326130000000000253e-01 9.778469717467749289e-01 0.000000000000000000e+00 nan 0.000000000000000000e+00 7.098738809179999665e-01 4.833568537420000061e-02 1.270590842200000070e-01 4.206279999999999575e+00 9.670719999999999317e+00 1.419500000000000028e+01 1.737780000000000058e+01 2.794212290006878874e-01 4.495897455158825995e-01
2.057510000000000172e+00 1.379960000000000075e+00 1.316510000000000069e+00 5.750490000000000324e-01 1.162660000000000027e+00 1.155520000000000103e+00 9.870117754394298615e-01 9.960662935438941989e-01 4.326130000000000253e-01 9.636405725779975118e-01 0.000000000000000000e+00 nan 0.000000000000000000e+00 6.958343908549999846e-01 4.861112925560000242e-02 1.503981963930000054e-01 3.254690000000000083e+00 8.388579999999999259e+00 1.197809999999999953e+01 1.702779999999999916e+01 2.794212290006878874e-01 4.495897455158825995e-01
1.928800000000000070e+00 1.355509999999999993e+00 1.268029999999999990e+00 5.853270000000000417e-01 1.039600000000000080e+00 9.583350000000000479e-01 9.952061165600190051e-01 1.000000000000000000e+00 2.500430000000000152e-01 9.458171952800682458e-01 0.000000000000000000e+00 nan 0.000000000000000000e+00 6.958343908549999846e-01 4.861112925560000242e-02 1.503981963930000054e-01 3.254690000000000083e+00 8.388579999999999259e+00 1.197809999999999953e+01 1.702779999999999916e+01 2.727025587536894280e-01 4.402339628568598950e-01
1.770720000000000072e+00 1.326100000000000056e+00 1.162020000000000053e+00 6.488629999999999676e-01 1.087720000000000020e+00 9.201000000000000290e-01 9.995519380448508739e-01 1.000000000000000000e+00 6.747179999999999844e-02 9.243139916496346808e-01 0.000000000000000000e+00 nan 0.000000000000000000e+00 6.698815421089999722e-01 4.965582615700000341e-02 1.675943393890000077e-01 3.322099999999999831e+00 8.236890000000000711e+00 1.504299999999999926e+01 2.466379999999999839e+01 2.727025587536894280e-01 4.402339628568598950e-01
1.723260000000000014e+00 1.323509999999999964e+00 1.133499999999999952e+00 6.461829999999999519e-01 9.911680000000000490e-01 9.313890000000000224e-01 1.000000000000000000e+00 9.960662935438941989e-01 2.500430000000000152e-01 9.026848482996691070e-01 0.000000000000000000e+00 nan 0.000000000000000000e+00 6.698815421089999722e-01 4.965582615700000341e-02 1.675943393890000077e-01 3.322099999999999831e+00 8.236890000000000711e+00 1.504299999999999926e+01 2.466379999999999839e+01 2.639754998779432205e-01 4.218945801336442258e-01
1.715959999999999930e+00 1.318070000000000075e+00 1.177720000000000100e+00 6.349639999999999729e-01 9.159840000000000204e-01 8.778880000000000017e-01 9.965452257044776774e-01 9.882434510976595421e-01 4.326130000000000253e-01 8.777125738638555941e-01 0.000000000000000000e+00 nan 0.000000000000000000e+00 6.602825532889999849e-01 4.729662439940000157e-02 1.626858723750000124e-01 4.678219999999999601e+00 1.152399999999999913e+01 2.129919999999999902e+01 3.284309999999999974e+01 2.639754998779432205e-01 4.218945801336442258e-01
1.638190000000000035e+00 1.300010000000000110e+00 1.174840000000000106e+00 5.418269999999999476e-01 8.585990000000000011e-01 7.026299999999999768e-01 9.892267591315105912e-01 9.766201085920612757e-01 4.326130000000000253e-01 8.496801141899659182e-01 0.000000000000000000e+00 nan 0.000000000000000000e+00 6.602825532889999849e-01 4.729662439940000157e-02 1.626858723750000124e-01 4.678219999999999601e+00 1.152399999999999913e+01 2.129919999999999902e+01 3.284309999999999974e+01 2.526797008499589436e-01 4.084994212389924106e-01
1.261190000000000033e+00 1.223049999999999971e+00 1.018710000000000004e+00 6.200529999999999653e-01 7.314049999999999718e-01 5.301249999999999574e-01 9.781275214316810240e-01 9.613279631421397520e-01 2.500430000000000152e-01 8.189050882473080106e-01 0.000000000000000000e+00 nan 0.000000000000000000e+00 6.525609171320000401e-01 4.544927825810000238e-02 1.268472424609999871e-01 4.336470000000000269e+00 1.999950000000000117e+01 3.178539999999999921e+01 4.759290000000000020e+01 2.526797008499589436e-01 4.084994212389924106e-01
1.074240000000000084e+00 1.169599999999999973e+00 9.181620000000000337e-01 6.424480000000000190e-01 7.035150000000000015e-01 4.580440000000000067e-01 9.633732714031584266e-01 9.425402808662736165e-01 2.500430000000000152e-01 7.857361893768884942e-01 0.000000000000000000e+00 nan 0.000000000000000000e+00 6.525609171320000401e-01 4.544927825810000238e-02 1.268472424609999871e-01 4.336470000000000269e+00 1.999950000000000117e+01 3.178539999999999921e+01 4.759290000000000020e+01 2.444908013581589268e-01 3.999699522308761690e-01
8.287499999999999867e-01 1.095879999999999965e+00 8.491379999999999484e-01 2.690830000000000166e-01 6.138670000000000515e-01 -4.983590000000000242e-02 9.451311805942650413e-01 9.204699337118258384e-01 4.326130000000000253e-01 7.505492344565289908e-01 0.000000000000000000e+00 nan 0.000000000000000000e+00 5.669216805069999809e-01 4.544136483419999872e-02 1.025672428439999978e-01 1.724559999999999960e+01 3.234590000000000032e+01 4.767320000000000135e+01 5.758639999999999759e+01 2.444908013581589268e-01 3.999699522308761690e-01
6.954200000000000381e-01 1.052540000000000031e+00 8.866749999999999909e-01 4.596049999999999858e-01 6.111760000000000526e-01 -9.429600000000000481e-02 9.236079391830354091e-01 8.953669875309191450e-01 2.500430000000000152e-01 7.137429057454708348e-01 0.000000000000000000e+00 nan 0.000000000000000000e+00 5.669216805069999809e-01 4.544136483419999872e-02 1.025672428439999978e-01 1.724559999999999960e+01 3.234590000000000032e+01 4.767320000000000135e+01 5.758639999999999759e+01 2.395475022746942351e-01 4.033639843341857434e-01
7.412079999999999780e-01 1.068740000000000023e+00 8.160509999999999708e-01 1.035349999999999993e+00 1.108789999999999942e+00 -2.253010000000000013e-01 8.990474140949097359e-01 8.675158687344118880e-01 2.500430000000000152e-01 6.757342336550729023e-01 0.000000000000000000e+00 nan 0.000000000000000000e+00 4.560455273210000104e-01 4.748956523709999683e-02 9.883116924250000268e-02 1.087139999999999951e+01 5.394729999999999848e+01 6.880180000000000007e+01 7.393170000000000641e+01 2.395475022746942351e-01 4.033639843341857434e-01
3.057650000000000090e-01 8.921590000000000353e-01 9.529239999999999933e-01 2.164790000000000048e-01 4.945399999999999796e-01 -3.867889999999999939e-01 8.717278858930241903e-01 8.372321416270107619e-01 6.747179999999999844e-02 6.369538716276144097e-01 0.000000000000000000e+00 nan 0.000000000000000000e+00 4.560455273210000104e-01 4.748956523709999683e-02 9.883116924250000268e-02 1.087139999999999951e+01 5.394729999999999848e+01 6.880180000000000007e+01 7.393170000000000641e+01 2.449346441490424242e-01 4.157279584248140258e-01
1.068519999999999914e+00 1.170800000000000063e+00 7.354540000000000521e-01 1.945030000000000037e+00 1.390949999999999909e+00 -5.046310000000000517e-01 8.419588957482355696e-01 8.048589329376059087e-01 4.326130000000000253e-01 5.978412166607128819e-01 0.000000000000000000e+00 nan 0.000000000000000000e+00 2.976918396200000094e-01 5.576951960340000014e-02 1.042766431870000010e-01 4.399179999999999779e+01 7.358990000000000009e+01 8.916169999999999618e+01 8.805570000000000164e+01 2.449346441490424242e-01 4.157279584248140258e-01
-5.091890000000000027e-01 -3.897980000000000195e-02 -1.003740000000000077e+00 -2.374429999999999874e-01 7.483080000000000287e-02 -5.350150000000000183e-01 8.100777382139696670e-01 7.707630440563263408e-01 6.151839999999999531e-01 5.588394307637671865e-01 0.000000000000000000e+00 nan 0.000000000000000000e+00 2.976918396200000094e-01 5.576951960340000014e-02 1.042766431870000010e-01 4.399179999999999779e+01 7.358990000000000009e+01 8.916169999999999618e+01 8.805570000000000164e+01 2.431759170901666156e-01 4.390661972840914640e-01
-6.233720000000000372e-01 -1.195279999999999898e+00 -1.421499999999999986e+00 -1.294710000000000027e+00 -1.035730000000000040e+00 -6.257519999999999749e-01 7.764456395441534653e-01 7.353307950282226280e-01 -1.150990000000000069e-01 5.203904197553125277e-01 0.000000000000000000e+00 nan 0.000000000000000000e+00 1.869592130989999879e-01 5.482719472320000259e-02 1.128195774880000057e-01 1.781200000000000117e+01 8.070730000000000359e+01 9.328910000000000480e+01 9.102100000000000080e+01 2.431759170901666156e-01 4.390661972840914640e-01
-6.083979999999999944e-01 -6.465859999999999941e-01 -6.911340000000000261e-01 -1.604950000000000099e+00 -1.403659999999999908e+00 -6.312649999999999650e-01 7.414436648554211251e-01 6.989636473927917093e-01 -8.453819999999999668e-01 4.793547853799267067e-01 0.000000000000000000e+00 nan 0.000000000000000000e+00 1.869592130989999879e-01 5.482719472320000259e-02 1.128195774880000057e-01 1.781200000000000117e+01 8.070730000000000359e+01 9.328910000000000480e+01 9.102100000000000080e+01 2.433201659972037412e-01 5.325932932013507370e-01
-6.120069999999999677e-01 -6.917929999999999913e-01 -8.301570000000000338e-01 -1.439980000000000038e+00 -1.201650000000000107e+00 -6.349299999999999944e-01 7.054684005070752661e-01 6.620736554643178451e-01 -1.027949999999999919e+00 4.393949417851309436e-01 0.000000000000000000e+00 nan 0.000000000000000000e+00 1.487678137239999976e-01 4.762517069379999801e-02 1.436533369989999864e-01 3.574620000000000175e+01 6.193359999999999843e+01 8.219889999999999475e+01 8.713469999999999516e+01 2.433201659972037412e-01 5.325932932013507370e-01
-6.224610000000000420e-01 -1.036040000000000072e+00 -1.160660000000000025e+00 -1.561900000000000066e+00 -1.344479999999999897e+00 -6.413010000000000099e-01 6.689274606191688566e-01 6.234143942801617655e-01 -8.453819999999999668e-01 4.041611139790378671e-01 0.000000000000000000e+00 nan 0.000000000000000000e+00 1.487678137239999976e-01 4.762517069379999801e-02 1.436533369989999864e-01 3.574620000000000175e+01 6.193359999999999843e+01 8.219889999999999475e+01 8.713469999999999516e+01 2.159406138345798531e-01 6.190318472207521072e-01
-6.291750000000000398e-01 -1.545619999999999994e+00 -1.391529999999999934e+00 -6.591890000000000249e-01 -1.014000000000000012e+00 -6.350360000000000449e-01 6.316634483806023992e-01 5.832481005214255054e-01 -4.802409999999999735e-01 3.704774743958205718e-01 0.000000000000000000e+00 nan 0.000000000000000000e+00 1.648172464669999948e-01 4.172712216579999717e-02 1.572363561769999918e-01 1.612130000000000152e+01 5.729879999999999995e+01 7.468819999999999482e+01 8.086090000000000089e+01 2.159406138345798531e-01 6.190318472207521072e-01
-6.303260000000000529e-01 -1.696320000000000050e+00 -1.544829999999999925e+00 -3.141959999999999753e-01 -1.160469999999999891e+00 -6.179829999999999490e-01 5.927718495704599189e-01 5.433952165061991524e-01 -2.976699999999999902e-01 3.387256721312564833e-01 0.000000000000000000e+00 nan 0.000000000000000000e+00 1.648172464669999948e-01 4.172712216579999717e-02 1.572363561769999918e-01 1.612130000000000152e+01 5.729879999999999995e+01 7.468819999999999482e+01 8.086090000000000089e+01 5.601462461995960762e-01 7.136891489993750781e-01
-6.307669999999999666e-01 -1.781970000000000054e+00 -1.627809999999999979e+00 -1.577180000000000026e+00 -1.538780000000000037e+00 -5.906529999999999836e-01 5.530074189283684660e-01 5.040607348905939977e-01 2.500430000000000152e-01 3.092654677923792894e-01 0.000000000000000000e+00 nan 0.000000000000000000e+00 2.305592335580000096e-01 3.386259218079999689e-02 1.626501975619999985e-01 2.094810000000000016e+01 4.315570000000000306e+01 5.817620000000000147e+01 6.955379999999999541e+01 5.601462461995960762e-01 7.136891489993750781e-01
-6.092300000000000493e-01 -6.591280000000000472e-01 -6.487140000000000128e-01 -1.265959999999999974e+00 -1.247460000000000013e+00 -4.057890000000000108e-01 5.138125006407516793e-01 4.654437746243905716e-01 -2.976699999999999902e-01 2.824306572660488790e-01 0.000000000000000000e+00 nan 0.000000000000000000e+00 2.305592335580000096e-01 3.386259218079999689e-02 1.626501975619999985e-01 2.094810000000000016e+01 4.315570000000000306e+01 5.817620000000000147e+01 6.955379999999999541e+01 9.832449346441489713e-01 8.091864225057791016e-01
-5.495750000000000357e-01 -8.598319999999999574e-02 -6.285570000000000046e-02 -1.573800000000000088e+00 -1.516429999999999945e+00 -2.099779999999999980e-01 4.754003203666350430e-01 4.277353248537736352e-01 -8.453819999999999668e-01 2.585252896781751186e-01 0.000000000000000000e+00 nan 0.000000000000000000e+00 2.788016351050000008e-01 2.828351944650000019e-02 1.715476057879999905e-01 1.016419999999999924e+01 2.938599999999999923e+01 4.242130000000000223e+01 5.399090000000000344e+01 9.832449346441489713e-01 8.091864225057791016e-01
-5.583460000000000090e-01 -1.726969999999999894e-01 -4.951629999999999920e-02 -1.244860000000000078e+00 -1.014100000000000001e+00 -2.548699999999999855e-01 4.379123640943450857e-01 3.911160809379906622e-01 -8.453819999999999668e-01 2.343579641925900292e-01 0.000000000000000000e+00 nan 0.000000000000000000e+00 2.788016351050000008e-01 2.828351944650000019e-02 1.715476057879999905e-01 1.016419999999999924e+01 2.938599999999999923e+01 4.242130000000000223e+01 5.399090000000000344e+01 8.298639621845942393e-01 7.947225190956986873e-01
-6.046109999999999679e-02 8.262350000000000527e-01 7.763189999999999813e-01 -1.135429999999999939e+00 -9.431249999999999911e-01 -1.350430000000000033e-02 4.015136260797396162e-01 3.557543970987292470e-01 -1.027949999999999919e+00 2.135127529874137897e-01 0.000000000000000000e+00 nan 0.000000000000000000e+00 3.080821389949999767e-01 3.030294077399999994e-02 1.491077729839999921e-01 1.083140000000000036e+01 2.112330000000000041e+01 3.222109999999999985e+01 4.192130000000000223e+01 8.298639621845942393e-01 7.947225190956986873e-01
-5.704510000000000136e-02 8.302460000000000395e-01 7.758950000000000014e-01 -1.289479999999999960e+00 -9.987139999999999906e-01 2.803010000000000224e-01 3.663685347848203433e-01 3.218043788995146315e-01 -1.027949999999999919e+00 1.959610464449265121e-01 0.000000000000000000e+00 nan 0.000000000000000000e+00 3.080821389949999767e-01 3.030294077399999994e-02 1.491077729839999921e-01 1.083140000000000036e+01 2.112330000000000041e+01 3.222109999999999985e+01 4.192130000000000223e+01 5.221200150906548654e-01 7.430608433179565209e-01
-5.524099999999999566e-01 -1.552310000000000079e-01 1.369100000000000004e-02 -1.042899999999999938e+00 -8.776850000000000485e-01 -1.455869999999999942e-01 3.325938958285473701e-01 2.894041371680968755e-01 -8.453819999999999668e-01 1.816369182235630930e-01 0.000000000000000000e+00 nan 0.000000000000000000e+00 2.998501979839999776e-01 3.236927162380000278e-02 1.201212718929999951e-01 7.578850000000000087e+00 1.787490000000000023e+01 2.352449999999999974e+01 3.216429999999999723e+01 5.221200150906548654e-01 7.430608433179565209e-01
-2.989280000000000270e-01 5.626619999999999955e-01 5.612580000000000346e-01 -1.050440000000000040e+00 -8.904830000000000245e-01 -2.627260000000000151e-01 3.002931266103425756e-01 2.586742231455874119e-01 -8.453819999999999668e-01 1.704378722297041904e-01 0.000000000000000000e+00 nan 0.000000000000000000e+00 2.998501979839999776e-01 3.236927162380000278e-02 1.201212718929999951e-01 7.578850000000000087e+00 1.787490000000000023e+01 2.352449999999999974e+01 3.216429999999999723e+01 6.521992410288275366e-01 8.351982299132370002e-01
2.882480000000000112e-02 8.883760000000000545e-01 8.553110000000000435e-01 -1.134970000000000034e+00 -1.034599999999999964e+00 -2.536550000000000193e-01 2.695811296433799908e-01 2.297162625927258173e-01 -1.027949999999999919e+00 1.622260039393739195e-01 0.000000000000000000e+00 nan 0.000000000000000000e+00 2.489405955979999974e-01 4.426529784310000160e-02 1.076503629799999973e-01 9.864679999999999893e+00 1.730229999999999890e+01 2.597449999999999903e+01 2.962730000000000175e+01 6.521992410288275366e-01 8.351982299132370002e-01
-5.432930000000000259e-01 -1.563370000000000037e-01 1.303769999999999929e-01 -9.988270000000000204e-01 -8.536989999999999856e-01 -3.015510000000000135e-01 2.405572718988218117e-01 2.026118043294043991e-01 -8.453819999999999668e-01 1.568295629115997736e-01 0.000000000000000000e+00 nan 0.000000000000000000e+00 2.489405955979999974e-01 4.426529784310000160e-02 1.076503629799999973e-01 9.864679999999999893e+00 1.730229999999999890e+01 2.597449999999999903e+01 2.962730000000000175e+01 1.000000000000000000e+00 9.692488399170955393e-01
-4.040920000000000067e-01 3.739919999999999911e-01 4.159950000000000037e-01 -1.384030000000000094e+00 -1.265220000000000011e+00 -5.092189999999999772e-01 2.133009911246942503e-01 1.774213962539529232e-01 -6.628110000000000390e-01 1.540448987895368660e-01 0.000000000000000000e+00 nan 0.000000000000000000e+00 1.742033940840000128e-01 6.304348877330000211e-02 1.164768005020000025e-01 1.100760000000000005e+01 2.889170000000000016e+01 3.345199999999999818e+01 3.498120000000000118e+01 1.000000000000000000e+00 9.692488399170955393e-01
-5.831650000000000444e-01 -4.154209999999999847e-01 -1.554979999999999973e-01 -1.301719999999999988e+00 -1.181340000000000057e+00 -5.175650000000000528e-01 1.878720061771244065e-01 1.541838993112571998e-01 -8.453819999999999668e-01 1.536387687403851787e-01 0.000000000000000000e+00 nan 0.000000000000000000e+00 1.742033940840000128e-01 6.304348877330000211e-02 1.164768005020000025e-01 1.100760000000000005e+01 2.889170000000000016e+01 3.345199999999999818e+01 3.498120000000000118e+01 8.681509509331793994e-01 9.142614224204160811e-01
-4.670549999999999979e-01 2.558239999999999958e-01 1.997069999999999956e-01 -1.337839999999999918e+00 -1.412220000000000031e+00 -5.668009999999999993e-01 1.643106029886464148e-01 1.329160471827245393e-01 -1.027949999999999919e+00 1.553509801898849130e-01 0.000000000000000000e+00 nan 0.000000000000000000e+00 1.451759058629999988e-01 5.551433564399999715e-02 1.181102471889999977e-01 1.346080000000000076e+01 3.183830000000000027e+01 3.468589999999999662e+01 3.484420000000000073e+01 8.681509509331793994e-01 9.142614224204160811e-01
-5.732319999999999638e-01 -2.214379999999999959e-01 -2.564620000000000233e-01 -1.324189999999999978e+00 -1.281749999999999945e+00 -5.976500000000000146e-01 1.426435935294128043e-01 1.136122566869883777e-01 -8.453819999999999668e-01 1.588973389081499432e-01 0.000000000000000000e+00 nan 0.000000000000000000e+00 1.451759058629999988e-01 5.551433564399999715e-02 1.181102471889999977e-01 1.346080000000000076e+01 3.183830000000000027e+01 3.468589999999999662e+01 3.484420000000000073e+01 8.266128137413728538e-01 8.716174918990531317e-01
-6.219130000000000491e-01 -1.088740000000000041e+00 -8.602859999999999951e-01 -1.309350000000000014e+00 -1.297649999999999970e+00 -6.298049999999999482e-01 1.228943054967295279e-01 9.624469103958288585e-02 -8.453819999999999668e-01 1.639728690438514436e-01 0.000000000000000000e+00 nan 0.000000000000000000e+00 1.795416184080000088e-01 5.303483448560000063e-02 1.294947589630000007e-01 1.498210000000000086e+01 2.928590000000000160e+01 3.277790000000000248e+01 3.556560000000000343e+01 8.266128137413728538e-01 8.716174918990531317e-01
-6.263769999999999616e-01 -1.225999999999999979e+00 -1.248590000000000089e+00 -1.340649999999999897e+00 -1.511649999999999938e+00 -6.204309999999999548e-01 1.050145016310485291e-01 8.076357525483490729e-02 -8.453819999999999668e-01 1.702552686224746425e-01 0.000000000000000000e+00 nan 0.000000000000000000e+00 1.795416184080000088e-01 5.303483448560000063e-02 1.294947589630000007e-01 1.498210000000000086e+01 2.928590000000000160e+01 3.277790000000000248e+01 3.556560000000000343e+01 8.767282128670024210e-01 8.477226864071403245e-01
-6.320980000000000487e-01 -2.073679999999999968e+00 -1.973700000000000010e+00 -1.478769999999999918e+00 -1.573390000000000066e+00 -6.231870000000000465e-01 8.894007733936470927e-02 6.709776011633938886e-02 6.747179999999999844e-02 1.774085613564763131e-01 0.000000000000000000e+00 nan 0.000000000000000000e+00 2.199193847940000002e-01 4.444970208540000023e-02 1.269216739709999875e-01 1.373060000000000080e+01 4.463819999999999766e+01 5.043739999999999668e+01 4.811809999999999832e+01 8.767282128670024210e-01 8.477226864071403245e-01
-6.276819999999999622e-01 -1.413869999999999960e+00 -1.190499999999999892e+00 -1.295330000000000092e+00 -1.315290000000000070e+00 -5.726280000000000259e-01 7.464078263199036556e-02 5.515552832601311462e-02 -1.150990000000000069e-01 1.850869033908711936e-01 0.000000000000000000e+00 nan 0.000000000000000000e+00 2.199193847940000002e-01 4.444970208540000023e-02 1.269216739709999875e-01 1.373060000000000080e+01 4.463819999999999766e+01 5.043739999999999668e+01 4.811809999999999832e+01 8.654712500832204558e-01 8.386639669201377822e-01
-5.770619999999999639e-01 -2.490429999999999866e-01 -2.936810000000000254e-01 -1.396719999999999962e+00 -1.408490000000000020e+00 -3.486279999999999935e-01 6.203771147936376629e-02 4.482563369772807338e-02 -1.027949999999999919e+00 1.929385018523017692e-01 0.000000000000000000e+00 nan 0.000000000000000000e+00 2.943283143220000175e-01 4.221787184930000242e-02 1.198345681809999952e-01 2.821059999999999945e+01 6.354549999999999699e+01 6.478319999999999368e+01 5.936529999999999774e+01 8.654712500832204558e-01 8.386639669201377822e-01
-6.064310000000000533e-01 -6.083720000000000239e-01 -5.973230000000000484e-01 -1.393659999999999899e+00 -1.277209999999999956e+00 -3.055610000000000270e-01 5.103157227519761197e-02 3.597856162105372846e-02 -8.453819999999999668e-01 2.006096008028622757e-01 0.000000000000000000e+00 nan 0.000000000000000000e+00 2.943283143220000175e-01 4.221787184930000242e-02 1.198345681809999952e-01 2.821059999999999945e+01 6.354549999999999699e+01 6.478319999999999368e+01 5.936529999999999774e+01 9.163911142673264454e-01 8.953757166222210406e-01
-5.269009999999999527e-01 1.753990000000000063e-02 6.218819999999999903e-02 -1.042100000000000026e+00 -8.231490000000000196e-01 -1.303739999999999899e-01 4.151581959546435385e-02 2.846799651354370297e-02 -8.453819999999999668e-01 2.077484894362291445e-01 0.000000000000000000e+00 nan 0.000000000000000000e+00 3.399706643720000199e-01 4.234552756459999956e-02 1.171746385149999986e-01 1.764239999999999853e+01 5.239399999999999835e+01 5.679140000000000299e+01 5.571390000000000242e+01 9.163911142673264454e-01 8.953757166222210406e-01
2.896889999999999882e-02 8.897519999999999873e-01 8.478390000000000093e-01 9.500990000000000268e-01 8.178939999999999821e-02 4.688709999999999822e-01 3.335497711295820622e-02 2.213247963475006852e-02 -1.027949999999999919e+00 2.175845280152264305e-01 0.000000000000000000e+00 nan 0.000000000000000000e+00 3.399706643720000199e-01 4.234552756459999956e-02 1.171746385149999986e-01 1.764239999999999853e+01 5.239399999999999835e+01 5.679140000000000299e+01 5.571390000000000242e+01 9.383668804509441852e-01 9.900398474392813064e-01
-3.399860000000000104e-01 4.775989999999999958e-01 5.492310000000000247e-01 -5.656830000000000191e-02 -3.896669999999999856e-01 4.007310000000000039e-01 2.639432037555689003e-02 1.679723847826786187e-02 -8.453819999999999668e-01 2.265440120894338660e-01 0.000000000000000000e+00 nan 0.000000000000000000e+00 3.542518773130000076e-01 5.912049133060000294e-02 1.243204514590000032e-01 2.221689999999999898e+01 5.666810000000000258e+01 6.410339999999999350e+01 5.978719999999999857e+01 9.383668804509441852e-01 9.900398474392813064e-01
-1.390250000000000097e-01 7.260999999999999677e-01 7.744189999999999685e-01 -3.881160000000000165e-02 -4.630059999999999731e-02 -2.084340000000000151e-02 2.049013109226527352e-02 1.227616701406863964e-02 -8.453819999999999668e-01 2.345254271242624977e-01 0.000000000000000000e+00 nan 0.000000000000000000e+00 3.542518773130000076e-01 5.912049133060000294e-02 1.243204514590000032e-01 2.221689999999999898e+01 5.666810000000000258e+01 6.410339999999999350e+01 5.978719999999999857e+01 9.877443909367301655e-01 1.000000000000000000e+00
4.457960000000000256e-01 1.124130000000000074e+00 1.055299999999999905e+00 -2.224409999999999998e-01 -4.648860000000000214e-01 4.880639999999999978e-02 1.549056214152777500e-02 8.373934344184430500e-03 -1.027949999999999919e+00 2.414383404981561565e-01 0.000000000000000000e+00 nan 0.000000000000000000e+00 3.967258797039999729e-01 6.807610173460000580e-02 1.208202517910000051e-01 2.875819999999999865e+01 7.684019999999999584e+01 8.240980000000000416e+01 7.392270000000000607e+01 9.877443909367301655e-01 1.000000000000000000e+00
-1.838019999999999932e-01 7.062420000000000364e-01 6.824599999999999556e-01 -7.950559999999999850e-01 -5.745799999999999796e-01 -2.291910000000000058e-01 1.120741453248952357e-02 4.888197879832634207e-03 -8.453819999999999668e-01 2.472044261403283372e-01 0.000000000000000000e+00 nan 0.000000000000000000e+00 3.967258797039999729e-01 6.807610173460000580e-02 1.208202517910000051e-01 2.875819999999999865e+01 7.684019999999999584e+01 8.240980000000000416e+01 7.392270000000000607e+01 6.388895053372094512e-01 8.107912465385310741e-01
-5.584010000000000362e-01 -2.519500000000000073e-01 3.906790000000000262e-02 -9.106720000000000370e-01 -7.786640000000000228e-01 -5.040599999999999525e-01 7.469448678124601670e-03 1.611895963798293252e-03 -8.453819999999999668e-01 2.517583519964426975e-01 0.000000000000000000e+00 nan 0.000000000000000000e+00 5.213317990019999959e-01 6.808995671989999388e-02 1.168782264760000050e-01 2.593759999999999977e+01 6.264939999999999998e+01 7.123829999999999529e+01 6.465389999999999304e+01 6.388895053372094512e-01 8.107912465385310741e-01
-4.887469999999999870e-01 1.638759999999999939e-01 1.828470000000000095e-01 -3.761930000000000135e-03 -1.666130000000000042e-02 -3.970790000000000153e-01 4.274444232946761346e-03 0.000000000000000000e+00 -6.628110000000000390e-01 2.550485202668928419e-01 2.006529766363962519e-02 nan 0.000000000000000000e+00 5.213317990019999959e-01 6.808995671989999388e-02 1.168782264760000050e-01 2.593759999999999977e+01 6.264939999999999998e+01 7.123829999999999529e+01 6.465389999999999304e+01 1.767104591553672055e-01 6.607948317837106789e-01
-4.305950000000000055e-01 1.911930000000000018e-01 1.579659999999999953e-01 2.168579999999999952e-01 5.035140000000000171e-01 -2.801449999999999774e-01 2.716187977581552282e-03 0.000000000000000000e+00 -1.150990000000000069e-01 2.570376520304898937e-01 4.078422036789797200e-02 nan 0.000000000000000000e+00 5.072885292290000292e-01 7.029570669000000105e-02 1.102051717099999939e-01 2.028819999999999979e+01 5.037530000000000285e+01 5.808939999999999770e+01 5.721900000000000119e+01 1.767104591553672055e-01 6.607948317837106789e-01
2.748619999999999883e-02 7.567850000000000410e-01 9.874359999999999804e-01 2.103410000000000002e-01 3.828920000000000101e-01 5.243779999999999969e-02 1.301262211680032088e-03 0.000000000000000000e+00 -1.150990000000000069e-01 2.577032096295357455e-01 6.345661236112654091e-02 nan 0.000000000000000000e+00 5.072885292290000292e-01 7.029570669000000105e-02 1.102051717099999939e-01 2.028819999999999979e+01 5.037530000000000285e+01 5.808939999999999770e+01 5.721900000000000119e+01 1.455415991655755192e-01 6.993720699156955600e-01
1.569230000000000069e-01 9.263770000000000060e-01 9.892339999999999467e-01 -3.824859999999999927e-01 -6.373049999999999549e-02 3.696720000000000006e-01 0.000000000000000000e+00 0.000000000000000000e+00 -6.628110000000000390e-01 2.570376520304898937e-01 8.936018430406655888e-02 nan 0.000000000000000000e+00 4.842342596670000110e-01 5.759225012020000034e-02 1.371401834490000027e-01 2.431960000000000122e+01 6.175560000000000116e+01 6.539919999999999334e+01 6.061500000000000199e+01 1.455415991655755192e-01 6.993720699156955600e-01
-3.161049999999999971e-02 8.182650000000000201e-01 8.478250000000000508e-01 -2.479570000000000107e-01 -6.821159999999999723e-02 4.187960000000000016e-01 0.000000000000000000e+00 0.000000000000000000e+00 -8.453819999999999668e-01 2.550485202668928419e-01 9.967073863387498900e-02 nan 0.000000000000000000e+00 4.842342596670000110e-01 5.759225012020000034e-02 1.371401834490000027e-01 2.431960000000000122e+01 6.175560000000000116e+01 6.539919999999999334e+01 6.061500000000000199e+01 3.628359335123498841e-01 6.988667210713395139e-01
-1.207209999999999950e-01 7.133960000000000301e-01 8.471560000000000201e-01 -2.372279999999999944e-01 -1.316459999999999983e-03 3.628310000000000146e-01 0.000000000000000000e+00 0.000000000000000000e+00 -8.453819999999999668e-01 2.517583519964426975e-01 1.149903753543648488e-01 nan 0.000000000000000000e+00 4.781073700390000014e-01 4.191487805269999978e-02 1.599224065239999992e-01 2.210549999999999926e+01 4.760739999999999839e+01 5.145430000000000348e+01 4.963269999999999982e+01 3.628359335123498841e-01 6.988667210713395139e-01
8.279840000000000533e-01 1.248150000000000093e+00 1.235829999999999984e+00 -1.975250000000000061e-01 -8.324349999999999805e-02 3.382930000000000104e-01 0.000000000000000000e+00 0.000000000000000000e+00 -1.027949999999999919e+00 2.472044261403283372e-01 1.351455168600769197e-01 nan 0.000000000000000000e+00 4.781073700390000014e-01 4.191487805269999978e-02 1.599224065239999992e-01 2.210549999999999926e+01 4.760739999999999839e+01 5.145430000000000348e+01 4.963269999999999982e+01 6.759503783759791551e-01 7.374678608378547606e-01
-4.457090000000000218e-01 2.025830000000000131e-01 4.410979999999999901e-01 -2.305810000000000082e-01 1.196020000000000000e-01 1.660399999999999932e-01 0.000000000000000000e+00 0.000000000000000000e+00 -8.453819999999999668e-01 2.414383404981561565e-01 1.599077973441652700e-01 nan 0.000000000000000000e+00 4.423130603150000062e-01 3.851374650580000059e-02 1.578845442859999892e-01 1.148150000000000048e+01 2.692220000000000013e+01 3.427179999999999893e+01 3.850840000000000174e+01 6.759503783759791551e-01 7.374678608378547606e-01
-1.974210000000000131e-01 6.901059999999999972e-01 6.695480000000000320e-01 9.793549999999999478e-02 -4.044720000000000260e-02 -9.253150000000000264e-02 0.000000000000000000e+00 0.000000000000000000e+00 -8.453819999999999668e-01 2.345254271242624977e-01 1.889966502742403964e-01 nan 0.000000000000000000e+00 4.423130603150000062e-01 3.851374650580000059e-02 1.578845442859999892e-01 1.148150000000000048e+01 2.692220000000000013e+01 3.427179999999999893e+01 3.850840000000000174e+01 6.471227891080979511e-01 7.335992105631565785e-01
-3.318209999999999771e-01 4.905010000000000203e-01 5.565409999999999524e-01 -2.082569999999999977e-01 -1.172239999999999949e-01 -7.895820000000000616e-02 0.000000000000000000e+00 0.000000000000000000e+00 -8.453819999999999668e-01 2.265440120894338660e-01 2.220824873232882801e-01 nan 0.000000000000000000e+00 4.064822988990000052e-01 6.062470680229999770e-02 1.322057017559999936e-01 1.499109999999999943e+01 2.536560000000000059e+01 2.863309999999999889e+01 3.394910000000000139e+01 6.471227891080979511e-01 7.335992105631565785e-01
-4.402550000000000074e-01 2.900400000000000200e-01 3.376219999999999777e-01 1.456449999999999967e-01 -3.648269999999999985e-02 -3.725930000000000075e-01 0.000000000000000000e+00 0.000000000000000000e+00 -8.453819999999999668e-01 2.175845280152264305e-01 2.587904327371136626e-01 nan 0.000000000000000000e+00 4.064822988990000052e-01 6.062470680229999770e-02 1.322057017559999936e-01 1.499109999999999943e+01 2.536560000000000059e+01 2.863309999999999889e+01 3.394910000000000139e+01 5.770511084973701799e-01 7.037460690347494552e-01
-6.691149999999999876e-02 8.201279999999999681e-01 7.700869999999999660e-01 -4.839139999999999588e-03 -2.941079999999999806e-01 -3.475809999999999733e-01 0.000000000000000000e+00 0.000000000000000000e+00 -1.027949999999999919e+00 2.077484894362291445e-01 2.987045708264270960e-01 nan 0.000000000000000000e+00 3.619331027950000168e-01 7.616596937679999402e-02 1.009854497599999984e-01 8.262919999999999376e+00 1.885979999999999990e+01 2.748620000000000019e+01 3.043619999999999948e+01 5.770511084973701799e-01 7.037460690347494552e-01
-4.824519999999999920e-01 1.898380000000000067e-01 1.851399999999999990e-01 3.772679999999999922e-01 1.460539999999999894e-01 -4.017089999999999828e-01 0.000000000000000000e+00 0.000000000000000000e+00 -8.453819999999999668e-01 1.971473425998238049e-01 3.413726584577964074e-01 nan 0.000000000000000000e+00 3.619331027950000168e-01 7.616596937679999402e-02 1.009854497599999984e-01 8.262919999999999376e+00 1.885979999999999990e+01 2.748620000000000019e+01 3.043619999999999948e+01 6.824748674019661676e-01 6.973814052112392581e-01
-6.205500000000000460e-01 -1.043069999999999942e+00 -9.290709999999999802e-01 -8.585750000000000326e-02 -9.421770000000000145e-02 -5.567199999999999926e-01 0.000000000000000000e+00 0.000000000000000000e+00 -2.976699999999999902e-01 1.859012027356700125e-01 3.863112491490553468e-01 nan 0.000000000000000000e+00 3.093811764359999938e-01 8.615656593539999797e-02 1.013790280700000018e-01 7.614639999999999631e+00 1.428149999999999942e+01 1.968629999999999924e+01 2.506240000000000023e+01 6.824748674019661676e-01 6.973814052112392581e-01
-6.121330000000000382e-01 -8.432410000000000183e-01 -6.145950000000000024e-01 2.290679999999999938e-01 2.915490000000000095e-02 -5.828290000000000415e-01 0.000000000000000000e+00 0.000000000000000000e+00 -1.150990000000000069e-01 1.741374931021580919e-01 4.330111707111221619e-01 nan 0.000000000000000000e+00 3.093811764359999938e-01 8.615656593539999797e-02 1.013790280700000018e-01 7.614639999999999631e+00 1.428149999999999942e+01 1.968629999999999924e+01 2.506240000000000023e+01 6.529149375291271040e-01 6.893402124513856588e-01
-4.900390000000000024e-01 1.754459999999999908e-01 1.490170000000000106e-01 1.245369999999999949e-01 -1.258330000000000004e-01 -5.583820000000000450e-01 0.000000000000000000e+00 0.000000000000000000e+00 -6.628110000000000390e-01 1.619895012299756853e-01 4.809432943723567222e-01 nan 0.000000000000000000e+00 3.040165164470000070e-01 8.318766407939999497e-02 1.082083366169999950e-01 8.588660000000000849e+00 1.225239999999999974e+01 1.638009999999999877e+01 2.037430000000000163e+01 6.529149375291271040e-01 6.893402124513856588e-01
-5.362850000000000117e-01 -8.646529999999999494e-03 -4.396730000000000083e-02 1.024240000000000012e-01 -1.716509999999999911e-02 -5.704139999999999766e-01 0.000000000000000000e+00 7.008242172795720037e-04 -8.453819999999999668e-01 1.495948687211260397e-01 5.295645300189727456e-01 nan 0.000000000000000000e+00 3.040165164470000070e-01 8.318766407939999497e-02 1.082083366169999950e-01 8.588660000000000849e+00 1.225239999999999974e+01 1.638009999999999877e+01 2.037430000000000163e+01 4.126961230332216735e-01 6.416427934864631366e-01
-6.212889999999999802e-01 -1.035309999999999953e+00 -1.183559999999999945e+00 2.896509999999999918e-01 -7.830220000000000236e-02 -6.231280000000000152e-01 0.000000000000000000e+00 1.424477712507643545e-03 7.977549999999999919e-01 1.370940317145781240e-01 5.783239796230337237e-01 nan 0.000000000000000000e+00 2.396038335579999956e-01 7.893799769569999347e-02 1.284478518100000133e-01 8.587880000000000180e+00 1.256729999999999947e+01 1.579609999999999914e+01 1.896569999999999823e+01 4.126961230332216735e-01 6.416427934864631366e-01
-5.909060000000000423e-01 -4.328620000000000245e-01 -4.146880000000000011e-01 5.050289999999999502e-01 -3.127449999999999675e-02 -6.400689999999999991e-01 0.000000000000000000e+00 2.216360376740555971e-03 9.803260000000000307e-01 1.246286296886970346e-01 6.266691791372385190e-01 nan 0.000000000000000000e+00 2.396038335579999956e-01 7.893799769569999347e-02 1.284478518100000133e-01 8.587880000000000180e+00 1.256729999999999947e+01 1.579609999999999914e+01 1.896569999999999823e+01 3.416590843523225063e-01 6.513878313364086514e-01
-6.200529999999999653e-01 -9.958540000000000170e-01 -9.680680000000000396e-01 1.326139999999999958e-02 1.409239999999999937e-01 -6.316340000000000288e-01 0.000000000000000000e+00 3.121099037286412248e-03 1.345469999999999944e+00 1.123399006293580582e-01 6.740523581333291991e-01 nan 0.000000000000000000e+00 2.237279597890000082e-01 7.350648749450000574e-02 1.311681051949999954e-01 1.003829999999999956e+01 1.662930000000000064e+01 1.883770000000000167e+01 2.322289999999999921e+01 3.416590843523225063e-01 6.513878313364086514e-01
-6.279190000000000049e-01 -1.471829999999999972e+00 -1.516990000000000061e+00 1.183030000000000054e-01 -1.203459999999999946e-01 -6.322870000000000434e-01 0.000000000000000000e+00 4.182041817920145732e-03 3.901460000000000150e+00 1.003670807471305215e-01 7.199366462599225969e-01 nan 0.000000000000000000e+00 2.237279597890000082e-01 7.350648749450000574e-02 1.311681051949999954e-01 1.003829999999999956e+01 1.662930000000000064e+01 1.883770000000000167e+01 2.322289999999999921e+01 7.236912185703823219e-01 7.112853274694656003e-01
-6.279569999999999874e-01 -1.468199999999999950e+00 -1.510490000000000110e+00 1.204230000000000023e-01 -1.477719999999999867e-01 -5.771100000000000119e-01 0.000000000000000000e+00 5.440766987320433401e-03 2.988599999999999923e+00 8.884582687537612156e-02 7.638021561981132024e-01 nan 0.000000000000000000e+00 2.470865293239999927e-01 7.362848491970000464e-02 1.069139007480000014e-01 9.469099999999999184e+00 1.925400000000000134e+01 2.594209999999999994e+01 2.720129999999999981e+01 7.236912185703823219e-01 7.112853274694656003e-01
-6.161339999999999595e-01 -8.859629999999999450e-01 -8.504319999999999657e-01 1.933600000000000041e-01 8.165540000000000298e-02 -4.673419999999999797e-01 0.000000000000000000e+00 6.936611860671071383e-03 2.500430000000000152e-01 7.790667942412121683e-02 8.051518741925326461e-01 nan 0.000000000000000000e+00 2.470865293239999927e-01 7.362848491970000464e-02 1.069139007480000014e-01 9.469099999999999184e+00 1.925400000000000134e+01 2.594209999999999994e+01 2.720129999999999981e+01 7.033687667828054657e-01 6.884899971659490525e-01
-5.901380000000000514e-01 -3.493149999999999866e-01 -5.161759999999999682e-01 3.808689999999999992e-02 -1.432010000000000054e-02 -3.027520000000000211e-01 0.000000000000000000e+00 8.706227092161622494e-03 -1.027949999999999919e+00 6.767358330505035546e-02 8.435172914157954560e-01 nan 0.000000000000000000e+00 2.818172088049999968e-01 7.430092770670000679e-02 9.921999040789999946e-02 1.412069999999999936e+01 2.991949999999999932e+01 3.010010000000000119e+01 3.177570000000000050e+01 7.033687667828054657e-01 6.884899971659490525e-01
-5.000780000000000225e-01 1.538910000000000000e-01 8.121079999999999965e-02 -8.636889999999999845e-02 -2.343669999999999955e-03 -2.726959999999999940e-01 0.000000000000000000e+00 1.078316140843171844e-02 -1.027949999999999919e+00 5.826248358612984291e-02 8.784637123607189624e-01 nan 0.000000000000000000e+00 2.818172088049999968e-01 7.430092770670000679e-02 9.921999040789999946e-02 1.412069999999999936e+01 2.991949999999999932e+01 3.010010000000000119e+01 3.177570000000000050e+01 3.619038636514946283e-01 6.978662669402834196e-01
-4.736259999999999915e-01 2.531669999999999754e-01 1.130450000000000066e-01 2.516610000000000236e-01 1.667160000000000031e-01 -3.687320000000000042e-01 0.000000000000000000e+00 1.319748148809118948e-02 -1.027949999999999919e+00 4.978001178766011670e-02 9.095951801141161086e-01 nan 0.000000000000000000e+00 2.818882158050000086e-01 7.583522562769999531e-02 1.072273387390000055e-01 1.158319999999999972e+01 2.545129999999999981e+01 2.991339999999999932e+01 2.952179999999999893e+01 3.619038636514946283e-01 6.978662669402834196e-01
-4.168279999999999763e-01 3.763949999999999796e-01 3.197820000000000107e-01 5.055009999999999781e-01 -2.045189999999999855e-02 -5.122459999999999791e-01 0.000000000000000000e+00 1.597543129423828479e-02 -1.027949999999999919e+00 4.232227770454133342e-02 9.365589627068373613e-01 nan 0.000000000000000000e+00 2.818882158050000086e-01 7.583522562769999531e-02 1.072273387390000055e-01 1.158319999999999972e+01 2.545129999999999981e+01 2.991339999999999932e+01 2.952179999999999893e+01 5.651616697365793307e-01 7.219864307006251813e-01
-5.737520000000000397e-01 -2.125509999999999899e-01 -3.097969999999999891e-01 5.271419999999999752e-04 -1.015820000000000056e-01 -5.893800000000000150e-01 0.000000000000000000e+00 1.913913471987116477e-02 -1.150990000000000069e-01 3.597378044389487606e-02 9.590495497079263298e-01 nan 0.000000000000000000e+00 2.837231145679999789e-01 1.070828522750000011e-01 1.178531119840000030e-01 1.445359999999999978e+01 3.179980000000000118e+01 3.611800000000000210e+01 3.489330000000000354e+01 5.651616697365793307e-01 7.219864307006251813e-01
-6.273969999999999825e-01 -1.385799999999999921e+00 -1.461100000000000065e+00 1.927069999999999894e-01 -8.222870000000000179e-02 -6.079369999999999497e-01 0.000000000000000000e+00 2.270634491534007093e-02 2.075750000000000206e+00 3.080645101641443784e-02 9.768121137798783105e-01 nan 0.000000000000000000e+00 2.837231145679999789e-01 1.070828522750000011e-01 1.178531119840000030e-01 1.445359999999999978e+01 3.179980000000000118e+01 3.611800000000000210e+01 3.489330000000000354e+01 5.768402831717005519e-01 6.911396640795992585e-01
-6.220139999999999558e-01 -1.077760000000000051e+00 -9.630319999999999991e-01 6.794989999999999364e-02 -2.709810000000000274e-01 -6.243889999999999718e-01 0.000000000000000000e+00 2.669024313805978821e-02 2.075750000000000206e+00 2.687883732927343061e-02 9.896453979741973717e-01 nan 0.000000000000000000e+00 2.521141874680000172e-01 1.440805505530000086e-01 1.080221659319999944e-01 1.930819999999999936e+01 4.466870000000000118e+01 5.087169999999999703e+01 4.381329999999999814e+01 5.768402831717005519e-01 6.911396640795992585e-01
-6.065479999999999761e-01 -7.325519999999999810e-01 -4.998049999999999993e-01 -1.679279999999999939e-01 -1.637979999999999992e-01 -6.287059999999999871e-01 0.000000000000000000e+00 3.109928940359585336e-02 2.500430000000000152e-01 2.066039990134871385e-02 9.974039960530418636e-01 nan 0.000000000000000000e+00 2.521141874680000172e-01 1.440805505530000086e-01 1.080221659319999944e-01 1.930819999999999936e+01 4.466870000000000118e+01 5.087169999999999703e+01 4.381329999999999814e+01 5.936452808415259019e-01 6.910269849453847257e-01
-5.440580000000000416e-01 -6.165659999999999891e-02 -4.724069999999999658e-02 2.136990000000000001e-01 -2.794270000000000087e-02 -6.122189999999999577e-01 0.000000000000000000e+00 3.593712663030879106e-02 -8.453819999999999668e-01 1.541906012650062774e-02 1.000000000000000000e+00 nan 0.000000000000000000e+00 2.495458320689999954e-01 1.336332906419999966e-01 9.494152102960000394e-02 1.740540000000000020e+01 4.508539999999999992e+01 4.826680000000000348e+01 4.064039999999999964e+01 5.936452808415259019e-01 6.910269849453847257e-01
-6.157740000000000435e-01 -8.738489999999999869e-01 -7.885259999999999492e-01 1.936349999999999877e-02 -2.722970000000000113e-01 -6.218460000000000099e-01 0.000000000000000000e+00 4.120253936363238445e-02 -6.628110000000000390e-01 1.094941028871321276e-02 9.974039960530419746e-01 nan 0.000000000000000000e+00 2.495458320689999954e-01 1.336332906419999966e-01 9.494152102960000394e-02 1.740540000000000020e+01 4.508539999999999992e+01 4.826680000000000348e+01 4.064039999999999964e+01 4.399480703934666170e-01 6.472494340434394866e-01
-6.224539999999999518e-01 -1.155939999999999968e+00 -1.093590000000000062e+00 -3.239079999999999737e-01 -2.755969999999999809e-01 -6.344560000000000199e-01 0.000000000000000000e+00 4.688946754766032399e-02 4.326130000000000253e-01 7.037299116631867690e-03 9.896453979741974827e-01 nan 0.000000000000000000e+00 2.462777369470000033e-01 1.126348658189999935e-01 9.517040843160000374e-02 1.932979999999999876e+01 3.514430000000000121e+01 3.540079999999999671e+01 3.047439999999999927e+01 4.399480703934666170e-01 6.472494340434394866e-01
-6.058310000000000084e-01 -6.488399999999999723e-01 -6.485929999999999751e-01 -1.672929999999999973e-01 -3.028640000000000221e-01 -6.005509999999999460e-01 0.000000000000000000e+00 5.298707518800027660e-02 6.747179999999999844e-02 3.462258203038470761e-03 9.768121137798784215e-01 nan 0.000000000000000000e+00 2.462777369470000033e-01 1.126348658189999935e-01 9.517040843160000374e-02 1.932979999999999876e+01 3.514430000000000121e+01 3.540079999999999671e+01 3.047439999999999927e+01 4.332571403208983485e-01 6.764777185548389582e-01
-6.181050000000000155e-01 -9.097370000000000179e-01 -9.460939999999999905e-01 -3.718879999999999963e-01 -3.549700000000000077e-01 -5.346130000000000049e-01 0.000000000000000000e+00 5.947987312792146763e-02 6.151839999999999531e-01 0.000000000000000000e+00 9.590495497079265519e-01 nan 0.000000000000000000e+00 2.153815717129999863e-01 1.121341708640000018e-01 8.306659281229999969e-02 1.620439999999999969e+01 3.887960000000000349e+01 3.711370000000000147e+01 3.238309999999999889e+01 4.332571403208983485e-01 6.764777185548389582e-01
-6.150130000000000319e-01 -8.255379999999999940e-01 -7.861150000000000082e-01 -2.776159999999999739e-01 -2.518039999999999723e-01 -5.551949999999999941e-01 0.000000000000000000e+00 6.634789454668799102e-02 6.151839999999999531e-01 0.000000000000000000e+00 9.365589627068373613e-01 nan 0.000000000000000000e+00 2.153815717129999863e-01 1.121341708640000018e-01 8.306659281229999969e-02 1.620439999999999969e+01 3.887960000000000349e+01 3.711370000000000147e+01 3.238309999999999889e+01 7.170224806373582949e-01 7.242980602116319000e-01
-5.560300000000000242e-01 -9.538850000000000107e-02 -1.848319999999999963e-01 -1.078059999999999991e-01 -9.067000000000000060e-02 -5.797419999999999796e-01 0.000000000000000000e+00 7.356692119161778454e-02 -1.027949999999999919e+00 0.000000000000000000e+00 9.095951801141161086e-01 nan 0.000000000000000000e+00 1.815348588340000013e-01 1.017870423999999996e-01 9.797717903390000538e-02 1.810559999999999903e+01 3.737349999999999994e+01 3.964249999999999829e+01 3.418350000000000222e+01 7.170224806373582949e-01 7.242980602116319000e-01
-5.575590000000000268e-01 -1.011429999999999968e-01 -2.105859999999999954e-01 -1.412390000000000034e-01 -3.732900000000000107e-01 -5.917160000000000197e-01 0.000000000000000000e+00 8.110875778056103602e-02 -1.027949999999999919e+00 0.000000000000000000e+00 8.784637123607190734e-01 nan 0.000000000000000000e+00 1.815348588340000013e-01 1.017870423999999996e-01 9.797717903390000538e-02 1.810559999999999903e+01 3.737349999999999994e+01 3.964249999999999829e+01 3.418350000000000222e+01 7.358192228312732119e-01 6.900094582182355607e-01
-5.883739999999999526e-01 -4.114059999999999939e-01 -2.937190000000000079e-01 -3.640309999999999935e-01 -3.568540000000000045e-01 -5.906139999999999723e-01 0.000000000000000000e+00 8.894155146571425252e-02 -6.628110000000000390e-01 0.000000000000000000e+00 8.435172914157955670e-01 nan 0.000000000000000000e+00 2.013204321020000132e-01 7.543898464980000607e-02 1.222262181910000051e-01 9.731210000000000804e+00 2.393410000000000082e+01 2.641850000000000165e+01 -1.000000000000000000e+00 7.358192228312732119e-01 6.900094582182355607e-01
-6.257679999999999909e-01 -1.191559999999999953e+00 -1.296570000000000000e+00 -2.564810000000000145e-01 -4.461689999999999823e-01 -6.202579999999999760e-01 0.000000000000000000e+00 9.703015273911363980e-02 -4.802409999999999735e-01 0.000000000000000000e+00 8.051518741925327571e-01 nan 0.000000000000000000e+00 2.013204321020000132e-01 7.543898464980000607e-02 1.222262181910000051e-01 9.731210000000000804e+00 2.393410000000000082e+01 2.641850000000000165e+01 -1.000000000000000000e+00 6.881671511950466780e-01 7.088815059395561224e-01
-6.215850000000000541e-01 -1.016639999999999988e+00 -9.809919999999999751e-01 -5.769750000000000156e-01 -5.985089999999999577e-01 -6.146519999999999762e-01 0.000000000000000000e+00 1.053365136906044830e-01 -6.628110000000000390e-01 0.000000000000000000e+00 7.638021561981132024e-01 nan 0.000000000000000000e+00 2.445444734670000064e-01 6.039334352330000266e-02 1.150482614890000060e-01 7.418590000000000018e+00 1.422540000000000049e+01 -1.000000000000000000e+00 -1.000000000000000000e+00 6.881671511950466780e-01 7.088815059395561224e-01
-5.893359999999999710e-01 -4.002939999999999832e-01 -3.425650000000000084e-01 -3.339500000000000246e-01 -4.007339999999999791e-01 -5.792490000000000139e-01 0.000000000000000000e+00 1.138201191058673123e-01 -8.453819999999999668e-01 0.000000000000000000e+00 7.199366462599227079e-01 nan 0.000000000000000000e+00 2.445444734670000064e-01 6.039334352330000266e-02 1.150482614890000060e-01 7.418590000000000018e+00 1.422540000000000049e+01 -1.000000000000000000e+00 -1.000000000000000000e+00 6.753234504338563315e-01 7.185104501360686236e-01
-6.056070000000000064e-01 -6.177289999999999726e-01 -5.654270000000000129e-01 -6.061189999999999634e-01 -6.417669999999999764e-01 -5.866620000000000168e-01 0.000000000000000000e+00 1.224384455199846178e-01 2.500430000000000152e-01 0.000000000000000000e+00 6.740523581333294212e-01 nan 0.000000000000000000e+00 2.561678122769999733e-01 6.414805433219999964e-02 1.083622073309999934e-01 5.851250000000000284e+00 -1.000000000000000000e+00 -1.000000000000000000e+00 -1.000000000000000000e+00 6.753234504338563315e-01 7.185104501360686236e-01
-5.670920000000000405e-01 -2.241170000000000107e-01 -1.296899999999999997e-01 -3.298570000000000113e-01 -6.087799999999999878e-01 -6.110950000000000548e-01 0.000000000000000000e+00 1.311474430252904666e-01 2.500430000000000152e-01 0.000000000000000000e+00 6.266691791372387410e-01 nan 0.000000000000000000e+00 2.561678122769999733e-01 6.414805433219999964e-02 1.083622073309999934e-01 5.851250000000000284e+00 -1.000000000000000000e+00 -1.000000000000000000e+00 -1.000000000000000000e+00 0.000000000000000000e+00 0.000000000000000000e+00
