-4.163769999999999971e-01 -1.014550000000000063e+00 -5.852399999999999824e-01 -1.838079999999999936e+00 -1.899920000000000053e+00 -3.973970000000000002e-01 0.000000000000000000e+00 1.511687430667174592e-01 -9.771570000000000533e-01 9.176495360249559141e-03 nan nan 7.389943354415222654e-01 2.919338899869999837e-02 4.677911984360000330e-02 4.257792026420000042e-02 -1.000000000000000000e+00 -1.000000000000000000e+00 -1.000000000000000000e+00 -1.000000000000000000e+00 0.000000000000000000e+00 0.000000000000000000e+00
-4.164709999999999801e-01 -1.127660000000000107e+00 -6.671049999999999480e-01 -1.858510000000000106e+00 -1.996820000000000039e+00 -3.974050000000000082e-01 0.000000000000000000e+00 1.417091195792600233e-01 -9.564529999999999976e-01 1.292242504202223419e-02 nan nan 7.778153889646595154e-01 4.116253194100000234e-02 5.420366147700000220e-02 3.722590877399999804e-02 1.229279999999999973e+01 -1.000000000000000000e+00 -1.000000000000000000e+00 -1.000000000000000000e+00 0.000000000000000000e+00 0.000000000000000000e+00
-4.166380000000000083e-01 -1.593360000000000110e+00 -9.225510000000000099e-01 -1.845609999999999973e+00 -2.033599999999999852e+00 -3.973340000000000205e-01 1.996013146033148722e-03 1.337136486006667013e-01 -9.564529999999999976e-01 1.731509358372107510e-02 nan nan 8.146750253748747950e-01 4.116253194100000234e-02 5.420366147700000220e-02 3.722590877399999804e-02 1.229279999999999973e+01 -1.000000000000000000e+00 -1.000000000000000000e+00 -1.000000000000000000e+00 0.000000000000000000e+00 0.000000000000000000e+00
-4.166699999999999848e-01 -1.716339999999999977e+00 -1.245360000000000023e+00 -1.796519999999999895e+00 -2.052410000000000068e+00 -3.971649999999999903e-01 5.814387098317719271e-03 1.272771336028997169e-01 -9.564529999999999976e-01 2.252664933884485077e-02 nan nan 8.491556102632773495e-01 4.743686649400000177e-02 5.301903527409999872e-02 2.919727028059999896e-02 3.989549999999999930e+00 1.926370000000000005e+01 -1.000000000000000000e+00 -1.000000000000000000e+00 0.000000000000000000e+00 0.000000000000000000e+00
-4.166500000000000203e-01 -1.647869999999999946e+00 -9.952210000000000223e-01 -1.797230000000000105e+00 -1.874919999999999920e+00 -3.971390000000000198e-01 9.503564492599037017e-03 1.211700262417371166e-01 -9.564529999999999976e-01 2.871996234155271832e-02 nan nan 8.808664648253388130e-01 4.743686649400000177e-02 5.301903527409999872e-02 2.919727028059999896e-02 3.989549999999999930e+00 1.926370000000000005e+01 -1.000000000000000000e+00 -1.000000000000000000e+00 7.413655420243561167e-01 8.708165550295625668e-01
-4.161139999999999839e-01 -8.355040000000000244e-01 -4.018860000000000210e-01 -1.832540000000000058e+00 -1.943959999999999910e+00 -3.970759999999999845e-01 1.352091102526786770e-02 1.156200289445362683e-01 -9.771570000000000533e-01 3.604677892409913209e-02 nan nan 9.094482924078561847e-01 4.336622647459999896e-02 6.107386447250000294e-02 2.942839024379999974e-02 1.521749999999999936e+01 2.175809999999999889e+01 2.233389999999999986e+01 -1.000000000000000000e+00 7.413655420243561167e-01 8.708165550295625668e-01
-4.157319999999999904e-01 -6.687779999999999836e-01 -2.762720000000000176e-01 -1.846970000000000001e+00 -1.954760000000000053e+00 -3.968349999999999933e-01 1.821687143496242278e-02 1.108485318590197721e-01 -9.771570000000000533e-01 4.464600237025329044e-02 nan nan 9.345772494836008804e-01 4.336622647459999896e-02 6.107386447250000294e-02 2.942839024379999974e-02 1.521749999999999936e+01 2.175809999999999889e+01 2.233389999999999986e+01 -1.000000000000000000e+00 7.524400523502140503e-01 7.546131332377379319e-01
-4.165400000000000214e-01 -1.257109999999999950e+00 -7.378689999999999971e-01 -1.789090000000000069e+00 -1.877820000000000045e+00 -3.970460000000000100e-01 2.379239553762380055e-02 1.070681044144390359e-01 -9.150460000000000260e-01 5.464211908559224451e-02 nan nan 9.559686149278828760e-01 2.600838608520000123e-02 5.301632525620000175e-02 2.125521728610000119e-02 8.984170000000000655e+00 2.312750000000000128e+01 2.506309999999999860e+01 2.322710000000000008e+01 7.524400523502140503e-01 7.546131332377379319e-01
-4.164490000000000136e-01 -1.119240000000000013e+00 -6.068390000000000173e-01 -1.890589999999999993e+00 -2.049339999999999939e+00 -3.973010000000000153e-01 3.042578764090564380e-02 1.044800868250022052e-01 -9.150460000000000260e-01 6.614378811678278680e-02 nan nan 9.733800160226629972e-01 2.600838608520000123e-02 5.301632525620000175e-02 2.125521728610000119e-02 8.984170000000000655e+00 2.312750000000000128e+01 2.506309999999999860e+01 2.322710000000000008e+01 7.871608881790554957e-01 8.165982439254356740e-01
-4.162660000000000249e-01 -9.134809999999999874e-01 -5.213039999999999896e-01 -1.709270000000000067e+00 -1.861660000000000093e+00 -3.971450000000000258e-01 3.829065151672217393e-02 1.032723088247958776e-01 -9.771570000000000533e-01 7.924261000116461506e-02 nan nan 9.866141746362938614e-01 1.530912795379999955e-02 4.084342767819999775e-02 1.946231986429999838e-02 1.373290000000000077e+01 2.009049999999999869e+01 2.109570000000000078e+01 2.867079999999999984e+01 7.871608881790554957e-01 8.165982439254356740e-01
-4.162750000000000061e-01 -9.469680000000000319e-01 -4.695810000000000262e-01 -1.767749999999999932e+00 -1.907480000000000064e+00 -3.971609999999999863e-01 4.753740334871459083e-02 1.036169614818448492e-01 -9.150460000000000260e-01 9.401208889606149643e-02 nan nan 9.955211424635818096e-01 1.530912795379999955e-02 4.084342767819999775e-02 1.946231986429999838e-02 1.373290000000000077e+01 2.009049999999999869e+01 2.109570000000000078e+01 2.867079999999999984e+01 8.272110201637054017e-01 9.394881062287612217e-01
-4.166940000000000088e-01 -2.091149999999999842e+00 -1.607450000000000045e+00 -1.861189999999999900e+00 -1.948469999999999924e+00 -3.971299999999999830e-01 5.828878174990514971e-02 1.056686462045075547e-01 -7.080089999999999995e-01 1.105067997473067054e-01 nan nan 1.000000000000000000e+00 1.145870945890000055e-02 3.199267206769999816e-02 2.125262552930000035e-02 1.247419999999999973e+01 1.720929999999999893e+01 2.555059999999999931e+01 3.568339999999999890e+01 8.272110201637054017e-01 9.394881062287612217e-01
-4.166469999999999896e-01 -1.596899999999999986e+00 -1.027959999999999985e+00 -1.854859999999999953e+00 -2.028900000000000148e+00 -3.971919999999999895e-01 7.065268467666863117e-02 1.095626230457436012e-01 -7.701200000000000268e-01 1.287617699333006849e-01 nan nan 1.000000000000000000e+00 1.145870945890000055e-02 3.199267206769999816e-02 2.125262552930000035e-02 1.247419999999999973e+01 1.720929999999999893e+01 2.555059999999999931e+01 3.568339999999999890e+01 8.217042656551540869e-01 8.823312184486044041e-01
-4.164950000000000041e-01 -1.144179999999999975e+00 -7.413330000000000197e-01 -1.734879999999999978e+00 -1.847830000000000084e+00 -3.971189999999999998e-01 8.472260822636989985e-02 1.154132781526664431e-01 -9.771570000000000533e-01 1.487920823908177592e-01 nan nan 9.955211424635818096e-01 2.905433207230000148e-02 4.269808992199999875e-02 5.181680787230000251e-02 1.167379999999999995e+01 3.316069999999999851e+01 4.282959999999999923e+01 5.518880000000000052e+01 8.217042656551540869e-01 8.823312184486044041e-01
-4.161070000000000046e-01 -8.258590000000000098e-01 -4.091310000000000224e-01 -1.776860000000000106e+00 -1.908379999999999965e+00 -3.969380000000000130e-01 1.005753306983953044e-01 1.233128277257905525e-01 -9.771570000000000533e-01 1.705927047193041002e-01 nan nan 9.866141746362938614e-01 2.905433207230000148e-02 4.269808992199999875e-02 5.181680787230000251e-02 1.167379999999999995e+01 3.316069999999999851e+01 4.282959999999999923e+01 5.518880000000000052e+01 8.264623677380714684e-01 9.604981437466854066e-01
-4.165360000000000174e-01 -1.218639999999999946e+00 -7.910009999999999541e-01 -1.717209999999999903e+00 -1.800089999999999968e+00 -3.969260000000000010e-01 1.182650901996323833e-01 1.333302731726312418e-01 -9.771570000000000533e-01 1.941385461999884932e-01 nan nan 9.733800160226629972e-01 7.162822793339999883e-02 5.934749103149999927e-02 7.818038427949999813e-02 2.510040000000000049e+01 4.924329999999999785e+01 5.916969999999999885e+01 6.876949999999999363e+01 8.264623677380714684e-01 9.604981437466854066e-01
-4.166630000000000056e-01 -1.641790000000000083e+00 -1.238680000000000003e+00 -1.757789999999999964e+00 -1.987360000000000015e+00 -3.972379999999999800e-01 1.378199704575548967e-01 1.455106192941870713e-01 -9.771570000000000533e-01 2.193847420837510276e-01 nan nan 9.559686149278832090e-01 7.162822793339999883e-02 5.934749103149999927e-02 7.818038427949999813e-02 2.510040000000000049e+01 4.924329999999999785e+01 5.916969999999999885e+01 6.876949999999999363e+01 7.366351678090548027e-01 9.547467049048303789e-01
-4.164180000000000104e-01 -1.050119999999999942e+00 -6.365570000000000395e-01 -1.913450000000000095e+00 -2.001399999999999846e+00 -3.973450000000000037e-01 1.592485320855580033e-01 1.598743643625599731e-01 -9.771570000000000533e-01 2.462671619266578737e-01 nan nan 9.345772494836011024e-01 1.013732357210000018e-01 5.169073205290000000e-02 9.417216369149999933e-02 2.926950000000000074e+01 6.409359999999999502e+01 7.752909999999999968e+01 8.582359999999999900e+01 7.366351678090548027e-01 9.547467049048303789e-01
-4.161869999999999736e-01 -8.760019999999999474e-01 -4.413009999999999988e-01 -1.877110000000000056e+00 -1.972080000000000055e+00 -3.973380000000000245e-01 1.825447231708186013e-01 1.764172678673430195e-01 -9.150460000000000260e-01 2.747031362135160526e-01 nan nan 9.094482924078564068e-01 1.013732357210000018e-01 5.169073205290000000e-02 9.417216369149999933e-02 2.926950000000000074e+01 6.409359999999999502e+01 7.752909999999999968e+01 8.582359999999999900e+01 6.348184379228499763e-01 9.250977233887918150e-01
-4.166719999999999868e-01 -1.810289999999999955e+00 -1.130489999999999995e+00 -1.888740000000000085e+00 -2.025500000000000078e+00 -3.974639999999999840e-01 2.076721290083017868e-01 1.951103985622972825e-01 -7.080089999999999995e-01 3.045923930365136423e-01 nan nan 8.808664648253389240e-01 2.080178730199999937e-01 5.549484771799999966e-02 1.272720208249999985e-01 3.123029999999999973e+01 1.019140000000000015e+02 1.137900000000000063e+02 1.083460000000000036e+02 6.348184379228499763e-01 9.250977233887918150e-01
-4.166980000000000128e-01 -2.353000000000000203e+00 -1.639930000000000110e+00 -1.788280000000000092e+00 -1.942590000000000039e+00 -3.975339999999999985e-01 2.345661678528189187e-01 2.159004622679316920e-01 -5.009719999999999729e-01 3.358181942160021194e-01 nan nan 8.491556102632773495e-01 2.080178730199999937e-01 5.549484771799999966e-02 1.272720208249999985e-01 3.123029999999999973e+01 1.019140000000000015e+02 1.137900000000000063e+02 1.083460000000000036e+02 7.207138262239080051e-01 8.372586379618535135e-01
-4.166599999999999748e-01 -1.678299999999999903e+00 -1.110559999999999992e+00 -1.814990000000000103e+00 -1.904789999999999983e+00 -3.940119999999999734e-01 2.631472921902350270e-01 2.387104057158523363e-01 -7.287120000000000264e-01 3.682486579907180424e-01 nan nan 8.146750253748749060e-01 2.628191459029999844e-01 4.529261135229999818e-02 1.285983169169999940e-01 7.268959999999999866e+01 1.337980000000000018e+02 1.459029999999999916e+02 1.342539999999999907e+02 7.207138262239080051e-01 8.372586379618535135e-01
-4.166489999999999916e-01 -1.592840000000000034e+00 -1.052669999999999995e+00 -1.863350000000000062e+00 -2.041790000000000216e+00 -3.874360000000000026e-01 2.933075528715632929e-01 2.634402895930824107e-01 -8.529349999999999987e-01 4.017382532908351234e-01 nan nan 7.778153889646595154e-01 2.628191459029999844e-01 4.529261135229999818e-02 1.285983169169999940e-01 7.268959999999999866e+01 1.337980000000000018e+02 1.459029999999999916e+02 1.342539999999999907e+02 9.193950888400879151e-01 7.499106248404014963e-01
-4.166960000000000108e-01 -2.257589999999999986e+00 -1.575169999999999959e+00 -1.831199999999999939e+00 -2.050450000000000106e+00 -3.880239999999999800e-01 3.248998139743314306e-01 2.899684208944114383e-01 -7.701200000000000268e-01 4.361294486631369649e-01 nan nan 7.389943354415223764e-01 2.988308089749999730e-01 4.191117894640000036e-02 1.394283828760000121e-01 2.854500000000000171e+01 1.092229999999999990e+02 1.292719999999999914e+02 1.333259999999999934e+02 9.193950888400879151e-01 7.499106248404014963e-01
-3.451139999999999763e-01 5.891669999999999963e-01 4.507360000000000255e-01 8.077269999999999728e-01 1.275490000000000013e+00 -3.875149999999999983e-01 3.577595308368722860e-01 3.181527317527710341e-01 -6.666009999999999991e-01 4.712544971653278569e-01 nan nan 6.986517228539863567e-01 2.988308089749999730e-01 4.191117894640000036e-02 1.394283828760000121e-01 2.854500000000000171e+01 1.092229999999999990e+02 1.292719999999999914e+02 1.333259999999999934e+02 6.934129677691267535e-01 7.153862774754955467e-01
-2.486710000000000031e-01 8.535049999999999581e-01 1.312790000000000068e-01 9.126670000000000060e-01 1.255849999999999911e+00 -3.850310000000000121e-01 3.917135824450899140e-01 3.478323891249357480e-01 -4.181570000000000009e-01 5.069373370059179207e-01 nan nan 6.572446491227585952e-01 3.375388537080000195e-01 5.196917216360000258e-02 1.596617642100000012e-01 4.279379999999999740e+01 9.223969999999999914e+01 1.291150000000000091e+02 1.353940000000000055e+02 6.934129677691267535e-01 7.153862774754955467e-01
-3.831760000000000166e-01 3.419969999999999954e-01 2.966929999999999845e-01 3.880620000000000180e-01 7.408400000000000540e-01 -3.129500000000000060e-01 4.265796606611610420e-01 3.788296170941682917e-01 -2.525270000000000015e-01 5.429955863946711592e-01 nan nan 6.152422729386408662e-01 3.375388537080000195e-01 5.196917216360000258e-02 1.596617642100000012e-01 4.279379999999999740e+01 9.223969999999999914e+01 1.291150000000000091e+02 1.353940000000000055e+02 2.898560369113374335e-01 6.864994401775718069e-01
-3.920299999999999896e-01 2.679099999999999815e-01 5.205480000000000107e-01 1.021780000000000049e-01 3.932620000000000005e-01 -2.376260000000000039e-01 4.621669429951165142e-01 4.109517111423925950e-01 -3.353419999999999734e-01 5.792426100011645040e-01 nan nan 5.731204980070974120e-01 3.752930381380000235e-01 7.564567262200000419e-02 1.763287533959999875e-01 2.822670000000000101e+01 9.461679999999999779e+01 1.212999999999999972e+02 1.388549999999999898e+02 2.898560369113374335e-01 6.864994401775718069e-01
-3.301939999999999875e-01 6.457479999999999887e-01 1.052920000000000078e+00 -1.735440000000000038e-01 1.411560000000000037e-01 -1.420720000000000038e-01 4.982420798627192893e-01 4.439932215693835893e-01 -7.080089999999999995e-01 6.154896336076579599e-01 nan nan 5.313565808691096404e-01 3.752930381380000235e-01 7.564567262200000419e-02 1.763287533959999875e-01 2.822670000000000101e+01 9.461679999999999779e+01 1.212999999999999972e+02 1.388549999999999898e+02 1.790166589028636679e-01 6.451393663202971140e-01
1.223769999999999997e-01 1.222350000000000048e+00 1.547579999999999956e+00 -2.095810000000000034e-02 5.308779999999999610e-01 1.010120000000000046e-01 5.345964617319814982e-01 4.777382813199648748e-01 -8.943419999999999703e-01 6.515478829964109764e-01 nan nan 4.904237233938656404e-01 4.655488487000000175e-01 8.749825124639999674e-02 1.723086825200000061e-01 2.762610000000000099e+01 7.000119999999999720e+01 1.036320000000000050e+02 1.135169999999999959e+02 1.790166589028636679e-01 6.451393663202971140e-01
3.119199999999999751e-01 1.317059999999999897e+00 1.620489999999999986e+00 8.752769999999999995e-02 6.238839999999999941e-01 4.822150000000000047e-01 5.699365369271347515e-01 5.119630518439992617e-01 -8.736380000000000257e-01 6.872307228370011511e-01 nan nan 4.507857112124998844e-01 4.655488487000000175e-01 8.749825124639999674e-02 1.723086825200000061e-01 2.762610000000000099e+01 7.000119999999999720e+01 1.036320000000000050e+02 1.135169999999999959e+02 1.994853707770457563e-01 6.087568013514310650e-01
9.063639999999999475e-01 1.506240000000000023e+00 1.672160000000000091e+00 4.650499999999999773e-02 7.766969999999999708e-01 9.953640000000000265e-01 6.039504565434046235e-01 5.472201906457843101e-01 -8.115269999999999984e-01 7.223557713391922652e-01 nan nan 4.088697422884876032e-01 5.747828290769999571e-01 8.927018211399999348e-02 1.512318938910000021e-01 1.486139999999999972e+01 5.096229999999999905e+01 7.022259999999999991e+01 8.894530000000000314e+01 1.994853707770457563e-01 6.087568013514310650e-01
1.319600000000000106e+00 1.592419999999999947e+00 1.719889999999999919e+00 4.109789999999999832e-01 9.388570000000000526e-01 1.539639999999999898e+00 6.374141010334066770e-01 5.825693787990334771e-01 -8.115269999999999984e-01 7.567469667114938847e-01 nan nan 3.687478843110677529e-01 5.747828290769999571e-01 8.927018211399999348e-02 1.512318938910000021e-01 1.486139999999999972e+01 5.096229999999999905e+01 7.022259999999999991e+01 8.894530000000000314e+01 2.090681218251591034e-01 5.945274902276611595e-01
1.655080000000000107e+00 1.648139999999999938e+00 1.746890000000000054e+00 6.942319999999999602e-01 1.054990000000000094e+00 2.019249999999999989e+00 6.708192506911757613e-01 6.178265180060815709e-01 -8.115269999999999984e-01 7.902365620116110767e-01 nan nan 3.305768408306878348e-01 6.917390985929999792e-01 7.901707522510000026e-02 1.181120081080000023e-01 1.209459999999999980e+01 3.222279999999999944e+01 4.896520000000000294e+01 6.258389999999999986e+01 2.090681218251591034e-01 5.945274902276611595e-01
1.873790000000000067e+00 1.679869999999999974e+00 1.762410000000000032e+00 6.921070000000000277e-01 1.026569999999999983e+00 2.526470000000000216e+00 7.043874836007898432e-01 6.528085529206051341e-01 -8.115269999999999984e-01 8.197653721357262002e-01 nan nan 2.944912118900379072e-01 6.917390985929999792e-01 7.901707522510000026e-02 1.181120081080000023e-01 1.209459999999999980e+01 3.222279999999999944e+01 4.896520000000000294e+01 6.258389999999999986e+01 2.110368004259000063e-01 5.776699601249288829e-01
2.157560000000000144e+00 1.716909999999999936e+00 1.754809999999999981e+00 6.731139999999999901e-01 9.976199999999999513e-01 2.842169999999999863e+00 7.374639961056819182e-01 6.873355452378405728e-01 -8.115269999999999984e-01 8.479949985906172216e-01 nan nan 2.606019689517833360e-01 7.504832487810000341e-01 7.388593500800000324e-02 9.843176547380000363e-02 7.589879999999999960e+00 2.314789999999999992e+01 3.457059999999999889e+01 4.654429999999999978e+01 2.110368004259000063e-01 5.776699601249288829e-01
2.657739999999999991e+00 1.773320000000000007e+00 1.754529999999999923e+00 6.170860000000000234e-01 9.816179999999999906e-01 3.410320000000000018e+00 7.695267939956768055e-01 7.212327124674776657e-01 -8.322310000000000541e-01 8.746055884285635074e-01 nan nan 2.289951975475515988e-01 7.504832487810000341e-01 7.388593500800000324e-02 9.843176547380000363e-02 7.589879999999999960e+00 2.314789999999999992e+01 3.457059999999999889e+01 4.654429999999999978e+01 2.088407533107073943e-01 5.707792335343456758e-01
3.220749999999999780e+00 1.826589999999999936e+00 1.731379999999999919e+00 6.206739999999999480e-01 1.027530000000000054e+00 4.187909999999999577e+00 8.000298260253893012e-01 7.543324082891140758e-01 -8.322310000000000541e-01 8.992956330336491222e-01 nan nan 1.997311218944596289e-01 7.966214774859999848e-01 5.972858538430000225e-02 8.445669420899999669e-02 5.627720000000000056e+00 1.772520000000000095e+01 2.784649999999999892e+01 3.362449999999999761e+01 2.088407533107073943e-01 5.707792335343456758e-01
3.604929999999999968e+00 1.858289999999999997e+00 1.685340000000000060e+00 6.442139999999999533e-01 9.525339999999999918e-01 3.797239999999999949e+00 8.286907433590502414e-01 7.864760220520534695e-01 -8.115269999999999984e-01 9.217853843348569054e-01 nan nan 1.728434225306706429e-01 7.966214774859999848e-01 5.972858538430000225e-02 8.445669420899999669e-02 5.627720000000000056e+00 1.772520000000000095e+01 2.784649999999999892e+01 3.362449999999999761e+01 2.040992879483596312e-01 5.601013573238524668e-01
3.821489999999999831e+00 1.874849999999999905e+00 1.648130000000000095e+00 5.506250000000000311e-01 9.423610000000000042e-01 3.796949999999999825e+00 8.554900820010932216e-01 8.175157758973554678e-01 -8.322310000000000541e-01 9.418200244634957752e-01 nan nan 1.483388547014382608e-01 8.150755633220000407e-01 4.898539937609999728e-02 8.212809388420000412e-02 5.006649999999999601e+00 1.549060000000000059e+01 2.120449999999999946e+01 2.466219999999999857e+01 2.040992879483596312e-01 5.601013573238524668e-01
3.792170000000000041e+00 1.872610000000000108e+00 1.649920000000000053e+00 6.044659999999999478e-01 1.009840000000000071e+00 3.330799999999999983e+00 8.803839830535461486e-01 8.459015060475877368e-01 -8.322310000000000541e-01 9.591725529414723006e-01 nan nan 1.261971718194784264e-01 8.150755633220000407e-01 4.898539937609999728e-02 8.212809388420000412e-02 5.006649999999999601e+00 1.549060000000000059e+01 2.120449999999999946e+01 2.466219999999999857e+01 1.973503249706085594e-01 5.462099039462571248e-01
3.564169999999999838e+00 1.854940000000000033e+00 1.713459999999999983e+00 5.909410000000000496e-01 8.393559999999999910e-01 2.917260000000000186e+00 9.033525335388576938e-01 8.714658978926387300e-01 -8.115269999999999984e-01 9.736463586874123388e-01 nan nan 1.063713548668937525e-01 8.170818420869999654e-01 4.761301622030000152e-02 8.490611882229999463e-02 3.848899999999999988e+00 1.037139999999999951e+01 1.411009999999999920e+01 1.575990000000000002e+01 1.973503249706085594e-01 5.462099039462571248e-01
3.293039999999999967e+00 1.832640000000000047e+00 1.796969999999999956e+00 6.673609999999999820e-01 1.156560000000000032e+00 2.622679999999999900e+00 9.244120272693095997e-01 8.953802733173885642e-01 -8.322310000000000541e-01 9.850774476987750328e-01 nan nan 8.878814513943333875e-02 8.170818420869999654e-01 4.761301622030000152e-02 8.490611882229999463e-02 3.848899999999999988e+00 1.037139999999999951e+01 1.411009999999999920e+01 1.575990000000000002e+01 1.915552006388501205e-01 5.339252391522127938e-01
2.907179999999999875e+00 1.797830000000000039e+00 1.853329999999999922e+00 -1.450019999999999920e-01 3.730169999999999875e-01 2.521160000000000068e+00 9.425629717743648772e-01 9.173736728925749873e-01 -8.529349999999999987e-01 9.933363011694301692e-01 nan nan 7.334887429688619065e-02 7.986906154459999518e-01 5.640444281319999947e-02 9.183136818680000257e-02 3.081479999999999997e+00 8.832179999999999254e+00 1.137950000000000017e+01 1.427960000000000029e+01 1.915552006388501205e-01 5.339252391522127938e-01
2.553679999999999950e+00 1.762189999999999923e+00 1.838850000000000096e+00 4.259649999999999825e-01 1.054680000000000062e+00 2.091310000000000002e+00 9.572585717686357132e-01 9.371969026128946778e-01 -8.322310000000000541e-01 9.983293429894851689e-01 nan nan 5.993058231479986286e-02 7.986906154459999518e-01 5.640444281319999947e-02 9.183136818680000257e-02 3.081479999999999997e+00 8.832179999999999254e+00 1.137950000000000017e+01 1.427960000000000029e+01 1.890153279652181384e-01 5.305348759551357096e-01
2.177880000000000038e+00 1.719340000000000090e+00 1.749479999999999924e+00 7.741789999999999783e-02 1.990349999999999897e-01 1.669519999999999893e+00 9.695265459747799408e-01 9.546253573646559243e-01 -8.322310000000000541e-01 1.000000000000000000e+00 nan nan 4.838741067069163293e-02 7.864936687939999560e-01 6.168407030610000008e-02 8.941993264740000225e-02 3.350499999999999812e+00 7.984530000000000349e+00 1.281240000000000023e+01 1.674709999999999965e+01 1.890153279652181384e-01 5.305348759551357096e-01
1.414460000000000051e+00 1.609089999999999909e+00 1.581569999999999920e+00 2.368369999999999920e-01 8.078520000000000145e-01 1.312370000000000037e+00 9.798694641524169358e-01 9.694615657914636975e-01 -8.322310000000000541e-01 9.983293429894849469e-01 nan nan 3.855225497938818968e-02 7.864936687939999560e-01 6.168407030610000008e-02 8.941993264740000225e-02 3.350499999999999812e+00 7.984530000000000349e+00 1.281240000000000023e+01 1.674709999999999965e+01 1.874292939375790112e-01 5.443438291854092448e-01
9.592920000000000336e-01 1.518440000000000012e+00 1.425370000000000026e+00 4.451160000000000116e-01 6.031069999999999487e-01 1.094629999999999992e+00 9.881701369057738216e-01 9.815374277235946465e-01 -8.529349999999999987e-01 9.933363011694302802e-01 nan nan 3.023865835248384926e-02 7.708258229069999690e-01 6.727443757489999510e-02 8.591256453829999862e-02 3.467360000000000220e+00 1.088729999999999976e+01 1.567510000000000048e+01 2.100649999999999906e+01 1.874292939375790112e-01 5.443438291854092448e-01
1.105189999999999895e+00 1.550829999999999931e+00 1.542459999999999942e+00 4.853489999999999749e-01 6.697819999999999885e-01 7.210330000000000350e-01 9.943345142957745741e-01 9.907161188200878099e-01 -8.529349999999999987e-01 9.850774476987751438e-01 nan nan 2.324292402938776814e-02 7.708258229069999690e-01 6.727443757489999510e-02 8.591256453829999862e-02 3.467360000000000220e+00 1.088729999999999976e+01 1.567510000000000048e+01 2.100649999999999906e+01 1.854107051751291424e-01 5.619713606631440150e-01
1.172940000000000094e+00 1.564769999999999994e+00 1.663640000000000008e+00 3.878840000000000066e-01 7.919249999999999901e-01 4.105860000000000065e-01 9.982927514634304389e-01 9.968936408432009788e-01 -8.322310000000000541e-01 9.736463586874123388e-01 nan nan 1.734642334301672584e-02 7.276638248940000553e-01 7.946859517500000358e-02 9.089959239440000005e-02 5.137739999999999974e+00 1.180419999999999980e+01 2.012699999999999889e+01 2.885869999999999891e+01 1.854107051751291424e-01 5.619713606631440150e-01
7.369580000000000020e-01 1.462890000000000024e+00 1.648390000000000022e+00 3.695959999999999801e-01 7.700770000000000115e-01 2.952370000000000272e-01 1.000000000000000000e+00 1.000000000000000000e+00 -8.322310000000000541e-01 9.591725529414723006e-01 nan nan 1.231807286995167949e-02 7.276638248940000553e-01 7.946859517500000358e-02 9.089959239440000005e-02 5.137739999999999974e+00 1.180419999999999980e+01 2.012699999999999889e+01 2.885869999999999891e+01 1.827765577516026196e-01 5.743856685458367251e-01
2.054580000000000017e-01 1.267020000000000035e+00 1.474020000000000108e+00 2.832069999999999865e-01 5.250700000000000367e-01 7.594049999999999412e-02 9.994369160973826105e-01 9.999999999999998890e-01 -8.529349999999999987e-01 9.418200244634958862e-01 nan nan 7.916952697961776586e-03 6.589164363780000144e-01 9.725625153050000693e-02 1.014014961520000035e-01 5.372519999999999740e+00 1.806459999999999866e+01 2.956940000000000168e+01 4.115129999999999910e+01 1.827765577516026196e-01 5.743856685458367251e-01
-1.378079999999999930e-02 1.129429999999999934e+00 1.218310000000000004e+00 3.793719999999999870e-01 3.959219999999999962e-01 -1.295479999999999965e-01 9.966098797211915272e-01 9.968936408432009788e-01 -8.529349999999999987e-01 9.217853843348569054e-01 nan nan 3.895036144876073969e-03 6.589164363780000144e-01 9.725625153050000693e-02 1.014014961520000035e-01 5.372519999999999740e+00 1.806459999999999866e+01 2.956940000000000168e+01 4.115129999999999910e+01 1.831647478982275645e-01 5.852324736294172158e-01
-6.921280000000000140e-03 1.137469999999999981e+00 1.346400000000000041e+00 -1.507950000000000124e-01 1.278720000000000134e-01 -2.382039999999999991e-01 9.915509223231954161e-01 9.907161188200878099e-01 -8.529349999999999987e-01 8.992956330336491222e-01 nan nan 0.000000000000000000e+00 5.795602540159999760e-01 1.216732039039999935e-01 1.070990569290000000e-01 1.268580000000000041e+01 3.015739999999999910e+01 4.844729999999999848e+01 6.059669999999999845e+01 1.831647478982275645e-01 5.852324736294172158e-01
6.199670000000000181e-02 1.186250000000000027e+00 1.478830000000000089e+00 -3.482830000000000092e-01 2.138190000000000091e-01 -2.015240000000000087e-01 9.843173639121706175e-01 9.815374277235947575e-01 -8.529349999999999987e-01 8.746055884285636184e-01 nan nan 0.000000000000000000e+00 5.795602540159999760e-01 1.216732039039999935e-01 1.070990569290000000e-01 1.268580000000000041e+01 3.015739999999999910e+01 4.844729999999999848e+01 6.059669999999999845e+01 1.900190767729197372e-01 6.085800153214560027e-01
-2.864539999999999864e-01 7.726370000000000182e-01 6.017679999999999696e-01 -5.619250000000000078e-01 -7.980470000000000619e-02 -1.633060000000000067e-01 9.749911635952972500e-01 9.694615657914638085e-01 -8.529349999999999987e-01 8.479949985906172216e-01 nan nan 0.000000000000000000e+00 5.228000290019999552e-01 1.316219143110000100e-01 1.081606405320000019e-01 1.811410000000000053e+01 5.125099999999999767e+01 6.694540000000000646e+01 7.856709999999999638e+01 1.900190767729197372e-01 6.085800153214560027e-01
5.241370000000000057e-02 1.178509999999999946e+00 1.416439999999999921e+00 -7.390750000000000375e-01 -9.215589999999999893e-02 -2.470630000000000048e-01 9.636779909487258600e-01 9.546253573646559243e-01 -8.322310000000000541e-01 8.197653721357263112e-01 nan nan 0.000000000000000000e+00 5.228000290019999552e-01 1.316219143110000100e-01 1.081606405320000019e-01 1.811410000000000053e+01 5.125099999999999767e+01 6.694540000000000646e+01 7.856709999999999638e+01 1.997460127326368129e-01 6.361861360466716242e-01
2.706700000000000217e-01 1.300470000000000015e+00 1.413529999999999953e+00 1.506379999999999941e-01 3.054930000000000145e-01 -2.878419999999999868e-01 9.505060287390564300e-01 9.371969026128947888e-01 -8.115269999999999984e-01 7.902365620116110767e-01 nan nan 0.000000000000000000e+00 4.480646703839999967e-01 1.269816240649999928e-01 1.109157669270000035e-01 2.964870000000000161e+01 6.757649999999999579e+01 8.408010000000000161e+01 9.025020000000000664e+01 1.997460127326368129e-01 6.361861360466716242e-01
-3.304960000000000120e-01 6.413980000000000237e-01 1.746119999999999894e-01 -4.851130000000000164e-01 -3.683270000000000155e-01 -3.331959999999999922e-01 9.356245205613737959e-01 9.173736728925749873e-01 -8.115269999999999984e-01 7.567469667114938847e-01 nan nan 0.000000000000000000e+00 4.480646703839999967e-01 1.269816240649999928e-01 1.109157669270000035e-01 2.964870000000000161e+01 6.757649999999999579e+01 8.408010000000000161e+01 9.025020000000000664e+01 1.866418224972826723e-01 6.533304523758078908e-01
-4.028240000000000154e-01 6.313199999999999368e-02 -1.643280000000000018e-01 -8.573020000000000085e-01 -6.584370000000000500e-01 -3.687599999999999767e-01 9.192020798496801648e-01 8.953802733173885642e-01 -8.322310000000000541e-01 7.223557713391922652e-01 nan nan 0.000000000000000000e+00 3.884356489920000044e-01 1.072858951000000005e-01 1.198606265139999932e-01 3.926290000000000191e+01 9.655660000000000309e+01 1.077519999999999953e+02 1.071869999999999976e+02 1.866418224972826723e-01 6.533304523758078908e-01
-3.864870000000000250e-01 3.088960000000000039e-01 7.565699999999999648e-01 -6.161410000000000498e-01 -6.718300000000000383e-01 -3.634049999999999780e-01 9.014247794193133156e-01 8.714658978926388411e-01 -8.529349999999999987e-01 6.872307228370013732e-01 nan nan 0.000000000000000000e+00 3.884356489920000044e-01 1.072858951000000005e-01 1.198606265139999932e-01 3.926290000000000191e+01 9.655660000000000309e+01 1.077519999999999953e+02 1.071869999999999976e+02 1.539063019897517481e-01 6.894419454320455110e-01
-3.657179999999999875e-01 4.794740000000000113e-01 8.756789999999999852e-01 -1.010580000000000034e+00 -8.069039999999999546e-01 -3.511449999999999849e-01 8.824940431875980540e-01 8.459015060475877368e-01 -8.736380000000000257e-01 6.515478829964113094e-01 nan nan 0.000000000000000000e+00 3.531416756099999832e-01 9.138474254160000587e-02 1.196961443590000007e-01 4.081660000000000110e+01 1.107680000000000007e+02 1.238449999999999989e+02 1.210270000000000010e+02 1.539063019897517481e-01 6.894419454320455110e-01
-3.608520000000000061e-01 5.084079999999999711e-01 9.495909999999999629e-01 -8.646080000000000432e-01 -5.038040000000000296e-01 -3.497540000000000093e-01 8.605633308881258658e-01 8.175157758973556898e-01 -8.736380000000000257e-01 6.154896336076579599e-01 nan nan 0.000000000000000000e+00 3.531416756099999832e-01 9.138474254160000587e-02 1.196961443590000007e-01 4.081660000000000110e+01 1.107680000000000007e+02 1.238449999999999989e+02 1.210270000000000010e+02 1.370477584791818249e-01 7.218920033785775070e-01
-3.631750000000000256e-01 4.938670000000000004e-01 9.599299999999999500e-01 -7.491330000000000489e-01 -3.546230000000000215e-01 -3.595679999999999987e-01 8.359098978400602009e-01 7.864760220520536915e-01 -8.736380000000000257e-01 5.792426100011646151e-01 nan nan 0.000000000000000000e+00 3.164990765069999878e-01 8.385738125010000488e-02 1.220904621410000002e-01 4.197440000000000282e+01 9.635970000000000368e+01 1.159509999999999934e+02 1.180130000000000052e+02 1.370477584791818249e-01 7.218920033785775070e-01
-3.811760000000000148e-01 3.652830000000000243e-01 8.621870000000000367e-01 -2.272770000000000068e-01 9.651099999999999957e-02 -3.733099999999999752e-01 8.106765291271719187e-01 7.543324082891142979e-01 -8.529349999999999987e-01 5.429955863946712702e-01 nan nan 0.000000000000000000e+00 3.164990765069999878e-01 8.385738125010000488e-02 1.220904621410000002e-01 4.197440000000000282e+01 9.635970000000000368e+01 1.159509999999999934e+02 1.180130000000000052e+02 4.930181229342738281e-01 8.646408297157675005e-01
-3.851339999999999764e-01 3.228949999999999876e-01 8.272159999999999513e-01 -3.562680000000000013e-02 1.056809999999999972e-01 -3.856490000000000196e-01 7.846673161211903391e-01 7.212327124674777767e-01 -8.529349999999999987e-01 5.069373370059180317e-01 nan nan 0.000000000000000000e+00 3.110335400350000001e-01 7.167407322049999807e-02 1.152770919910000025e-01 2.933640000000000114e+01 8.962489999999999668e+01 1.084969999999999999e+02 1.099350000000000023e+02 4.930181229342738281e-01 8.646408297157675005e-01
-3.970620000000000260e-01 2.082859999999999989e-01 6.627579999999999583e-01 2.009400000000000075e-01 3.393209999999999837e-01 -3.712030000000000052e-01 7.577861760028038463e-01 6.873355452378406838e-01 -6.044899999999999718e-01 4.712544971653278569e-01 nan nan 0.000000000000000000e+00 3.110335400350000001e-01 7.167407322049999807e-02 1.152770919910000025e-01 2.933640000000000114e+01 8.962489999999999668e+01 1.084969999999999999e+02 1.099350000000000023e+02 1.000000000000000000e+00 1.000000000000000000e+00
-3.965659999999999741e-01 2.427559999999999996e-01 5.913939999999999753e-01 3.480759999999999965e-01 5.678990000000000427e-01 -3.592779999999999863e-01 7.300837319093771427e-01 6.528085529206052451e-01 -4.388599999999999723e-01 4.361294486631369649e-01 nan nan 0.000000000000000000e+00 2.806933439729999979e-01 5.406556769180000110e-02 9.422513183080000188e-02 3.024030000000000129e+01 7.083820000000000050e+01 9.304359999999999786e+01 1.077849999999999966e+02 1.000000000000000000e+00 1.000000000000000000e+00
-3.922550000000000203e-01 3.159230000000000094e-01 5.678349999999999786e-01 5.310829999999999718e-01 7.430719999999999548e-01 -3.570059999999999900e-01 7.016324674983600573e-01 6.178265180060817929e-01 -4.802679999999999727e-01 4.017382532908352344e-01 nan nan 0.000000000000000000e+00 2.806933439729999979e-01 5.406556769180000110e-02 9.422513183080000188e-02 3.024030000000000129e+01 7.083820000000000050e+01 9.304359999999999786e+01 1.077849999999999966e+02 9.953361726669771592e-01 9.093794810347877178e-01
-3.900440000000000018e-01 3.597639999999999727e-01 5.800509999999999833e-01 6.108869999999999578e-01 6.899990000000000290e-01 -3.638660000000000228e-01 6.725061058892726207e-01 5.825693787990335881e-01 -6.044899999999999718e-01 3.682486579907181534e-01 nan nan 0.000000000000000000e+00 2.510740405360000205e-01 5.395433533789999875e-02 9.156807102540000243e-02 1.979129999999999967e+01 5.021399999999999864e+01 7.871710000000000207e+01 9.142040000000000077e+01 9.953361726669771592e-01 9.093794810347877178e-01
-3.874009999999999954e-01 3.863809999999999745e-01 5.894570000000000087e-01 8.497719999999999718e-01 8.275460000000000038e-01 -3.744970000000000243e-01 6.427953499069865018e-01 5.472201906457844212e-01 -4.595639999999999725e-01 3.358181942160022304e-01 nan nan 0.000000000000000000e+00 2.510740405360000205e-01 5.395433533789999875e-02 9.156807102540000243e-02 1.979129999999999967e+01 5.021399999999999864e+01 7.871710000000000207e+01 9.142040000000000077e+01 6.822830017080365739e-01 8.145789546052760732e-01
-3.806999999999999829e-01 4.167339999999999933e-01 4.786670000000000091e-01 1.151219999999999910e+00 9.990520000000000511e-01 -3.869259999999999922e-01 6.126103189368367063e-01 5.119630518439993727e-01 5.802870000000000250e-02 3.045923930365136423e-01 nan nan 0.000000000000000000e+00 2.493558515179999935e-01 4.917568170219999840e-02 8.881150659809999848e-02 1.104979999999999940e+01 3.442860000000000298e+01 5.552450000000000330e+01 8.005649999999999977e+01 6.822830017080365739e-01 8.145789546052760732e-01
-4.039880000000000138e-01 8.908549999999999802e-02 2.230250000000000010e-01 7.903329999999999522e-01 8.083960000000000035e-01 -3.939799999999999969e-01 5.820653426137882835e-01 4.769810177354102398e-01 1.408439999999999970e-01 2.747031362135161636e-01 nan nan 0.000000000000000000e+00 2.493558515179999935e-01 4.917568170219999840e-02 8.881150659809999848e-02 1.104979999999999940e+01 3.442860000000000298e+01 5.552450000000000330e+01 8.005649999999999977e+01 3.217541758168630528e-01 7.394488204443223633e-01
-4.084059999999999913e-01 -8.651349999999999318e-02 -1.420760000000000078e-01 8.108579999999999677e-01 8.096520000000000383e-01 -3.950250000000000150e-01 5.512756844199984130e-01 4.424540266156490320e-01 5.135100000000000220e-01 2.462671619266578737e-01 nan nan 0.000000000000000000e+00 2.229048309630000113e-01 4.628290032770000090e-02 9.215130697880000166e-02 1.211149999999999949e+01 2.621120000000000161e+01 4.636990000000000123e+01 5.507829999999999870e+01 3.217541758168630528e-01 7.394488204443223633e-01
-4.052749999999999964e-01 1.192270000000000049e-03 -5.680770000000000541e-01 9.782319999999999904e-01 8.878099999999999881e-01 -3.940049999999999941e-01 5.203570936315466966e-01 4.085568609614578239e-01 9.068810000000000482e-01 2.193847420837510276e-01 nan nan 0.000000000000000000e+00 2.229048309630000113e-01 4.628290032770000090e-02 9.215130697880000166e-02 1.211149999999999949e+01 2.621120000000000161e+01 4.636990000000000123e+01 5.507829999999999870e+01 3.754464186686187199e-01 7.541809896089101128e-01
-4.070770000000000222e-01 -3.944969999999999727e-02 -5.892279999999999740e-02 8.768909999999999760e-01 8.557240000000000402e-01 -3.921160000000000201e-01 4.894292120108240107e-01 3.754571670753887869e-01 7.412509999999999932e-01 1.941385461999884932e-01 nan nan 0.000000000000000000e+00 2.291748556830000005e-01 4.614790828290000341e-02 8.660684956160000225e-02 1.062240000000000073e+01 2.388719999999999999e+01 3.395859999999999701e+01 4.472999999999999687e+01 3.754464186686187199e-01 7.541809896089101128e-01
-4.009079999999999866e-01 1.392599999999999949e-01 1.973620000000000096e-01 1.004520000000000080e+00 9.243989999999999707e-01 -3.920739999999999781e-01 4.586172280050669903e-01 3.433135555862076860e-01 3.478809999999999958e-01 1.705927047193041002e-01 nan nan 0.000000000000000000e+00 2.291748556830000005e-01 4.614790828290000341e-02 8.660684956160000225e-02 1.062240000000000073e+01 2.388719999999999999e+01 3.395859999999999701e+01 4.472999999999999687e+01 3.788070362236863886e-01 7.507395548920623440e-01
-4.019780000000000020e-01 1.351430000000000131e-01 2.347730000000000095e-01 8.616979999999999640e-01 9.097509999999999764e-01 -3.933090000000000197e-01 4.280433828963496889e-01 3.122738043270919528e-01 1.615469999999999962e-01 1.487920823908177592e-01 nan nan 0.000000000000000000e+00 1.750857890660000027e-01 5.063942094590000165e-02 7.489863131410000319e-02 1.340269999999999939e+01 2.791059999999999874e+01 3.473020000000000351e+01 3.632350000000000279e+01 3.788070362236863886e-01 7.507395548920623440e-01
-4.048619999999999997e-01 4.174490000000000145e-02 8.054870000000000085e-02 9.322639999999999816e-01 8.024130000000000429e-01 -3.950629999999999975e-01 3.978200605014097224e-01 2.824731839537326650e-01 6.170290000000000497e-01 1.287617699333007959e-01 nan nan 0.000000000000000000e+00 1.750857890660000027e-01 5.063942094590000165e-02 7.489863131410000319e-02 1.340269999999999939e+01 2.791059999999999874e+01 3.473020000000000351e+01 3.632350000000000279e+01 3.783578447683059176e-01 7.469995482134790254e-01
-4.090829999999999744e-01 -1.268370000000000053e-01 -9.086079999999999712e-01 9.134769999999999834e-01 5.728699999999999903e-01 -3.960799999999999876e-01 3.680641917618094894e-01 2.540329252737535404e-01 1.134619999999999962e+00 1.105067997473067054e-01 nan nan 0.000000000000000000e+00 1.450489993949999890e-01 5.517021493509999958e-02 5.491913723360000027e-02 2.391949999999999932e+01 3.004830000000000112e+01 3.201639999999999731e+01 3.273140000000000072e+01 3.783578447683059176e-01 7.469995482134790254e-01
-4.110829999999999762e-01 -2.207060000000000133e-01 -7.946520000000000250e-01 7.928250000000000020e-01 7.008830000000000338e-01 -3.954710000000000170e-01 3.388945106840005606e-01 2.270588456532194321e-01 1.258839999999999959e+00 9.401208889606149643e-02 nan nan 0.000000000000000000e+00 1.450489993949999890e-01 5.517021493509999958e-02 5.491913723360000027e-02 2.391949999999999932e+01 3.004830000000000112e+01 3.201639999999999731e+01 3.273140000000000072e+01 3.850568975843482455e-01 7.257655817242532059e-01
-4.110289999999999777e-01 -2.079779999999999962e-01 -2.951500000000000234e-01 7.624689999999999523e-01 5.735489999999999755e-01 -3.950640000000000263e-01 3.104176754591437826e-01 2.016401500635960353e-01 1.279549999999999965e+00 7.924261000116472609e-02 nan nan 0.000000000000000000e+00 1.295053511760000109e-01 4.777437865749999818e-02 4.846541157169999975e-02 9.863599999999999923e+00 2.441839999999999833e+01 2.627449999999999974e+01 2.690739999999999910e+01 3.850568975843482455e-01 7.257655817242532059e-01
-4.090590000000000059e-01 -9.782359999999999667e-02 -9.472389999999999977e-02 8.435570000000000013e-01 5.914749999999999730e-01 -3.949210000000000220e-01 2.827414211700417512e-01 1.778484203537791242e-01 8.861769999999999925e-01 6.614378811678278680e-02 nan nan 0.000000000000000000e+00 1.295053511760000109e-01 4.777437865749999818e-02 4.846541157169999975e-02 9.863599999999999923e+00 2.441839999999999833e+01 2.627449999999999974e+01 2.690739999999999910e+01 4.002794969055699648e-01 7.306763047791158261e-01
-4.102560000000000096e-01 -1.258299999999999974e-01 -2.650539999999999841e-02 7.215880000000000072e-01 6.123070000000000457e-01 -3.953300000000000147e-01 2.559862578220516438e-01 1.557368041991435970e-01 5.135100000000000220e-01 5.464211908559235553e-02 nan nan 0.000000000000000000e+00 1.036527203060000069e-01 4.018206771749999878e-02 4.902290259560000002e-02 1.699190000000000111e+01 2.081660000000000110e+01 2.373280000000000101e+01 2.463009999999999877e+01 4.002794969055699648e-01 7.306763047791158261e-01
-4.108950000000000102e-01 -1.870310000000000028e-01 -4.393369999999999914e-02 7.320830000000000393e-01 5.571570000000000134e-01 -3.963829999999999854e-01 2.302646280090039355e-01 1.353394129171447968e-01 1.134619999999999962e+00 4.464600237025329044e-02 nan nan 0.000000000000000000e+00 1.036527203060000069e-01 4.018206771749999878e-02 4.902290259560000002e-02 1.699190000000000111e+01 2.081660000000000110e+01 2.373280000000000101e+01 2.463009999999999877e+01 4.112375501874403483e-01 7.612249307588050407e-01
-4.105400000000000160e-01 -1.903779999999999917e-01 -4.907949999999999813e-01 8.450360000000000094e-01 5.671840000000000215e-01 -3.962180000000000146e-01 2.056723467873491362e-01 1.166709349724618372e-01 1.672919999999999963e+00 3.604677892409913209e-02 nan nan 0.000000000000000000e+00 8.517287823209999942e-02 3.643349866449999835e-02 5.283264179350000145e-02 8.443360000000000198e+00 2.434750000000000014e+01 2.802629999999999910e+01 2.841420000000000101e+01 4.112375501874403483e-01 7.612249307588050407e-01
-4.069269999999999832e-01 -4.572989999999999694e-02 -7.375099999999999989e-01 1.002380000000000049e+00 3.881580000000000030e-01 -3.959960000000000147e-01 1.822895504002401967e-01 9.972646955082287157e-02 1.631510000000000016e+00 2.871996234155271832e-02 nan nan 0.000000000000000000e+00 8.517287823209999942e-02 3.643349866449999835e-02 5.283264179350000145e-02 8.443360000000000198e+00 2.434750000000000014e+01 2.802629999999999910e+01 2.841420000000000101e+01 4.976542223996806014e-01 7.821760396000707605e-01
-4.128379999999999828e-01 -3.402879999999999794e-01 -1.120570000000000066e+00 7.255489999999999995e-01 4.336920000000000219e-01 -3.965310000000000223e-01 1.601807296567266947e-01 8.448158208718992146e-02 1.569399999999999906e+00 2.252664933884485077e-02 nan nan 0.000000000000000000e+00 8.202996146560000146e-02 2.524183716039999845e-02 6.504356275490000283e-02 1.455330000000000013e+01 2.520139999999999958e+01 2.905979999999999919e+01 2.957169999999999987e+01 4.976542223996806014e-01 7.821760396000707605e-01
-4.021089999999999942e-01 8.077510000000000245e-02 -5.499420000000000419e-01 1.118120000000000003e+00 5.397300000000000431e-01 -3.962820000000000231e-01 1.394309409678264888e-01 7.089258111914376048e-02 1.672919999999999963e+00 1.731509358372107510e-02 nan nan 3.895036144876073969e-03 8.202996146560000146e-02 2.524183716039999845e-02 6.504356275490000283e-02 1.455330000000000013e+01 2.520139999999999958e+01 2.905979999999999919e+01 2.957169999999999987e+01 5.624320667243406513e-01 7.929128444872223236e-01
-4.034280000000000088e-01 4.843009999999999676e-02 -1.101450000000000040e+00 1.095690000000000053e+00 6.279630000000000489e-01 -3.965650000000000008e-01 1.200800352995484710e-01 5.889701332861119187e-02 1.735030000000000072e+00 1.292242504202223419e-02 nan nan 7.916952697961776586e-03 8.515992770390000410e-02 2.488440055469999870e-02 7.389541864910000035e-02 7.752390000000000114e+00 2.460460000000000136e+01 2.950760000000000005e+01 2.894839999999999947e+01 5.624320667243406513e-01 7.929128444872223236e-01
-4.131639999999999757e-01 -3.698940000000000006e-01 -1.089530000000000109e+00 6.949530000000000429e-01 4.429540000000000144e-01 -3.968229999999999813e-01 1.032681468132323754e-01 4.841437116291491538e-02 1.610810000000000075e+00 9.176495360249559141e-03 nan nan 1.231807286995167949e-02 8.515992770390000410e-02 2.488440055469999870e-02 7.389541864910000035e-02 7.752390000000000114e+00 2.460460000000000136e+01 2.950760000000000005e+01 2.894839999999999947e+01 5.298462767019365138e-01 8.016303600542143970e-01
-4.140440000000000231e-01 -4.548170000000000268e-01 -8.176020000000000509e-01 5.914209999999999745e-01 4.471680000000000099e-01 -3.969159999999999910e-01 8.917253867301433434e-02 3.934700501751320356e-02 1.693619999999999903e+00 5.897828375198366224e-03 nan nan 1.734642334301672584e-02 8.787861006590000357e-02 2.474290955500000125e-02 7.455564797979999381e-02 2.246059999999999945e+01 3.072800000000000153e+01 3.025080000000000169e+01 3.010259999999999891e+01 5.298462767019365138e-01 8.016303600542143970e-01
-4.127569999999999850e-01 -3.227249999999999841e-01 -4.290209999999999857e-01 6.792230000000000212e-01 5.396609999999999463e-01 -3.964739999999999931e-01 7.683196737585373803e-02 3.158122964503884411e-02 1.631510000000000016e+00 2.901653650600688472e-03 nan nan 2.324292402938776814e-02 8.787861006590000357e-02 2.474290955500000125e-02 7.455564797979999381e-02 2.246059999999999945e+01 3.072800000000000153e+01 3.025080000000000169e+01 3.010259999999999891e+01 5.736673986823717097e-01 8.624251114734134971e-01
-4.107669999999999932e-01 -2.022690000000000043e-01 -3.858240000000000003e-01 8.302920000000000300e-01 5.825050000000000505e-01 -3.965710000000000068e-01 6.549090230736021034e-02 2.498861225457860158e-02 1.010399999999999965e+00 0.000000000000000000e+00 nan nan 3.023865835248384926e-02 1.013878956200000014e-01 3.019601715510000089e-02 7.950760193849999713e-02 1.150469999999999970e+01 3.268789999999999907e+01 3.264130000000000109e+01 3.082809999999999917e+01 5.736673986823717097e-01 8.624251114734134971e-01
-4.127330000000000165e-01 -2.802490000000000259e-01 -1.300530000000000019e-01 5.574289999999999523e-01 4.744849999999999901e-01 -3.962330000000000019e-01 5.460665587834545587e-02 1.942742770651206818e-02 4.099920000000000231e-01 0.000000000000000000e+00 nan nan 3.855225497938818968e-02 1.013878956200000014e-01 3.019601715510000089e-02 7.950760193849999713e-02 1.150469999999999970e+01 3.268789999999999907e+01 3.264130000000000109e+01 3.082809999999999917e+01 6.510392404782503473e-01 9.111591270698697898e-01
-4.102770000000000028e-01 -1.468160000000000021e-01 -9.216290000000000593e-02 7.675950000000000273e-01 5.419669999999999765e-01 -3.959320000000000062e-01 4.450043031297157281e-02 1.474426431497544154e-02 5.963249999999999940e-01 0.000000000000000000e+00 nan nan 4.838741067069163293e-02 1.156599442179999937e-01 3.173370024310000204e-02 6.953433581140000541e-02 2.108770000000000167e+01 3.382630000000000337e+01 3.255619999999999692e+01 3.043319999999999936e+01 6.510392404782503473e-01 9.111591270698697898e-01
-4.116139999999999799e-01 -2.474339999999999873e-01 -5.553109999999999991e-01 7.871709999999999541e-01 5.469340000000000312e-01 -3.961540000000000061e-01 3.538192832903652718e-02 1.077576206356201105e-02 1.258839999999999959e+00 0.000000000000000000e+00 nan nan 5.993058231479986286e-02 1.156599442179999937e-01 3.173370024310000204e-02 6.953433581140000541e-02 2.108770000000000167e+01 3.382630000000000337e+01 3.255619999999999692e+01 3.043319999999999936e+01 5.963321576717464101e-01 8.498065175116384928e-01
-4.102480000000000016e-01 -1.799090000000000134e-01 -1.338459999999999983e+00 8.786669999999999758e-01 5.457359999999999989e-01 -3.958699999999999997e-01 2.751155006825078964e-02 7.350463539583018679e-03 1.610810000000000075e+00 0.000000000000000000e+00 nan nan 7.334887429688596860e-02 1.295532947459999973e-01 3.477292180140000022e-02 6.142288905349999745e-02 1.276409999999999911e+01 3.194539999999999935e+01 3.295510000000000161e+01 3.109219999999999828e+01 5.963321576717464101e-01 8.498065175116384928e-01
-4.050759999999999916e-01 1.382060000000000059e-02 -2.591789999999999927e-01 1.033099999999999907e+00 6.427040000000000530e-01 -3.954779999999999962e-01 2.091183606669388961e-02 4.290756615064728052e-03 1.590100000000000069e+00 0.000000000000000000e+00 nan nan 8.878814513943333875e-02 1.295532947459999973e-01 3.477292180140000022e-02 6.142288905349999745e-02 1.276409999999999911e+01 3.194539999999999935e+01 3.295510000000000161e+01 3.109219999999999828e+01 6.373583105964818474e-01 8.750319196998566085e-01
-4.076009999999999911e-01 -5.309660000000000074e-02 -2.282990000000000019e-01 9.376330000000000497e-01 6.120100000000000540e-01 -3.959929999999999839e-01 1.535631525892722227e-02 1.414886863128739236e-03 1.403769999999999962e+00 0.000000000000000000e+00 nan nan 1.063713548668935305e-01 1.178831645110000048e-01 2.623448100359999924e-02 5.419838001630000041e-02 1.286940000000000062e+01 3.093619999999999948e+01 3.491929999999999978e+01 3.346569999999999823e+01 6.373583105964818474e-01 8.750319196998566085e-01
-4.052640000000000131e-01 4.505359999999999920e-03 -4.980220000000000202e-01 1.041400000000000103e+00 7.293049999999999811e-01 -3.954130000000000145e-01 1.065310246570849717e-02 0.000000000000000000e+00 1.590100000000000069e+00 0.000000000000000000e+00 nan nan 1.261971718194784264e-01 1.178831645110000048e-01 2.623448100359999924e-02 5.419838001630000041e-02 1.286940000000000062e+01 3.093619999999999948e+01 3.491929999999999978e+01 3.346569999999999823e+01 6.466526918213881814e-01 8.803787149619910490e-01
-4.003120000000000012e-01 1.153499999999999942e-01 -9.855329999999999924e-01 1.154220000000000024e+00 7.384549999999999725e-01 -3.942789999999999906e-01 6.600284808620515697e-03 0.000000000000000000e+00 1.631510000000000016e+00 0.000000000000000000e+00 nan nan 1.483388547014382608e-01 1.048927930280000032e-01 2.705875565920000045e-02 4.834495296789999980e-02 1.591879999999999917e+01 3.075209999999999866e+01 3.404840000000000089e+01 3.155339999999999989e+01 6.466526918213881814e-01 8.803787149619910490e-01
-4.061170000000000058e-01 -2.191790000000000058e-02 -5.488119999999999665e-01 1.012240000000000029e+00 8.014609999999999790e-01 -3.956379999999999897e-01 2.975162349247106874e-03 0.000000000000000000e+00 1.403769999999999962e+00 0.000000000000000000e+00 nan nan 1.728434225306705319e-01 1.048927930280000032e-01 2.705875565920000045e-02 4.834495296789999980e-02 1.591879999999999917e+01 3.075209999999999866e+01 3.404840000000000089e+01 3.155339999999999989e+01 4.902675184667598662e-01 8.376593529631302104e-01
-4.091670000000000029e-01 -1.247739999999999960e-01 -5.107800000000000118e-01 8.989770000000000261e-01 7.433929999999999705e-01 -3.961439999999999961e-01 6.213310144956851744e-04 0.000000000000000000e+00 1.486580000000000013e+00 0.000000000000000000e+00 nan nan 1.997311218944596289e-01 8.514568662099999963e-02 2.015644549480000158e-02 3.741119073060000105e-02 1.021470000000000056e+01 2.331520000000000081e+01 2.519859999999999900e+01 2.655949999999999989e+01 4.902675184667598662e-01 8.376593529631302104e-01
-4.100520000000000276e-01 -1.699920000000000042e-01 -1.108950000000000102e+00 8.804710000000000036e-01 6.322109999999999674e-01 -3.964079999999999826e-01 0.000000000000000000e+00 0.000000000000000000e+00 1.714329999999999909e+00 0.000000000000000000e+00 nan nan 2.289951975475514878e-01 8.514568662099999963e-02 2.015644549480000158e-02 3.741119073060000105e-02 1.021470000000000056e+01 2.331520000000000081e+01 2.519859999999999900e+01 2.655949999999999989e+01 4.913766331714025659e-01 8.060421536467029524e-01
-4.093660000000000077e-01 -1.392750000000000099e-01 -1.472110000000000030e+00 9.184830000000000494e-01 6.188630000000000519e-01 -3.967140000000000111e-01 0.000000000000000000e+00 0.000000000000000000e+00 1.631510000000000016e+00 0.000000000000000000e+00 nan nan 2.606019689517833360e-01 6.636299310000000340e-02 2.026428083910000039e-02 3.541401829130000345e-02 1.194510000000000005e+01 1.723570000000000135e+01 2.037419999999999831e+01 2.050870000000000104e+01 4.913766331714025659e-01 8.060421536467029524e-01
-4.068519999999999914e-01 -4.597029999999999866e-02 -1.407599999999999962e+00 1.008250000000000091e+00 6.262649999999999606e-01 -3.965659999999999741e-01 0.000000000000000000e+00 0.000000000000000000e+00 1.610810000000000075e+00 0.000000000000000000e+00 nan nan 2.944912118900377962e-01 6.636299310000000340e-02 2.026428083910000039e-02 3.541401829130000345e-02 1.194510000000000005e+01 1.723570000000000135e+01 2.037419999999999831e+01 2.050870000000000104e+01 6.468578780417471030e-01 8.265846903298043058e-01
-4.095619999999999816e-01 -1.477110000000000090e-01 -1.293330000000000091e+00 9.108199999999999630e-01 6.182250000000000245e-01 -3.965920000000000001e-01 0.000000000000000000e+00 0.000000000000000000e+00 1.652209999999999956e+00 0.000000000000000000e+00 nan nan 3.305768408306877237e-01 6.863776898630000178e-02 1.908759263800000050e-02 3.132503514240000259e-02 7.687780000000000058e+00 1.628979999999999961e+01 1.938639999999999830e+01 2.503689999999999927e+01 6.468578780417471030e-01 8.265846903298043058e-01
-4.081270000000000175e-01 -8.897420000000000329e-02 -8.549419999999999797e-01 9.639600000000000390e-01 6.229630000000000445e-01 -3.962649999999999784e-01 0.000000000000000000e+00 0.000000000000000000e+00 1.527989999999999959e+00 0.000000000000000000e+00 nan nan 3.648528481661914569e-01 6.863776898630000178e-02 1.908759263800000050e-02 3.132503514240000259e-02 7.687780000000000058e+00 1.628979999999999961e+01 1.938639999999999830e+01 2.503689999999999927e+01 6.570783700450300024e-01 8.771690663733329174e-01
-4.083309999999999995e-01 -8.242810000000000414e-02 -2.989789999999999948e-01 9.230599999999999916e-01 6.748899999999999899e-01 -3.963030000000000164e-01 0.000000000000000000e+00 0.000000000000000000e+00 1.279549999999999965e+00 0.000000000000000000e+00 nan nan 4.009527895905257155e-01 8.061298979259999553e-02 1.871715842639999974e-02 3.549910884049999743e-02 9.685180000000000788e+00 1.474920000000000009e+01 2.387480000000000047e+01 2.677570000000000050e+01 6.570783700450300024e-01 8.771690663733329174e-01
-4.055699999999999861e-01 1.628900000000000139e-02 -4.230500000000000232e-02 9.800699999999999967e-01 6.397540000000000449e-01 -3.960929999999999729e-01 0.000000000000000000e+00 0.000000000000000000e+00 1.383070000000000022e+00 0.000000000000000000e+00 nan nan 4.384676383425479829e-01 8.061298979259999553e-02 1.871715842639999974e-02 3.549910884049999743e-02 9.685180000000000788e+00 1.474920000000000009e+01 2.387480000000000047e+01 2.677570000000000050e+01 5.422295423792728997e-01 8.360879215855742119e-01
-3.977260000000000240e-01 1.666749999999999898e-01 -3.827439999999999731e-01 1.191990000000000105e+00 6.725149999999999739e-01 -3.949289999999999745e-01 0.000000000000000000e+00 0.000000000000000000e+00 1.527989999999999959e+00 0.000000000000000000e+00 nan nan 4.769723361957249885e-01 8.282473752629999908e-02 1.866554270140000082e-02 3.967724548889999675e-02 8.130710000000000548e+00 1.551479999999999926e+01 2.039620000000000033e+01 2.514170000000000016e+01 5.422295423792728997e-01 8.360879215855742119e-01
-4.082080000000000153e-01 -9.268310000000000437e-02 -9.422709999999999697e-01 9.581640000000000157e-01 6.029660000000000020e-01 -3.956819999999999782e-01 0.000000000000000000e+00 7.572635845546349387e-04 1.590100000000000069e+00 0.000000000000000000e+00 nan nan 5.160306095376835378e-01 8.282473752629999908e-02 1.866554270140000082e-02 3.967724548889999675e-02 8.130710000000000548e+00 1.551479999999999926e+01 2.039620000000000033e+01 2.514170000000000016e+01 4.749395532485969351e-01 8.191714628061835812e-01
-3.985170000000000101e-01 1.485299999999999954e-01 -8.702750000000000208e-01 1.188800000000000079e+00 6.215699999999999559e-01 -3.955190000000000095e-01 0.000000000000000000e+00 1.539194953734779325e-03 1.693619999999999903e+00 0.000000000000000000e+00 nan nan 5.551999125245652422e-01 1.016079859749999953e-01 2.140654439409999873e-02 5.821659581770000091e-02 1.291569999999999929e+01 2.154830000000000112e+01 2.421450000000000102e+01 2.519569999999999865e+01 4.749395532485969351e-01 8.191714628061835812e-01
-3.999050000000000105e-01 1.236339999999999939e-01 -7.602970000000000006e-01 1.164949999999999930e+00 4.540000000000000147e-01 -3.960279999999999911e-01 0.000000000000000000e+00 2.394850180934882111e-03 1.631510000000000016e+00 0.000000000000000000e+00 nan nan 5.940364413022691803e-01 1.016079859749999953e-01 2.140654439409999873e-02 5.821659581770000091e-02 1.291569999999999929e+01 2.154830000000000112e+01 2.421450000000000102e+01 2.519569999999999865e+01 4.357268028659524450e-01 8.246989726767369744e-01
-4.043459999999999832e-01 2.721990000000000173e-02 -6.374710000000000099e-01 1.071730000000000071e+00 3.213799999999999990e-01 -3.963539999999999841e-01 0.000000000000000000e+00 3.372450018779615810e-03 1.610810000000000075e+00 0.000000000000000000e+00 nan nan 6.321001624814546194e-01 1.117171629259999938e-01 2.753657723449999886e-02 6.875936024690000592e-02 1.730679999999999907e+01 2.520289999999999964e+01 2.421069999999999922e+01 2.495680000000000121e+01 4.357268028659524450e-01 8.246989726767369744e-01
-4.103269999999999973e-01 -1.805259999999999920e-01 -5.973180000000000156e-01 8.673760000000000359e-01 4.197509999999999852e-01 -3.966500000000000026e-01 0.000000000000000000e+00 4.518833538728173060e-03 1.196730000000000071e+00 0.000000000000000000e+00 nan nan 6.689597988916701210e-01 1.117171629259999938e-01 2.753657723449999886e-02 6.875936024690000592e-02 1.730679999999999907e+01 2.520289999999999964e+01 2.421069999999999922e+01 2.495680000000000121e+01 4.753721079834076768e-01 8.622876112278772265e-01
-4.133220000000000227e-01 -3.715319999999999734e-01 -4.270749999999999824e-01 6.441689999999999916e-01 3.618060000000000165e-01 -3.970270000000000188e-01 0.000000000000000000e+00 5.878927425679303376e-03 1.072510000000000074e+00 0.000000000000000000e+00 nan nan 7.041977161240243754e-01 1.215112120270000068e-01 3.597369953770000045e-02 8.206113528010000602e-02 1.093229999999999968e+01 3.024220000000000041e+01 3.055559999999999832e+01 2.891349999999999909e+01 4.753721079834076768e-01 8.622876112278772265e-01
-4.136790000000000189e-01 -4.012029999999999763e-01 -3.586509999999999976e-01 5.744240000000000457e-01 4.527399999999999758e-01 -3.971830000000000083e-01 0.000000000000000000e+00 7.495236940678884352e-03 8.654739999999999656e-01 0.000000000000000000e+00 nan nan 7.374146544959176985e-01 1.215112120270000068e-01 3.597369953770000045e-02 8.206113528010000602e-02 1.093229999999999968e+01 3.024220000000000041e+01 3.055559999999999832e+01 2.891349999999999909e+01 5.090614671369313449e-01 8.562611718949499906e-01
-4.140119999999999911e-01 -4.062500000000000000e-01 -1.800049999999999983e-01 4.131090000000000040e-01 2.883839999999999737e-01 -3.970429999999999793e-01 0.000000000000000000e+00 9.407364319328870295e-03 5.756219999999999670e-01 0.000000000000000000e+00 nan nan 7.682342528227812384e-01 1.006090427319999980e-01 4.593841994689999708e-02 8.750537695179999576e-02 2.039110000000000156e+01 3.717040000000000077e+01 3.545239999999999725e+01 3.241790000000000305e+01 5.090614671369313449e-01 8.562611718949499906e-01
-4.147429999999999728e-01 -5.492590000000000527e-01 -8.864929999999999755e-01 4.813419999999999921e-01 3.955099999999999727e-01 -3.972510000000000208e-01 0.000000000000000000e+00 1.165156006263290411e-02 1.093210000000000015e+00 0.000000000000000000e+00 nan nan 7.963073127406851137e-01 1.006090427319999980e-01 4.593841994689999708e-02 8.750537695179999576e-02 2.039110000000000156e+01 3.717040000000000077e+01 3.545239999999999725e+01 3.241790000000000305e+01 5.335507198154433306e-01 8.568229586124261887e-01
-4.152589999999999892e-01 -6.535440000000000138e-01 -1.185650000000000093e+00 4.091679999999999762e-01 2.355480000000000074e-01 -3.973909999999999942e-01 0.000000000000000000e+00 1.426031220433565672e-02 1.051809999999999912e+00 0.000000000000000000e+00 nan nan 8.213157552633336689e-01 8.439143845530000521e-02 5.531497637189999872e-02 7.075871984779999457e-02 1.304749999999999943e+01 3.227069999999999794e+01 3.119460000000000122e+01 3.000880000000000081e+01 5.335507198154433306e-01 8.568229586124261887e-01
-4.154860000000000220e-01 -6.871159999999999490e-01 -6.758889999999999620e-01 2.679969999999999852e-01 1.694789999999999908e-01 -3.972820000000000240e-01 0.000000000000000000e+00 1.726197820851826936e-02 6.998440000000000216e-01 0.000000000000000000e+00 nan nan 8.429762247440791834e-01 8.439143845530000521e-02 5.531497637189999872e-02 7.075871984779999457e-02 1.304749999999999943e+01 3.227069999999999794e+01 3.119460000000000122e+01 3.000880000000000081e+01 4.594840398394001157e-01 8.099118034139347611e-01
-4.156619999999999759e-01 -7.483279999999999932e-01 -7.404560000000000031e-01 2.410029999999999950e-01 4.203090000000000298e-02 -3.969710000000000183e-01 0.000000000000000000e+00 2.068046366819953352e-02 8.654739999999999656e-01 0.000000000000000000e+00 nan nan 8.610432994086196778e-01 9.600343671130000256e-02 7.825669487630000642e-02 6.906034636850000297e-02 1.799259999999999948e+01 2.948329999999999984e+01 2.940109999999999957e+01 3.031080000000000041e+01 4.594840398394001157e-01 8.099118034139347611e-01
-4.158669999999999867e-01 -8.251030000000000308e-01 -1.292689999999999895e+00 2.429040000000000088e-01 -3.670079999999999870e-02 -3.967780000000000196e-01 0.000000000000000000e+00 2.453495144541506523e-02 9.275849999999999929e-01 0.000000000000000000e+00 nan nan 8.753122720817697600e-01 9.600343671130000256e-02 7.825669487630000642e-02 6.906034636850000297e-02 1.799259999999999948e+01 2.948329999999999984e+01 2.940109999999999957e+01 3.031080000000000041e+01 4.549422151238881051e-01 8.087018012532166678e-01
-4.155479999999999730e-01 -6.812319999999999487e-01 -4.150969999999999938e-01 1.345850000000000102e-01 -5.522740000000000288e-02 -3.968559999999999865e-01 0.000000000000000000e+00 2.883968432172523411e-02 2.443619999999999959e-01 0.000000000000000000e+00 nan nan 8.856214696015503041e-01 9.357143770299999885e-02 9.182537613129999887e-02 8.693692911540000512e-02 1.730290000000000106e+01 3.519360000000000355e+01 3.320309999999999917e+01 3.241839999999999833e+01 4.549422151238881051e-01 8.087018012532166678e-01
-4.149680000000000035e-01 -4.966559999999999864e-01 -1.903819999999999957e-01 -1.372549999999999881e-01 -1.227379999999999999e-01 -3.965980000000000061e-01 0.000000000000000000e+00 3.360380362180848124e-02 -6.044899999999999718e-01 0.000000000000000000e+00 nan nan 8.918540846407156941e-01 9.357143770299999885e-02 9.182537613129999887e-02 8.693692911540000512e-02 1.730290000000000106e+01 3.519360000000000355e+01 3.320309999999999917e+01 3.241839999999999833e+01 5.438044852598655776e-01 7.902885540867038427e-01
-4.151179999999999870e-01 -5.540800000000000169e-01 -1.894230000000000080e-01 -1.218349999999999989e-01 -1.417640000000000011e-01 -3.968929999999999958e-01 0.000000000000000000e+00 3.883124563860052003e-02 -3.353419999999999734e-01 0.000000000000000000e+00 nan nan 8.939394991804456847e-01 7.952747447069999365e-02 7.553250378230000339e-02 9.148142832090000454e-02 1.338049999999999962e+01 2.835099999999999909e+01 3.193179999999999907e+01 3.351080000000000325e+01 5.438044852598655776e-01 7.902885540867038427e-01
-4.159700000000000064e-01 -8.649750000000000494e-01 -5.732660000000000533e-01 1.564240000000000075e-02 -1.082769999999999982e-01 -3.973300000000000165e-01 0.000000000000000000e+00 4.452069703352279362e-02 7.873239999999999406e-02 0.000000000000000000e+00 nan nan 8.918540846407156941e-01 7.952747447069999365e-02 7.553250378230000339e-02 9.148142832090000454e-02 1.338049999999999962e+01 2.835099999999999909e+01 3.193179999999999907e+01 3.351080000000000325e+01 5.716321731993523336e-01 7.858139032391129319e-01
-4.157859999999999889e-01 -7.399769999999999959e-01 -3.336279999999999801e-01 -4.819160000000000110e-01 -3.157940000000000191e-01 -3.973900000000000210e-01 0.000000000000000000e+00 5.066560971713229833e-02 -2.111200000000000021e-01 0.000000000000000000e+00 nan nan 8.856214696015503041e-01 7.929943857089999382e-02 6.719679106879999919e-02 1.047646341089999988e-01 1.434800000000000075e+01 3.165990000000000038e+01 3.321569999999999823e+01 3.487250000000000227e+01 5.716321731993523336e-01 7.858139032391129319e-01
-4.163450000000000206e-01 -1.055390000000000050e+00 -7.749549999999999494e-01 -6.181389999999999940e-01 -4.341249999999999831e-01 -3.973800000000000110e-01 0.000000000000000000e+00 5.725427504159263936e-02 -3.353419999999999734e-01 0.000000000000000000e+00 nan nan 8.753122720817697600e-01 7.929943857089999382e-02 6.719679106879999919e-02 1.047646341089999988e-01 1.434800000000000075e+01 3.165990000000000038e+01 3.321569999999999823e+01 3.487250000000000227e+01 4.472837780883298642e-01 7.755720992358915433e-01
-4.164570000000000216e-01 -1.200890000000000013e+00 -1.284450000000000092e+00 -6.344570000000000487e-01 -6.017270000000000119e-01 -3.974739999999999940e-01 0.000000000000000000e+00 6.426995646433153464e-02 -1.283050000000000024e-01 0.000000000000000000e+00 nan nan 8.610432994086196778e-01 6.416788398459999376e-02 6.179840969929999844e-02 1.053011722350000040e-01 1.672200000000000131e+01 3.057349999999999923e+01 3.421459999999999724e+01 3.680810000000000315e+01 4.472837780883298642e-01 7.755720992358915433e-01
-4.164419999999999789e-01 -1.192080000000000028e+00 -8.651079999999999881e-01 -6.004540000000000433e-01 -5.926960000000000006e-01 -3.974860000000000060e-01 0.000000000000000000e+00 7.169107917975681143e-02 -4.548989999999999978e-02 0.000000000000000000e+00 nan nan 8.429762247440791834e-01 6.416788398459999376e-02 6.179840969929999844e-02 1.053011722350000040e-01 1.672200000000000131e+01 3.057349999999999923e+01 3.421459999999999724e+01 3.680810000000000315e+01 4.723885894279186148e-01 7.675577992103557179e-01
-4.163470000000000226e-01 -1.074850000000000083e+00 -7.616279999999999717e-01 -7.921350000000000335e-01 -6.028820000000000290e-01 -3.974289999999999767e-01 0.000000000000000000e+00 7.949147457042360365e-02 -2.318230000000000013e-01 0.000000000000000000e+00 nan nan 8.213157552633338909e-01 7.327549590800000456e-02 5.613589632990000078e-02 1.385709683230000044e-01 1.615540000000000020e+01 3.564739999999999753e+01 4.082390000000000185e+01 4.004019999999999868e+01 4.723885894279186148e-01 7.675577992103557179e-01
-4.163479999999999959e-01 -1.092470000000000052e+00 -1.020119999999999916e+00 -8.652849999999999708e-01 -6.713609999999999856e-01 -3.973599999999999910e-01 0.000000000000000000e+00 8.764067670792685671e-02 -3.353419999999999734e-01 0.000000000000000000e+00 nan nan 7.963073127406851137e-01 7.327549590800000456e-02 5.613589632990000078e-02 1.385709683230000044e-01 1.615540000000000020e+01 3.564739999999999753e+01 4.082390000000000185e+01 4.004019999999999868e+01 3.465484350391517809e-01 7.635388634622561899e-01
-4.163459999999999939e-01 -1.094740000000000046e+00 -9.541220000000000256e-01 -5.967400000000000482e-01 -4.141489999999999894e-01 -3.959019999999999762e-01 0.000000000000000000e+00 9.610426754404421956e-02 -3.146379999999999733e-01 0.000000000000000000e+00 nan nan 7.682342528227812384e-01 1.090032813490000030e-01 5.005660182379999962e-02 1.896302183630000082e-01 1.445839999999999925e+01 3.341080000000000183e+01 3.990270000000000294e+01 -1.000000000000000000e+00 3.465484350391517809e-01 7.635388634622561899e-01
-4.156619999999999759e-01 -7.188440000000000385e-01 -3.148400000000000087e-01 -3.020260000000000167e-01 -2.243269999999999986e-01 -3.951200000000000268e-01 0.000000000000000000e+00 1.048442668809741463e-01 -4.802679999999999727e-01 0.000000000000000000e+00 nan nan 7.374146544959176985e-01 1.090032813490000030e-01 5.005660182379999962e-02 1.896302183630000082e-01 1.445839999999999925e+01 3.341080000000000183e+01 3.990270000000000294e+01 -1.000000000000000000e+00 3.921940507087242622e-01 7.906106975191027342e-01
-4.160059999999999869e-01 -8.788160000000000416e-01 -4.004449999999999954e-01 -3.758279999999999954e-01 -2.976489999999999969e-01 -3.896999999999999909e-01 0.000000000000000000e+00 1.138195627021539869e-01 -5.837860000000000271e-01 0.000000000000000000e+00 nan nan 7.041977161240244865e-01 1.951636883450000026e-01 5.742119758039999911e-02 2.033544177980000089e-01 1.155540000000000056e+01 2.862140000000000128e+01 -1.000000000000000000e+00 -1.000000000000000000e+00 3.921940507087242622e-01 7.906106975191027342e-01
-4.068169999999999842e-01 4.438969999999999722e-02 4.167440000000000033e-01 -8.131589999999999652e-01 -5.532030000000000003e-01 -3.651190000000000269e-01 0.000000000000000000e+00 1.229863769878348778e-01 -7.494159999999999711e-01 0.000000000000000000e+00 nan nan 6.689597988916701210e-01 1.951636883450000026e-01 5.742119758039999911e-02 2.033544177980000089e-01 1.155540000000000056e+01 2.862140000000000128e+01 -1.000000000000000000e+00 -1.000000000000000000e+00 5.413367050420354598e-01 8.013003594649277250e-01
-4.117339999999999889e-01 -1.699499999999999900e-01 2.100430000000000075e-01 -1.024350000000000094e+00 -7.662099999999999467e-01 -3.262180000000000080e-01 0.000000000000000000e+00 1.322987617375378511e-01 -8.736380000000000257e-01 0.000000000000000000e+00 nan nan 6.321001624814547304e-01 2.422698061859999974e-01 5.960168792000000021e-02 1.730411688619999944e-01 8.396869999999999834e+00 -1.000000000000000000e+00 -1.000000000000000000e+00 -1.000000000000000000e+00 5.413367050420354598e-01 8.013003594649277250e-01
-4.045610000000000039e-01 1.036210000000000048e-01 4.908779999999999810e-01 -1.109439999999999982e+00 -7.802489999999999704e-01 -3.011679999999999913e-01 0.000000000000000000e+00 1.417091195792600233e-01 -8.736380000000000257e-01 0.000000000000000000e+00 nan nan 5.940364413022694023e-01 2.422698061859999974e-01 5.960168792000000021e-02 1.730411688619999944e-01 8.396869999999999834e+00 -1.000000000000000000e+00 -1.000000000000000000e+00 -1.000000000000000000e+00 0.000000000000000000e+00 0.000000000000000000e+00
