-4.108649999999999802e-01 -4.978400000000000047e-01 -4.539309999999999734e-01 -8.602769999999999584e-01 -9.426449999999999552e-01 -4.302869999999999751e-01 4.073590985211150706e-02 2.084935363011525267e-01 -6.689760000000000151e-01 1.065917541232097587e-02 nan nan 3.288942071606598683e-01 6.376329296570000527e-02 4.398933044129999664e-02 4.859869779639999776e-02 -1.000000000000000000e+00 -1.000000000000000000e+00 -1.000000000000000000e+00 -1.000000000000000000e+00 0.000000000000000000e+00 0.000000000000000000e+00
-4.100449999999999928e-01 -2.913250000000000006e-01 -2.975599999999999912e-01 -8.186400000000000343e-01 -8.378889999999999949e-01 -4.291659999999999919e-01 5.064482542785575525e-02 2.163465268354199944e-01 -1.087210000000000010e+00 1.501034870808648503e-02 nan nan 3.445261985886142186e-01 6.529910063100000106e-02 5.302639043560000015e-02 5.651327387189999940e-02 6.295060000000000322e+00 -1.000000000000000000e+00 -1.000000000000000000e+00 -1.000000000000000000e+00 0.000000000000000000e+00 0.000000000000000000e+00
-4.107620000000000160e-01 -4.417130000000000223e-01 -4.883170000000000011e-01 -8.614020000000000010e-01 -8.964550000000000018e-01 -4.327550000000000008e-01 6.219579684543119491e-02 2.263656080314403463e-01 -1.087210000000000010e+00 2.011275683624569321e-02 nan nan 3.582697438698737580e-01 6.529910063100000106e-02 5.302639043560000015e-02 5.651327387189999940e-02 6.295060000000000322e+00 -1.000000000000000000e+00 -1.000000000000000000e+00 -1.000000000000000000e+00 0.000000000000000000e+00 0.000000000000000000e+00
-4.100779999999999981e-01 -3.126149999999999762e-01 -2.596970000000000112e-01 -7.970030000000000170e-01 -8.183359999999999523e-01 -4.347710000000000186e-01 7.551729893125225246e-02 2.386759029050383729e-01 -1.087210000000000010e+00 2.616636279191231207e-02 nan nan 3.699691231447591599e-01 5.902506283230000289e-02 6.569824440169999558e-02 8.164816070090000211e-02 5.023089999999999833e+00 1.283060000000000045e+01 -1.000000000000000000e+00 -1.000000000000000000e+00 0.000000000000000000e+00 0.000000000000000000e+00
-4.116920000000000024e-01 -1.008699999999999930e+00 -1.111939999999999928e+00 -9.769849999999999923e-01 -9.334040000000000115e-01 -4.352889999999999815e-01 9.071825288115498154e-02 2.533765741055498122e-01 -1.113289999999999974e-01 3.336035211873478179e-02 nan nan 3.794917777712519813e-01 5.902506283230000289e-02 6.569824440169999558e-02 8.164816070090000211e-02 5.023089999999999833e+00 1.283060000000000045e+01 -1.000000000000000000e+00 -1.000000000000000000e+00 8.216719185653241775e-01 8.695667082721822982e-01
-4.117939999999999934e-01 -1.290999999999999925e+00 -1.310279999999999889e+00 -8.435660000000000380e-01 -9.388480000000000159e-01 -4.344740000000000268e-01 1.078790202753435734e-01 2.705397003633802644e-01 4.463179999999999925e-01 4.187098936109268088e-02 nan nan 3.867298122673736849e-01 4.034249811820000281e-02 6.425281163939999818e-02 1.010497443630000020e-01 6.588140000000000107e+00 1.377139999999999986e+01 1.643469999999999942e+01 -1.000000000000000000e+00 8.216719185653241775e-01 8.695667082721822982e-01
-4.118589999999999751e-01 -1.762170000000000014e+00 -1.891809999999999992e+00 -9.249739999999999629e-01 -9.859970000000000123e-01 -4.327889999999999793e-01 1.270597425444105477e-01 2.902094598091888855e-01 3.069060000000000121e-01 5.185962091637597027e-02 nan nan 3.916012168101118407e-01 4.034249811820000281e-02 6.425281163939999818e-02 1.010497443630000020e-01 6.588140000000000107e+00 1.377139999999999986e+01 1.643469999999999942e+01 -1.000000000000000000e+00 6.536111615220057125e-01 8.149183206002167390e-01
-4.116449999999999831e-01 -9.501659999999999551e-01 -1.002539999999999987e+00 -1.068219999999999947e+00 -9.935580000000000522e-01 -4.320390000000000064e-01 1.483159554522053281e-01 3.124016294180149700e-01 -2.507409999999999917e-01 6.347084691583360083e-02 nan nan 3.940507964394823759e-01 3.237175813280000064e-02 6.424944359970000130e-02 1.428054040960000104e-01 7.422970000000000290e+00 1.288509999999999955e+01 1.751010000000000133e+01 2.739560000000000173e+01 6.536111615220057125e-01 8.149183206002167390e-01
-4.096480000000000121e-01 -2.309529999999999916e-01 -2.263940000000000119e-01 -9.407799999999999496e-01 -9.227750000000000119e-01 -4.295869999999999966e-01 1.716707774999731706e-01 3.371034062498473594e-01 -1.087210000000000010e+00 7.683088284730543727e-02 nan nan 3.940507964394823759e-01 3.237175813280000064e-02 6.424944359970000130e-02 1.428054040960000104e-01 7.422970000000000290e+00 1.288509999999999955e+01 1.751010000000000133e+01 2.739560000000000173e+01 6.062450849377746254e-01 7.883433689494836472e-01
-4.104590000000000183e-01 -3.765359999999999818e-01 -3.758179999999999854e-01 -1.026650000000000063e+00 -9.087159999999999682e-01 -4.298120000000000274e-01 1.971095388422012817e-01 3.642735525120496254e-01 -1.087210000000000010e+00 9.204612948331281075e-02 nan nan 3.916012168101118407e-01 4.360073963189999707e-02 6.848419970630000020e-02 1.647603175110000095e-01 7.428390000000000271e+00 1.505990000000000073e+01 2.414979999999999905e+01 3.797229999999999706e+01 6.062450849377746254e-01 7.883433689494836472e-01
-4.114050000000000207e-01 -7.198489999999999611e-01 -7.763750000000000373e-01 -7.753349999999999964e-01 -8.769000000000000128e-01 -4.335849999999999982e-01 2.245832210599162382e-01 3.938428628000290033e-01 -1.087210000000000010e+00 1.092019673177904160e-01 nan nan 3.867298122673736849e-01 4.360073963189999707e-02 6.848419970630000020e-02 1.647603175110000095e-01 7.428390000000000271e+00 1.505990000000000073e+01 2.414979999999999905e+01 3.797229999999999706e+01 5.598743943818432767e-01 8.406634479542430816e-01
-4.112669999999999937e-01 -6.324429999999999774e-01 -6.984000000000000208e-01 -8.893050000000000122e-01 -8.803609999999999491e-01 -4.343509999999999871e-01 2.540228420479020421e-01 4.257149482221236347e-01 -1.087210000000000010e+00 1.283617891709727399e-01 nan nan 3.794917777712519813e-01 6.909793678999999467e-02 5.851864464929999732e-02 1.733601344790000054e-01 1.090900000000000070e+01 2.922490000000000165e+01 3.997959999999999781e+01 5.302680000000000149e+01 5.598743943818432767e-01 8.406634479542430816e-01
-4.111230000000000162e-01 -5.758860000000000090e-01 -5.929480000000000306e-01 -8.951390000000000180e-01 -8.427580000000000071e-01 -4.327019999999999755e-01 2.853387550927299898e-01 4.597673285242593888e-01 -1.087210000000000010e+00 1.495662819234114815e-01 nan nan 3.699691231447592710e-01 6.909793678999999467e-02 5.851864464929999732e-02 1.733601344790000054e-01 1.090900000000000070e+01 2.922490000000000165e+01 3.997959999999999781e+01 5.302680000000000149e+01 6.525827792717733278e-01 8.439793161150507261e-01
-4.116859999999999964e-01 -1.073479999999999990e+00 -9.628520000000000412e-01 -8.524779999999999580e-01 -8.246850000000000014e-01 -4.321470000000000034e-01 3.184128659564360309e-01 4.958528198401699338e-01 -9.477989999999999471e-01 1.728329655173608259e-01 nan nan 3.582697438698737580e-01 1.226365438950000053e-01 4.885470063030000060e-02 1.841137082890000054e-01 2.221809999999999974e+01 4.658489999999999753e+01 5.753119999999999834e+01 6.968940000000000623e+01 6.525827792717733278e-01 8.439793161150507261e-01
-4.114110000000000267e-01 -7.121610000000000440e-01 -8.069929999999999604e-01 -7.977880000000000527e-01 -7.743539999999999868e-01 -4.319870000000000099e-01 3.531216184879713005e-01 5.319154392541456389e-01 -9.477989999999999471e-01 1.981559944488304748e-01 nan nan 3.445261985886143297e-01 1.226365438950000053e-01 4.885470063030000060e-02 1.841137082890000054e-01 2.221809999999999974e+01 4.658489999999999753e+01 5.753119999999999834e+01 6.968940000000000623e+01 7.918378345679418784e-01 8.466642434882796220e-01
-4.102910000000000168e-01 -3.263349999999999862e-01 -3.793429999999999858e-01 -5.732679999999999998e-01 -6.571709999999999496e-01 -4.309370000000000145e-01 3.893229898899548402e-01 5.677024310964398079e-01 -1.087210000000000010e+00 2.255062239994823914e-01 nan nan 3.288942071606598683e-01 2.054134962330000092e-01 6.168086935099999918e-02 1.835444767770000041e-01 1.916310000000000002e+01 6.696179999999999666e+01 8.592480000000000473e+01 8.315829999999999700e+01 7.918378345679418784e-01 8.466642434882796220e-01
-4.081299999999999928e-01 -8.962849999999999984e-02 8.148439999999999850e-03 -5.661239999999999606e-01 -6.897539999999999782e-01 -4.290260000000000185e-01 4.268537655347679483e-01 6.047057022242259272e-01 -9.477989999999999471e-01 2.548315404579348797e-01 nan nan 3.115508862951160696e-01 2.054134962330000092e-01 6.168086935099999918e-02 1.835444767770000041e-01 1.916310000000000002e+01 6.696179999999999666e+01 8.592480000000000473e+01 8.315829999999999700e+01 1.140569404803150055e-01 5.360836408026663502e-01
-4.112640000000000184e-01 -7.341750000000000220e-01 -5.540540000000000465e-01 -7.553490000000000482e-01 -6.382100000000000550e-01 -3.784640000000000226e-01 4.655235699216118128e-01 6.424561869333260677e-01 -3.901519999999999988e-01 2.860574515889364733e-01 nan nan 2.926927427474287358e-01 2.996465655930000138e-01 9.789993507369999792e-02 2.113073478570000052e-01 3.494740000000000180e+01 8.803050000000000352e+01 1.029120000000000061e+02 1.017710000000000008e+02 1.140569404803150055e-01 5.360836408026663502e-01
-4.091009999999999924e-01 -2.711149999999999949e-01 8.457040000000000737e-03 -7.909899999999999709e-01 -6.796820000000000084e-01 -2.017239999999999867e-01 5.051020923789576456e-01 6.804763532911155544e-01 -2.507409999999999917e-01 3.190879306601561716e-01 nan nan 2.725334468193251203e-01 2.996465655930000138e-01 9.789993507369999792e-02 2.113073478570000052e-01 3.494740000000000180e+01 8.803050000000000352e+01 1.029120000000000061e+02 1.017710000000000008e+02 1.493299017262522677e-01 5.832807549343683728e-01
-3.998309999999999920e-01 2.075249999999999873e-01 5.114100000000000312e-01 -7.186129999999999463e-01 -5.382580000000000142e-01 5.729990000000000083e-02 5.440641529210873406e-01 7.182856137641300265e-01 -3.901519999999999988e-01 3.538065044634318701e-01 nan nan 2.513014113889163736e-01 3.321269310709999978e-01 1.120877664299999993e-01 2.715100867560000242e-01 2.662920000000000087e+01 7.893359999999999843e+01 1.033110000000000070e+02 9.955710000000000548e+01 1.493299017262522677e-01 5.832807549343683728e-01
-3.198679999999999857e-01 8.192639999999999922e-01 1.246180000000000065e+00 1.091189999999999938e-01 4.364629999999999899e-01 3.744669999999999943e-01 5.819578372888911666e-01 7.554057704668537543e-01 -3.901519999999999988e-01 3.900775730027585819e-01 nan nan 2.292372039015202478e-01 3.321269310709999978e-01 1.120877664299999993e-01 2.715100867560000242e-01 2.662920000000000087e+01 7.893359999999999843e+01 1.033110000000000070e+02 9.955710000000000548e+01 2.034162088440873983e-01 7.812727172973787937e-01
5.749039999999999706e-02 1.319299999999999917e+00 1.793430000000000080e+00 1.069679999999999964e+00 9.636810000000000098e-01 8.183759999999999923e-01 6.197305310619811713e-01 7.913664333348400248e-01 -5.295640000000000347e-01 4.277479458964267289e-01 nan nan 2.065908206443788364e-01 3.110683259650000032e-01 1.249344412079999994e-01 3.116516043550000004e-01 1.904380000000000095e+01 6.042549999999999955e+01 8.316009999999999991e+01 9.127549999999999386e+01 2.034162088440873983e-01 7.812727172973787937e-01
4.498889999999999834e-02 1.310799999999999965e+00 1.795029999999999903e+00 8.779839999999999867e-01 9.862349999999999728e-01 1.052980000000000027e+00 6.571660282256591712e-01 8.257103498320998991e-01 -5.295640000000000347e-01 4.666485780852582810e-01 nan nan 1.836188541888308379e-01 3.110683259650000032e-01 1.249344412079999994e-01 3.116516043550000004e-01 1.904380000000000095e+01 6.042549999999999955e+01 8.316009999999999991e+01 9.127549999999999386e+01 2.108898531118187369e-01 7.790815696709505467e-01
4.853949999999999931e-02 1.313509999999999955e+00 1.800440000000000040e+00 9.473859999999999504e-01 9.271979999999999666e-01 9.393690000000000095e-01 6.938401696385946282e-01 8.579985858050441783e-01 -5.295640000000000347e-01 5.065964851806741276e-01 nan nan 1.605815860939500128e-01 3.416028005139999935e-01 1.028333956289999990e-01 3.178880643929999916e-01 2.200130000000000052e+01 5.443220000000000169e+01 7.756709999999999638e+01 9.169750000000000512e+01 2.108898531118187369e-01 7.790815696709505467e-01
7.604379999999999473e-02 1.331269999999999953e+00 1.813479999999999981e+00 7.744459999999999678e-01 6.600989999999999913e-01 9.802429999999999755e-01 7.293374226243356517e-01 8.878154987818321908e-01 -5.295640000000000347e-01 5.473968167509339899e-01 nan nan 1.377400378124764568e-01 3.416028005139999935e-01 1.028333956289999990e-01 3.178880643929999916e-01 2.200130000000000052e+01 5.443220000000000169e+01 7.756709999999999638e+01 9.169750000000000512e+01 1.901737251084750779e-01 3.530902382487278723e-01
1.618060000000000054e-01 1.381459999999999910e+00 1.860069999999999890e+00 9.087809999999999500e-01 6.828389999999999738e-01 9.798289999999999500e-01 7.632555891225714095e-01 9.147734473676600864e-01 -5.295640000000000347e-01 5.888450640543860803e-01 nan nan 1.153530132134591435e-01 4.387510965309999733e-01 8.093496223479999807e-02 2.342962629270000097e-01 1.398649999999999949e+01 4.859579999999999700e+01 7.287430000000000518e+01 9.003300000000000125e+01 1.901737251084750779e-01 3.530902382487278723e-01
1.598660000000000081e-01 1.380270000000000108e+00 1.819379999999999997e+00 1.011810000000000098e+00 6.546750000000000069e-01 9.759229999999999849e-01 7.961421964313233346e-01 9.385171833766581262e-01 -5.295640000000000347e-01 6.273588927192292886e-01 nan nan 9.647119607117426998e-02 4.387510965309999733e-01 8.093496223479999807e-02 2.342962629270000097e-01 1.398649999999999949e+01 4.859579999999999700e+01 7.287430000000000518e+01 9.003300000000000125e+01 2.251662184679854573e-01 3.622594538247355667e-01
2.642419999999999769e-01 1.432660000000000045e+00 1.849369999999999958e+00 1.112149999999999972e+00 8.724939999999999918e-01 9.129749999999999810e-01 8.283029699777721966e-01 9.587278769357863162e-01 -5.295640000000000347e-01 6.659822033543542075e-01 nan nan 7.863429950815326031e-02 5.820889966719999808e-01 3.945074942460000123e-02 1.572893881190000065e-01 1.479560000000000031e+01 3.878920000000000101e+01 5.918469999999999942e+01 7.918569999999999709e+01 2.251662184679854573e-01 3.622594538247355667e-01
4.407860000000000111e-01 1.505600000000000049e+00 1.827460000000000084e+00 1.451799999999999979e+00 1.385129999999999972e+00 1.552049999999999930e+00 8.587570433248363777e-01 9.751267289546931005e-01 2.808290000000000092e-02 7.042773784171731943e-01 nan nan 6.225834008336472714e-02 5.820889966719999808e-01 3.945074942460000123e-02 1.572893881190000065e-01 1.479560000000000031e+01 3.878920000000000101e+01 5.918469999999999942e+01 7.918569999999999709e+01 3.322059624173032688e-01 3.800046634753864172e-01
1.175850000000000062e+00 1.698239999999999972e+00 1.834640000000000049e+00 1.998569999999999958e+00 1.804829999999999934e+00 2.767860000000000209e+00 8.867861122464151258e-01 9.874781300308134169e-01 4.463179999999999925e-01 7.418105182722491975e-01 nan nan 4.774278135424014913e-02 6.658056259750000372e-01 2.241057971230000015e-02 1.160123426359999932e-01 9.712759999999999394e+00 3.060389999999999944e+01 4.712980000000000302e+01 6.543739999999999668e+01 3.322059624173032688e-01 3.800046634753864172e-01
2.460220000000000073e+00 1.881320000000000103e+00 1.828359999999999985e+00 2.092249999999999943e+00 2.022959999999999869e+00 3.058829999999999938e+00 9.121640986632393311e-01 9.955923299980423691e-01 5.857299999999999729e-01 7.781563574475419687e-01 nan nan 3.546600779495090450e-02 6.658056259750000372e-01 2.241057971230000015e-02 1.160123426359999932e-01 9.712759999999999394e+00 3.060389999999999944e+01 4.712980000000000302e+01 6.543739999999999668e+01 3.631839154416819371e-01 3.919068127888954978e-01
3.047969999999999846e+00 1.938420000000000032e+00 1.767039999999999944e+00 2.330480000000000107e+00 2.099880000000000191e+00 3.301969999999999850e+00 9.347287739767186077e-01 1.000000000000000000e+00 5.857299999999999729e-01 8.129030830621351011e-01 nan nan 2.289289474499112131e-02 6.916190172349999665e-01 2.056451234409999856e-02 8.930665040900000184e-02 1.113829999999999920e+01 3.147279999999999944e+01 4.332229999999999848e+01 5.727259999999999707e+01 3.631839154416819371e-01 3.919068127888954978e-01
3.613710000000000200e+00 1.985319999999999974e+00 1.745430000000000037e+00 2.201509999999999856e+00 1.980509999999999993e+00 3.557049999999999823e+00 9.545061558716216865e-01 1.000000000000000000e+00 1.143380000000000063e+00 8.456570008307284780e-01 nan nan 1.296293043934670930e-02 6.916190172349999665e-01 2.056451234409999856e-02 8.930665040900000184e-02 1.113829999999999920e+01 3.147279999999999944e+01 4.332229999999999848e+01 5.727259999999999707e+01 3.862647726835276574e-01 3.975784218250647539e-01
3.100449999999999928e+00 1.943019999999999969e+00 1.694469999999999921e+00 2.382270000000000110e+00 2.047499999999999876e+00 4.395039999999999836e+00 9.707201403392494710e-01 9.955923299980423691e-01 1.422199999999999909e+00 8.760469957772021310e-01 nan nan 5.788625341413000669e-03 6.772806553929999751e-01 2.766262762530000141e-02 8.407519148860000124e-02 1.125399999999999956e+01 3.282840000000000202e+01 4.239289999999999736e+01 4.904270000000000351e+01 3.862647726835276574e-01 3.975784218250647539e-01
3.262729999999999908e+00 1.957049999999999956e+00 1.694550000000000001e+00 2.617849999999999788e+00 2.057020000000000071e+00 4.010410000000000252e+00 9.826153747123298476e-01 9.868269306564645404e-01 8.645530000000000159e-01 9.037287371155869886e-01 nan nan 1.451267194656269410e-03 6.772806553929999751e-01 2.766262762530000141e-02 8.407519148860000124e-02 1.125399999999999956e+01 3.282840000000000202e+01 4.239289999999999736e+01 4.904270000000000351e+01 4.126507514889544703e-01 4.083901408643888509e-01
2.679699999999999971e+00 1.903769999999999962e+00 1.653880000000000017e+00 2.362449999999999939e+00 2.082289999999999974e+00 3.802560000000000162e+00 9.910930837800415727e-01 9.738031174522828737e-01 7.251419999999999533e-01 9.283885796554561809e-01 nan nan 0.000000000000000000e+00 6.969776859899999844e-01 3.397486761770000113e-02 8.586646604849999809e-02 1.423980000000000068e+01 3.616219999999999857e+01 4.203110000000000213e+01 4.374300000000000210e+01 4.126507514889544703e-01 4.083901408643888509e-01
2.526370000000000005e+00 1.888230000000000075e+00 1.640980000000000105e+00 2.174300000000000122e+00 2.068499999999999783e+00 2.553110000000000213e+00 9.968546928791783834e-01 9.566684553931521506e-01 8.645530000000000159e-01 9.497471175272599320e-01 nan nan 1.451267194656269410e-03 6.969776859899999844e-01 3.397486761770000113e-02 8.586646604849999809e-02 1.423980000000000068e+01 3.616219999999999857e+01 4.203110000000000213e+01 4.374300000000000210e+01 4.332128971232793724e-01 4.175456403363189128e-01
2.375539999999999985e+00 1.871860000000000079e+00 1.600749999999999895e+00 2.252009999999999845e+00 1.898539999999999894e+00 2.127540000000000209e+00 9.998349206764248764e-01 9.356170870468660805e-01 8.645530000000000159e-01 9.675623499624723678e-01 nan nan 5.788625341413000669e-03 7.175140056969999680e-01 3.627760562159999813e-02 8.543467303509999500e-02 1.036430000000000007e+01 3.267849999999999966e+01 3.846200000000000330e+01 3.910660000000000025e+01 4.332128971232793724e-01 4.175456403363189128e-01
2.643720000000000070e+00 1.900120000000000031e+00 1.519970000000000043e+00 2.071480000000000210e+00 1.930120000000000058e+00 1.524969999999999937e+00 1.000000000000000000e+00 9.108875328284880002e-01 8.645530000000000159e-01 9.816324232589964671e-01 nan nan 1.296293043934670930e-02 7.175140056969999680e-01 3.627760562159999813e-02 8.543467303509999500e-02 1.036430000000000007e+01 3.267849999999999966e+01 3.846200000000000330e+01 3.910660000000000025e+01 4.429302844824266616e-01 4.225177280645205924e-01
2.753369999999999873e+00 1.911200000000000010e+00 1.483449999999999935e+00 2.096299999999999830e+00 1.956909999999999927e+00 1.287949999999999928e+00 9.973480604352050749e-01 8.827599884687405973e-01 1.282790000000000097e+00 9.917979178642666316e-01 nan nan 2.289289474499112131e-02 7.352712920989999956e-01 3.482776985520000257e-02 8.733747913820000264e-02 9.282870000000000843e+00 2.311690000000000111e+01 2.885300000000000153e+01 3.190980000000000061e+01 4.429302844824266616e-01 4.225177280645205924e-01
2.551689999999999792e+00 1.890530000000000044e+00 1.439349999999999907e+00 1.851110000000000033e+00 1.920789999999999997e+00 6.573679999999999524e-01 9.919091495169702899e-01 8.515531502844162492e-01 1.561609999999999943e+00 9.979436546624796955e-01 nan nan 3.546600779495090450e-02 7.352712920989999956e-01 3.482776985520000257e-02 8.733747913820000264e-02 9.282870000000000843e+00 2.311690000000000111e+01 2.885300000000000153e+01 3.190980000000000061e+01 4.412859727561193601e-01 4.268108686408712549e-01
1.929899999999999949e+00 1.817530000000000090e+00 1.427720000000000100e+00 1.515660000000000007e+00 1.876270000000000104e+00 3.448660000000000059e-01 9.837448922792781936e-01 8.176206042217631920e-01 1.143380000000000063e+00 1.000000000000000000e+00 nan nan 5.053981119440875691e-02 7.651400205730000126e-01 2.965041656960000147e-02 8.838938765600000413e-02 6.303560000000000052e+00 1.974330000000000140e+01 2.506559999999999988e+01 3.172390000000000043e+01 4.412859727561193601e-01 4.268108686408712549e-01
6.757750000000000146e-01 1.579800000000000093e+00 1.407640000000000002e+00 1.448190000000000088e+00 1.981540000000000079e+00 1.268469999999999986e+00 9.729477930189029955e-01 7.813468195864288202e-01 1.003970000000000029e+00 9.979436546624798066e-01 nan nan 6.794351272766285810e-02 7.651400205730000126e-01 2.965041656960000147e-02 8.838938765600000413e-02 6.303560000000000052e+00 1.974330000000000140e+01 2.506559999999999988e+01 3.172390000000000043e+01 4.535880641666528712e-01 4.322390168296597057e-01
2.741709999999999869e+00 1.909610000000000030e+00 1.430390000000000050e+00 1.757300000000000084e+00 2.090289999999999981e+00 7.650689999999999991e-01 9.596401871847674014e-01 7.431427928526003202e-01 1.282790000000000097e+00 9.917979178642666316e-01 nan nan 8.747992150217498430e-02 7.479162242089999468e-01 3.600906563569999941e-02 9.788564689720000156e-02 8.546829999999999927e+00 1.638350000000000151e+01 2.177179999999999893e+01 2.807300000000000040e+01 4.535880641666528712e-01 4.322390168296597057e-01
-1.677960000000000007e-01 1.116440000000000099e+00 1.180290000000000061e+00 1.523069999999999924e+00 1.819050000000000056e+00 1.210239999999999982e+00 9.439728552684211182e-01 7.034413909087264827e-01 1.003970000000000029e+00 9.816324232589964671e-01 nan nan 1.089276822001771228e-01 7.479162242089999468e-01 3.600906563569999941e-02 9.788564689720000156e-02 8.546829999999999927e+00 1.638350000000000151e+01 2.177179999999999893e+01 2.807300000000000040e+01 4.594833891519420899e-01 4.428621394379139709e-01
3.815819999999999990e+00 2.000690000000000079e+00 1.525660000000000016e+00 2.048669999999999991e+00 2.263619999999999965e+00 2.671370000000000133e-01 9.261233144008246265e-01 6.626924465027068667e-01 1.003970000000000029e+00 9.675623499624723678e-01 nan nan 1.320437831228705727e-01 6.873457782509999614e-01 5.383567132549999662e-02 1.184950033019999960e-01 3.183279999999999887e+00 1.433999999999999986e+01 1.916769999999999996e+01 2.558719999999999928e+01 4.594833891519420899e-01 4.428621394379139709e-01
-1.697869999999999935e-01 1.115280000000000049e+00 1.133690000000000087e+00 1.256890000000000063e+00 1.682350000000000012e+00 3.340850000000000208e-01 9.062938070123225387e-01 6.213576614571134638e-01 1.003970000000000029e+00 9.497471175272601540e-01 nan nan 1.594544524142054165e-01 6.873457782509999614e-01 5.383567132549999662e-02 1.184950033019999960e-01 3.183279999999999887e+00 1.433999999999999986e+01 1.916769999999999996e+01 2.558719999999999928e+01 4.603577890331557176e-01 4.481428395078661531e-01
1.744660000000000100e+00 1.792030000000000012e+00 1.352850000000000108e+00 1.353799999999999892e+00 1.728809999999999958e+00 -1.531609999999999916e-01 8.847090093450955539e-01 5.799053754030549790e-01 1.003970000000000029e+00 9.283885796554562919e-01 nan nan 1.882660037918418849e-01 5.620660727740000029e-01 1.178511908999999996e-01 1.086139174199999974e-01 1.322230000000000061e+01 2.153170000000000073e+01 2.702629999999999910e+01 3.022409999999999997e+01 4.603577890331557176e-01 4.481428395078661531e-01
-3.122280000000000055e-01 8.461109999999999465e-01 9.085870000000000335e-01 7.053599999999999870e-01 1.105920000000000014e+00 -1.875950000000000117e-01 8.616134857815609394e-01 5.388052593050171035e-01 8.645530000000000159e-01 9.037287371155869886e-01 nan nan 2.155688784196380103e-01 5.620660727740000029e-01 1.178511908999999996e-01 1.086139174199999974e-01 1.322230000000000061e+01 2.153170000000000073e+01 2.702629999999999910e+01 3.022409999999999997e+01 4.668470460132314592e-01 4.531903658084958098e-01
3.052570000000000006e-01 1.453969999999999985e+00 1.269679999999999920e+00 8.904680000000000373e-01 1.325760000000000050e+00 -3.143770000000000175e-01 8.372689178321968129e-01 4.985229939011637246e-01 5.857299999999999729e-01 8.760469957772021310e-01 nan nan 2.439418666225154908e-01 4.566655179269999976e-01 1.694908247359999953e-01 1.074003929579999961e-01 9.251899999999999125e+00 3.066019999999999968e+01 3.537030000000000030e+01 3.757480000000000331e+01 4.668470460132314592e-01 4.531903658084958098e-01
-3.383360000000000256e-01 7.637779999999999569e-01 9.593019999999999881e-01 3.364969999999999906e-01 7.926140000000000407e-01 -3.151939999999999742e-01 8.119511391794649313e-01 4.575678017234513506e-01 5.857299999999999729e-01 8.456570008307287001e-01 nan nan 2.730634911068647863e-01 4.566655179269999976e-01 1.694908247359999953e-01 1.074003929579999961e-01 9.251899999999999125e+00 3.066019999999999968e+01 3.537030000000000030e+01 3.757480000000000331e+01 4.513168242236264005e-01 4.389907690619556657e-01
-1.057499999999999968e-01 1.190330000000000110e+00 1.094729999999999981e+00 5.523820000000000396e-01 1.112209999999999921e+00 -3.193949999999999845e-01 7.859470103719717882e-01 4.161980693894697936e-01 3.069060000000000121e-01 8.129030830621354342e-01 nan nan 3.026037922308674188e-01 4.252892903730000063e-01 1.612126958050000003e-01 1.198948181769999982e-01 1.479860000000000042e+01 2.896249999999999858e+01 3.686050000000000182e+01 4.191830000000000211e+01 4.513168242236264005e-01 4.389907690619556657e-01
-3.857369999999999965e-01 4.489620000000000277e-01 7.067050000000000276e-01 6.290999999999999925e-01 5.725759999999999739e-01 -3.334070000000000089e-01 7.594360589913186077e-01 3.764798485205966827e-01 3.069060000000000121e-01 7.781563574475419687e-01 nan nan 3.350250964192518222e-01 4.252892903730000063e-01 1.612126958050000003e-01 1.198948181769999982e-01 1.479860000000000042e+01 2.896249999999999858e+01 3.686050000000000182e+01 4.191830000000000211e+01 4.265366615522522276e-01 3.815031478458857928e-01
-1.950179999999999969e-01 1.084759999999999946e+00 1.176379999999999981e+00 9.118720000000000159e-01 1.154069999999999929e+00 -3.312329999999999997e-01 7.312294331154765015e-01 3.385747153641316398e-01 5.857299999999999729e-01 7.418105182722491975e-01 nan nan 3.672858319301853802e-01 4.132149020870000133e-01 1.214148356329999984e-01 1.209543160449999960e-01 1.654439999999999955e+01 3.733010000000000161e+01 4.396450000000000102e+01 5.188150000000000261e+01 4.265366615522522276e-01 3.815031478458857928e-01
-2.881360000000000032e-01 9.057260000000000311e-01 9.789090000000000291e-01 7.526270000000000460e-01 8.235639999999999628e-01 -3.623250000000000082e-01 7.011327830854529042e-01 3.026237031591199056e-01 8.645530000000000159e-01 7.042773784171735274e-01 nan nan 3.992343891332407191e-01 4.132149020870000133e-01 1.214148356329999984e-01 1.209543160449999960e-01 1.654439999999999955e+01 3.733010000000000161e+01 4.396450000000000102e+01 5.188150000000000261e+01 4.960377036829283215e-01 4.853306266887952303e-01
-2.563179999999999903e-01 9.791940000000000088e-01 1.195160000000000000e+00 7.735400000000000054e-01 1.102419999999999956e+00 -3.922050000000000258e-01 6.706774793431388160e-01 2.687457041733994911e-01 5.857299999999999729e-01 6.659822033543543185e-01 nan nan 4.307226955029588300e-01 3.137975634380000267e-01 8.693491563140000322e-02 1.156935245579999993e-01 2.359390000000000143e+01 5.021200000000000330e+01 5.998910000000000053e+01 6.360699999999999932e+01 4.960377036829283215e-01 4.853306266887952303e-01
-3.938479999999999759e-01 3.146579999999999933e-01 4.380169999999999897e-01 3.876169999999999893e-01 5.118110000000000159e-01 -4.180690000000000239e-01 6.404673571566019685e-01 2.370361226066995952e-01 1.003970000000000029e+00 6.273588927192292886e-01 nan nan 4.616078933397292916e-01 3.137975634380000267e-01 8.693491563140000322e-02 1.156935245579999993e-01 2.359390000000000143e+01 5.021200000000000330e+01 5.998910000000000053e+01 6.360699999999999932e+01 4.892734781867476013e-01 5.274699274418093164e-01
-4.037049999999999805e-01 9.334009999999999529e-02 3.200889999999999985e-02 2.663470000000000004e-01 4.629519999999999746e-01 -4.320260000000000211e-01 6.105363888808943429e-01 2.075657936229369227e-01 7.251419999999999533e-01 5.888450640543861914e-01 nan nan 4.917539584046101142e-01 2.209486750540000100e-01 7.545007223239999505e-02 1.123879801830000025e-01 2.331050000000000111e+01 5.271800000000000352e+01 6.135759999999999792e+01 6.303649999999999665e+01 4.892734781867476013e-01 5.274699274418093164e-01
-4.036890000000000200e-01 1.013160000000000033e-01 9.911659999999999915e-02 4.111389999999999767e-01 3.623069999999999902e-01 -4.314580000000000082e-01 5.808419646754165999e-01 1.803801807595029061e-01 1.282790000000000097e+00 5.473968167509341010e-01 nan nan 5.210332411283066234e-01 2.209486750540000100e-01 7.545007223239999505e-02 1.123879801830000025e-01 2.331050000000000111e+01 5.271800000000000352e+01 6.135759999999999792e+01 6.303649999999999665e+01 5.294188815380638236e-01 5.085657069965845434e-01
-4.100929999999999853e-01 -4.013220000000000121e-01 -5.945709999999999607e-01 3.440949999999999842e-01 2.978219999999999756e-01 -4.278279999999999861e-01 5.514471692463610575e-01 1.554988608072195300e-01 2.258669999999999956e+00 5.065964851806743496e-01 nan nan 5.493279129317993892e-01 1.314398275460000043e-01 9.907547693899999841e-02 7.716445552999999513e-02 2.391939999999999955e+01 5.022570000000000334e+01 5.843460000000000321e+01 6.418099999999999739e+01 5.294188815380638236e-01 5.085657069965845434e-01
-4.105050000000000088e-01 -4.760229999999999739e-01 -9.497980000000000311e-01 -7.750500000000000445e-02 4.476170000000000149e-02 -4.071949999999999736e-01 5.224162902709303946e-01 1.329153019974770311e-01 1.840440000000000076e+00 4.666485780852583920e-01 nan nan 5.765313012712245389e-01 1.314398275460000043e-01 9.907547693899999841e-02 7.716445552999999513e-02 2.391939999999999955e+01 5.022570000000000334e+01 5.843460000000000321e+01 6.418099999999999739e+01 4.501234608637311174e-01 5.502283731328951877e-01
-4.109630000000000227e-01 -5.460700000000000554e-01 -7.825389999999999846e-01 1.343340000000000090e-01 1.088569999999999954e-01 -3.822900000000000187e-01 4.938018773342444101e-01 1.125969380097817663e-01 8.645530000000000159e-01 4.277479458964269510e-01 nan nan 6.025490982804214690e-01 1.136388512039999965e-01 9.409728307070000519e-02 6.093073305249999821e-02 4.141409999999999769e+01 5.864009999999999678e+01 6.400520000000000209e+01 6.625669999999999504e+01 4.501234608637311174e-01 5.502283731328951877e-01
-4.021560000000000135e-01 2.196460000000000079e-01 3.217039999999999900e-01 1.241570000000000035e-01 -8.746160000000000045e-02 -3.416850000000000165e-01 4.656618267231138475e-01 9.448553696118000556e-02 -3.901519999999999988e-01 3.900775730027588040e-01 nan nan 6.273004293167390166e-01 1.136388512039999965e-01 9.409728307070000519e-02 6.093073305249999821e-02 4.141409999999999769e+01 5.864009999999999678e+01 6.400520000000000209e+01 6.625669999999999504e+01 7.454011515681454592e-01 8.704376808811224997e-01
-3.930319999999999925e-01 4.354410000000000225e-01 5.372360000000000468e-01 -4.273970000000000269e-01 -3.890560000000000129e-01 -3.078910000000000258e-01 4.380576586082804980e-01 7.849786119676094298e-02 -1.087210000000000010e+00 3.538065044634319811e-01 nan nan 6.507187693030531683e-01 1.320459856010000044e-01 7.215223787249999687e-02 6.654233886049999713e-02 1.942790000000000106e+01 4.657770000000000010e+01 5.564809999999999945e+01 6.004410000000000025e+01 7.454011515681454592e-01 8.704376808811224997e-01
-3.947720000000000118e-01 4.094579999999999886e-01 4.900639999999999996e-01 -6.581059999999999688e-01 -6.257220000000000004e-01 -3.449369999999999936e-01 4.110447616667699533e-01 6.452661040554619198e-02 -1.087210000000000010e+00 3.190879306601562826e-01 nan nan 6.727526964834720236e-01 1.320459856010000044e-01 7.215223787249999687e-02 6.654233886049999713e-02 1.942790000000000106e+01 4.657770000000000010e+01 5.564809999999999945e+01 6.004410000000000025e+01 6.806350672847958361e-01 8.226679194041723875e-01
-3.914449999999999874e-01 4.615389999999999771e-01 5.639309999999999601e-01 -7.284899999999999709e-01 -5.859969999999999901e-01 -3.929279999999999995e-01 3.846795822805828546e-01 5.244163737588847241e-02 -1.087210000000000010e+00 2.860574515889364733e-01 nan nan 6.933664750523782505e-01 1.264514838680000086e-01 6.421292771440000047e-02 6.622961426880000224e-02 2.772350000000000136e+01 5.071829999999999927e+01 5.419599999999999795e+01 6.197560000000000002e+01 6.806350672847958361e-01 8.226679194041723875e-01
-3.924139999999999850e-01 4.395910000000000095e-01 5.662570000000000103e-01 -1.844260000000000066e-01 -2.743990000000000040e-01 -4.027850000000000041e-01 3.590096955484937125e-01 4.209142261538356689e-02 -1.087210000000000010e+00 2.548315404579348797e-01 nan nan 7.125404600553858492e-01 1.264514838680000086e-01 6.421292771440000047e-02 6.622961426880000224e-02 2.772350000000000136e+01 5.071829999999999927e+01 5.419599999999999795e+01 6.197560000000000002e+01 7.113930454962905658e-01 7.921873071172862435e-01
-4.089860000000000162e-01 -1.939549999999999885e-01 -3.630869999999999931e-02 -4.352880000000000082e-01 -2.943439999999999945e-01 -4.221429999999999905e-01 3.340560628182001057e-01 3.330479112726369983e-02 -6.689760000000000151e-01 2.255062239994823914e-01 nan nan 7.302713199745218819e-01 1.273836314469999897e-01 6.662506863799999568e-02 8.134387892409999932e-02 2.465060000000000073e+01 4.156880000000000308e+01 4.904410000000000025e+01 5.848400000000000176e+01 7.113930454962905658e-01 7.921873071172862435e-01
-4.085219999999999962e-01 -1.246860000000000052e-01 -8.421579999999999344e-02 3.200839999999999796e-01 3.242019999999999902e-01 -4.324450000000000238e-01 3.098394288545746056e-01 2.589285189150880573e-02 -6.689760000000000151e-01 1.981559944488304748e-01 nan nan 7.465720744756580984e-01 1.273836314469999897e-01 6.662506863799999568e-02 8.134387892409999932e-02 2.465060000000000073e+01 4.156880000000000308e+01 4.904410000000000025e+01 5.848400000000000176e+01 7.153910877204558982e-01 7.947693637099317865e-01
-4.089889999999999914e-01 -1.531160000000000021e-01 -1.587969999999999937e-01 -1.578489999999999893e-01 -1.468550000000000133e-01 -4.322480000000000211e-01 2.863857589554297256e-01 1.965113807558016568e-02 -1.087210000000000010e+00 1.728329655173608259e-01 nan nan 7.614719468904929123e-01 1.087964050809999972e-01 6.353068411149999373e-02 7.559925457329999543e-02 2.690200000000000102e+01 4.141519999999999868e+01 4.063009999999999877e+01 5.150710000000000122e+01 7.153910877204558982e-01 7.947693637099317865e-01
-4.113240000000000229e-01 -7.048929999999999918e-01 -7.260440000000000227e-01 -6.615410000000000457e-01 -3.939460000000000184e-01 -4.339290000000000092e-01 2.637233459438667049e-01 1.436192372533418027e-02 1.282790000000000097e+00 1.495662819234115926e-01 nan nan 7.750160331045261586e-01 1.087964050809999972e-01 6.353068411149999373e-02 7.559925457329999543e-02 2.690200000000000102e+01 4.141519999999999868e+01 4.063009999999999877e+01 5.150710000000000122e+01 4.904283459543882229e-01 7.682664216056070972e-01
-4.117739999999999734e-01 -1.249560000000000004e+00 -1.467670000000000030e+00 -7.592060000000000475e-01 -5.709670000000000023e-01 -4.336690000000000267e-01 2.418687816963609460e-01 9.796690687081888171e-03 1.561609999999999943e+00 1.283617891709727399e-01 nan nan 7.872647906026584153e-01 9.037972440239999683e-02 5.329454693690000022e-02 6.581924583619999658e-02 2.704429999999999978e+01 4.862599999999999767e+01 4.480389999999999873e+01 5.518350000000000222e+01 4.904283459543882229e-01 7.682664216056070972e-01
-4.115719999999999934e-01 -8.721379999999999688e-01 -8.953160000000000007e-01 -7.207670000000000465e-01 -7.185700000000000420e-01 -4.295070000000000277e-01 2.208279477019091663e-01 5.718717809580553535e-03 -1.113289999999999974e-01 1.092019673177904160e-01 nan nan 7.982933534617276949e-01 9.037972440239999683e-02 5.329454693690000022e-02 6.581924583619999658e-02 2.704429999999999978e+01 4.862599999999999767e+01 4.480389999999999873e+01 5.518350000000000222e+01 6.850400629127965102e-01 8.190605840317115582e-01
-4.112439999999999984e-01 -6.611930000000000307e-01 -6.163370000000000237e-01 -3.521110000000000073e-01 -4.020549999999999957e-01 -4.188600000000000101e-01 2.006047640500452367e-01 1.885763089267467052e-03 -3.901519999999999988e-01 9.204612948331292177e-02 nan nan 8.081906810513979078e-01 1.202875486429999946e-01 4.757941501139999890e-02 7.996429399469999477e-02 3.282039999999999935e+01 4.764869999999999806e+01 4.454690000000000083e+01 5.378029999999999688e+01 6.850400629127965102e-01 8.190605840317115582e-01
-4.093660000000000077e-01 -1.847669999999999868e-01 -2.104850000000000054e-01 -6.170360000000000289e-01 -5.658419999999999561e-01 -4.003920000000000257e-01 1.811790910760125994e-01 0.000000000000000000e+00 -1.087210000000000010e+00 7.683088284730543727e-02 nan nan 8.170585500889542274e-01 1.202875486429999946e-01 4.757941501139999890e-02 7.996429399469999477e-02 3.282039999999999935e+01 4.764869999999999806e+01 4.454690000000000083e+01 5.378029999999999688e+01 7.315097421345255757e-01 7.835290164181765160e-01
-4.068550000000000222e-01 2.955659999999999885e-02 4.400319999999999926e-02 -6.785830000000000473e-01 -6.125840000000000174e-01 -3.959179999999999922e-01 1.625207323875393906e-01 0.000000000000000000e+00 -1.087210000000000010e+00 6.347084691583371185e-02 nan nan 8.250104014684276343e-01 1.522134802300000034e-01 3.897161970460000235e-02 6.449606850019999615e-02 3.095439999999999969e+01 6.007710000000000150e+01 5.656009999999999849e+01 5.579619999999999891e+01 7.315097421345255757e-01 7.835290164181765160e-01
-4.045190000000000174e-01 1.479219999999999979e-01 1.841889999999999916e-01 -8.192599999999999882e-01 -7.545110000000000428e-01 -3.994170000000000220e-01 1.445941453174328650e-01 0.000000000000000000e+00 -1.087210000000000010e+00 5.185962091637597027e-02 nan nan 8.321700549299372307e-01 1.522134802300000034e-01 3.897161970460000235e-02 6.449606850019999615e-02 3.095439999999999969e+01 6.007710000000000150e+01 5.656009999999999849e+01 5.579619999999999891e+01 7.022750895022519257e-01 7.952391402745963012e-01
-4.026660000000000239e-01 2.104709999999999914e-01 2.876040000000000263e-01 -7.863980000000000414e-01 -7.199210000000000331e-01 -4.156810000000000227e-01 1.273671641930252951e-01 0.000000000000000000e+00 -1.087210000000000010e+00 4.187098936109268088e-02 nan nan 8.386703061325592179e-01 1.745678814209999929e-01 3.187979135940000042e-02 6.925195301700000361e-02 3.391040000000000276e+01 7.339079999999999870e+01 7.099550000000000693e+01 6.199620000000000175e+01 7.022750895022519257e-01 7.952391402745963012e-01
-4.080520000000000258e-01 -5.789779999999999927e-02 -4.680430000000000007e-02 -7.174180000000000001e-01 -7.444159999999999666e-01 -4.180969999999999964e-01 1.108275886501968177e-01 0.000000000000000000e+00 -1.087210000000000010e+00 3.336035211873478179e-02 nan nan 8.446514220264464967e-01 1.745678814209999929e-01 3.187979135940000042e-02 6.925195301700000361e-02 3.391040000000000276e+01 7.339079999999999870e+01 7.099550000000000693e+01 6.199620000000000175e+01 5.692288232997321229e-01 6.022535558999820848e-01
-4.100989999999999913e-01 -3.046909999999999896e-01 -3.175510000000000277e-01 -2.344720000000000137e-01 -5.381819999999999660e-02 -4.304529999999999745e-01 9.628358493577315880e-02 0.000000000000000000e+00 -9.477989999999999471e-01 2.616636279191231207e-02 nan nan 8.502595515722360942e-01 1.994209721709999938e-01 3.757271715089999936e-02 8.055730569230000471e-02 2.708889999999999887e+01 4.990019999999999811e+01 5.014970000000000283e+01 5.003979999999999961e+01 5.692288232997321229e-01 6.022535558999820848e-01
-3.756200000000000094e-01 5.251679999999999682e-01 -2.035109999999999975e-01 1.770489999999999897e+00 1.699400000000000022e+00 -4.318119999999999736e-01 8.400317307203297723e-02 0.000000000000000000e+00 1.143380000000000063e+00 2.011275683624569321e-02 nan nan 8.556450698149268286e-01 1.994209721709999938e-01 3.757271715089999936e-02 8.055730569230000471e-02 2.708889999999999887e+01 4.990019999999999811e+01 5.014970000000000283e+01 5.003979999999999961e+01 5.427328570878633407e-01 6.022432688219236940e-01
-4.005900000000000016e-01 2.006560000000000010e-01 2.098240000000000105e-01 3.976339999999999875e-01 5.710530000000000328e-01 -4.309790000000000010e-01 7.280484726456559752e-02 0.000000000000000000e+00 1.143380000000000063e+00 1.501034870808648503e-02 nan nan 8.609608740745320343e-01 1.503880809529999918e-01 5.618345214659999781e-02 7.583240029990000186e-02 2.233630000000000138e+01 5.487899999999999778e+01 5.647959999999999781e+01 5.081300000000000239e+01 5.427328570878633407e-01 6.022432688219236940e-01
-4.110670000000000157e-01 -6.441700000000000204e-01 -4.459179999999999811e-01 -3.006639999999999868e-01 -3.145999999999999908e-01 -4.301559999999999828e-01 6.261039619832986514e-02 0.000000000000000000e+00 -6.689760000000000151e-01 1.065917541232097587e-02 nan nan 8.663606515583501810e-01 1.503880809529999918e-01 5.618345214659999781e-02 7.583240029990000186e-02 2.233630000000000138e+01 5.487899999999999778e+01 5.647959999999999781e+01 5.081300000000000239e+01 8.570548672177035199e-01 6.025038747994019284e-01
-4.093149999999999844e-01 -1.936660000000000048e-01 -1.636239999999999917e-01 -3.131339999999999818e-02 -2.302069999999999950e-01 -4.269370000000000109e-01 5.353532707740227270e-02 0.000000000000000000e+00 -9.477989999999999471e-01 6.850762163006507421e-03 nan nan 8.719971380234956548e-01 1.294067643450000082e-01 6.334122489049999472e-02 6.144199564600000274e-02 3.425200000000000244e+01 5.452230000000000132e+01 6.312310000000000088e+01 5.970490000000000208e+01 8.570548672177035199e-01 6.025038747994019284e-01
-4.105889999999999818e-01 -4.303699999999999748e-01 -3.797119999999999940e-01 2.890969999999999929e-01 3.286320000000000213e-02 -4.249189999999999912e-01 4.568246406113629643e-02 0.000000000000000000e+00 1.143380000000000063e+00 3.370484485997971014e-03 nan nan 8.780203872197396286e-01 1.294067643450000082e-01 6.334122489049999472e-02 6.144199564600000274e-02 3.425200000000000244e+01 5.452230000000000132e+01 6.312310000000000088e+01 5.970490000000000208e+01 3.546983870346844814e-01 6.067078606992468703e-01
-4.082109999999999905e-01 -1.404509999999999925e-01 -1.518710000000000025e-02 3.854870000000000241e-01 3.935179999999999789e-01 -4.265180000000000082e-01 3.914078322535152754e-02 0.000000000000000000e+00 3.095139999999999780e+00 0.000000000000000000e+00 nan nan 8.845760707205677642e-01 1.247438217469999944e-01 5.998168677369999924e-02 4.484176976640000256e-02 1.756269999999999953e+01 4.130769999999999698e+01 5.382730000000000103e+01 5.334179999999999922e+01 3.546983870346844814e-01 6.067078606992468703e-01
-4.092350000000000154e-01 -2.013349999999999862e-01 -1.427809999999999913e-01 4.840389999999999970e-01 2.976230000000000264e-01 -4.215749999999999775e-01 3.302221636264757176e-02 0.000000000000000000e+00 8.645530000000000159e-01 0.000000000000000000e+00 nan nan 8.889156846019152791e-01 1.247438217469999944e-01 5.998168677369999924e-02 4.484176976640000256e-02 1.756269999999999953e+01 4.130769999999999698e+01 5.382730000000000103e+01 5.334179999999999922e+01 2.504303257277040728e-01 6.224745223366754399e-01
-4.101719999999999811e-01 -3.190689999999999915e-01 -3.533569999999999767e-01 1.410599999999999909e-01 -7.786410000000000553e-02 -4.192009999999999903e-01 2.663627241303745397e-02 0.000000000000000000e+00 -5.295640000000000347e-01 0.000000000000000000e+00 nan nan 8.937870891446533239e-01 1.587755944570000133e-01 6.318273188190000333e-02 6.310673193879999532e-02 1.344839999999999947e+01 2.822409999999999997e+01 4.006329999999999814e+01 4.274410000000000309e+01 2.504303257277040728e-01 6.224745223366754399e-01
-4.102410000000000223e-01 -3.363320000000000198e-01 -3.746450000000000058e-01 1.227239999999999998e-01 -1.121059999999999973e-01 -4.156199999999999894e-01 2.059418879636609745e-02 0.000000000000000000e+00 -5.295640000000000347e-01 0.000000000000000000e+00 nan nan 8.991350893887981588e-01 1.587755944570000133e-01 6.318273188190000333e-02 6.310673193879999532e-02 1.344839999999999947e+01 2.822409999999999997e+01 4.006329999999999814e+01 4.274410000000000309e+01 2.273054735232815649e-01 6.445540208759104051e-01
-4.087799999999999767e-01 -1.366739999999999899e-01 -1.181470000000000020e-01 3.720229999999999926e-01 1.252929999999999877e-01 -4.207460000000000089e-01 1.530428144322704131e-02 0.000000000000000000e+00 -1.087210000000000010e+00 0.000000000000000000e+00 nan nan 9.048990903546314524e-01 1.473530567230000032e-01 5.634477822239999933e-02 6.258214086850000246e-02 1.658050000000000068e+01 2.969099999999999895e+01 3.828779999999999717e+01 3.854860000000000042e+01 2.273054735232815649e-01 6.445540208759104051e-01
-4.089709999999999734e-01 -1.428550000000000098e-01 -1.783609999999999918e-01 2.050190000000000068e-01 -2.555980000000000057e-02 -4.274569999999999759e-01 1.072672446452116457e-02 0.000000000000000000e+00 -1.087210000000000010e+00 0.000000000000000000e+00 nan nan 9.110137836080320906e-01 1.473530567230000032e-01 5.634477822239999933e-02 6.258214086850000246e-02 1.658050000000000068e+01 2.969099999999999895e+01 3.828779999999999717e+01 3.854860000000000042e+01 9.472225430188243589e-01 8.993306541210033256e-01
-4.066119999999999735e-01 2.854160000000000030e-02 7.035629999999999662e-02 5.874560000000000025e-03 1.270820000000000005e-01 -4.260660000000000003e-01 6.790149388628874405e-03 0.000000000000000000e+00 -9.477989999999999471e-01 0.000000000000000000e+00 nan nan 9.174098872311317043e-01 1.602807308030000100e-01 5.758243164799999730e-02 7.414540425330000406e-02 1.418900000000000006e+01 3.400639999999999930e+01 3.834770000000000323e+01 3.852750000000000341e+01 9.472225430188243589e-01 8.993306541210033256e-01
-4.096540000000000181e-01 -2.997929999999999762e-01 -1.174229999999999996e-01 -1.425490000000000090e-01 -7.613630000000000397e-02 -4.304430000000000200e-01 3.263877694315353573e-03 0.000000000000000000e+00 7.251419999999999533e-01 0.000000000000000000e+00 nan nan 9.240149308141270001e-01 1.602807308030000100e-01 5.758243164799999730e-02 7.414540425330000406e-02 1.418900000000000006e+01 3.400639999999999930e+01 3.834770000000000323e+01 3.852750000000000341e+01 1.797854145700317208e-01 6.351962088688328789e-01
-4.093879999999999741e-01 -2.221710000000000074e-01 -1.418320000000000136e-01 -3.523020000000000040e-01 -2.621720000000000161e-01 -4.331139999999999990e-01 7.723228300291484771e-04 0.000000000000000000e+00 4.463179999999999925e-01 0.000000000000000000e+00 nan nan 9.307540765739814592e-01 1.612132318639999951e-01 5.852198784010000099e-02 6.977590540500000493e-02 2.033899999999999864e+01 3.335049999999999670e+01 3.742589999999999861e+01 3.662290000000000134e+01 1.797854145700317208e-01 6.351962088688328789e-01
-4.102750000000000008e-01 -3.399559999999999804e-01 -3.552560000000000162e-01 -2.946799999999999975e-01 -3.434690000000000243e-01 -4.303370000000000251e-01 0.000000000000000000e+00 0.000000000000000000e+00 -6.689760000000000151e-01 0.000000000000000000e+00 nan nan 9.375509672964100760e-01 1.612132318639999951e-01 5.852198784010000099e-02 6.977590540500000493e-02 2.033899999999999864e+01 3.335049999999999670e+01 3.742589999999999861e+01 3.662290000000000134e+01 1.794279554990952930e-01 6.541690098344465909e-01
-4.115770000000000262e-01 -9.042310000000000070e-01 -1.016159999999999952e+00 -1.855900000000000050e-01 -2.834160000000000013e-01 -4.329870000000000108e-01 0.000000000000000000e+00 0.000000000000000000e+00 2.258669999999999956e+00 0.000000000000000000e+00 nan nan 9.443285914936275782e-01 1.273563678649999864e-01 6.555118480030000527e-02 6.695023378440000117e-02 1.259650000000000070e+01 3.306900000000000261e+01 3.420799999999999841e+01 3.299329999999999785e+01 1.794279554990952930e-01 6.541690098344465909e-01
-4.116929999999999756e-01 -1.062820000000000098e+00 -1.149029999999999996e+00 -2.825030000000000041e-01 -3.778000000000000247e-01 -4.351249999999999840e-01 0.000000000000000000e+00 0.000000000000000000e+00 2.119260000000000144e+00 0.000000000000000000e+00 nan nan 9.510101559752786038e-01 1.273563678649999864e-01 6.555118480030000527e-02 6.695023378440000117e-02 1.259650000000000070e+01 3.306900000000000261e+01 3.420799999999999841e+01 3.299329999999999785e+01 2.090475640539157798e-01 6.549714019229977424e-01
-4.105179999999999940e-01 -3.910029999999999895e-01 -4.225289999999999879e-01 3.985620000000000135e-02 -2.591840000000000255e-01 -4.335899999999999754e-01 0.000000000000000000e+00 0.000000000000000000e+00 -8.083879999999999955e-01 0.000000000000000000e+00 nan nan 9.575199559459679488e-01 1.019722236110000013e-01 8.216689068299999621e-02 5.392805177119999738e-02 1.409609999999999985e+01 2.658599999999999852e+01 2.929269999999999996e+01 2.788579999999999970e+01 2.090475640539157798e-01 6.549714019229977424e-01
-4.108950000000000102e-01 -5.258410000000000029e-01 -4.763169999999999904e-01 -3.685479999999999867e-01 -3.376290000000000124e-01 -4.315390000000000059e-01 0.000000000000000000e+00 0.000000000000000000e+00 2.808290000000000092e-02 0.000000000000000000e+00 nan nan 9.637842327708437962e-01 1.019722236110000013e-01 8.216689068299999621e-02 5.392805177119999738e-02 1.409609999999999985e+01 2.658599999999999852e+01 2.929269999999999996e+01 2.788579999999999970e+01 3.135960932473231821e-01 6.314825736897691222e-01
-4.116150000000000087e-01 -9.666700000000000292e-01 -1.093150000000000066e+00 6.136119999999999769e-02 -3.327640000000000042e-01 -4.330849999999999977e-01 0.000000000000000000e+00 0.000000000000000000e+00 2.955729999999999968e+00 0.000000000000000000e+00 nan nan 9.697320096904025188e-01 9.803253276730000687e-02 8.141379130039999579e-02 4.872616048049999843e-02 9.412720000000000198e+00 2.181350000000000122e+01 2.631520000000000081e+01 2.710820000000000007e+01 3.135960932473231821e-01 6.314825736897691222e-01
-4.108890000000000042e-01 -5.208310000000000439e-01 -4.849669999999999814e-01 -1.781159999999999966e-01 -3.350299999999999945e-01 -4.331760000000000055e-01 0.000000000000000000e+00 0.000000000000000000e+00 1.840440000000000076e+00 0.000000000000000000e+00 nan nan 9.752958960155342361e-01 9.803253276730000687e-02 8.141379130039999579e-02 4.872616048049999843e-02 9.412720000000000198e+00 2.181350000000000122e+01 2.631520000000000081e+01 2.710820000000000007e+01 1.926484417534192195e-01 6.530751505342422547e-01
-4.097450000000000259e-01 -2.430180000000000118e-01 -2.542329999999999868e-01 -3.972620000000000040e-01 -5.730819999999999803e-01 -4.302050000000000041e-01 0.000000000000000000e+00 0.000000000000000000e+00 -1.087210000000000010e+00 0.000000000000000000e+00 nan nan 9.804128506909589591e-01 7.293231828019999807e-02 7.210006317469999648e-02 3.631053913150000118e-02 1.007269999999999932e+01 2.288710000000000022e+01 2.700590000000000046e+01 2.730880000000000152e+01 1.926484417534192195e-01 6.530751505342422547e-01
-4.108410000000000117e-01 -4.908790000000000098e-01 -4.682339999999999836e-01 -5.183449999999999447e-01 -4.091040000000000232e-01 -4.326579999999999870e-01 0.000000000000000000e+00 0.000000000000000000e+00 -1.113289999999999974e-01 0.000000000000000000e+00 nan nan 9.850248965755730168e-01 7.293231828019999807e-02 7.210006317469999648e-02 3.631053913150000118e-02 1.007269999999999932e+01 2.288710000000000022e+01 2.700590000000000046e+01 2.730880000000000152e+01 3.909942311605321130e-01 7.125653229456704318e-01
-4.117450000000000276e-01 -1.168870000000000076e+00 -1.289700000000000069e+00 -5.397220000000000351e-01 -4.912219999999999920e-01 -4.349419999999999953e-01 0.000000000000000000e+00 0.000000000000000000e+00 3.069060000000000121e-01 0.000000000000000000e+00 nan nan 9.890797773466234455e-01 6.534350796210000589e-02 6.780144409430000074e-02 3.332154752170000261e-02 8.723100000000000520e+00 1.835099999999999909e+01 2.220599999999999952e+01 2.474080000000000013e+01 3.909942311605321130e-01 7.125653229456704318e-01
-4.109979999999999745e-01 -5.245060000000000278e-01 -5.646229999999999860e-01 -4.452550000000000119e-01 -5.677029999999999577e-01 -4.353179999999999827e-01 0.000000000000000000e+00 0.000000000000000000e+00 -8.083879999999999955e-01 0.000000000000000000e+00 nan nan 9.925315495847263358e-01 6.534350796210000589e-02 6.780144409430000074e-02 3.332154752170000261e-02 8.723100000000000520e+00 1.835099999999999909e+01 2.220599999999999952e+01 2.474080000000000013e+01 6.422769592881615308e-01 7.618918622354505787e-01
-4.114610000000000212e-01 -8.086879999999999624e-01 -7.500569999999999737e-01 -4.553459999999999730e-01 -4.120400000000000174e-01 -4.350879999999999748e-01 0.000000000000000000e+00 0.000000000000000000e+00 4.463179999999999925e-01 0.000000000000000000e+00 nan nan 9.953411033311655443e-01 7.576308385159999381e-02 6.701897146360000224e-02 3.941316955949999978e-02 9.386770000000000280e+00 1.523719999999999963e+01 1.730730000000000146e+01 1.936449999999999960e+01 6.422769592881615308e-01 7.618918622354505787e-01
-4.117959999999999954e-01 -1.337820000000000009e+00 -1.341450000000000031e+00 -4.424960000000000004e-01 -5.912659999999999583e-01 -4.356949999999999990e-01 0.000000000000000000e+00 0.000000000000000000e+00 1.282790000000000097e+00 0.000000000000000000e+00 nan nan 9.974766052193534405e-01 7.576308385159999381e-02 6.701897146360000224e-02 3.941316955949999978e-02 9.386770000000000280e+00 1.523719999999999963e+01 1.730730000000000146e+01 1.936449999999999960e+01 8.663158068401167755e-01 8.092672857201640424e-01
-4.117939999999999934e-01 -1.338540000000000063e+00 -1.286319999999999908e+00 -8.288180000000000547e-01 -7.500210000000000488e-01 -4.346459999999999768e-01 0.000000000000000000e+00 0.000000000000000000e+00 3.069060000000000121e-01 0.000000000000000000e+00 nan nan 9.989138591595934091e-01 5.576318132400000238e-02 6.767235932930000530e-02 4.045292027369999655e-02 8.930410000000000181e+00 1.344389999999999930e+01 1.335940000000000083e+01 1.733960000000000079e+01 8.663158068401167755e-01 8.092672857201640424e-01
-4.111449999999999827e-01 -6.175300000000000233e-01 -5.341310000000000224e-01 -8.284120000000000372e-01 -7.742850000000000010e-01 -4.337449999999999917e-01 0.000000000000000000e+00 6.511993743489874475e-04 -3.901519999999999988e-01 0.000000000000000000e+00 nan nan 9.997276934544058191e-01 5.576318132400000238e-02 6.767235932930000530e-02 4.045292027369999655e-02 8.930410000000000181e+00 1.344389999999999930e+01 1.335940000000000083e+01 1.733960000000000079e+01 8.875708731350260283e-01 8.330407231130070311e-01
-4.116150000000000087e-01 -9.259420000000000428e-01 -9.677459999999999951e-01 -7.077179999999999582e-01 -8.081239999999999535e-01 -4.331189999999999762e-01 0.000000000000000000e+00 1.323611502410448892e-03 -9.477989999999999471e-01 0.000000000000000000e+00 nan nan 1.000000000000000000e+00 3.994482121150000342e-02 5.876775484780000225e-02 3.781332950469999676e-02 9.806169999999999831e+00 1.495279999999999987e+01 1.486309999999999931e+01 1.613700000000000045e+01 8.875708731350260283e-01 8.330407231130070311e-01
-4.100570000000000048e-01 -2.976289999999999769e-01 -2.865909999999999846e-01 -6.995670000000000499e-01 -8.145510000000000250e-01 -4.312150000000000150e-01 0.000000000000000000e+00 2.059421542634054525e-03 -1.087210000000000010e+00 0.000000000000000000e+00 nan nan 9.997276934544060412e-01 3.994482121150000342e-02 5.876775484780000225e-02 3.781332950469999676e-02 9.806169999999999831e+00 1.495279999999999987e+01 1.486309999999999931e+01 1.613700000000000045e+01 1.000000000000000000e+00 8.466230951760460588e-01
-4.108499999999999930e-01 -4.640589999999999993e-01 -5.347469999999999724e-01 -6.308059999999999778e-01 -7.000889999999999613e-01 -4.309220000000000272e-01 0.000000000000000000e+00 2.900096329792156702e-03 -1.087210000000000010e+00 0.000000000000000000e+00 nan nan 9.989138591595934091e-01 3.797608894969999732e-02 7.255599900169999728e-02 4.177950502709999736e-02 8.584310000000000329e+00 1.848270000000000124e+01 1.711919999999999931e+01 1.622569999999999979e+01 1.000000000000000000e+00 8.466230951760460588e-01
-4.111429999999999807e-01 -5.761429999999999607e-01 -6.380949999999999678e-01 -6.615560000000000329e-01 -6.347990000000000022e-01 -4.303379999999999983e-01 0.000000000000000000e+00 3.885914539172308224e-03 -1.087210000000000010e+00 0.000000000000000000e+00 nan nan 9.946795753791847217e-01 3.797608894969999732e-02 7.255599900169999728e-02 4.177950502709999736e-02 8.584310000000000329e+00 1.848270000000000124e+01 1.711919999999999931e+01 1.622569999999999979e+01 6.919637701483178915e-01 7.577358826998779051e-01
-4.116870000000000251e-01 -9.794739999999999558e-01 -1.165389999999999926e+00 -8.651119999999999921e-01 -8.402509999999999701e-01 -4.309419999999999917e-01 0.000000000000000000e+00 5.055510313091815533e-03 -5.295640000000000347e-01 0.000000000000000000e+00 nan nan 9.896559306868674133e-01 4.194958613199999825e-02 7.535313040850000199e-02 4.271820194139999693e-02 1.123540000000000028e+01 1.843140000000000001e+01 1.657270000000000110e+01 1.522000000000000064e+01 6.919637701483178915e-01 7.577358826998779051e-01
-4.115800000000000014e-01 -8.490290000000000337e-01 -9.793910000000000116e-01 -8.561480000000000201e-01 -7.969749999999999890e-01 -4.334080000000000155e-01 0.000000000000000000e+00 6.445435520628151060e-03 -5.295640000000000347e-01 0.000000000000000000e+00 nan nan 9.836859275907043898e-01 4.194958613199999825e-02 7.535313040850000199e-02 4.271820194139999693e-02 1.123540000000000028e+01 1.843140000000000001e+01 1.657270000000000110e+01 1.522000000000000064e+01 7.111675713130847232e-01 8.595093749571371955e-01
-4.093609999999999749e-01 -1.961910000000000043e-01 -1.700780000000000070e-01 -1.014559999999999906e+00 -9.659569999999999546e-01 -4.337280000000000024e-01 0.000000000000000000e+00 8.089745610337040205e-03 -1.087210000000000010e+00 0.000000000000000000e+00 nan nan 9.766232912176204817e-01 6.718541303870000092e-02 7.675286102280000355e-02 4.835655367180000108e-02 1.304100000000000037e+01 1.812620000000000076e+01 1.904680000000000106e+01 1.793039999999999878e+01 7.111675713130847232e-01 8.595093749571371955e-01
-4.108220000000000205e-01 -4.680759999999999921e-01 -4.843629999999999880e-01 -7.944229999999999903e-01 -7.217900000000000427e-01 -4.347070000000000101e-01 0.000000000000000000e+00 1.001961374841153773e-02 -1.087210000000000010e+00 0.000000000000000000e+00 nan nan 9.683341266661614766e-01 6.718541303870000092e-02 7.675286102280000355e-02 4.835655367180000108e-02 1.304100000000000037e+01 1.812620000000000076e+01 1.904680000000000106e+01 1.793039999999999878e+01 7.447082309075611084e-01 8.547670319722384669e-01
-4.117419999999999969e-01 -1.197049999999999947e+00 -1.057399999999999896e+00 -8.075639999999999485e-01 -8.494019999999999904e-01 -4.352199999999999958e-01 0.000000000000000000e+00 1.226297761425365618e-02 -8.083879999999999955e-01 0.000000000000000000e+00 nan nan 9.586984360892301105e-01 7.569106919970000624e-02 6.822487578670000108e-02 4.919470843089999990e-02 9.970789999999999154e+00 1.742170000000000130e+01 2.014440000000000097e+01 1.902690000000000126e+01 7.447082309075611084e-01 8.547670319722384669e-01
-4.116969999999999796e-01 -1.105240000000000000e+00 -9.594979999999999620e-01 -9.541169999999999929e-01 -9.706979999999999498e-01 -4.344219999999999748e-01 0.000000000000000000e+00 1.484422285540387687e-02 -5.295640000000000347e-01 0.000000000000000000e+00 nan nan 9.476114783176421419e-01 7.569106919970000624e-02 6.822487578670000108e-02 4.919470843089999990e-02 9.970789999999999154e+00 1.742170000000000130e+01 2.014440000000000097e+01 1.902690000000000126e+01 7.335610072646682189e-01 8.609495658853059119e-01
-4.116679999999999784e-01 -1.036470000000000002e+00 -9.369659999999999656e-01 -8.454490000000000061e-01 -8.469219999999999526e-01 -4.345289999999999986e-01 0.000000000000000000e+00 1.778390678840902073e-02 -3.901519999999999988e-01 0.000000000000000000e+00 nan nan 9.349849556194265165e-01 6.447534121579999444e-02 4.594012408720000301e-02 3.609077616370000297e-02 8.396850000000000591e+00 1.414690000000000047e+01 1.852670000000000172e+01 1.911260000000000048e+01 7.335610072646682189e-01 8.609495658853059119e-01
-4.113760000000000194e-01 -7.020450000000000301e-01 -7.503720000000000390e-01 -8.290960000000000552e-01 -8.481750000000000123e-01 -4.341320000000000179e-01 0.000000000000000000e+00 2.109852547621293706e-02 -6.689760000000000151e-01 0.000000000000000000e+00 nan nan 9.207480141484087888e-01 6.447534121579999444e-02 4.594012408720000301e-02 3.609077616370000297e-02 8.396850000000000591e+00 1.414690000000000047e+01 1.852670000000000172e+01 1.911260000000000048e+01 8.669977287600568738e-01 9.094840001645931871e-01
-4.094559999999999866e-01 -2.156530000000000113e-01 -1.644299999999999928e-01 -9.823359999999999870e-01 -9.696599999999999664e-01 -4.339000000000000079e-01 0.000000000000000000e+00 2.480032682117105924e-02 -1.087210000000000010e+00 0.000000000000000000e+00 nan nan 9.048480467466014643e-01 7.178139031800000180e-02 4.959251914429999714e-02 2.888417913460000069e-02 5.809980000000000366e+00 1.331649999999999956e+01 1.749220000000000041e+01 2.029960000000000164e+01 8.669977287600568738e-01 9.094840001645931871e-01
-4.114160000000000039e-01 -8.097389999999999866e-01 -6.196749999999999758e-01 -8.402249999999999996e-01 -8.692140000000000422e-01 -4.341849999999999876e-01 0.000000000000000000e+00 2.889717179142292647e-02 -6.689760000000000151e-01 0.000000000000000000e+00 nan nan 8.872512890043243727e-01 7.178139031800000180e-02 4.959251914429999714e-02 2.888417913460000069e-02 5.809980000000000366e+00 1.331649999999999956e+01 1.749220000000000041e+01 2.029960000000000164e+01 7.452361704584824498e-01 6.658448434306718511e-01
-4.114320000000000199e-01 -7.515880000000000338e-01 -7.582780000000000076e-01 -8.660499999999999865e-01 -9.147880000000000456e-01 -4.356820000000000137e-01 0.000000000000000000e+00 3.339244535298213634e-02 2.808290000000000092e-02 0.000000000000000000e+00 nan nan 8.679432018244578328e-01 6.071047258690000226e-02 7.998002591130000394e-02 3.735343970559999727e-02 1.621999999999999886e+01 1.886769999999999925e+01 2.140780000000000172e+01 2.116440000000000055e+01 7.452361704584824498e-01 6.658448434306718511e-01
-4.114249999999999852e-01 -7.843830000000000524e-01 -6.735430000000000028e-01 -9.153069999999999817e-01 -9.992269999999999763e-01 -4.355749999999999900e-01 0.000000000000000000e+00 3.828501811671880528e-02 2.808290000000000092e-02 0.000000000000000000e+00 nan nan 8.469286361562224918e-01 6.071047258690000226e-02 7.998002591130000394e-02 3.735343970559999727e-02 1.621999999999999886e+01 1.886769999999999925e+01 2.140780000000000172e+01 2.116440000000000055e+01 9.579738119985261591e-01 1.000000000000000000e+00
-4.117720000000000269e-01 -1.215130000000000043e+00 -1.236509999999999998e+00 -9.053369999999999473e-01 -9.390429999999999611e-01 -4.356030000000000180e-01 0.000000000000000000e+00 4.356925913478970624e-02 1.422199999999999909e+00 0.000000000000000000e+00 nan nan 8.242317780319867726e-01 4.582767513440000329e-02 8.521807227619999925e-02 3.899001921289999700e-02 4.418300000000000338e+00 1.967139999999999844e+01 2.132989999999999853e+01 2.167360000000000042e+01 9.579738119985261591e-01 1.000000000000000000e+00
-4.118390000000000106e-01 -1.574680000000000080e+00 -1.551500000000000101e+00 -9.133390000000000120e-01 -9.678280000000000216e-01 -4.357139999999999902e-01 0.000000000000000000e+00 4.923509970152706305e-02 1.003970000000000029e+00 0.000000000000000000e+00 nan nan 7.998958745298552220e-01 4.582767513440000329e-02 8.521807227619999925e-02 3.899001921289999700e-02 4.418300000000000338e+00 1.967139999999999844e+01 2.132989999999999853e+01 2.167360000000000042e+01 9.018417391208706224e-01 9.235087165841413537e-01
-4.115510000000000002e-01 -8.580330000000000457e-01 -8.401509999999999811e-01 -8.376040000000000152e-01 -8.813900000000000068e-01 -4.354799999999999782e-01 0.000000000000000000e+00 5.526814743589747447e-02 -6.689760000000000151e-01 0.000000000000000000e+00 nan nan 7.739827437669930532e-01 4.000608743839999953e-02 6.894212008559999494e-02 3.878129288229999888e-02 1.725179999999999936e+01 1.887000000000000099e+01 1.912669999999999959e+01 1.752789999999999893e+01 9.018417391208706224e-01 9.235087165841413537e-01
-4.116949999999999776e-01 -1.100270000000000081e+00 -9.561690000000000467e-01 -8.359330000000000371e-01 -8.721480000000000343e-01 -4.354930000000000190e-01 0.000000000000000000e+00 6.164984935292983081e-02 -3.901519999999999988e-01 0.000000000000000000e+00 nan nan 7.465720744756583205e-01 4.000608743839999953e-02 6.894212008559999494e-02 3.878129288229999888e-02 1.725179999999999936e+01 1.887000000000000099e+01 1.912669999999999959e+01 1.752789999999999893e+01 8.804986829008077942e-01 9.897369251237877474e-01
-4.112469999999999737e-01 -6.381019999999999470e-01 -6.405680000000000263e-01 -7.011560000000000015e-01 -8.482830000000000092e-01 -4.347389999999999866e-01 0.000000000000000000e+00 6.835770207644797924e-02 -6.689760000000000151e-01 0.000000000000000000e+00 nan nan 7.177605230980218520e-01 4.540133159410000147e-02 6.898289588139999706e-02 4.251659170190000281e-02 6.412390000000000256e+00 2.067599999999999838e+01 2.132829999999999870e+01 1.863870000000000005e+01 8.804986829008077942e-01 9.897369251237877474e-01
-4.113840000000000274e-01 -7.258289999999999464e-01 -7.064690000000000136e-01 -8.395740000000000425e-01 -8.841419999999999835e-01 -4.355490000000000195e-01 0.000000000000000000e+00 7.536550681131548579e-02 -3.901519999999999988e-01 0.000000000000000000e+00 nan nan 6.876606186300568968e-01 4.540133159410000147e-02 6.898289588139999706e-02 4.251659170190000281e-02 6.412390000000000256e+00 2.067599999999999838e+01 2.132829999999999870e+01 1.863870000000000005e+01 8.360197757356782056e-01 9.157042533638743986e-01
-4.118280000000000274e-01 -1.401210000000000067e+00 -1.681640000000000024e+00 -7.536000000000000476e-01 -8.504420000000000313e-01 -4.358420000000000072e-01 0.000000000000000000e+00 8.264366618625207384e-02 2.808290000000000092e-02 0.000000000000000000e+00 nan nan 6.563994876230498932e-01 4.442996573219999690e-02 5.334182053230000081e-02 4.191473790420000012e-02 1.490160000000000018e+01 2.063050000000000139e+01 2.089410000000000167e+01 -1.000000000000000000e+00 8.360197757356782056e-01 9.157042533638743986e-01
-4.116110000000000047e-01 -9.103329999999999478e-01 -9.503570000000000073e-01 -7.869239999999999569e-01 -8.046830000000000371e-01 -4.351979999999999738e-01 0.000000000000000000e+00 9.015951960387758035e-02 1.422199999999999909e+00 0.000000000000000000e+00 nan nan 6.241174137889771156e-01 4.442996573219999690e-02 5.334182053230000081e-02 4.191473790420000012e-02 1.490160000000000018e+01 2.063050000000000139e+01 2.089410000000000167e+01 -1.000000000000000000e+00 9.595796281325787991e-01 9.724203437255680704e-01
-4.117620000000000169e-01 -1.227170000000000094e+00 -1.149699999999999944e+00 -7.507470000000000532e-01 -8.133590000000000542e-01 -4.349939999999999918e-01 0.000000000000000000e+00 9.787771329833039324e-02 1.003970000000000029e+00 0.000000000000000000e+00 nan nan 5.909662485299931323e-01 4.697121097689999775e-02 6.492073569310000125e-02 4.711034738110000258e-02 8.126089999999999591e+00 1.457830000000000048e+01 -1.000000000000000000e+00 -1.000000000000000000e+00 9.595796281325787991e-01 9.724203437255680704e-01
-4.117020000000000124e-01 -1.082580000000000098e+00 -1.022119999999999918e+00 -9.437179999999999458e-01 -8.998540000000000427e-01 -4.345660000000000078e-01 0.000000000000000000e+00 1.057606009075613418e-01 -9.477989999999999471e-01 0.000000000000000000e+00 nan nan 5.571076904013689823e-01 4.697121097689999775e-02 6.492073569310000125e-02 4.711034738110000258e-02 8.126089999999999591e+00 1.457830000000000048e+01 -1.000000000000000000e+00 -1.000000000000000000e+00 8.826599354373924067e-01 7.538165059596472206e-01
-4.108200000000000185e-01 -4.854559999999999986e-01 -4.350789999999999935e-01 -9.364270000000000094e-01 -9.251930000000000431e-01 -4.347110000000000141e-01 0.000000000000000000e+00 1.137686700216585800e-01 -9.477989999999999471e-01 0.000000000000000000e+00 nan nan 5.227114530022475281e-01 6.266575399649999822e-02 6.978521403890000641e-02 5.699334947439999716e-02 6.702090000000000103e+00 -1.000000000000000000e+00 -1.000000000000000000e+00 -1.000000000000000000e+00 8.826599354373924067e-01 7.538165059596472206e-01
-4.115619999999999834e-01 -9.082000000000000073e-01 -7.845550000000000024e-01 -8.267259999999999609e-01 -8.258510000000000018e-01 -4.342909999999999826e-01 0.000000000000000000e+00 1.218609898742399889e-01 -3.901519999999999988e-01 0.000000000000000000e+00 nan nan 4.879533420527527587e-01 6.266575399649999822e-02 6.978521403890000641e-02 5.699334947439999716e-02 6.702090000000000103e+00 -1.000000000000000000e+00 -1.000000000000000000e+00 -1.000000000000000000e+00 0.000000000000000000e+00 0.000000000000000000e+00
