-6.923610000000000042e-01 -1.356540000000000079e+00 -1.377299999999999969e+00 -1.000890000000000057e+00 -9.685869999999999758e-01 -8.308510000000000062e-01 0.000000000000000000e+00 1.873611227966229809e-01 -9.932619999999999783e-01 1.593816869819142390e-02 0.000000000000000000e+00 nan 8.874418551395726329e-01 2.202785910589999951e-01 4.882824026450000021e-02 1.161531999679999982e-01 -1.000000000000000000e+00 -1.000000000000000000e+00 -1.000000000000000000e+00 -1.000000000000000000e+00 0.000000000000000000e+00 0.000000000000000000e+00
-6.901049999999999685e-01 -1.194989999999999997e+00 -1.251700000000000035e+00 -9.865260000000000140e-01 -9.861670000000000158e-01 -8.286409999999999609e-01 0.000000000000000000e+00 1.756367038334970543e-01 -9.932619999999999783e-01 2.073529291837372668e-02 0.000000000000000000e+00 nan 9.163439515048212858e-01 2.003435967220000002e-01 6.123676836670000068e-02 1.056070353200000006e-01 1.362979999999999947e+01 -1.000000000000000000e+00 -1.000000000000000000e+00 -1.000000000000000000e+00 0.000000000000000000e+00 0.000000000000000000e+00
-6.841040000000000454e-01 -9.106880000000000530e-01 -1.056400000000000006e+00 -1.138530000000000042e+00 -1.213559999999999972e+00 -7.544859999999999900e-01 0.000000000000000000e+00 1.652387333229646815e-01 -9.932619999999999783e-01 2.643610342572566552e-02 0.000000000000000000e+00 nan 9.413632274899683683e-01 2.003435967220000002e-01 6.123676836670000068e-02 1.056070353200000006e-01 1.362979999999999947e+01 -1.000000000000000000e+00 -1.000000000000000000e+00 -1.000000000000000000e+00 0.000000000000000000e+00 0.000000000000000000e+00
-6.927290000000000392e-01 -1.354309999999999903e+00 -1.480879999999999974e+00 -1.015989999999999949e+00 -1.052950000000000053e+00 -6.861779999999999546e-01 0.000000000000000000e+00 1.562687975490444359e-01 -9.932619999999999783e-01 3.318027943313228700e-02 0.000000000000000000e+00 nan 9.622162047009065189e-01 2.454245727409999911e-01 5.723201617049999967e-02 1.023907438999999975e-01 1.149729999999999919e+01 2.786550000000000082e+01 -1.000000000000000000e+00 -1.000000000000000000e+00 0.000000000000000000e+00 0.000000000000000000e+00
-6.905250000000000554e-01 -1.187500000000000000e+00 -1.353159999999999918e+00 -8.199349999999999694e-01 -9.560659999999999714e-01 -7.035320000000000462e-01 0.000000000000000000e+00 1.476436966923033722e-01 -9.932619999999999783e-01 4.109567840545447215e-02 0.000000000000000000e+00 nan 9.786666105734089793e-01 2.454245727409999911e-01 5.723201617049999967e-02 1.023907438999999975e-01 1.149729999999999919e+01 2.786550000000000082e+01 -1.000000000000000000e+00 -1.000000000000000000e+00 6.211025120080797546e-01 7.772448716618527431e-01
-6.469770000000000243e-01 -3.380360000000000031e-01 -3.687469999999999914e-01 -8.690769999999999884e-01 -9.682720000000000216e-01 -7.507150000000000212e-01 9.854700850727704520e-04 1.395829289491130609e-01 -9.932619999999999783e-01 5.029688738336424159e-02 0.000000000000000000e+00 nan 9.905280554356917788e-01 2.675844168779999976e-01 4.829079388629999720e-02 1.096987289920000053e-01 1.333210000000000051e+01 3.179960000000000164e+01 3.258070000000000022e+01 -1.000000000000000000e+00 6.211025120080797546e-01 7.772448716618527431e-01
-6.167529999999999957e-01 -1.187280000000000002e-01 -1.557209999999999983e-01 -8.160699999999999621e-01 -9.083750000000000435e-01 -6.773259999999999836e-01 3.616102447974389733e-03 1.322995983961727795e-01 -9.932619999999999783e-01 6.088392466638670175e-02 0.000000000000000000e+00 nan 9.976661443778723770e-01 2.675844168779999976e-01 4.829079388629999720e-02 1.096987289920000053e-01 1.333210000000000051e+01 3.179960000000000164e+01 3.258070000000000022e+01 -1.000000000000000000e+00 7.816291059412103781e-01 8.039667850365317392e-01
-6.729119999999999546e-01 -6.792230000000000212e-01 -6.754240000000000244e-01 -8.224639999999999729e-01 -8.946709999999999940e-01 -7.355610000000000204e-01 6.987127796990511008e-03 1.259980004361677119e-01 -7.817209999999999992e-01 7.294110656560071071e-02 0.000000000000000000e+00 nan 1.000000000000000000e+00 2.344945066380000054e-01 4.803075908510000269e-02 1.028908917189999966e-01 1.628490000000000038e+01 3.432719999999999771e+01 3.691080000000000183e+01 3.528309999999999746e+01 7.816291059412103781e-01 8.039667850365317392e-01
-6.797809999999999686e-01 -8.505690000000000195e-01 -7.793210000000000415e-01 -8.167280000000000095e-01 -8.740080000000000071e-01 -8.114940000000000486e-01 1.061010466637490879e-02 1.208713070492251074e-01 -7.817209999999999992e-01 8.653609206614432114e-02 0.000000000000000000e+00 nan 9.975031787853146925e-01 2.344945066380000054e-01 4.803075908510000269e-02 1.028908917189999966e-01 1.628490000000000038e+01 3.432719999999999771e+01 3.691080000000000183e+01 3.528309999999999746e+01 9.727249239586146512e-01 9.922518500172367029e-01
-6.457530000000000214e-01 -3.214150000000000063e-01 -3.726329999999999920e-01 -7.262220000000000342e-01 -9.582739999999999592e-01 -8.093510000000000426e-01 1.469755734285538296e-02 1.170993780771912851e-01 -9.932619999999999783e-01 1.017191162238767488e-01 0.000000000000000000e+00 nan 9.902039707158580839e-01 2.088247437059999878e-01 4.343508763460000172e-02 8.252493735490000482e-02 1.694910000000000139e+01 4.455330000000000013e+01 4.326930000000000121e+01 3.937460000000000093e+01 9.727249239586146512e-01 9.922518500172367029e-01
-6.814519999999999467e-01 -8.490490000000000537e-01 -9.269180000000000197e-01 -6.297989999999999977e-01 -7.606479999999999908e-01 -8.229039999999999688e-01 1.946805090342906830e-02 1.148467233397547638e-01 -3.586389999999999856e-01 1.185224209821233998e-01 0.000000000000000000e+00 nan 9.781850787356723975e-01 2.088247437059999878e-01 4.343508763460000172e-02 8.252493735490000482e-02 1.694910000000000139e+01 4.455330000000000013e+01 4.326930000000000121e+01 3.937460000000000093e+01 1.666216486007210396e-01 6.614075192197630404e-01
-6.968079999999999830e-01 -2.070840000000000014e+00 -1.954059999999999908e+00 -9.296659999999999924e-01 -1.085439999999999960e+00 -8.505559999999999787e-01 2.510437482833705047e-02 1.142606386724556167e-01 -3.586389999999999856e-01 1.369598898575751234e-01 0.000000000000000000e+00 nan 9.615826816933991106e-01 1.596660011240000066e-01 4.406275753990000071e-02 7.869527693359999743e-02 1.860379999999999967e+01 3.709810000000000230e+01 3.718399999999999750e+01 3.535300000000000153e+01 1.666216486007210396e-01 6.614075192197630404e-01
-6.961739999999999595e-01 -1.777120000000000033e+00 -2.063719999999999999e+00 -9.962720000000000464e-01 -1.158609999999999918e+00 -8.516390000000000349e-01 3.177515362662453047e-02 1.154695370060111470e-01 -9.932619999999999783e-01 1.570268906344950421e-01 0.000000000000000000e+00 nan 9.405848913815078038e-01 1.596660011240000066e-01 4.406275753990000071e-02 7.869527693359999743e-02 1.860379999999999967e+01 3.709810000000000230e+01 3.718399999999999750e+01 3.535300000000000153e+01 1.543728200490893654e-01 5.877883801178789280e-01
-6.940269999999999495e-01 -1.451270000000000060e+00 -1.689210000000000100e+00 -9.326489999999999503e-01 -1.053660000000000041e+00 -8.393819999999999615e-01 3.962786506388116248e-02 1.185814933965003704e-01 -9.932619999999999783e-01 1.787003278495754577e-01 0.000000000000000000e+00 nan 9.154296211545240869e-01 1.278852201669999911e-01 4.572866891929999733e-02 9.901490960559999888e-02 1.671689999999999898e+01 3.543639999999999901e+01 3.957719999999999771e+01 3.794449999999999790e+01 1.543728200490893654e-01 5.877883801178789280e-01
-6.916309999999999958e-01 -1.276480000000000059e+00 -1.382900000000000018e+00 -8.805800000000000294e-01 -1.049970000000000070e+00 -8.432790000000000008e-01 4.879800831148328744e-02 1.236830204917938048e-01 -7.817209999999999992e-01 2.019389044727646354e-01 0.000000000000000000e+00 nan 8.864018902756556351e-01 1.278852201669999911e-01 4.572866891929999733e-02 9.901490960559999888e-02 1.671689999999999898e+01 3.543639999999999901e+01 3.957719999999999771e+01 3.794449999999999790e+01 2.020704395720543944e-01 6.115080945575521731e-01
-6.922779999999999490e-01 -1.424609999999999932e+00 -1.262750000000000039e+00 -8.652090000000000058e-01 -8.906509999999999705e-01 -8.361260000000000359e-01 5.941102808554366010e-02 1.308380883086841528e-01 -3.586389999999999856e-01 2.266835898191189580e-01 0.000000000000000000e+00 nan 8.538305945346523762e-01 1.677598360460000049e-01 4.836162501380000117e-02 1.509636574740000070e-01 1.656330000000000169e+01 4.560759999999999792e+01 5.427550000000000097e+01 5.259490000000000265e+01 2.020704395720543944e-01 6.115080945575521731e-01
-6.770270000000000454e-01 -7.663769999999999749e-01 -7.531170000000000364e-01 -9.451129999999999809e-01 -1.107779999999999987e+00 -8.400859999999999994e-01 7.156479156743178471e-02 1.400873994270358525e-01 -5.701800000000000201e-01 2.528582883900508671e-01 0.000000000000000000e+00 nan 8.180847797270894839e-01 1.677598360460000049e-01 4.836162501380000117e-02 1.509636574740000070e-01 1.656330000000000169e+01 4.560759999999999792e+01 5.427550000000000097e+01 5.259490000000000265e+01 1.000000000000000000e+00 8.458168357425672745e-01
-6.974359999999999449e-01 -2.216839999999999922e+00 -2.333650000000000002e+00 -9.248220000000000329e-01 -1.123599999999999932e+00 -7.871489999999999876e-01 8.534031438135813996e-02 1.514479278132898621e-01 -7.817209999999999992e-01 2.803707020657342230e-01 0.000000000000000000e+00 nan 7.795694602180396338e-01 1.963924006040000114e-01 4.972511609520000042e-02 1.811380749710000126e-01 2.095929999999999893e+01 4.956159999999999854e+01 6.743219999999999459e+01 6.802630000000000621e+01 1.000000000000000000e+00 8.458168357425672745e-01
-6.909100000000000241e-01 -1.249789999999999957e+00 -1.279300000000000104e+00 -9.232430000000000359e-01 -1.094289999999999985e+00 -7.666479999999999961e-01 1.008065695093739444e-01 1.649127264986424146e-01 -7.817209999999999992e-01 3.091133758796816844e-01 0.000000000000000000e+00 nan 7.387210299674809022e-01 1.963924006040000114e-01 4.972511609520000042e-02 1.811380749710000126e-01 2.095929999999999893e+01 4.956159999999999854e+01 6.743219999999999459e+01 6.802630000000000621e+01 7.418938121689704346e-01 7.643022816042519541e-01
-6.926529999999999632e-01 -1.487400000000000055e+00 -1.230930000000000080e+00 -7.659169999999999590e-01 -1.001239999999999908e+00 -7.411499999999999755e-01 1.180064186812020965e-01 1.804510062909776558e-01 -7.817209999999999992e-01 3.389649155264531366e-01 0.000000000000000000e+00 nan 6.960023180123570130e-01 2.134010806620000034e-01 4.295516748259999712e-02 1.638514338940000037e-01 1.641989999999999839e+01 4.507240000000000180e+01 6.674110000000000298e+01 7.505490000000000350e+01 7.418938121689704346e-01 7.643022816042519541e-01
-6.157850000000000268e-01 -1.331170000000000131e-01 -9.809750000000000414e-02 -8.579579999999999984e-01 -8.188879999999999493e-01 -6.398340000000000138e-01 1.369621918225620849e-01 1.980084846287162303e-01 -7.817209999999999992e-01 3.697913628076416881e-01 0.000000000000000000e+00 nan 6.518973444286506602e-01 2.134010806620000034e-01 4.295516748259999712e-02 1.638514338940000037e-01 1.641989999999999839e+01 4.507240000000000180e+01 6.674110000000000298e+01 7.505490000000000350e+01 5.058836654883677175e-01 7.628497126657987071e-01
-6.011710000000000109e-01 -5.082880000000000037e-02 -3.463449999999999862e-02 -1.006350000000000078e+00 -1.057739999999999903e+00 -6.229789999999999495e-01 1.576796981289573241e-01 2.175080006239281660e-01 -9.932619999999999783e-01 4.014477134317894214e-01 0.000000000000000000e+00 nan 6.069058361905182997e-01 2.402324572320000129e-01 3.867955973559999983e-02 1.522665713280000055e-01 2.077139999999999986e+01 5.364500000000000313e+01 7.363190000000000168e+01 8.184999999999999432e+01 5.058836654883677175e-01 7.628497126657987071e-01
-6.811059999999999892e-01 -9.756299999999999972e-01 -6.745419999999999749e-01 -7.562429999999999986e-01 -8.418020000000000502e-01 -6.416209999999999969e-01 1.801409748413890233e-01 2.388503893260263133e-01 -9.932619999999999783e-01 4.337795599709498573e-01 0.000000000000000000e+00 nan 5.615375650639926608e-01 2.402324572320000129e-01 3.867955973559999983e-02 1.522665713280000055e-01 2.077139999999999986e+01 5.364500000000000313e+01 7.363190000000000168e+01 8.184999999999999432e+01 8.477293278998485615e-01 1.000000000000000000e+00
-5.874880000000000102e-01 9.130469999999999905e-03 3.301749999999999824e-02 -9.522969999999999491e-01 -1.055369999999999919e+00 -5.910819999999999963e-01 2.043059673183895697e-01 2.619156053002793527e-01 -9.932619999999999783e-01 4.666248413585455390e-01 0.000000000000000000e+00 nan 5.163065716891783730e-01 3.396389369339999909e-01 4.173767445979999907e-02 1.324493989820000051e-01 3.240950000000000131e+01 5.906589999999999918e+01 8.837430000000000518e+01 1.041140000000000043e+02 8.477293278998485615e-01 1.000000000000000000e+00
-6.592449999999999699e-01 -5.034429999999999739e-01 -4.113720000000000154e-01 -8.051089999999999636e-01 -8.671079999999999899e-01 -3.714620000000000144e-01 2.301173957086670718e-01 2.865640827905556742e-01 -7.817209999999999992e-01 4.998156791060073267e-01 0.000000000000000000e+00 nan 4.717253412944003577e-01 3.396389369339999909e-01 4.173767445979999907e-02 1.324493989820000051e-01 3.240950000000000131e+01 5.906589999999999918e+01 8.837430000000000518e+01 1.041140000000000043e+02 6.598454510223015212e-01 9.226891937573005187e-01
-6.413769999999999749e-01 -3.194290000000000185e-01 -2.455779999999999907e-01 -8.680999999999999828e-01 -9.614949999999999886e-01 -8.966100000000000458e-02 2.575044496746741185e-01 3.126383170551081392e-01 -7.817209999999999992e-01 5.331802794331321760e-01 0.000000000000000000e+00 nan 4.282989970337870433e-01 4.457429679870000272e-01 4.467240302839999705e-02 1.162433834119999954e-01 2.248209999999999908e+01 8.553440000000000509e+01 1.139599999999999937e+02 1.231280000000000001e+02 6.598454510223015212e-01 9.226891937573005187e-01
-5.954599999999999893e-01 -4.508039999999999617e-03 -1.732059999999999989e-01 1.317229999999999901e+00 9.795869999999999855e-01 1.417259999999999909e-01 2.863625416002665292e-01 3.399646489582331954e-01 -9.932619999999999783e-01 5.665448797602570252e-01 0.000000000000000000e+00 nan 3.865195767400978477e-01 4.457429679870000272e-01 4.467240302839999705e-02 1.162433834119999954e-01 2.248209999999999908e+01 8.553440000000000509e+01 1.139599999999999937e+02 1.231280000000000001e+02 3.016229991426995216e-01 5.294479903340574278e-01
6.832279999999999465e-01 1.064640000000000031e+00 1.208429999999999893e+00 2.887480000000000047e+00 2.743529999999999802e+00 6.151219999999999466e-01 3.165818473350291429e-01 3.683552325976696684e-01 6.444289999999999741e-02 5.997357175077189240e-01 0.000000000000000000e+00 nan 3.468604579394697351e-01 4.925157368950000003e-01 5.992182279890000129e-02 1.318323787579999962e-01 5.393919999999999959e+01 9.461239999999999384e+01 1.228700000000000045e+02 1.251179999999999950e+02 3.016229991426995216e-01 5.294479903340574278e-01
3.218869999999999787e-01 9.604200000000000514e-01 1.211160000000000014e+00 1.929829999999999934e+00 1.403589999999999893e+00 7.881249999999999645e-01 3.480298316223976451e-01 3.976101636737308098e-01 2.759840000000000071e-01 6.325809988953144947e-01 0.000000000000000000e+00 nan 3.097709942948937423e-01 4.925157368950000003e-01 5.992182279890000129e-02 1.318323787579999962e-01 5.393919999999999959e+01 9.461239999999999384e+01 1.228700000000000045e+02 1.251179999999999950e+02 2.854106234806402798e-01 5.234101231336664162e-01
1.611269999999999980e+00 1.276580000000000048e+00 1.464739999999999931e+00 1.298119999999999941e+00 1.527910000000000101e+00 1.454730000000000079e+00 3.805670077255554062e-01 4.275197444848964912e-01 -1.470980000000000065e-01 6.649128454344751527e-01 0.000000000000000000e+00 nan 2.756714242496602907e-01 5.226898722980000134e-01 6.239931385429999672e-02 1.552965158640000065e-01 2.251109999999999900e+01 9.832819999999999538e+01 1.084509999999999934e+02 1.055639999999999930e+02 2.854106234806402798e-01 5.234101231336664162e-01
3.356189999999999785e+00 1.494869999999999921e+00 1.588489999999999958e+00 1.347720000000000029e+00 1.445589999999999931e+00 2.879760000000000097e+00 4.140333470433069651e-01 4.578668598865638373e-01 2.759840000000000071e-01 6.965691960586227749e-01 0.000000000000000000e+00 nan 2.449481095578789347e-01 5.226898722980000134e-01 6.239931385429999672e-02 1.552965158640000065e-01 2.251109999999999900e+01 9.832819999999999538e+01 1.084509999999999934e+02 1.055639999999999930e+02 3.532782938544467566e-01 5.291902764901381673e-01
2.676159999999999872e+00 1.415189999999999948e+00 1.414919999999999956e+00 1.763970000000000038e+00 1.890330000000000066e+00 2.966289999999999871e+00 4.482724658082589686e-01 4.893985763902437558e-01 9.106070000000000553e-01 7.273956433398113264e-01 0.000000000000000000e+00 nan 2.054128582424934457e-01 5.535337794060000149e-01 5.428630767329999801e-02 1.713623290029999968e-01 3.341210000000000235e+01 6.808920000000000528e+01 9.011069999999999425e+01 8.677689999999999770e+01 3.532782938544467566e-01 5.291902764901381673e-01
2.681169999999999831e+00 1.414060000000000095e+00 1.431780000000000053e+00 1.445170000000000066e+00 1.535539999999999905e+00 2.375719999999999832e+00 4.831055725671725698e-01 5.210126156503007699e-01 6.990659999999999652e-01 7.572471829865827786e-01 0.000000000000000000e+00 nan 1.687259023115411649e-01 5.535337794060000149e-01 5.428630767329999801e-02 1.713623290029999968e-01 3.341210000000000235e+01 6.808920000000000528e+01 9.011069999999999425e+01 8.677689999999999770e+01 3.870829467651584199e-01 4.768107744468356168e-01
2.535280000000000200e+00 1.391329999999999956e+00 1.405620000000000092e+00 1.843450000000000033e+00 1.355730000000000102e+00 2.055369999999999919e+00 5.183565701731767117e-01 5.525443319955285482e-01 9.106070000000000553e-01 7.859898568005303510e-01 0.000000000000000000e+00 nan 1.343743878146675952e-01 5.673766574259999640e-01 5.517679301169999689e-02 1.859480518880000099e-01 1.694569999999999865e+01 6.248640000000000327e+01 7.622490000000000521e+01 8.147860000000000014e+01 3.870829467651584199e-01 4.768107744468356168e-01
2.066339999999999844e+00 1.320089999999999986e+00 1.398260000000000058e+00 1.307819999999999983e+00 1.480280000000000040e+00 2.092540000000000067e+00 5.538418823369835042e-01 5.838300125062401147e-01 1.122149999999999981e+00 8.135022704762135959e-01 0.000000000000000000e+00 nan 1.143552987258025233e-01 5.673766574259999640e-01 5.517679301169999689e-02 1.859480518880000099e-01 1.694569999999999865e+01 6.248640000000000327e+01 7.622490000000000521e+01 8.147860000000000014e+01 4.430658477293278885e-01 4.585465608589568420e-01
2.008929999999999882e+00 1.311390000000000056e+00 1.310859999999999914e+00 1.706800000000000095e+00 1.564699999999999980e+00 2.706729999999999858e+00 5.893781329258969137e-01 6.147087319470646571e-01 9.106070000000000553e-01 8.396769690471456160e-01 0.000000000000000000e+00 nan 9.675464568997971249e-02 5.708303237359999560e-01 5.617311735609999829e-02 1.868562962829999896e-01 1.624060000000000059e+01 4.405429999999999779e+01 6.538689999999999714e+01 7.146330000000000382e+01 4.430658477293278885e-01 4.585465608589568420e-01
2.462019999999999875e+00 1.382700000000000040e+00 1.250729999999999897e+00 1.769740000000000091e+00 1.805229999999999890e+00 3.460980000000000167e+00 6.247679118740827597e-01 6.450241761141666252e-01 1.333690000000000042e+00 8.644216543934999386e-01 0.000000000000000000e+00 nan 8.177185113895901747e-02 5.708303237359999560e-01 5.617311735609999829e-02 1.868562962829999896e-01 1.624060000000000059e+01 4.405429999999999779e+01 6.538689999999999714e+01 7.146330000000000382e+01 4.366243496846777816e-01 3.992790706236341025e-01
2.401419999999999888e+00 1.372330000000000050e+00 1.213130000000000042e+00 1.740250000000000075e+00 1.811290000000000067e+00 2.987550000000000150e+00 6.598417331723827051e-01 6.746264129376351448e-01 1.968310000000000004e+00 8.876602310166890053e-01 0.000000000000000000e+00 nan 6.957667612182449890e-02 6.016872908829999922e-01 5.048937334570000046e-02 1.752895030340000104e-01 9.123409999999999798e+00 2.569760000000000133e+01 3.807780000000000342e+01 5.170879999999999654e+01 4.366243496846777816e-01 3.992790706236341025e-01
2.182259999999999867e+00 1.339450000000000029e+00 1.265819999999999945e+00 1.554289999999999949e+00 1.753540000000000099e+00 2.848840000000000039e+00 6.944213018893047318e-01 7.033735912717457017e-01 1.968310000000000004e+00 9.093336682317694208e-01 0.000000000000000000e+00 nan 6.030729684446500816e-02 6.016872908829999922e-01 5.048937334570000046e-02 1.752895030340000104e-01 9.123409999999999798e+00 2.569760000000000133e+01 3.807780000000000342e+01 5.170879999999999654e+01 4.313278763608178190e-01 3.921768787171875381e-01
2.011080000000000201e+00 1.311239999999999961e+00 1.227489999999999970e+00 1.336459999999999981e+00 1.731889999999999930e+00 2.074629999999999974e+00 7.269002925551713012e-01 7.311335481251224344e-01 1.545230000000000103e+00 9.294006690086894507e-01 0.000000000000000000e+00 nan 5.406873907794906842e-02 6.226922570099999721e-01 5.044887117139999766e-02 1.761472029349999968e-01 8.987629999999999342e+00 1.468660000000000032e+01 2.204879999999999995e+01 3.374069999999999681e+01 4.313278763608178190e-01 3.921768787171875381e-01
1.536669999999999980e+00 1.223810000000000064e+00 1.156700000000000061e+00 1.250699999999999923e+00 1.606170000000000098e+00 1.842359999999999998e+00 7.572229486984340951e-01 7.577853061202396434e-01 1.333690000000000042e+00 9.451672285319399069e-01 0.000000000000000000e+00 nan 3.839538876564485559e-02 6.226922570099999721e-01 5.044887117139999766e-02 1.761472029349999968e-01 8.987629999999999342e+00 1.468660000000000032e+01 2.204879999999999995e+01 3.374069999999999681e+01 4.391316602271259084e-01 3.946837315625826292e-01
1.483880000000000088e+00 1.214310000000000000e+00 1.188169999999999948e+00 1.674590000000000023e+00 1.633189999999999920e+00 1.124460000000000015e+00 7.864392787100644711e-01 7.832204442154498958e-01 1.333690000000000042e+00 9.592126193361559805e-01 0.000000000000000000e+00 nan 2.467711304249298188e-02 6.475475057730000206e-01 4.976498547399999667e-02 1.615697068599999953e-01 7.422710000000000363e+00 1.605859999999999843e+01 1.942259999999999920e+01 2.392360000000000042e+01 4.391316602271259084e-01 3.946837315625826292e-01
1.353499999999999925e+00 1.184269999999999934e+00 1.149110000000000076e+00 1.123879999999999990e+00 1.245570000000000066e+00 1.246850000000000014e+00 8.153701697077236910e-01 8.073443261587079922e-01 1.545230000000000103e+00 9.713777015312722307e-01 0.000000000000000000e+00 nan 1.214081363356522836e-02 6.475475057730000206e-01 4.976498547399999667e-02 1.615697068599999953e-01 7.422710000000000363e+00 1.605859999999999843e+01 1.942259999999999920e+01 2.392360000000000042e+01 4.532184002536669976e-01 3.811721628885370583e-01
1.177030000000000021e+00 1.143489999999999895e+00 1.059050000000000047e+00 1.229149999999999965e+00 1.325099999999999945e+00 8.712839999999999474e-01 8.424974522466145421e-01 8.300771727541219613e-01 1.545230000000000103e+00 9.815246398750977486e-01 0.000000000000000000e+00 nan 0.000000000000000000e+00 6.589991055249999619e-01 4.348607606080000243e-02 1.623520817269999972e-01 6.240050000000000097e+00 1.652019999999999911e+01 2.022070000000000078e+01 2.130270000000000152e+01 4.532184002536669976e-01 3.811721628885370583e-01
9.032390000000000141e-01 1.071499999999999897e+00 1.007370000000000099e+00 1.121720000000000050e+00 1.184579999999999966e+00 1.180989999999999984e+00 8.666645437282576303e-01 8.513549657921203329e-01 1.545230000000000103e+00 9.895384655016864484e-01 0.000000000000000000e+00 nan 0.000000000000000000e+00 6.589991055249999619e-01 4.348607606080000243e-02 1.623520817269999972e-01 6.240050000000000097e+00 1.652019999999999911e+01 2.022070000000000078e+01 2.130270000000000152e+01 4.424434240349497394e-01 3.648123541992295271e-01
1.236949999999999994e+00 1.158989999999999965e+00 9.745300000000000074e-01 1.191540000000000044e+00 1.028170000000000028e+00 9.532779999999999587e-01 8.900429668513558656e-01 8.711301734013470188e-01 1.333690000000000042e+00 9.953283785645266057e-01 0.000000000000000000e+00 nan 0.000000000000000000e+00 6.661361919339999771e-01 3.624110639059999889e-02 1.603662941289999977e-01 5.135799999999999699e+00 1.249939999999999962e+01 1.521429999999999971e+01 1.644969999999999999e+01 4.424434240349497394e-01 3.648123541992295271e-01
1.218599999999999905e+00 1.154239999999999933e+00 9.262479999999999603e-01 1.452269999999999950e+00 1.222460000000000102e+00 1.205300000000000038e+00 9.119332491085544445e-01 8.893722886037566111e-01 1.333690000000000042e+00 9.988287770350843253e-01 0.000000000000000000e+00 nan 0.000000000000000000e+00 6.661361919339999771e-01 3.624110639059999889e-02 1.603662941289999977e-01 5.135799999999999699e+00 1.249939999999999962e+01 1.521429999999999971e+01 1.644969999999999999e+01 4.468062618172422562e-01 3.626602762558529536e-01
1.779719999999999969e+00 1.271349999999999980e+00 9.732300000000000395e-01 1.611150000000000082e+00 1.201500000000000012e+00 9.406409999999999494e-01 9.303300572719888084e-01 9.060681749708656696e-01 1.333690000000000042e+00 1.000000000000000000e+00 0.000000000000000000e+00 nan 0.000000000000000000e+00 6.667744965749999864e-01 3.459763722180000250e-02 1.624122415560000088e-01 4.913020000000000387e+00 1.305499999999999972e+01 1.505530000000000079e+01 1.538160000000000061e+01 4.468062618172422562e-01 3.626602762558529536e-01
1.675010000000000110e+00 1.252089999999999925e+00 9.324299999999999811e-01 1.499419999999999975e+00 1.250240000000000018e+00 1.445500000000000007e+00 9.466700297350475468e-01 9.212222154647361494e-01 1.122149999999999981e+00 9.988287770350843253e-01 2.006529766363962519e-02 nan 0.000000000000000000e+00 6.667744965749999864e-01 3.459763722180000250e-02 1.624122415560000088e-01 4.913020000000000387e+00 1.305499999999999972e+01 1.505530000000000079e+01 1.538160000000000061e+01 4.416918180643797376e-01 3.618101552642236651e-01
1.958239999999999981e+00 1.302789999999999893e+00 1.026000000000000023e+00 1.516569999999999974e+00 1.543220000000000036e+00 8.508689999999999864e-01 9.615417862857124076e-01 9.348562627772645239e-01 1.756769999999999943e+00 9.953283785645264947e-01 4.078422036789797200e-02 nan 0.000000000000000000e+00 6.361189879730000385e-01 3.983463651440000142e-02 1.842068438710000033e-01 6.752930000000000099e+00 1.627139999999999986e+01 1.711560000000000059e+01 1.594420000000000037e+01 4.416918180643797376e-01 3.618101552642236651e-01
1.771709999999999896e+00 1.269069999999999920e+00 9.540640000000000231e-01 1.430150000000000032e+00 1.422709999999999919e+00 8.606829999999999758e-01 9.727378786859477433e-01 9.470093917304499564e-01 1.756769999999999943e+00 9.895384655016864484e-01 6.345661236112654091e-02 nan 0.000000000000000000e+00 6.361189879730000385e-01 3.983463651440000142e-02 1.842068438710000033e-01 6.752930000000000099e+00 1.627139999999999986e+01 1.711560000000000059e+01 1.594420000000000037e+01 4.334652558396261401e-01 3.533959656069161070e-01
1.682080000000000020e+00 1.251849999999999907e+00 1.036399999999999988e+00 1.616090000000000027e+00 1.641599999999999948e+00 8.637559999999999683e-01 9.817330830126060892e-01 9.577374565430483155e-01 1.756769999999999943e+00 9.815246398750977486e-01 8.936018430406655888e-02 nan 0.000000000000000000e+00 6.479367915210000328e-01 4.458530538819999861e-02 1.837765110410000124e-01 4.746319999999999872e+00 1.215429999999999922e+01 1.388809999999999967e+01 1.267009999999999970e+01 4.334652558396261401e-01 3.533959656069161070e-01
1.653489999999999904e+00 1.246650000000000036e+00 9.204849999999999977e-01 1.345709999999999962e+00 1.622239999999999904e+00 1.617809999999999970e+00 9.895356481962173101e-01 9.671124579799547094e-01 1.756769999999999943e+00 9.713777015312721197e-01 9.967073863387498900e-02 nan 0.000000000000000000e+00 6.479367915210000328e-01 4.458530538819999861e-02 1.837765110410000124e-01 4.746319999999999872e+00 1.215429999999999922e+01 1.388809999999999967e+01 1.267009999999999970e+01 4.504409813155453302e-01 3.455607953651671505e-01
1.480769999999999920e+00 1.212439999999999962e+00 1.020410000000000039e+00 1.274639999999999995e+00 1.570829999999999949e+00 1.711729999999999974e+00 9.950607605266369449e-01 9.752217275547677700e-01 1.756769999999999943e+00 9.592126193361559805e-01 1.149903753543648488e-01 nan 0.000000000000000000e+00 6.396352355100000109e-01 4.661729141680000243e-02 2.006010871970000109e-01 3.306420000000000137e+00 7.145389999999999908e+00 9.163420000000000343e+00 1.090399999999999991e+01 4.504409813155453302e-01 3.455607953651671505e-01
1.697389999999999954e+00 1.254699999999999926e+00 1.036149999999999904e+00 1.244390000000000107e+00 1.546810000000000018e+00 1.800729999999999942e+00 9.984848973437289166e-01 9.821669380288440276e-01 1.756769999999999943e+00 9.451672285319399069e-01 1.351455168600769197e-01 nan 0.000000000000000000e+00 6.396352355100000109e-01 4.661729141680000243e-02 2.006010871970000109e-01 3.306420000000000137e+00 7.145389999999999908e+00 9.163420000000000343e+00 1.090399999999999991e+01 4.548860260008690259e-01 3.429401467964831030e-01
8.632549999999999946e-01 1.061450000000000005e+00 1.012939999999999952e+00 9.193320000000000380e-01 1.446269999999999945e+00 2.268949999999999800e+00 1.000000000000000000e+00 9.880629514182865947e-01 1.756769999999999943e+00 9.294006690086894507e-01 1.599077973441652700e-01 nan 0.000000000000000000e+00 6.359621818089999934e-01 4.653820602420000174e-02 2.155807672020000065e-01 3.402759999999999785e+00 7.646099999999999675e+00 1.072799999999999976e+01 1.175239999999999974e+01 4.548860260008690259e-01 3.429401467964831030e-01
1.914849999999999941e+00 1.294270000000000032e+00 1.060119999999999951e+00 1.550629999999999953e+00 1.034799999999999942e+00 1.573509999999999964e+00 9.998530675478207730e-01 9.930365175614044304e-01 2.391389999999999905e+00 9.093336682317694208e-01 1.889966502742403964e-01 nan 0.000000000000000000e+00 6.359621818089999934e-01 4.653820602420000174e-02 2.155807672020000065e-01 3.402759999999999785e+00 7.646099999999999675e+00 1.072799999999999976e+01 1.175239999999999974e+01 4.658900071637444018e-01 3.453499385837787150e-01
4.931710000000000260e-01 9.373599999999999710e-01 9.687350000000000128e-01 1.010459999999999914e+00 8.158760000000000456e-01 1.740380000000000038e+00 9.983186906608678690e-01 9.972248379923990269e-01 1.968310000000000004e+00 8.876602310166890053e-01 2.220824873232882801e-01 nan 0.000000000000000000e+00 6.279459805370000147e-01 4.636745719870000171e-02 2.145596852309999969e-01 2.929479999999999862e+00 8.474769999999999470e+00 1.384539999999999971e+01 1.556470000000000020e+01 4.658900071637444018e-01 3.453499385837787150e-01
1.714970000000000105e+00 1.259139999999999926e+00 1.092349999999999932e+00 1.395259999999999945e+00 1.113669999999999938e+00 7.733740000000000059e-01 9.956373412683932056e-01 9.995086260591412586e-01 1.968310000000000004e+00 8.644216543934999386e-01 2.587904327371136626e-01 nan 0.000000000000000000e+00 6.279459805370000147e-01 4.636745719870000171e-02 2.145596852309999969e-01 2.929479999999999862e+00 8.474769999999999470e+00 1.384539999999999971e+01 1.556470000000000020e+01 4.744688846872027188e-01 3.487638102824476283e-01
3.748090000000000033e-01 8.890740000000000309e-01 8.552309999999999635e-01 1.184430000000000094e+00 9.122940000000000493e-01 2.270560000000000078e-01 9.920314263935458010e-01 1.000000000000000000e+00 1.545230000000000103e+00 8.396769690471456160e-01 2.987045708264270960e-01 nan 0.000000000000000000e+00 6.573323172430000083e-01 4.593890162599999910e-02 1.885374501240000000e-01 3.165249999999999897e+00 1.031390000000000029e+01 1.583380000000000010e+01 1.791039999999999921e+01 4.744688846872027188e-01 3.487638102824476283e-01
1.012019999999999920e+00 1.105560000000000098e+00 1.054540000000000033e+00 1.027800000000000047e+00 9.809459999999999846e-01 1.793099999999999972e-01 9.862852538595981988e-01 1.000000000000000000e+00 1.545230000000000103e+00 8.135022704762135959e-01 3.413726584577964074e-01 nan 1.214081363356522836e-02 6.573323172430000083e-01 4.593890162599999910e-02 1.885374501240000000e-01 3.165249999999999897e+00 1.031390000000000029e+01 1.583380000000000010e+01 1.791039999999999921e+01 4.418151284189263395e-01 3.390242351421275391e-01
5.794580000000000286e-01 9.685420000000000140e-01 7.244739999999999513e-01 8.854739999999999833e-01 8.607150000000000079e-01 1.609379999999999977e-01 9.786784903688786619e-01 9.995086260591412586e-01 1.122149999999999981e+00 7.859898568005303510e-01 3.863112491490553468e-01 nan 2.467711304249298188e-02 6.499193712909999698e-01 5.092127735759999912e-02 1.884566268950000067e-01 5.322239999999999860e+00 9.929449999999999221e+00 1.491350000000000087e+01 1.729110000000000014e+01 4.418151284189263395e-01 3.390242351421275391e-01
7.386059999999999848e-01 1.023840000000000083e+00 1.135129999999999972e+00 1.048910000000000009e+00 1.252539999999999987e+00 2.154690000000000077e-02 9.708595997264527488e-01 9.972248379923990269e-01 1.122149999999999981e+00 7.572471829865828896e-01 4.330111707111221619e-01 nan 2.625457513207962723e-02 6.499193712909999698e-01 5.092127735759999912e-02 1.884566268950000067e-01 5.322239999999999860e+00 9.929449999999999221e+00 1.491350000000000087e+01 1.729110000000000014e+01 4.097955396883183887e-01 3.473380168082976782e-01
6.206110000000000237e-01 9.844509999999999650e-01 7.790089999999999515e-01 1.322440000000000060e+00 1.041919999999999957e+00 9.155969999999999387e-02 9.629171730875694113e-01 9.930365175614044304e-01 1.122149999999999981e+00 7.273956433398113264e-01 4.809432943723567222e-01 nan 2.939162603545619756e-02 6.439862180319999574e-01 4.846079135109999936e-02 1.900252591219999954e-01 2.801489999999999814e+00 1.255000000000000071e+01 1.650209999999999866e+01 1.870499999999999829e+01 4.097955396883183887e-01 3.473380168082976782e-01
4.634070000000000134e-01 9.251970000000000471e-01 1.082070000000000087e+00 1.012799999999999923e+00 1.157640000000000002e+00 4.649070000000000286e-02 9.549412013196796334e-01 9.880629514182867057e-01 1.122149999999999981e+00 6.965691960586227749e-01 5.295645300189727456e-01 nan 3.405272171238538093e-02 6.439862180319999574e-01 4.846079135109999936e-02 1.900252591219999954e-01 2.801489999999999814e+00 1.255000000000000071e+01 1.650209999999999866e+01 1.870499999999999829e+01 4.031720120726709489e-01 3.404433347502016094e-01
4.784089999999999732e-01 9.348659999999999748e-01 7.859939999999999705e-01 1.411399999999999988e+00 9.605690000000000062e-01 1.180400000000000060e-01 9.460044836965940673e-01 9.821669380288442497e-01 6.990659999999999652e-01 6.649128454344751527e-01 5.783239796230337237e-01 nan 4.018505008636830134e-02 6.432842954309999639e-01 4.993826745760000102e-02 1.807205328419999868e-01 9.338789999999999480e+00 1.513080000000000069e+01 2.009870000000000090e+01 2.333790000000000120e+01 4.031720120726709489e-01 3.404433347502016094e-01
2.500519999999999965e-01 8.338189999999999769e-01 9.893950000000000244e-01 1.236369999999999969e+00 1.099790000000000045e+00 -2.665730000000000044e-01 9.354527719603297209e-01 9.752217275547677700e-01 6.990659999999999652e-01 6.352519082475156509e-01 6.266691791372385190e-01 nan 4.771912942657363654e-02 6.432842954309999639e-01 4.993826745760000102e-02 1.807205328419999868e-01 9.338789999999999480e+00 1.513080000000000069e+01 2.009870000000000090e+01 2.333790000000000120e+01 3.769714976923348448e-01 3.389673372804830054e-01
3.328800000000000092e-01 8.710179999999999589e-01 7.955149999999999721e-01 1.550340000000000051e+00 1.004459999999999908e+00 -3.567660000000000275e-01 9.242087578088703514e-01 9.671124579799549315e-01 1.122149999999999981e+00 6.051645408139507687e-01 6.740523581333291991e-01 nan 5.656959560361130013e-02 6.247147908900000379e-01 4.960720195209999961e-02 1.732173024389999927e-01 6.070509999999999629e+00 2.010519999999999996e+01 2.503579999999999828e+01 2.907410000000000139e+01 3.769714976923348448e-01 3.389673372804830054e-01
3.704799999999999760e-01 8.871930000000000094e-01 9.582960000000000367e-01 9.491420000000000412e-01 8.183139999999999858e-01 -1.481290000000000107e-01 9.128335113101377907e-01 9.577374565430484266e-01 9.106070000000000553e-01 5.723207356769041132e-01 7.199366462599225969e-01 nan 6.663616929922888676e-02 6.247147908900000379e-01 4.960720195209999961e-02 1.732173024389999927e-01 6.070509999999999629e+00 2.010519999999999996e+01 2.503579999999999828e+01 2.907410000000000139e+01 3.854857840776972910e-01 3.353493026665015364e-01
3.892399999999999749e-01 8.951740000000000252e-01 3.258650000000000158e-01 8.344660000000000410e-01 7.507770000000000277e-01 -1.155199999999999977e-01 9.012073255744932343e-01 9.470093917304500675e-01 6.990659999999999652e-01 5.396462685524663350e-01 7.638021561981132024e-01 nan 7.780479221105629506e-02 5.159604239060000541e-01 7.456576638970000004e-02 2.193288927589999993e-01 1.559290000000000020e+01 2.197700000000000031e+01 3.126239999999999952e+01 3.493750000000000000e+01 3.854857840776972910e-01 3.353493026665015364e-01
-5.236009999999999831e-01 6.348589999999999789e-02 4.013709999999999778e-01 1.864319999999999866e-01 3.093749999999999972e-02 -4.302659999999999818e-01 8.892006162178878181e-01 9.348562627772645239e-01 6.444289999999999741e-02 5.073070825353508395e-01 8.051518741925326461e-01 nan 8.994891937874704979e-02 5.159604239060000541e-01 7.456576638970000004e-02 2.193288927589999993e-01 1.559290000000000020e+01 2.197700000000000031e+01 3.126239999999999952e+01 3.493750000000000000e+01 3.082465267583469615e-01 3.261318490800955150e-01
1.251390000000000002e-01 7.726290000000000102e-01 1.010659999999999892e+00 4.999520000000000075e-01 9.452700000000000546e-01 -3.860100000000000198e-01 8.767149559077689336e-01 9.212222154647361494e-01 4.875249999999999861e-01 4.754653218513533730e-01 8.435172914157954560e-01 nan 1.029309529889441688e-01 4.027014183420000171e-01 1.259142397859999984e-01 2.371298867370000008e-01 1.187359999999999971e+01 2.752110000000000056e+01 3.132379999999999853e+01 3.573680000000000234e+01 3.082465267583469615e-01 3.261318490800955150e-01
1.099529999999999896e+00 1.124030000000000085e+00 1.002930000000000099e+00 1.146150000000000002e+00 1.269870000000000054e+00 -4.473599999999999799e-01 8.636613427461500292e-01 9.060681749708656696e-01 6.990659999999999652e-01 4.442774946984844320e-01 8.784637123607189624e-01 nan 1.166038014134869183e-01 4.027014183420000171e-01 1.259142397859999984e-01 2.371298867370000008e-01 1.187359999999999971e+01 2.752110000000000056e+01 3.132379999999999853e+01 3.573680000000000234e+01 3.427088348933070572e-01 3.388200722268149834e-01
-4.221480000000000232e-01 3.638170000000000015e-01 5.147319999999999673e-01 4.332360000000000100e-01 6.813150000000000039e-01 -5.807099999999999485e-01 8.499665629412633816e-01 8.893722886037567221e-01 -1.470980000000000065e-01 4.138926999465479817e-01 9.095951801141161086e-01 nan 1.308125458163321708e-01 3.452462631079999955e-01 1.583948462629999887e-01 2.593709925800000149e-01 2.394869999999999877e+01 2.910950000000000060e+01 3.525860000000000127e+01 4.146220000000000283e+01 3.427088348933070572e-01 3.388200722268149834e-01
-6.712609999999999966e-01 -7.853790000000000493e-01 -6.062520000000000131e-01 1.401509999999999978e-01 3.319539999999999991e-02 -5.160390000000000255e-01 8.355632911853334566e-01 8.711301734013471298e-01 -1.470980000000000065e-01 3.844509377873703837e-01 9.365589627068373613e-01 nan 1.453961954458693473e-01 3.452462631079999955e-01 1.583948462629999887e-01 2.593709925800000149e-01 2.394869999999999877e+01 2.910950000000000060e+01 3.525860000000000127e+01 4.146220000000000283e+01 1.915773155923007343e-01 3.408181912504476552e-01
-5.954030000000000156e-01 -1.148409999999999986e-01 3.856930000000000081e-02 3.223809999999999731e-01 1.592980000000000090e-02 -2.433180000000000065e-01 8.203870390264516033e-01 8.513549657921204439e-01 6.444289999999999741e-02 3.560815234766853132e-01 9.590495497079263298e-01 nan 1.601895117244650502e-01 4.021705352550000168e-01 1.634954484270000064e-01 2.379575998850000096e-01 2.418809999999999860e+01 4.062930000000000064e+01 4.364229999999999876e+01 5.107560000000000144e+01 1.915773155923007343e-01 3.408181912504476552e-01
-3.215990000000000237e-01 4.350890000000000035e-01 6.966029999999999722e-01 2.667990000000000084e-01 1.633850000000000025e-01 7.103560000000000083e-03 8.043930568202534159e-01 8.300771727541220724e-01 6.444289999999999741e-02 3.289016221406140250e-01 9.768121137798783105e-01 nan 1.750248804675738068e-01 4.021705352550000168e-01 1.634954484270000064e-01 2.379575998850000096e-01 2.418809999999999860e+01 4.062930000000000064e+01 4.364229999999999876e+01 5.107560000000000144e+01 2.278951509671055531e-01 2.974620206773522790e-01
-3.662109999999999671e-02 6.705510000000000081e-01 9.288079999999999670e-01 4.573720000000000008e-01 4.476350000000000051e-01 2.176200000000000079e-01 7.875452357069993026e-01 8.073443261587081032e-01 4.875249999999999861e-01 3.030149212479706922e-01 9.896453979741973717e-01 nan 1.897342110194234488e-01 4.094177432209999967e-01 1.776088881600000058e-01 1.712270742120000078e-01 1.715149999999999864e+01 4.201250000000000284e+01 5.380239999999999867e+01 5.900900000000000034e+01 2.278951509671055531e-01 2.974620206773522790e-01
-4.924350000000000255e-02 6.673989999999999645e-01 8.792480000000000295e-01 2.486289999999999889e-01 3.441509999999999847e-01 2.269569999999999921e-01 7.698104565305544655e-01 7.832204442154498958e-01 6.990659999999999652e-01 2.785104557898084865e-01 9.974039960530418636e-01 nan 2.041508407873111608e-01 4.094177432209999967e-01 1.776088881600000058e-01 1.712270742120000078e-01 1.715149999999999864e+01 4.201250000000000284e+01 5.380239999999999867e+01 5.900900000000000034e+01 2.330624420147737741e-01 2.941987609653893276e-01
-2.017760000000000109e-01 5.492270000000000207e-01 8.471180000000000376e-01 8.260059999999999625e-02 4.300160000000000093e-01 8.502650000000000485e-03 7.511721811999723108e-01 7.577853061202397544e-01 6.990659999999999652e-01 2.554615994773948850e-01 1.000000000000000000e+00 nan 2.181114235953738323e-01 3.904057615980000007e-01 1.492757030580000033e-01 1.487190670490000088e-01 2.567999999999999972e+01 5.672930000000000206e+01 6.034590000000000032e+01 6.645420000000000016e+01 2.330624420147737741e-01 2.941987609653893276e-01
-1.816220000000000057e-01 5.577900000000000080e-01 9.170430000000000526e-01 9.858509999999999496e-02 4.750099999999999878e-01 -1.970179999999999987e-01 7.316247692762007926e-01 7.311335481251224344e-01 2.759840000000000071e-01 2.339252333887438251e-01 9.974039960530419746e-01 nan 2.314577804620304713e-01 3.904057615980000007e-01 1.492757030580000033e-01 1.487190670490000088e-01 2.567999999999999972e+01 5.672930000000000206e+01 6.034590000000000032e+01 6.645420000000000016e+01 1.848774529952671442e-01 3.024221754395359785e-01
-3.171849999999999947e-01 4.291900000000000159e-01 8.110849999999999449e-01 -4.287969999999999976e-02 3.142090000000000161e-01 -4.108760000000000190e-01 7.111691594490556767e-01 7.033735912717457017e-01 -1.470980000000000065e-01 2.139411014832738323e-01 9.896453979741974827e-01 nan 2.440386918310479825e-01 3.175566418829999793e-01 1.090086202599999943e-01 1.422673392830000050e-01 3.456790000000000163e+01 6.844320000000000448e+01 8.099540000000000362e+01 7.878180000000000405e+01 1.848774529952671442e-01 3.024221754395359785e-01
-5.057289999999999841e-01 1.078449999999999964e-01 5.099630000000000551e-01 -1.212109999999999993e-01 2.243070000000000064e-01 -6.275570000000000315e-01 6.898200438121415701e-01 6.746264129376351448e-01 -1.470980000000000065e-01 1.955313602868666845e-01 9.768121137798784215e-01 nan 2.557116109495384260e-01 3.175566418829999793e-01 1.090086202599999943e-01 1.422673392830000050e-01 3.456790000000000163e+01 6.844320000000000448e+01 8.099540000000000362e+01 7.878180000000000405e+01 1.423060210684548021e-01 3.835350976133020673e-01
-5.949039999999999884e-01 -1.080369999999999941e-01 1.231570000000000026e-01 2.760690000000000088e-01 -1.343090000000000117e-01 -7.087040000000000006e-01 6.676044368937463780e-01 6.450241761141667363e-01 -3.586389999999999856e-01 1.787003278495754577e-01 9.590495497079265519e-01 nan 2.663442789796274246e-01 2.339863056560000099e-01 7.358820518080000372e-02 1.376342517299999901e-01 2.683579999999999899e+01 7.054680000000000462e+01 7.567430000000000234e+01 8.170180000000000575e+01 1.423060210684548021e-01 3.835350976133020673e-01
-5.862779999999999658e-01 2.275639999999999954e-02 -7.518580000000000402e-03 -3.104660000000000197e-01 -3.087369999999999837e-01 -6.899220000000000352e-01 6.445569942116052831e-01 6.147087319470647682e-01 -7.817209999999999992e-01 1.634344348203931041e-01 9.365589627068373613e-01 nan 2.758162235439356458e-01 2.339863056560000099e-01 7.358820518080000372e-02 1.376342517299999901e-01 2.683579999999999899e+01 7.054680000000000462e+01 7.567430000000000234e+01 8.170180000000000575e+01 1.196932508132610984e-01 4.406103467087933989e-01
-6.293290000000000273e-01 -1.948189999999999922e-01 -2.553219999999999934e-01 -2.902060000000000195e-01 -3.949130000000000140e-01 -7.793639999999999457e-01 6.207163771340559189e-01 5.838300125062401147e-01 -9.932619999999999783e-01 1.497023781934201381e-01 9.095951801141161086e-01 nan 2.840201237257523603e-01 2.047354070169999929e-01 6.599721018040000109e-02 1.162622888620000045e-01 2.645139999999999958e+01 6.850769999999999982e+01 9.141129999999999711e+01 8.759550000000000125e+01 1.196932508132610984e-01 4.406103467087933989e-01
-6.888039999999999718e-01 -1.145979999999999999e+00 -1.158889999999999976e+00 -9.803900000000000114e-02 -9.986910000000000232e-02 -8.345399999999999485e-01 5.961462697772768049e-01 5.525443319955285482e-01 6.444289999999999741e-02 1.374554759834306639e-01 8.784637123607190734e-01 nan 2.908630260579052607e-01 2.047354070169999929e-01 6.599721018040000109e-02 1.162622888620000045e-01 2.645139999999999958e+01 6.850769999999999982e+01 9.141129999999999711e+01 8.759550000000000125e+01 5.118025625066059403e-01 4.938533574758769973e-01
-6.338089999999999558e-01 -3.811959999999999793e-01 -4.832529999999999881e-01 1.973430000000000017e+00 1.915380000000000082e+00 -8.533399999999999874e-01 5.709075068551515697e-01 5.210126156503008810e-01 1.122149999999999981e+00 1.266282188122160868e-01 8.435172914157955670e-01 nan 2.962673977226861766e-01 1.938583841640000027e-01 4.637915820530000288e-02 1.371736796699999927e-01 3.447469999999999857e+01 8.715000000000000568e+01 9.979130000000000678e+01 9.963169999999999504e+01 5.118025625066059403e-01 4.938533574758769973e-01
-6.829250000000000043e-01 -1.005190000000000028e+00 -1.112989999999999924e+00 -2.876839999999999953e-02 1.063779999999999934e-02 -8.527540000000000120e-01 5.450760096267444066e-01 4.893985763902438668e-01 1.122149999999999981e+00 1.171390121560175190e-01 8.051518741925327571e-01 nan 3.001720050296556863e-01 1.938583841640000027e-01 4.637915820530000288e-02 1.371736796699999927e-01 3.447469999999999857e+01 8.715000000000000568e+01 9.979130000000000678e+01 9.963169999999999504e+01 5.374863477821751889e-01 4.500486978757016754e-01
-6.931310000000000526e-01 -1.480690000000000062e+00 -1.893469999999999986e+00 -5.171700000000000186e-01 -3.834770000000000123e-01 -8.323519999999999808e-01 5.187276992897995598e-01 4.578668598865639483e-01 4.875249999999999861e-01 1.088911008440832662e-01 7.638021561981132024e-01 nan 3.025326072178241565e-01 1.902469981069999927e-01 3.915631389859999811e-02 1.504789909420000127e-01 2.186149999999999949e+01 6.818729999999999336e+01 9.065709999999999980e+01 8.451519999999999300e+01 5.374863477821751889e-01 4.500486978757016754e-01
-6.902629999999999599e-01 -1.210180000000000033e+00 -1.438569999999999904e+00 -7.868209999999999926e-01 -5.248040000000000482e-01 -8.053529999999999855e-01 4.919528504899494115e-01 4.265811790607432208e-01 4.875249999999999861e-01 1.017736653334143648e-01 7.199366462599227079e-01 nan 3.033224577211505180e-01 1.902469981069999927e-01 3.915631389859999811e-02 1.504789909420000127e-01 2.186149999999999949e+01 6.818729999999999336e+01 9.065709999999999980e+01 8.451519999999999300e+01 5.741212669258142220e-01 5.595469591439883317e-01
-6.928170000000000162e-01 -1.427259999999999973e+00 -2.063699999999999868e+00 -5.475710000000000299e-01 -4.333089999999999997e-01 -7.910479999999999734e-01 4.648324819314852974e-01 3.957024591517228629e-01 1.968310000000000004e+00 9.566307733846846073e-02 6.740523581333294212e-01 nan 3.025326072178241565e-01 2.109600804339999969e-01 3.833719244000000081e-02 1.417594807700000015e-01 2.484969999999999857e+01 5.593419999999999703e+01 6.905110000000000525e+01 6.620659999999999457e+01 5.741212669258142220e-01 5.595469591439883317e-01
-6.835750000000000437e-01 -9.579750000000000210e-01 -1.240539999999999976e+00 -3.030209999999999848e-01 -8.662380000000000080e-02 -8.114350000000000174e-01 4.374652139936267004e-01 3.653870143686432925e-01 9.106070000000000553e-01 9.042430058903394574e-02 6.266691791372387410e-01 nan 3.001720050296556863e-01 2.109600804339999969e-01 3.833719244000000081e-02 1.417594807700000015e-01 2.484969999999999857e+01 5.593419999999999703e+01 6.905110000000000525e+01 6.620659999999999457e+01 5.515026247489753786e-01 5.151900555925577052e-01
-6.583430000000000115e-01 -4.715269999999999739e-01 -5.820940000000000003e-01 -5.322649999999999881e-01 -2.965920000000000223e-01 -6.990769999999999484e-01 4.099431766929504395e-01 3.357847767883948009e-01 -9.932619999999999783e-01 8.591242084512984434e-02 5.783239796230339458e-01 nan 2.962673977226861766e-01 2.674161429460000239e-01 4.196159690640000051e-02 1.222887862770000028e-01 2.024650000000000105e+01 5.695689999999999742e+01 6.761409999999999343e+01 6.550379999999999825e+01 5.515026247489753786e-01 5.151900555925577052e-01
-6.750310000000000477e-01 -7.310849999999999849e-01 -8.159149999999999459e-01 -5.169599999999999751e-01 -3.061150000000000260e-01 -6.699260000000000215e-01 3.823628736486738289e-01 3.070375975652763767e-01 9.106070000000000553e-01 8.197428783324900436e-02 5.295645300189729676e-01 nan 2.908630260579052607e-01 2.674161429460000239e-01 4.196159690640000051e-02 1.222887862770000028e-01 2.024650000000000105e+01 5.695689999999999742e+01 6.761409999999999343e+01 6.550379999999999825e+01 6.049723432490516917e-01 5.830959799987281977e-01
-6.776269999999999794e-01 -8.275369999999999671e-01 -7.910190000000000277e-01 -4.308290000000000175e-01 -2.817919999999999869e-01 -6.946660000000000057e-01 3.548184434908995266e-01 2.792776397007367128e-01 9.106070000000000553e-01 7.845025050015264068e-02 4.809432943723569442e-01 nan 2.840201237257523603e-01 3.125908805739999741e-01 4.589502138640000339e-02 1.238377099850000024e-01 3.042999999999999972e+01 4.972460000000000235e+01 6.037299999999999756e+01 5.685240000000000293e+01 6.049723432490516917e-01 5.830959799987281977e-01
-5.677159999999999984e-01 8.325570000000000193e-02 1.069579999999999975e-01 -5.169880000000000031e-01 -3.565119999999999956e-01 -6.892770000000000286e-01 3.274172196624831610e-01 2.526258805837582333e-01 -9.932619999999999783e-01 7.517596592309772063e-02 4.330111707111222730e-01 nan 2.758162235439356458e-01 3.125908805739999741e-01 4.589502138640000339e-02 1.238377099850000024e-01 3.042999999999999972e+01 4.972460000000000235e+01 6.037299999999999756e+01 5.685240000000000293e+01 6.026940376507616826e-01 6.085694873502665025e-01
-6.167240000000000499e-01 -1.174380000000000007e-01 -1.717069999999999985e-01 -5.719929999999999737e-01 -3.668170000000000042e-01 -5.175929999999999698e-01 3.002383442869965835e-01 2.271907412686998695e-01 -9.932619999999999783e-01 7.198426138081859271e-02 3.863112491490554579e-01 nan 2.663442789796274246e-01 2.851779577999999926e-01 4.342700008710000115e-02 1.295951691960000041e-01 1.039329999999999998e+01 3.374069999999999681e+01 3.972849999999999682e+01 4.215919999999999845e+01 6.026940376507616826e-01 6.085694873502665025e-01
-6.737630000000000008e-01 -6.819910000000000139e-01 -7.922510000000000385e-01 -4.632809999999999984e-01 -3.917570000000000219e-01 -3.740399999999999836e-01 2.733700498979275695e-01 2.030668580214278762e-01 -3.586389999999999856e-01 6.870702848725851464e-02 3.413726584577964074e-01 nan 2.557116109495384260e-01 2.851779577999999926e-01 4.342700008710000115e-02 1.295951691960000041e-01 1.039329999999999998e+01 3.374069999999999681e+01 3.972849999999999682e+01 4.215919999999999845e+01 5.877558689856843266e-01 6.323460996515842814e-01
-6.789539999999999464e-01 -8.731670000000000265e-01 -7.058689999999999687e-01 -4.935109999999999775e-01 -4.103789999999999938e-01 -8.958589999999999609e-02 2.483770266699204532e-01 1.803340100526092948e-01 -3.586389999999999856e-01 6.517712792675611766e-02 2.987045708264273181e-01 nan 2.440386918310479825e-01 2.665773811630000045e-01 4.946555039069999715e-02 1.242143983500000048e-01 1.155829999999999913e+01 2.065439999999999898e+01 2.802659999999999840e+01 3.097149999999999892e+01 5.877558689856843266e-01 6.323460996515842814e-01
-5.240810000000000191e-01 2.262570000000000137e-01 2.213729999999999865e-01 -5.455240000000000089e-01 -2.664599999999999747e-01 2.576740000000000141e-01 2.253172724451749653e-01 1.590562155873770367e-01 -9.932619999999999783e-01 6.398819716330828022e-02 2.587904327371137736e-01 nan 2.314577804620304713e-01 2.665773811630000045e-01 4.946555039069999715e-02 1.242143983500000048e-01 1.155829999999999913e+01 2.065439999999999898e+01 2.802659999999999840e+01 3.097149999999999892e+01 5.736808728024334059e-01 6.071269592109270752e-01
-2.739230000000000276e-01 6.299129999999999452e-01 6.898750000000000160e-01 -3.145020000000000038e-01 -2.068089999999999928e-01 1.208850000000000063e-01 2.030966005619300185e-01 1.392810065132580322e-01 -9.932619999999999783e-01 6.248279790533617373e-02 2.220824873232882801e-01 nan 2.181114235953738323e-01 2.188118048569999974e-01 6.077594411239999744e-02 9.976086833059999437e-02 8.436210000000000875e+00 2.021920000000000073e+01 2.347439999999999927e+01 2.611939999999999884e+01 5.736808728024334059e-01 6.071269592109270752e-01
-3.894909999999999761e-01 4.887509999999999910e-01 5.174389999999999823e-01 -4.232810000000000183e-01 -2.643759999999999999e-01 -2.148569999999999924e-01 1.807721648168645334e-01 1.210388898248956346e-01 -9.932619999999999783e-01 6.067798692796000370e-02 1.889966502742405074e-01 nan 2.041508407873111608e-01 2.188118048569999974e-01 6.077594411239999744e-02 9.976086833059999437e-02 8.436210000000000875e+00 2.021920000000000073e+01 2.347439999999999927e+01 2.611939999999999884e+01 6.876372561684536144e-01 5.945190624571173865e-01
-5.872100000000000097e-01 8.946720000000000020e-03 3.106099999999999833e-02 -5.353940000000000365e-01 -3.844940000000000024e-01 -6.313560000000000283e-01 1.597485814351246036e-01 1.043430019676097054e-01 -7.817209999999999992e-01 5.859421346071902459e-02 1.599077973441653810e-01 nan 1.897342110194234488e-01 2.193785638590000087e-01 6.890628411240000417e-02 1.098524011450000004e-01 1.034880000000000067e+01 1.843509999999999849e+01 2.242849999999999966e+01 2.319620000000000104e+01 6.876372561684536144e-01 5.945190624571173865e-01
-6.932120000000000504e-01 -1.430500000000000105e+00 -1.579329999999999901e+00 -6.579220000000000068e-01 -4.943730000000000069e-01 -7.696119999999999628e-01 1.411468490918400542e-01 8.918895999622256099e-02 -1.470980000000000065e-01 5.625508748963081729e-02 1.351455168600770307e-01 nan 1.750248804675738068e-01 2.193785638590000087e-01 6.890628411240000417e-02 1.098524011450000004e-01 1.034880000000000067e+01 1.843509999999999849e+01 2.242849999999999966e+01 2.319620000000000104e+01 6.536975490599052918e-01 5.943818382025631841e-01
-6.883529999999999927e-01 -1.086640000000000050e+00 -1.223689999999999944e+00 -7.394039999999999502e-01 -7.319339999999999735e-01 -6.186040000000000427e-01 1.227195871269118888e-01 7.555491123557867006e-02 -3.586389999999999856e-01 5.368711224661515402e-02 1.149903753543649598e-01 nan 1.601895117244651612e-01 2.362575134919999986e-01 5.910029180189999704e-02 1.111459720129999995e-01 9.430009999999999337e+00 1.663619999999999877e+01 1.721989999999999910e+01 1.876010000000000133e+01 6.536975490599052918e-01 5.943818382025631841e-01
-6.823390000000000288e-01 -9.441220000000000168e-01 -8.311939999999999884e-01 -5.563000000000000167e-01 -4.193350000000000133e-01 -5.995580000000000354e-01 1.050369572345881686e-01 6.340178088008630031e-02 -7.817209999999999992e-01 5.091938391728623170e-02 9.967073863387498900e-02 nan 1.453961954458693473e-01 2.362575134919999986e-01 5.910029180189999704e-02 1.111459720129999995e-01 9.430009999999999337e+00 1.663619999999999877e+01 1.721989999999999910e+01 1.876010000000000133e+01 6.375497645359420318e-01 6.504697420518708029e-01
-6.024080000000000545e-01 -7.235560000000000602e-02 -5.075449999999999580e-03 -4.138390000000000124e-01 -3.206649999999999778e-01 -5.264010000000000078e-01 9.006352648837312458e-02 5.267371472687876199e-02 -7.817209999999999992e-01 4.798326196954350031e-02 8.936018430406666990e-02 nan 1.308125458163321708e-01 2.785886634759999758e-01 5.171803759770000203e-02 1.237243209459999993e-01 1.114910000000000068e+01 1.547920000000000051e+01 1.648420000000000130e+01 1.807140000000000057e+01 6.375497645359420318e-01 6.504697420518708029e-01
-3.837630000000000208e-01 4.858060000000000156e-01 5.601460000000000328e-01 -8.288130000000000219e-01 -6.808119999999999727e-01 -2.881119999999999792e-01 7.634523351860211804e-02 4.329871202625035220e-02 -9.932619999999999783e-01 4.491201383826970428e-02 6.345661236112654091e-02 nan 1.166038014134869183e-01 2.785886634759999758e-01 5.171803759770000203e-02 1.237243209459999993e-01 1.114910000000000068e+01 1.547920000000000051e+01 1.648420000000000130e+01 1.807140000000000057e+01 7.467733790560298068e-01 6.645603301414748643e-01
-6.351020000000000554e-01 -2.879669999999999730e-01 -1.616549999999999931e-01 -6.395690000000000541e-01 -4.585509999999999864e-01 -3.606019999999999781e-01 6.321596385364913750e-02 3.518944127892087437e-02 -7.817209999999999992e-01 4.174043799200033433e-02 4.078422036789797200e-02 nan 1.029309529889442798e-01 2.853557870980000244e-01 5.582104937570000341e-02 1.141410888110000049e-01 1.022439999999999927e+01 1.879560000000000031e+01 1.969239999999999924e+01 1.914140000000000086e+01 7.467733790560298068e-01 6.645603301414748643e-01
-6.225589999999999735e-01 -1.798800000000000121e-01 -1.226359999999999950e-01 -8.571609999999999507e-01 -7.530499999999999972e-01 -4.861019999999999786e-01 5.286788645228379657e-02 2.824422973681872673e-02 -7.817209999999999992e-01 3.850446965237153130e-02 2.006529766363962519e-02 nan 8.994891937874704979e-02 2.853557870980000244e-01 5.582104937570000341e-02 1.141410888110000049e-01 1.022439999999999927e+01 1.879560000000000031e+01 1.969239999999999924e+01 1.914140000000000086e+01 7.582647297154466726e-01 7.358165345185938566e-01
-5.554810000000000025e-01 1.440649999999999986e-01 1.062929999999999986e-01 -6.822740000000000471e-01 -5.394630000000000258e-01 -5.185400000000000009e-01 4.384772733945896395e-02 2.234821539594245010e-02 -9.932619999999999783e-01 3.524077363369837457e-02 0.000000000000000000e+00 nan 7.780479221105629506e-02 3.030235988419999749e-01 5.459769060800000184e-02 1.086756143590000001e-01 1.269030000000000058e+01 1.574699999999999989e+01 1.677039999999999864e+01 1.759740000000000038e+01 7.582647297154466726e-01 7.358165345185938566e-01
-5.065899999999999848e-01 2.631769999999999943e-01 2.990360000000000240e-01 -7.437099999999999822e-01 -6.011699999999999822e-01 9.651519999999999544e-02 3.510118406586781870e-02 1.737464842876268456e-02 -9.932619999999999783e-01 3.198632891597918970e-02 0.000000000000000000e+00 nan 6.663616929922888676e-02 3.030235988419999749e-01 5.459769060800000184e-02 1.086756143590000001e-01 1.269030000000000058e+01 1.574699999999999989e+01 1.677039999999999864e+01 1.759740000000000038e+01 8.288922032624396197e-01 6.368979285831428694e-01
-6.424919999999999520e-01 -3.137590000000000101e-01 -2.911509999999999931e-01 -8.136250000000000426e-01 -7.249619999999999953e-01 2.559319999999999928e-01 2.768563487863628936e-02 1.318632731041513573e-02 -7.817209999999999992e-01 2.877800965827581603e-02 0.000000000000000000e+00 nan 5.656959560361130013e-02 3.039312100759999913e-01 4.875286092669999655e-02 9.755321122009999457e-02 1.074089999999999989e+01 1.752560000000000073e+01 1.689859999999999829e+01 1.745680000000000121e+01 8.288922032624396197e-01 6.368979285831428694e-01
-6.224929999999999630e-01 -2.014219999999999899e-01 -7.484059999999999324e-02 -4.614770000000000261e-01 -3.636220000000000008e-01 1.305779999999999996e-01 2.144765508234935947e-02 9.637153366799489085e-03 -7.817209999999999992e-01 2.565216739975761939e-02 0.000000000000000000e+00 nan 4.771912942657363654e-02 3.039312100759999913e-01 4.875286092669999655e-02 9.755321122009999457e-02 1.074089999999999989e+01 1.752560000000000073e+01 1.689859999999999829e+01 1.745680000000000121e+01 6.750243684748270523e-01 8.134084831364778445e-01
-8.155930000000000471e-03 8.469130000000000269e-01 9.521370000000000111e-01 -5.646240000000000148e-01 -4.491550000000000264e-01 2.733809999999999851e-01 1.622977914236600760e-02 6.573786130935621586e-03 -9.932619999999999783e-01 2.264421918223646912e-02 0.000000000000000000e+00 nan 4.018505008636830134e-02 3.076798539810000066e-01 5.186225639409999810e-02 8.561490269020000099e-02 9.095620000000000260e+00 1.481799999999999962e+01 1.729279999999999973e+01 1.839300000000000068e+01 6.750243684748270523e-01 8.134084831364778445e-01
3.750530000000000183e-03 8.533579999999999499e-01 9.646179999999999755e-01 -5.346009999999999929e-01 -3.984090000000000131e-01 3.817730000000000082e-03 1.182953208959292013e-02 3.837380751726460204e-03 -9.932619999999999783e-01 1.978824626093234063e-02 0.000000000000000000e+00 nan 3.405272171238538093e-02 3.076798539810000066e-01 5.186225639409999810e-02 8.561490269020000099e-02 9.095620000000000260e+00 1.481799999999999962e+01 1.729279999999999973e+01 1.839300000000000068e+01 9.616504797359983758e-01 9.451605021738330725e-01
-6.220860000000000278e-01 -1.807690000000000130e-01 -1.113839999999999969e-01 -5.584059999999999580e-01 -4.082970000000000210e-01 -6.746429999999999927e-01 8.024819524889981182e-03 1.265387769591286293e-03 -7.817209999999999992e-01 1.711660795023206560e-02 0.000000000000000000e+00 nan 2.939162603545619756e-02 3.109891632310000098e-01 5.311887993469999875e-02 7.596408611990000670e-02 6.541249999999999787e+00 1.221599999999999930e+01 1.472639999999999993e+01 1.630399999999999849e+01 9.616504797359983758e-01 9.451605021738330725e-01
-6.969649999999999457e-01 -2.096639999999999837e+00 -2.007490000000000219e+00 -1.022769999999999957e+00 -1.082799999999999985e+00 -7.526429999999999509e-01 4.636254796191341399e-03 0.000000000000000000e+00 -5.701800000000000201e-01 1.465957497972869561e-02 0.000000000000000000e+00 nan 2.625457513207962723e-02 3.109891632310000098e-01 5.311887993469999875e-02 7.596408611990000670e-02 6.541249999999999787e+00 1.221599999999999930e+01 1.472639999999999993e+01 1.630399999999999849e+01 9.467592864440816935e-01 9.495583721856476478e-01
-6.934649999999999981e-01 -1.442239999999999966e+00 -1.495829999999999993e+00 -1.021649999999999947e+00 -1.119550000000000045e+00 -6.075009999999999577e-01 1.512990618922849251e-03 0.000000000000000000e+00 -7.817209999999999992e-01 1.244498651475856033e-02 0.000000000000000000e+00 nan 2.467711304249298188e-02 2.480842704529999942e-01 3.961483367819999823e-02 6.953656910309999328e-02 5.090250000000000163e+00 8.837820000000000675e+00 1.499789999999999957e+01 1.816850000000000165e+01 9.467592864440816935e-01 9.495583721856476478e-01
-6.778750000000000053e-01 -9.135090000000000154e-01 -5.686670000000000336e-01 -8.337379999999999791e-01 -8.334129999999999594e-01 -5.463069999999999871e-01 0.000000000000000000e+00 9.385654241534924225e-04 -7.817209999999999992e-01 1.049793472753435264e-02 0.000000000000000000e+00 nan 1.214081363356522836e-02 2.480842704529999942e-01 3.961483367819999823e-02 6.953656910309999328e-02 5.090250000000000163e+00 8.837820000000000675e+00 1.499789999999999957e+01 1.816850000000000165e+01 9.591901445667109227e-01 9.358459875293275720e-01
-4.942460000000000186e-01 2.857950000000000212e-01 3.474419999999999731e-01 -9.044330000000000425e-01 -7.409930000000000128e-01 -5.399089999999999723e-01 0.000000000000000000e+00 1.907704522007946935e-03 -7.817209999999999992e-01 8.840480492807722968e-03 0.000000000000000000e+00 nan 0.000000000000000000e+00 1.583804489229999890e-01 5.388433490720000163e-02 7.867973816579999780e-02 5.148109999999999964e+00 1.194560000000000066e+01 1.631670000000000087e+01 1.656749999999999901e+01 9.591901445667109227e-01 9.358459875293275720e-01
-4.550339999999999940e-01 3.786070000000000269e-01 4.022749999999999937e-01 -8.373890000000000500e-01 -7.602889999999999926e-01 -5.909630000000000161e-01 0.000000000000000000e+00 2.968218229026597932e-03 -9.932619999999999783e-01 7.491403429343401754e-03 0.000000000000000000e+00 nan 0.000000000000000000e+00 1.583804489229999890e-01 5.388433490720000163e-02 7.867973816579999780e-02 5.148109999999999964e+00 1.194560000000000066e+01 1.631670000000000087e+01 1.656749999999999901e+01 7.874012049183216622e-01 9.052751011610510323e-01
-6.433849999999999847e-01 -3.171729999999999827e-01 -3.087590000000000057e-01 -7.923489999999999700e-01 -7.159189999999999721e-01 -7.649029999999999996e-01 0.000000000000000000e+00 4.179872169838505513e-03 -3.586389999999999856e-01 6.465989119334047963e-03 0.000000000000000000e+00 nan 0.000000000000000000e+00 1.165476697809999934e-01 5.516216642929999692e-02 9.627331593700000356e-02 9.449659999999999727e+00 1.284800000000000075e+01 1.596899999999999942e+01 1.769889999999999830e+01 7.874012049183216622e-01 9.052751011610510323e-01
-6.927769999999999762e-01 -1.457810000000000050e+00 -1.293169999999999931e+00 -8.677329999999999766e-01 -9.618989999999999485e-01 -8.415430000000000410e-01 0.000000000000000000e+00 5.600719489831984532e-03 -3.586389999999999856e-01 5.775855916647087973e-03 0.000000000000000000e+00 nan 0.000000000000000000e+00 1.165476697809999934e-01 5.516216642929999692e-02 9.627331593700000356e-02 9.449659999999999727e+00 1.284800000000000075e+01 1.596899999999999942e+01 1.769889999999999830e+01 9.222146539676574495e-01 9.430184650295700965e-01
-6.933749999999999636e-01 -1.424199999999999910e+00 -1.506690000000000085e+00 -7.734349999999999836e-01 -1.079669999999999908e+00 -8.533309999999999507e-01 0.000000000000000000e+00 7.286443089819072405e-03 -7.817209999999999992e-01 5.428823306231844725e-03 0.000000000000000000e+00 nan 0.000000000000000000e+00 1.093908285240000056e-01 5.389954229619999676e-02 9.690816089800000088e-02 5.816860000000000142e+00 1.132830000000000048e+01 1.383399999999999963e+01 1.423409999999999975e+01 9.222146539676574495e-01 9.430184650295700965e-01
-6.970680000000000209e-01 -2.083250000000000046e+00 -2.125579999999999803e+00 -9.220239999999999547e-01 -1.120570000000000066e+00 -8.514359999999999706e-01 0.000000000000000000e+00 9.289724716521119419e-03 -5.701800000000000201e-01 2.670909352200934173e-03 0.000000000000000000e+00 nan 0.000000000000000000e+00 1.093908285240000056e-01 5.389954229619999676e-02 9.690816089800000088e-02 5.816860000000000142e+00 1.132830000000000048e+01 1.383399999999999963e+01 1.423409999999999975e+01 8.307007551291235581e-01 8.842797902142371935e-01
-6.941359999999999753e-01 -1.579150000000000054e+00 -1.450839999999999907e+00 -1.066610000000000058e+00 -1.166190000000000060e+00 -8.193629999999999525e-01 0.000000000000000000e+00 1.165964805732666587e-02 -7.817209999999999992e-01 0.000000000000000000e+00 0.000000000000000000e+00 nan 0.000000000000000000e+00 1.131993135079999990e-01 5.167282739879999753e-02 9.927316452880000086e-02 1.111449999999999960e+01 1.447230000000000061e+01 1.530710000000000015e+01 1.631350000000000122e+01 8.307007551291235581e-01 8.842797902142371935e-01
-6.960920000000000440e-01 -1.909550000000000081e+00 -1.703449999999999909e+00 -9.835129999999999706e-01 -1.150060000000000082e+00 -7.123639999999999972e-01 0.000000000000000000e+00 1.444114260250040083e-02 -7.817209999999999992e-01 0.000000000000000000e+00 0.000000000000000000e+00 nan 0.000000000000000000e+00 1.131993135079999990e-01 5.167282739879999753e-02 9.927316452880000086e-02 1.111449999999999960e+01 1.447230000000000061e+01 1.530710000000000015e+01 1.631350000000000122e+01 8.080292656574790122e-01 8.202429203998915508e-01
-6.935810000000000031e-01 -1.575839999999999907e+00 -1.314070000000000071e+00 -7.787399999999999878e-01 -9.070439999999999614e-01 -6.733209999999999473e-01 0.000000000000000000e+00 1.767447457610682449e-02 -1.470980000000000065e-01 0.000000000000000000e+00 0.000000000000000000e+00 nan 0.000000000000000000e+00 1.443759296359999889e-01 5.157586111060000200e-02 1.370591973059999968e-01 1.083660000000000068e+01 1.642099999999999937e+01 1.796059999999999945e+01 1.896559999999999846e+01 8.080292656574790122e-01 8.202429203998915508e-01
-6.158390000000000253e-01 -1.293140000000000123e-01 -1.078680000000000055e-01 -8.610210000000000363e-01 -8.874959999999999516e-01 -6.874219999999999775e-01 0.000000000000000000e+00 2.139479070360084112e-02 -3.586389999999999856e-01 0.000000000000000000e+00 0.000000000000000000e+00 nan 0.000000000000000000e+00 1.443759296359999889e-01 5.157586111060000200e-02 1.370591973059999968e-01 1.083660000000000068e+01 1.642099999999999937e+01 1.796059999999999945e+01 1.896559999999999846e+01 9.509694542636023540e-01 9.421449155066754511e-01
-5.658800000000000496e-01 1.002429999999999988e-01 9.648030000000000495e-02 -8.510029999999999539e-01 -9.471659999999999524e-01 -6.593970000000000109e-01 0.000000000000000000e+00 2.563171998538438245e-02 -9.932619999999999783e-01 0.000000000000000000e+00 0.000000000000000000e+00 nan 0.000000000000000000e+00 1.882299179320000015e-01 3.794573574159999796e-02 1.280309249230000002e-01 5.931460000000000399e+00 1.379139999999999944e+01 1.949709999999999965e+01 2.156629999999999825e+01 9.509694542636023540e-01 9.421449155066754511e-01
-6.480540000000000189e-01 -3.538109999999999866e-01 -3.625760000000000094e-01 -8.884480000000000155e-01 -8.929930000000000367e-01 -6.107550000000000479e-01 0.000000000000000000e+00 3.040903798839422745e-02 -7.817209999999999992e-01 0.000000000000000000e+00 0.000000000000000000e+00 nan 0.000000000000000000e+00 1.882299179320000015e-01 3.794573574159999796e-02 1.280309249230000002e-01 5.931460000000000399e+00 1.379139999999999944e+01 1.949709999999999965e+01 2.156629999999999825e+01 9.281570386724760091e-01 9.567944414136105857e-01
-6.948680000000000412e-01 -1.702420000000000044e+00 -1.494240000000000013e+00 -8.634920000000000373e-01 -1.054640000000000022e+00 -7.061929999999999596e-01 0.000000000000000000e+00 3.574439745942614710e-02 -7.817209999999999992e-01 0.000000000000000000e+00 0.000000000000000000e+00 nan 0.000000000000000000e+00 2.456441351820000119e-01 3.186738941560000177e-02 9.426393129799999493e-02 1.469110000000000049e+01 2.109359999999999857e+01 2.136890000000000001e+01 2.251599999999999824e+01 9.281570386724760091e-01 9.567944414136105857e-01
-6.893329999999999735e-01 -1.266539999999999999e+00 -1.013430000000000053e+00 -6.442409999999999526e-01 -7.231279999999999930e-01 -5.963619999999999477e-01 0.000000000000000000e+00 4.164912831246170288e-02 -7.817209999999999992e-01 0.000000000000000000e+00 0.000000000000000000e+00 nan 0.000000000000000000e+00 2.456441351820000119e-01 3.186738941560000177e-02 9.426393129799999493e-02 1.469110000000000049e+01 2.109359999999999857e+01 2.136890000000000001e+01 2.251599999999999824e+01 7.370788364200068221e-01 8.349794665658125670e-01
-5.461529999999999996e-01 1.516520000000000090e-01 1.993340000000000112e-01 -8.857800000000000118e-01 -8.831480000000000441e-01 -2.625879999999999881e-01 0.000000000000000000e+00 4.812810925621513469e-02 -7.817209999999999992e-01 0.000000000000000000e+00 0.000000000000000000e+00 nan 0.000000000000000000e+00 2.841144416970000086e-01 2.877105548699999960e-02 8.807324168190000524e-02 9.764649999999999608e+00 1.831670000000000087e+01 2.254779999999999873e+01 2.195240000000000080e+01 7.370788364200068221e-01 8.349794665658125670e-01
-5.989879999999999649e-01 -7.967280000000000195e-02 6.656019999999999992e-02 -8.379280000000000062e-01 -7.502400000000000180e-01 -1.676950000000000107e-01 0.000000000000000000e+00 5.517971251641407004e-02 -3.586389999999999856e-01 0.000000000000000000e+00 0.000000000000000000e+00 nan 0.000000000000000000e+00 2.841144416970000086e-01 2.877105548699999960e-02 8.807324168190000524e-02 9.764649999999999608e+00 1.831670000000000087e+01 2.254779999999999873e+01 2.195240000000000080e+01 9.264248217871781099e-01 9.092044005475583557e-01
-5.763089999999999602e-01 3.313789999999999791e-02 1.297729999999999995e-01 -6.420690000000000008e-01 -5.229770000000000252e-01 -4.060010000000000008e-01 0.000000000000000000e+00 6.279582227913238501e-02 -3.586389999999999856e-01 0.000000000000000000e+00 0.000000000000000000e+00 nan 0.000000000000000000e+00 2.654711781540000093e-01 3.342481002380000288e-02 9.755033705580000436e-02 1.183089999999999975e+01 1.981139999999999901e+01 2.058279999999999887e+01 2.118080000000000140e+01 9.264248217871781099e-01 9.092044005475583557e-01
-2.758289999999999909e-01 6.262020000000000364e-01 6.944259999999999877e-01 -7.257470000000000310e-01 -7.613640000000000407e-01 -1.582079999999999945e-02 0.000000000000000000e+00 7.096192664620537549e-02 -9.932619999999999783e-01 0.000000000000000000e+00 0.000000000000000000e+00 nan 0.000000000000000000e+00 2.654711781540000093e-01 3.342481002380000288e-02 9.755033705580000436e-02 1.183089999999999975e+01 1.981139999999999901e+01 2.058279999999999887e+01 2.118080000000000140e+01 9.675458890676562618e-01 9.554724028636358835e-01
-4.830940000000000234e-01 3.097940000000000138e-01 3.751399999999999735e-01 -6.490970000000000351e-01 -5.839539999999999731e-01 1.073299999999999949e-01 0.000000000000000000e+00 7.965728206083400043e-02 -3.586389999999999856e-01 0.000000000000000000e+00 0.000000000000000000e+00 nan 0.000000000000000000e+00 2.152417580069999892e-01 3.218146429209999687e-02 9.310494273000000098e-02 1.309960000000000058e+01 2.405659999999999954e+01 2.879309999999999903e+01 2.737450000000000117e+01 9.675458890676562618e-01 9.554724028636358835e-01
-6.769260000000000277e-01 -8.742229999999999723e-01 -5.678590000000000027e-01 -5.553829999999999600e-01 -5.024680000000000257e-01 -3.514169999999999794e-01 0.000000000000000000e+00 8.885514834037255838e-02 -3.586389999999999856e-01 0.000000000000000000e+00 0.000000000000000000e+00 nan 0.000000000000000000e+00 2.152417580069999892e-01 3.218146429209999687e-02 9.310494273000000098e-02 1.309960000000000058e+01 2.405659999999999954e+01 2.879309999999999903e+01 2.737450000000000117e+01 9.476518185341333833e-01 9.409667950773308309e-01
-4.295059999999999989e-01 4.139860000000000206e-01 4.808950000000000169e-01 -6.867330000000000378e-01 -6.069320000000000270e-01 -2.675019999999999828e-02 0.000000000000000000e+00 9.852309165328276830e-02 -9.932619999999999783e-01 0.000000000000000000e+00 0.000000000000000000e+00 nan 0.000000000000000000e+00 1.707151494499999922e-01 4.203783183040000343e-02 9.097002417289999643e-02 1.660839999999999961e+01 3.253309999999999746e+01 3.258220000000000027e+01 2.935839999999999961e+01 9.476518185341333833e-01 9.409667950773308309e-01
-3.472910000000000164e-01 5.423160000000000203e-01 5.984909999999999952e-01 -7.057689999999999797e-01 -6.334450000000000358e-01 3.753549999999999942e-02 0.000000000000000000e+00 1.086233520074050274e-01 -9.932619999999999783e-01 0.000000000000000000e+00 0.000000000000000000e+00 nan 0.000000000000000000e+00 1.707151494499999922e-01 4.203783183040000343e-02 9.097002417289999643e-02 1.660839999999999961e+01 3.253309999999999746e+01 3.258220000000000027e+01 2.935839999999999961e+01 7.800613028619746148e-01 9.033974717267830856e-01
-5.902119999999999589e-01 1.603200000000000111e-02 -3.153159999999999991e-02 -6.946609999999999729e-01 -6.545100000000000362e-01 -3.212010000000000143e-01 0.000000000000000000e+00 1.191132710857578658e-01 -9.932619999999999783e-01 0.000000000000000000e+00 0.000000000000000000e+00 nan 0.000000000000000000e+00 1.777171441840000032e-01 3.554537452209999976e-02 8.694236741960000014e-02 1.880780000000000030e+01 2.843080000000000140e+01 2.990940000000000154e+01 -1.000000000000000000e+00 7.800613028619746148e-01 9.033974717267830856e-01
-6.559679999999999955e-01 -4.015270000000000228e-01 -5.378880000000000328e-01 -9.650170000000000137e-01 -9.820889999999999898e-01 -6.285500000000000531e-01 0.000000000000000000e+00 1.299457755823137939e-01 -9.932619999999999783e-01 0.000000000000000000e+00 0.000000000000000000e+00 nan 0.000000000000000000e+00 1.777171441840000032e-01 3.554537452209999976e-02 8.694236741960000014e-02 1.880780000000000030e+01 2.843080000000000140e+01 2.990940000000000154e+01 -1.000000000000000000e+00 9.630245094009465268e-01 8.988757651925658454e-01
-6.436159999999999659e-01 -3.011070000000000135e-01 -3.582890000000000241e-01 -7.362640000000000295e-01 -9.560809999999999587e-01 -7.413199999999999790e-01 0.000000000000000000e+00 1.410699105613676396e-01 -9.932619999999999783e-01 0.000000000000000000e+00 0.000000000000000000e+00 nan 0.000000000000000000e+00 1.694399051569999981e-01 3.313741403539999936e-02 1.045069649110000054e-01 8.741550000000000153e+00 1.944069999999999965e+01 -1.000000000000000000e+00 -1.000000000000000000e+00 9.630245094009465268e-01 8.988757651925658454e-01
-6.692299999999999915e-01 -5.750140000000000251e-01 -7.219609999999999639e-01 -9.400479999999999947e-01 -9.861370000000000413e-01 -5.000130000000000408e-01 0.000000000000000000e+00 1.524314167973179757e-01 -9.932619999999999783e-01 0.000000000000000000e+00 0.000000000000000000e+00 nan 0.000000000000000000e+00 1.694399051569999981e-01 3.313741403539999936e-02 1.045069649110000054e-01 8.741550000000000153e+00 1.944069999999999965e+01 -1.000000000000000000e+00 -1.000000000000000000e+00 8.982043663609353690e-01 9.115740291383991334e-01
-6.845229999999999926e-01 -9.746430000000000371e-01 -9.477919999999999678e-01 -8.934689999999999577e-01 -9.687240000000000295e-01 -2.695960000000000023e-01 0.000000000000000000e+00 1.639733455533733952e-01 6.444289999999999741e-02 0.000000000000000000e+00 0.000000000000000000e+00 nan 0.000000000000000000e+00 1.626435715679999949e-01 3.335693761800000157e-02 1.433285836790000045e-01 7.930860000000000021e+00 -1.000000000000000000e+00 -1.000000000000000000e+00 -1.000000000000000000e+00 8.982043663609353690e-01 9.115740291383991334e-01
-6.595550000000000024e-01 -4.867529999999999912e-01 -4.605500000000000149e-01 -7.421229999999999771e-01 -6.639000000000000457e-01 -8.348519999999999552e-02 0.000000000000000000e+00 1.756367038334969433e-01 6.444289999999999741e-02 0.000000000000000000e+00 0.000000000000000000e+00 nan 0.000000000000000000e+00 1.626435715679999949e-01 3.335693761800000157e-02 1.433285836790000045e-01 7.930860000000000021e+00 -1.000000000000000000e+00 -1.000000000000000000e+00 -1.000000000000000000e+00 0.000000000000000000e+00 0.000000000000000000e+00
