-4.177020000000000177e-01 -1.718909999999999938e+00 -1.572689999999999921e+00 -1.095709999999999962e+00 -1.226059999999999928e+00 -4.106290000000000218e-01 0.000000000000000000e+00 1.602519603697535322e-01 1.044960000000000055e-01 9.788558031527117009e-03 nan nan 6.684620545460834284e-01 2.517469922809999899e-02 4.519098982349999821e-02 2.574466370240000024e-02 -1.000000000000000000e+00 -1.000000000000000000e+00 -1.000000000000000000e+00 -1.000000000000000000e+00 0.000000000000000000e+00 0.000000000000000000e+00
-4.175730000000000275e-01 -1.426099999999999923e+00 -1.436560000000000059e+00 -1.083439999999999959e+00 -1.192549999999999999e+00 -4.106870000000000243e-01 0.000000000000000000e+00 1.546289258854816051e-01 -6.482210000000000472e-01 1.378433731681782959e-02 nan nan 7.177738284770811550e-01 2.323516128029999919e-02 4.230144303089999891e-02 2.233393457810000163e-02 6.867829999999999657e+00 -1.000000000000000000e+00 -1.000000000000000000e+00 -1.000000000000000000e+00 0.000000000000000000e+00 0.000000000000000000e+00
-4.163660000000000139e-01 -8.567320000000000491e-01 -7.205470000000000486e-01 -9.088779999999999637e-01 -1.087849999999999984e+00 -4.105800000000000005e-01 0.000000000000000000e+00 1.493306065507570279e-01 -6.482210000000000472e-01 1.846999226957246609e-02 nan nan 7.645941461368275238e-01 2.323516128029999919e-02 4.230144303089999891e-02 2.233393457810000163e-02 6.867829999999999657e+00 -1.000000000000000000e+00 -1.000000000000000000e+00 -1.000000000000000000e+00 0.000000000000000000e+00 0.000000000000000000e+00
-4.175630000000000175e-01 -1.484860000000000069e+00 -1.267749999999999932e+00 -9.680050000000000043e-01 -1.060359999999999969e+00 -4.105730000000000213e-01 1.303291423673358373e-03 1.446780384152015486e-01 -5.293710000000000360e-01 2.402915335895161597e-02 nan nan 8.083925146177887155e-01 2.141818767000000165e-02 3.900487079159999787e-02 2.009061535810000021e-02 7.446200000000000152e+00 1.853900000000000148e+01 -1.000000000000000000e+00 -1.000000000000000000e+00 0.000000000000000000e+00 0.000000000000000000e+00
-4.176010000000000000e-01 -1.497319999999999984e+00 -1.408509999999999929e+00 -1.065080000000000027e+00 -1.194679999999999964e+00 -4.108160000000000145e-01 4.054777766070660761e-03 1.409849409093212325e-01 -5.293710000000000360e-01 3.063555388055216877e-02 nan nan 8.486726809041349462e-01 2.141818767000000165e-02 3.900487079159999787e-02 2.009061535810000021e-02 7.446200000000000152e+00 1.853900000000000148e+01 -1.000000000000000000e+00 -1.000000000000000000e+00 7.591968517632734503e-01 9.326497079680162727e-01
-4.174660000000000037e-01 -1.378200000000000092e+00 -1.149780000000000024e+00 -1.108719999999999928e+00 -1.236690000000000067e+00 -4.106699999999999795e-01 7.071284696287039040e-03 1.385541622780027682e-01 -5.293710000000000360e-01 3.845106148874877228e-02 nan nan 8.849782546167040964e-01 2.506878594000000113e-02 3.988040799380000029e-02 1.869176446950000098e-02 1.255669999999999931e+01 2.724970000000000070e+01 2.788119999999999976e+01 -1.000000000000000000e+00 7.591968517632734503e-01 9.326497079680162727e-01
-4.176059999999999772e-01 -1.507630000000000026e+00 -1.399380000000000068e+00 -1.066710000000000047e+00 -1.268480000000000052e+00 -4.105849999999999778e-01 1.039891807674897528e-02 1.376742481888870717e-01 -5.293710000000000360e-01 4.762384417148957105e-02 nan nan 9.168978790983615124e-01 2.506878594000000113e-02 3.988040799380000029e-02 1.869176446950000098e-02 1.255669999999999931e+01 2.724970000000000070e+01 2.788119999999999976e+01 -1.000000000000000000e+00 7.095436361264513270e-01 8.571072203078642371e-01
-4.172489999999999810e-01 -1.164860000000000007e+00 -1.081099999999999950e+00 -1.059450000000000003e+00 -1.157350000000000101e+00 -4.101549999999999918e-01 1.420059992309985475e-02 1.386161723946577329e-01 -6.482210000000000472e-01 5.828669144778919620e-02 nan nan 9.440698922492951617e-01 2.561270682159999881e-02 3.144679725650000035e-02 1.980071898289999938e-02 1.079690000000000083e+01 2.481609999999999872e+01 3.316949999999999932e+01 2.828049999999999997e+01 7.095436361264513270e-01 8.571072203078642371e-01
-4.172679999999999723e-01 -1.177000000000000046e+00 -1.091250000000000053e+00 -1.051870000000000083e+00 -1.184560000000000057e+00 -4.105500000000000260e-01 1.866609964262355703e-02 1.416302664921480492e-01 -6.482210000000000472e-01 7.055550980941760475e-02 nan nan 9.661864243031201838e-01 2.561270682159999881e-02 3.144679725650000035e-02 1.980071898289999938e-02 1.079690000000000083e+01 2.481609999999999872e+01 3.316949999999999932e+01 2.828049999999999997e+01 7.136691742401182204e-01 7.842854862099702951e-01
-4.174309999999999965e-01 -1.288100000000000023e+00 -1.244110000000000049e+00 -9.362880000000000091e-01 -1.070300000000000029e+00 -4.107939999999999925e-01 2.396365314420556558e-02 1.469433835653204401e-01 -6.482210000000000472e-01 8.452800945403382560e-02 nan nan 9.829968861143481007e-01 2.206185842109999878e-02 3.585407136629999852e-02 2.049146017400000144e-02 1.369330000000000069e+01 2.347459999999999880e+01 2.483879999999999910e+01 2.490119999999999933e+01 7.136691742401182204e-01 7.842854862099702951e-01
-4.174900000000000277e-01 -1.350230000000000041e+00 -1.291279999999999983e+00 -1.066300000000000026e+00 -1.102549999999999919e+00 -4.107580000000000120e-01 3.022985542941880599e-02 1.547563278491805860e-01 -4.501379999999999826e-01 1.002825971896049717e-01 nan nan 9.943108084335381402e-01 2.206185842109999878e-02 3.585407136629999852e-02 2.049146017400000144e-02 1.369330000000000069e+01 2.347459999999999880e+01 2.483879999999999910e+01 2.490119999999999933e+01 7.863797451841544328e-01 8.773365884810345738e-01
-4.177379999999999982e-01 -1.911650000000000071e+00 -1.592880000000000074e+00 -1.077390000000000070e+00 -1.232709999999999972e+00 -4.108149999999999857e-01 3.759264378377291660e-02 1.652415795375561380e-01 6.487950000000000661e-02 1.178774880539406045e-01 nan nan 1.000000000000000000e+00 2.633320822250000137e-02 4.166149261339999882e-02 3.620186285160000017e-02 1.523649999999999949e+01 2.633299999999999841e+01 3.076709999999999923e+01 2.853610000000000113e+01 7.863797451841544328e-01 8.773365884810345738e-01
-4.177060000000000217e-01 -1.731139999999999901e+00 -1.592589999999999950e+00 -1.110289999999999999e+00 -1.242629999999999901e+00 -4.100779999999999981e-01 4.617218818338597597e-02 1.785413405135822806e-01 -1.435389999999999930e-02 1.373500457150541587e-01 nan nan 1.000000000000000000e+00 2.633320822250000137e-02 4.166149261339999882e-02 3.620186285160000017e-02 1.523649999999999949e+01 2.633299999999999841e+01 3.076709999999999923e+01 2.853610000000000113e+01 7.738455015871635867e-01 9.411046658595318970e-01
-4.175200000000000022e-01 -1.370079999999999965e+00 -1.348989999999999911e+00 -1.103900000000000103e+00 -1.253719999999999946e+00 -4.093640000000000057e-01 5.607659266821729549e-02 1.947659231455438622e-01 -5.293710000000000360e-01 1.587163591258740070e-01 nan nan 9.943108084335381402e-01 2.620391673650000058e-02 4.984201155460000338e-02 5.426121153119999735e-02 2.045970000000000155e+01 2.876050000000000040e+01 3.044249999999999901e+01 3.183680000000000021e+01 7.738455015871635867e-01 9.411046658595318970e-01
-4.173109999999999875e-01 -1.199950000000000072e+00 -1.136980000000000102e+00 -1.001670000000000060e+00 -1.141129999999999978e+00 -4.091489999999999849e-01 6.738972863821279802e-02 2.139925004036646872e-01 -6.482210000000000472e-01 1.819710602299773328e-01 nan nan 9.829968861143481007e-01 2.620391673650000058e-02 4.984201155460000338e-02 5.426121153119999735e-02 2.045970000000000155e+01 2.876050000000000040e+01 3.044249999999999901e+01 3.183680000000000021e+01 6.957537939731268661e-01 7.815514282293150039e-01
-4.160749999999999726e-01 -7.895140000000000491e-01 -6.662150000000000016e-01 -1.034839999999999982e+00 -1.191219999999999946e+00 -4.096839999999999926e-01 8.017640213376842073e-02 2.362642314595180260e-01 -6.482210000000000472e-01 2.070873847838156090e-01 nan nan 9.661864243031201838e-01 2.474998927290000122e-02 3.882618524680000321e-02 7.393051083370000276e-02 9.150299999999999656e+00 2.302420000000000044e+01 2.696539999999999893e+01 3.448290000000000077e+01 6.957537939731268661e-01 7.815514282293150039e-01
-4.161730000000000151e-01 -8.010000000000000453e-01 -7.093350000000000488e-01 -1.073819999999999997e+00 -1.076940000000000008e+00 -4.099450000000000038e-01 9.448562476648569852e-02 2.615897726753670938e-01 -6.482210000000000472e-01 2.340174756062872730e-01 nan nan 9.440698922492956058e-01 2.474998927290000122e-02 3.882618524680000321e-02 7.393051083370000276e-02 9.150299999999999656e+00 2.302420000000000044e+01 2.696539999999999893e+01 3.448290000000000077e+01 8.169054659303387478e-01 8.744462035842103242e-01
-4.173350000000000115e-01 -1.204630000000000090e+00 -1.179310000000000080e+00 -1.012860000000000094e+00 -1.173399999999999999e+00 -4.107350000000000168e-01 1.103455488735327616e-01 2.899431795241217413e-01 -6.086040000000000338e-01 2.626929248197236166e-01 nan nan 9.168978790983617344e-01 2.013489997159999961e-02 2.709648168499999982e-02 7.419451213989999849e-02 1.515119999999999933e+01 2.131800000000000139e+01 3.187419999999999831e+01 4.274170000000000158e+01 8.169054659303387478e-01 8.744462035842103242e-01
-4.177299999999999902e-01 -1.869799999999999907e+00 -1.592719999999999914e+00 -1.009020000000000028e+00 -1.087890000000000024e+00 -4.109110000000000262e-01 1.277716451873598391e-01 3.212642005511970877e-01 -2.520540000000000003e-01 2.930255489384758771e-01 nan nan 8.849782546167043185e-01 2.013489997159999961e-02 2.709648168499999982e-02 7.419451213989999849e-02 1.515119999999999933e+01 2.131800000000000139e+01 3.187419999999999831e+01 4.274170000000000158e+01 9.850034787146150217e-01 1.000000000000000000e+00
-4.177159999999999762e-01 -1.796629999999999949e+00 -1.577380000000000004e+00 -1.083380000000000010e+00 -1.186930000000000041e+00 -4.109769999999999812e-01 1.467654905986744973e-01 3.554589600475700495e-01 -2.916710000000000136e-01 3.249083880230448917e-01 nan nan 8.486726809041351682e-01 4.105467943149999910e-02 2.298485254460000057e-02 7.914400731880000261e-02 1.396460000000000079e+01 2.495159999999999911e+01 3.667410000000000281e+01 5.242099999999999937e+01 9.850034787146150217e-01 1.000000000000000000e+00
-4.176810000000000245e-01 -1.739219999999999988e+00 -1.412500000000000089e+00 -1.015959999999999974e+00 -1.217840000000000034e+00 -4.108769999999999922e-01 1.673069045254018672e-01 3.902985544020567410e-01 -5.293710000000000360e-01 3.582169175789339244e-01 nan nan 8.083925146177887155e-01 4.105467943149999910e-02 2.298485254460000057e-02 7.914400731880000261e-02 1.396460000000000079e+01 2.495159999999999911e+01 3.667410000000000281e+01 5.242099999999999937e+01 7.920000434839327141e-01 9.397110280324096898e-01
-4.172859999999999903e-01 -1.193279999999999896e+00 -1.088880000000000070e+00 -1.076529999999999987e+00 -1.280299999999999994e+00 -4.109149999999999747e-01 1.894704161341278503e-01 4.255569332205831889e-01 -5.293710000000000360e-01 3.928104594689296736e-01 nan nan 7.645941461368277459e-01 8.767090012669999377e-02 2.614618265070000128e-02 7.961918984089999540e-02 8.795640000000000569e+00 3.251180000000000092e+01 4.813450000000000273e+01 5.882300000000000040e+01 7.920000434839327141e-01 9.397110280324096898e-01
-4.176259999999999972e-01 -1.561819999999999986e+00 -1.397059999999999969e+00 -1.131860000000000088e+00 -1.280270000000000019e+00 -4.088390000000000080e-01 2.140151212178774687e-01 4.629449681467056044e-01 -3.312869999999999981e-01 4.285337758526084340e-01 nan nan 7.177738284770811550e-01 8.767090012669999377e-02 2.614618265070000128e-02 7.961918984089999540e-02 8.795640000000000569e+00 3.251180000000000092e+01 4.813450000000000273e+01 5.882300000000000040e+01 4.404487541853284727e-01 7.027959235262030147e-01
-4.177319999999999922e-01 -1.839890000000000025e+00 -1.657129999999999992e+00 -1.114630000000000010e+00 -1.296820000000000084e+00 -3.925649999999999973e-01 2.407707765502831165e-01 5.019784476760451586e-01 -2.916710000000000136e-01 4.652188280930978914e-01 nan nan 6.684620545460836505e-01 1.488817828619999895e-01 2.307056244139999920e-02 8.801543736939999862e-02 2.941009999999999991e+01 4.662559999999999860e+01 6.069069999999999965e+01 7.463509999999999422e+01 4.404487541853284727e-01 7.027959235262030147e-01
-4.176710000000000145e-01 -1.710909999999999931e+00 -1.390209999999999946e+00 -1.102179999999999938e+00 -1.217389999999999972e+00 -3.884790000000000187e-01 2.688599144673600172e-01 5.421545167593819770e-01 -4.105210000000000248e-01 5.026866807019777506e-01 nan nan 6.172175464464584316e-01 1.488817828619999895e-01 2.307056244139999920e-02 8.801543736939999862e-02 2.941009999999999991e+01 4.662559999999999860e+01 6.069069999999999965e+01 7.463509999999999422e+01 3.442949080314823274e-01 5.799096629990819762e-01
-4.009119999999999906e-01 -8.338710000000000566e-02 -2.488129999999999856e-03 2.943230000000000013e-01 7.227590000000000403e-01 -3.601869999999999794e-01 2.981824094970174643e-01 5.829573743512934669e-01 -2.916710000000000136e-01 5.407495287498631509e-01 nan nan 5.646209249312408307e-01 2.226601557900000083e-01 2.373224062619999977e-02 1.049488437289999992e-01 1.880489999999999995e+01 7.185769999999999413e+01 9.105629999999999313e+01 8.545879999999999654e+01 3.442949080314823274e-01 5.799096629990819762e-01
-2.930260000000000087e-01 6.454889999999999795e-01 8.228330000000000366e-01 8.136560000000000459e-01 1.042929999999999913e+00 -2.871480000000000143e-01 3.273463231834923270e-01 6.238641176421038104e-01 -3.709040000000000115e-01 5.792128257712969575e-01 nan nan 5.112681307387418883e-01 2.226601557900000083e-01 2.373224062619999977e-02 1.049488437289999992e-01 1.880489999999999995e+01 7.185769999999999413e+01 9.105629999999999313e+01 8.545879999999999654e+01 2.795310257859721093e-01 5.901374346420446004e-01
-3.822539999999999827e-01 1.359180000000000110e-01 5.708590000000000053e-01 2.186639999999999973e-01 2.185970000000000135e-01 -1.259969999999999979e-01 3.573128906306746178e-01 6.643506667556569045e-01 -5.293710000000000360e-01 6.178774880539404935e-01 nan nan 4.577636723458574641e-01 4.866467749060000014e-01 2.507763609959999876e-02 1.507698726920000121e-01 4.662810000000000343e+01 8.538660000000000139e+01 9.572440000000000282e+01 9.217369999999999663e+01 2.795310257859721093e-01 5.901374346420446004e-01
-2.988850000000000118e-01 6.366180000000000172e-01 8.645519999999999872e-01 3.089749999999999996e-01 3.871829999999999994e-01 2.882179999999999742e-01 3.894009207755614321e-01 7.038977027837269862e-01 -5.689880000000000493e-01 6.565421503365841405e-01 nan nan 4.047137766454755869e-01 4.866467749060000014e-01 2.507763609959999876e-02 1.507698726920000121e-01 4.662810000000000343e+01 8.538660000000000139e+01 9.572440000000000282e+01 9.217369999999999663e+01 2.064073574814105916e-01 5.616593270625174217e-01
3.225319999999999854e-01 1.176819999999999977e+00 1.561139999999999972e+00 3.975659999999999750e-01 7.262880000000000447e-01 1.157210000000000072e+00 4.224707349465030015e-01 7.419965518767567270e-01 -4.501379999999999826e-01 6.950054473580178360e-01 nan nan 3.527195201535446856e-01 6.046040080140000494e-01 2.617882796070000045e-02 1.649671018539999867e-01 1.469299999999999962e+01 6.486339999999999861e+01 7.805800000000000693e+01 7.598720000000000141e+01 2.064073574814105916e-01 5.616593270625174217e-01
2.453219999999999956e+00 1.627990000000000048e+00 1.796049999999999924e+00 9.008410000000000029e-01 8.991400000000000503e-01 2.310810000000000031e+00 4.560612727666980559e-01 7.781549487218288874e-01 -3.709040000000000115e-01 7.299731044826526238e-01 nan nan 3.073176210813836073e-01 6.046040080140000494e-01 2.617882796070000045e-02 1.649671018539999867e-01 1.469299999999999962e+01 6.486339999999999861e+01 7.805800000000000693e+01 7.598720000000000141e+01 2.191155368091490807e-01 5.664223088487687630e-01
3.241610000000000102e+00 1.710879999999999956e+00 1.743670000000000053e+00 6.362330000000000485e-01 8.594990000000000130e-01 3.563800000000000079e+00 4.903249263335729413e-01 8.127206539223515991e-01 -2.916710000000000136e-01 7.642449406372158194e-01 nan nan 2.591833543817221308e-01 6.862567038229999694e-01 2.694985720579999924e-02 1.601066333389999929e-01 2.159410000000000096e+01 4.028529999999999944e+01 5.475430000000000064e+01 6.119380000000000308e+01 2.191155368091490807e-01 5.664223088487687630e-01
3.716040000000000010e+00 1.752550000000000052e+00 1.763130000000000086e+00 7.243209999999999926e-01 9.141679999999999806e-01 4.049809999999999910e+00 5.250137862130374033e-01 8.445097913165243719e-01 -3.312869999999999981e-01 7.974326422237455469e-01 nan nan 2.138097030391594711e-01 6.862567038229999694e-01 2.694985720579999924e-02 1.601066333389999929e-01 2.159410000000000096e+01 4.028529999999999944e+01 5.475430000000000064e+01 6.119380000000000308e+01 2.177131799799973955e-01 5.831725716110320867e-01
3.754869999999999930e+00 1.755929999999999991e+00 1.770140000000000047e+00 7.359970000000000123e-01 1.091949999999999976e+00 3.996589999999999865e+00 5.592436257052848525e-01 8.731621772753763722e-01 -3.312869999999999981e-01 8.291601793221335948e-01 nan nan 1.717107686537976408e-01 7.386590739830000141e-01 2.796905416100000166e-02 1.327811764200000078e-01 8.975260000000000460e+00 3.247879999999999967e+01 4.211540000000000106e+01 5.383209999999999695e+01 2.177131799799973955e-01 5.831725716110320867e-01
3.713429999999999787e+00 1.754289999999999905e+00 1.783819999999999961e+00 7.228310000000000013e-01 1.034839999999999982e+00 3.609929999999999861e+00 5.938697688527315721e-01 9.004556345034053777e-01 -3.312869999999999981e-01 8.590680662593747074e-01 nan nan 1.333635489741038516e-01 7.386590739830000141e-01 2.796905416100000166e-02 1.327811764200000078e-01 8.975260000000000460e+00 3.247879999999999967e+01 4.211540000000000106e+01 5.383209999999999695e+01 2.149791277123103139e-01 5.899944121442730616e-01
3.522390000000000132e+00 1.737989999999999924e+00 1.744599999999999929e+00 6.945040000000000102e-01 1.015330000000000066e+00 3.416490000000000027e+00 6.290741703595187362e-01 9.261732282182703058e-01 -3.312869999999999981e-01 8.868174347258847012e-01 nan nan 9.920253332182038530e-02 7.757768781170000238e-01 2.348176339369999893e-02 1.055381316650000068e-01 9.142780000000000129e+00 2.116339999999999932e+01 3.074149999999999849e+01 3.835909999999999798e+01 2.149791277123103139e-01 5.899944121442730616e-01
3.213020000000000209e+00 1.708350000000000035e+00 1.633939999999999948e+00 6.791610000000000147e-01 1.059490000000000043e+00 3.465450000000000141e+00 6.627204430139774782e-01 9.481742069541482243e-01 -3.312869999999999981e-01 9.120938732888529410e-01 nan nan 6.961477965433682247e-02 7.757768781170000238e-01 2.348176339369999893e-02 1.055381316650000068e-01 9.142780000000000129e+00 2.116339999999999932e+01 3.074149999999999849e+01 3.835909999999999798e+01 2.128592859938251980e-01 5.837945531711081770e-01
3.138199999999999878e+00 1.701119999999999965e+00 1.537080000000000002e+00 6.307469999999999466e-01 1.104260000000000019e+00 3.343480000000000008e+00 6.952512775458845606e-01 9.665308849344402820e-01 -3.312869999999999981e-01 9.346109897994089311e-01 nan nan 4.493552904337227982e-02 8.284752304339999540e-01 1.500095835450000054e-02 7.336001331229999312e-02 3.379980000000000206e+00 1.053090000000000082e+01 1.731259999999999977e+01 2.804009999999999891e+01 2.128592859938251980e-01 5.837945531711081770e-01
2.984259999999999913e+00 1.685990000000000100e+00 1.498809999999999976e+00 7.970589999999999620e-01 1.035349999999999993e+00 2.960480000000000000e+00 7.281065086190600111e-01 9.813568677662967144e-01 -3.312869999999999981e-01 9.541136563301042539e-01 nan nan 2.544440725967711536e-02 8.284752304339999540e-01 1.500095835450000054e-02 7.336001331229999312e-02 3.379980000000000206e+00 1.053090000000000082e+01 1.731259999999999977e+01 2.804009999999999891e+01 2.108318476322997848e-01 5.795870308529462722e-01
2.696839999999999904e+00 1.656099999999999905e+00 1.464029999999999943e+00 7.734069999999999556e-01 1.048580000000000068e+00 2.209449999999999914e+00 7.604073963048916251e-01 9.928057652436943492e-01 -3.312869999999999981e-01 9.703808998762765148e-01 nan nan 1.136225650131783560e-02 8.328126360230000413e-01 1.407667174980000054e-02 5.912433588479999724e-02 4.045029999999999681e+00 1.017919999999999980e+01 1.305770000000000053e+01 1.859979999999999833e+01 2.108318476322997848e-01 5.795870308529462722e-01
2.317089999999999872e+00 1.611390000000000100e+00 1.362020000000000008e+00 8.303970000000000518e-01 1.053819999999999979e+00 1.799949999999999939e+00 7.914922097770327181e-01 9.989669835900751860e-01 -3.709040000000000115e-01 9.832284060684862714e-01 nan nan 2.848633163328617712e-03 8.328126360230000413e-01 1.407667174980000054e-02 5.912433588479999724e-02 4.045029999999999681e+00 1.017919999999999980e+01 1.305770000000000053e+01 1.859979999999999833e+01 2.088424577118754843e-01 5.838777057860915498e-01
1.967270000000000074e+00 1.564810000000000034e+00 1.306880000000000042e+00 8.945999999999999508e-01 1.037539999999999907e+00 1.204429999999999890e+00 8.212524848058094795e-01 1.000000000000000000e+00 -3.709040000000000115e-01 9.925106075279732654e-01 nan nan 0.000000000000000000e+00 8.225088957160000547e-01 1.400712266899999982e-02 5.169813431769999801e-02 3.780749999999999833e+00 9.748939999999999273e+00 1.343740000000000023e+01 1.791110000000000113e+01 2.088424577118754843e-01 5.838777057860915498e-01
1.429840000000000000e+00 1.477540000000000076e+00 1.320240000000000080e+00 1.044399999999999995e+00 1.131399999999999961e+00 7.038919999999999622e-01 8.495158816338980179e-01 9.980640632780410915e-01 -2.916710000000000136e-01 9.981223332032221895e-01 nan nan 2.848633163328617712e-03 8.225088957160000547e-01 1.400712266899999982e-02 5.169813431769999801e-02 3.780749999999999833e+00 9.748939999999999273e+00 1.343740000000000023e+01 1.791110000000000113e+01 2.056409531678045077e-01 5.913880499713954908e-01
8.986840000000000384e-01 1.361690000000000067e+00 1.316159999999999997e+00 1.300359999999999960e+00 1.277139999999999942e+00 4.135099999999999887e-01 8.755224843654528799e-01 9.931811083608192980e-01 -2.916710000000000136e-01 1.000000000000000000e+00 nan nan 1.136225650131772458e-02 7.466731676790000494e-01 1.878091734880000044e-02 6.214984398420000250e-02 3.858060000000000045e+00 9.600250000000000838e+00 1.564109999999999978e+01 1.822149999999999892e+01 2.056409531678045077e-01 5.913880499713954908e-01
4.437699999999999978e-01 1.217119999999999980e+00 1.271360000000000046e+00 1.100309999999999899e+00 1.104440000000000088e+00 3.275870000000000171e-01 8.987487554472508577e-01 9.854064610786762435e-01 -2.916710000000000136e-01 9.981223332032220785e-01 nan nan 2.544440725967711536e-02 7.466731676790000494e-01 1.878091734880000044e-02 6.214984398420000250e-02 3.858060000000000045e+00 9.600250000000000838e+00 1.564109999999999978e+01 1.822149999999999892e+01 2.004337522285515316e-01 5.879521839202799249e-01
3.779440000000000022e-01 1.189990000000000103e+00 1.245649999999999924e+00 8.578160000000000229e-01 1.052729999999999944e+00 1.893549999999999955e-01 9.199050196778895128e-01 9.748282112919103293e-01 -2.916710000000000136e-01 9.925106075279732654e-01 nan nan 4.493552904337216880e-02 6.879109745129999842e-01 3.085529736769999920e-02 7.591131973869999494e-02 4.675419999999999909e+00 1.024469999999999992e+01 1.430070000000000086e+01 1.939930000000000021e+01 2.004337522285515316e-01 5.879521839202799249e-01
4.064809999999999812e-01 1.202110000000000012e+00 1.183559999999999945e+00 8.432790000000000008e-01 8.699400000000000466e-01 -5.367120000000000224e-02 9.389749910714532133e-01 9.615662147974596285e-01 -3.312869999999999981e-01 9.832284060684862714e-01 nan nan 6.466717714492187241e-02 6.879109745129999842e-01 3.085529736769999920e-02 7.591131973869999494e-02 4.675419999999999909e+00 1.024469999999999992e+01 1.430070000000000086e+01 1.939930000000000021e+01 1.974985867721877897e-01 5.783896331971847271e-01
1.801010000000000111e-01 1.091939999999999911e+00 1.002399999999999958e+00 5.141719999999999624e-01 7.520189999999999930e-01 -1.538899999999999990e-01 9.553959551083252011e-01 9.457707353148313567e-01 -3.709040000000000115e-01 9.703808998762765148e-01 nan nan 8.914616065198488482e-02 6.075770688460000457e-01 5.237443853089999990e-02 8.379991210270000546e-02 4.652779999999999916e+00 1.083309999999999995e+01 1.639260000000000161e+01 1.917830000000000013e+01 1.974985867721877897e-01 5.783896331971847271e-01
5.817750000000000421e-01 1.269989999999999952e+00 1.406770000000000076e+00 1.472760000000000069e+00 1.309770000000000101e+00 -2.284499999999999864e-01 9.693264008041543311e-01 9.276207419381169439e-01 -3.709040000000000115e-01 9.541136563301042539e-01 nan nan 1.177167292847156599e-01 6.075770688460000457e-01 5.237443853089999990e-02 8.379991210270000546e-02 4.652779999999999916e+00 1.083309999999999995e+01 1.639260000000000161e+01 1.917830000000000013e+01 1.908292385963386018e-01 5.709524633130662608e-01
-3.690809999999999924e-01 2.458140000000000047e-01 1.757559999999999956e-01 2.909900000000000264e-01 4.001439999999999997e-01 -3.177789999999999782e-01 9.808019119017574727e-01 9.073218813446437547e-01 -3.312869999999999981e-01 9.346109897994089311e-01 nan nan 1.496767734688803086e-01 5.230792756190000281e-01 7.617474114790000195e-02 7.819556402260000039e-02 1.110500000000000043e+01 1.580129999999999946e+01 1.789679999999999893e+01 2.155900000000000105e+01 1.908292385963386018e-01 5.709524633130662608e-01
-3.926609999999999823e-01 3.163210000000000327e-02 3.638620000000000188e-01 -1.422410000000000063e-01 1.578600000000000003e-01 -3.471029999999999949e-01 9.896924662750167245e-01 8.851041477359493648e-01 -4.105210000000000248e-01 9.120938732888532741e-01 nan nan 1.842857795178819424e-01 5.230792756190000281e-01 7.617474114790000195e-02 7.819556402260000039e-02 1.110500000000000043e+01 1.580129999999999946e+01 1.789679999999999893e+01 2.155900000000000105e+01 1.797354002696004427e-01 5.587290289105011354e-01
-1.010859999999999953e-01 8.754410000000000247e-01 1.228779999999999983e+00 5.362770000000000037e-01 4.305789999999999895e-01 -3.001519999999999744e-01 9.958973303903981833e-01 8.612192769115759594e-01 -4.501379999999999826e-01 8.868174347258848123e-01 nan nan 2.207732199487230096e-01 5.559490646210000220e-01 6.820542826740000342e-02 7.764895437879999751e-02 5.961079999999999934e+00 1.530760000000000076e+01 2.073199999999999932e+01 2.558119999999999905e+01 1.797354002696004427e-01 5.587290289105011354e-01
-3.028719999999999746e-01 5.310040000000000315e-01 5.726620000000000044e-01 6.094380000000000353e-01 5.375889999999999835e-01 -3.167179999999999995e-01 9.993462006581367296e-01 8.359378940018737936e-01 -4.105210000000000248e-01 8.590680662593748185e-01 nan nan 2.583472838662759230e-01 5.559490646210000220e-01 6.820542826740000342e-02 7.764895437879999751e-02 5.961079999999999934e+00 1.530760000000000076e+01 2.073199999999999932e+01 2.558119999999999905e+01 1.783439144236204088e-01 5.686840599763181014e-01
-2.873839999999999728e-01 5.731079999999999508e-01 9.152679999999999705e-01 -3.020709999999999784e-01 -1.253809999999999925e-01 -3.569379999999999775e-01 1.000000000000000000e+00 8.095464471771379733e-01 -4.501379999999999826e-01 8.291601793221335948e-01 nan nan 2.962038484971155627e-01 6.276216873859999934e-01 6.110596377590000322e-02 7.719442749350000077e-02 1.516109999999999935e+01 2.602370000000000161e+01 3.046039999999999992e+01 3.430270000000000152e+01 1.783439144236204088e-01 5.686840599763181014e-01
-8.607940000000000036e-02 8.930860000000000465e-01 1.314550000000000107e+00 1.026149999999999896e+00 8.830529999999999768e-01 -3.361430000000000251e-01 9.978513206081999209e-01 7.823439620753798174e-01 -4.105210000000000248e-01 7.974326422237456580e-01 nan nan 3.386443603822744119e-01 6.276216873859999934e-01 6.110596377590000322e-02 7.719442749350000077e-02 1.516109999999999935e+01 2.602370000000000161e+01 3.046039999999999992e+01 3.430270000000000152e+01 1.806213853980953576e-01 5.736565863523276354e-01
-3.121570000000000178e-01 5.014870000000000161e-01 5.273849999999999927e-01 8.731900000000000217e-01 4.301889999999999881e-01 -3.167369999999999908e-01 9.929245078788140333e-01 7.546386537223634949e-01 -3.709040000000000115e-01 7.642449406372159304e-01 nan nan 3.802403490543108111e-01 5.992282254399999841e-01 7.923225566199999792e-02 7.577433905050000307e-02 1.696460000000000079e+01 3.822639999999999816e+01 4.380749999999999744e+01 4.730299999999999727e+01 1.806213853980953576e-01 5.736565863523276354e-01
-4.044119999999999937e-01 -1.881940000000000002e-01 -3.335110000000000019e-01 -2.665569999999999884e-01 -2.726850000000000107e-01 -3.715899999999999759e-01 9.852753845687209910e-01 7.267444343322086997e-01 -3.709040000000000115e-01 7.299731044826526238e-01 nan nan 4.205205153406570417e-01 5.992282254399999841e-01 7.923225566199999792e-02 7.577433905050000307e-02 1.696460000000000079e+01 3.822639999999999816e+01 4.380749999999999744e+01 4.730299999999999727e+01 1.805126755663782889e-01 5.729847132232614992e-01
-3.559459999999999846e-01 3.169969999999999732e-01 7.266179999999999861e-01 -5.406029999999999447e-01 -3.731289999999999885e-01 -3.741909999999999958e-01 9.749906183014588335e-01 6.989773565565700064e-01 -4.105210000000000248e-01 6.950054473580180581e-01 nan nan 4.590284688621507625e-01 5.715702018930000072e-01 9.976253281819999486e-02 7.037658653610000259e-02 2.148270000000000124e+01 4.837720000000000198e+01 4.867609999999999815e+01 4.798629999999999995e+01 1.805126755663782889e-01 5.729847132232614992e-01
3.538100000000000273e-02 9.981719999999999482e-01 1.329090000000000105e+00 8.672029999999999461e-01 6.592320000000000402e-01 -3.736990000000000034e-01 9.621867395884194929e-01 6.716520324818069376e-01 -4.501379999999999826e-01 6.565421503365841405e-01 nan nan 4.953278991183959201e-01 5.715702018930000072e-01 9.976253281819999486e-02 7.037658653610000259e-02 2.148270000000000124e+01 4.837720000000000198e+01 4.867609999999999815e+01 4.798629999999999995e+01 1.855839892159847349e-01 5.820516743610553156e-01
-3.543629999999999836e-01 3.372689999999999855e-01 2.844650000000000234e-01 1.721769999999999967e-01 -1.704040000000000069e-02 -3.816379999999999773e-01 9.470088214915921565e-01 6.450780689483317509e-01 -3.709040000000000115e-01 6.178774880539406045e-01 nan nan 5.290075190600730393e-01 3.272451039609999834e-01 1.952006730420000058e-01 7.217761304500000530e-02 2.562730000000000175e+01 5.834579999999999700e+01 6.507370000000000232e+01 5.834499999999999886e+01 1.855839892159847349e-01 5.820516743610553156e-01
-4.099030000000000173e-01 -3.806990000000000096e-01 -8.286179999999999657e-01 -1.415970000000000006e-01 -3.380639999999999756e-01 -3.946910000000000140e-01 9.296288358878023184e-01 6.173856062881273310e-01 -3.709040000000000115e-01 5.792128257712971795e-01 nan nan 5.596857251355494833e-01 3.272451039609999834e-01 1.952006730420000058e-01 7.217761304500000530e-02 2.562730000000000175e+01 5.834579999999999700e+01 6.507370000000000232e+01 5.834499999999999886e+01 1.704733226072965291e-01 6.307857589505474483e-01
-3.979679999999999884e-01 -2.290769999999999959e-02 3.051980000000000248e-01 -7.985820000000000141e-01 -6.717410000000000325e-01 -3.870839999999999836e-01 9.102437049586302731e-01 5.886591249081566390e-01 -3.709040000000000115e-01 5.407495287498633729e-01 nan nan 5.870149210116011318e-01 2.405775513550000022e-01 1.884648132560000078e-01 8.186859195300000280e-02 3.224989999999999668e+01 7.588479999999999848e+01 7.441679999999999495e+01 6.887470000000000425e+01 1.704733226072965291e-01 6.307857589505474483e-01
-4.007439999999999891e-01 -1.114679999999999976e-01 2.972250000000000170e-01 -6.724029999999999729e-01 -4.556279999999999775e-01 -3.756059999999999954e-01 8.890730699834096251e-01 5.610049805143662027e-01 -4.105210000000000248e-01 5.026866807019778616e-01 nan nan 6.106854559787595615e-01 2.405775513550000022e-01 1.884648132560000078e-01 8.186859195300000280e-02 3.224989999999999668e+01 7.588479999999999848e+01 7.441679999999999495e+01 6.887470000000000425e+01 1.281308431534547987e-01 7.169451724917845770e-01
-3.519639999999999991e-01 3.582429999999999781e-01 7.206810000000000160e-01 -9.123700000000000143e-01 -8.021319999999999562e-01 -3.792869999999999853e-01 8.650110567058699740e-01 5.344149115091494373e-01 -4.897540000000000227e-01 4.652188280930978914e-01 nan nan 6.304291334175808892e-01 2.033283776150000000e-01 1.722420878329999905e-01 9.251177630859999668e-02 2.479729999999999990e+01 5.606009999999999849e+01 6.879330000000000211e+01 6.801319999999999766e+01 1.281308431534547987e-01 7.169451724917845770e-01
-3.656670000000000198e-01 2.612070000000000225e-01 6.878180000000000405e-01 -9.147750000000000048e-01 -7.779199999999999449e-01 -3.890609999999999902e-01 8.380823806082082772e-01 5.088685998955644330e-01 -4.501379999999999826e-01 4.285337758526085450e-01 nan nan 6.460222495735101766e-01 2.033283776150000000e-01 1.722420878329999905e-01 9.251177630859999668e-02 2.479729999999999990e+01 5.606009999999999849e+01 6.879330000000000211e+01 6.801319999999999766e+01 1.217658825064138473e-01 7.026229660870374483e-01
-3.898360000000000158e-01 5.686209999999999876e-02 4.730070000000000108e-01 -1.003540000000000099e+00 -9.125450000000000506e-01 -4.000199999999999867e-01 8.096953532310636747e-01 4.843339014883573101e-01 -4.501379999999999826e-01 3.928104594689298956e-01 nan nan 6.572881282098078648e-01 1.280095393579999963e-01 1.142416789830000001e-01 7.991972382749999715e-02 1.946649999999999991e+01 4.572849999999999682e+01 5.693780000000000285e+01 6.932099999999999795e+01 1.217658825064138473e-01 7.026229660870374483e-01
-4.066150000000000042e-01 -2.071330000000000116e-01 8.820550000000000612e-02 -1.048249999999999904e+00 -1.037639999999999896e+00 -4.074010000000000131e-01 7.800895764553863465e-01 4.607672101204266513e-01 -4.897540000000000227e-01 3.582169175789340354e-01 nan nan 6.640991224199077614e-01 1.280095393579999963e-01 1.142416789830000001e-01 7.991972382749999715e-02 1.946649999999999991e+01 4.572849999999999682e+01 5.693780000000000285e+01 6.932099999999999795e+01 1.241194503630907997e-01 6.352660218458550112e-01
-4.129590000000000205e-01 -4.625839999999999952e-01 -2.852959999999999940e-01 -9.999869999999999592e-01 -1.062009999999999899e+00 -4.097729999999999984e-01 7.494027742660884783e-01 4.381139517181191767e-01 -4.105210000000000248e-01 3.249083880230448917e-01 nan nan 6.663780609178742154e-01 6.236459197270000088e-02 6.826013144119999487e-02 5.939992415010000165e-02 1.429439999999999955e+01 3.192020000000000124e+01 5.275410000000000110e+01 6.566160000000000707e+01 1.241194503630907997e-01 6.352660218458550112e-01
-4.173180000000000223e-01 -1.304130000000000011e+00 -9.927099999999999813e-01 -1.065700000000000092e+00 -1.103779999999999983e+00 -4.105829999999999758e-01 7.177523149631742649e-01 4.163092026472925422e-01 -2.916710000000000136e-01 2.930255489384759882e-01 nan nan 6.690467249293226004e-01 6.236459197270000088e-02 6.826013144119999487e-02 5.939992415010000165e-02 1.429439999999999955e+01 3.192020000000000124e+01 5.275410000000000110e+01 6.566160000000000707e+01 1.294788450667478941e-01 6.332138153080637544e-01
-4.173870000000000080e-01 -1.311059999999999892e+00 -1.114589999999999970e+00 -1.187110000000000110e+00 -1.249870000000000037e+00 -4.107999999999999985e-01 6.852793138083925761e-01 3.952784253240310131e-01 -2.520540000000000003e-01 2.626929248197236166e-01 nan nan 6.673445008796432543e-01 4.383350980160000132e-02 4.377862307980000256e-02 4.438730559419999666e-02 1.016999999999999993e+01 2.983589999999999876e+01 4.983440000000000225e+01 6.878010000000000446e+01 1.294788450667478941e-01 6.332138153080637544e-01
-4.174880000000000257e-01 -1.448350000000000026e+00 -1.139979999999999993e+00 -1.056130000000000013e+00 -1.153939999999999966e+00 -4.102469999999999728e-01 6.521562747638001145e-01 3.749383127552557982e-01 -2.916710000000000136e-01 2.340174756062872730e-01 nan nan 6.616690692628983683e-01 4.383350980160000132e-02 4.377862307980000256e-02 4.438730559419999666e-02 1.016999999999999993e+01 2.983589999999999876e+01 4.983440000000000225e+01 6.878010000000000446e+01 3.906433447841023421e-01 7.187046818248341573e-01
-4.175400000000000222e-01 -1.508429999999999938e+00 -1.203149999999999942e+00 -1.056929999999999925e+00 -1.112729999999999997e+00 -4.089539999999999842e-01 6.185611574561320491e-01 3.551977324402441072e-01 -9.358729999999999827e-02 2.070873847838156090e-01 nan nan 6.524631286024981103e-01 4.404960547870000187e-02 3.291562832239999792e-02 3.124460328479999882e-02 1.448189999999999955e+01 2.506019999999999825e+01 4.560790000000000077e+01 6.532779999999999632e+01 3.906433447841023421e-01 7.187046818248341573e-01
-4.171520000000000228e-01 -1.131709999999999994e+00 -9.891069999999999585e-01 -9.982240000000000002e-01 -1.127799999999999914e+00 -4.075280000000000014e-01 5.846726846851890702e-01 3.359587589382773132e-01 -2.520540000000000003e-01 1.819710602299773328e-01 nan nan 6.402093795000368681e-01 4.404960547870000187e-02 3.291562832239999792e-02 3.124460328479999882e-02 1.448189999999999955e+01 2.506019999999999825e+01 4.560790000000000077e+01 6.532779999999999632e+01 7.829879984345784472e-01 8.745260300945945087e-01
-4.140559999999999796e-01 -5.241209999999999480e-01 -3.967959999999999821e-01 -1.102579999999999893e+00 -1.125359999999999916e+00 -4.068390000000000062e-01 5.506709213343479181e-01 3.171177834030124432e-01 -6.482210000000000472e-01 1.587163591258740070e-01 nan nan 6.254250554446003640e-01 9.211088816960000258e-02 4.168990008319999746e-02 4.464042029080000223e-02 8.950340000000000629e+00 3.592900000000000205e+01 4.709100000000000108e+01 5.477759999999999962e+01 7.829879984345784472e-01 8.745260300945945087e-01
-4.132279999999999842e-01 -4.571890000000000120e-01 -3.218139999999999890e-01 -9.542230000000000434e-01 -1.036810000000000009e+00 -4.083089999999999775e-01 5.167463041037161364e-01 2.985666875121125718e-01 -6.482210000000000472e-01 1.373500457150543808e-01 nan nan 6.037084598412425507e-01 9.211088816960000258e-02 4.168990008319999746e-02 4.464042029080000223e-02 8.950340000000000629e+00 3.592900000000000205e+01 4.709100000000000108e+01 5.477759999999999962e+01 4.617395747271383355e-01 6.946902066176177115e-01
-4.161860000000000004e-01 -8.003839999999999844e-01 -7.210569999999999480e-01 -9.404630000000000489e-01 -1.100710000000000077e+00 -4.085599999999999787e-01 4.830916658218620263e-01 2.801940684910398938e-01 -6.482210000000000472e-01 1.178774880539406045e-01 nan nan 5.804144205560817227e-01 1.801595604790000027e-01 3.456238788020000313e-02 4.761029385659999724e-02 2.179820000000000135e+01 4.162460000000000093e+01 5.239670000000000272e+01 5.992170000000000130e+01 4.617395747271383355e-01 6.946902066176177115e-01
-4.174039999999999973e-01 -1.266580000000000039e+00 -1.209640000000000049e+00 -1.066340000000000066e+00 -1.163380000000000081e+00 -4.091359999999999997e-01 4.498960122644897197e-01 2.618865013510052187e-01 -5.293710000000000360e-01 1.002825971896049717e-01 nan nan 5.558068683620444039e-01 1.801595604790000027e-01 3.456238788020000313e-02 4.761029385659999724e-02 2.179820000000000135e+01 4.162460000000000093e+01 5.239670000000000272e+01 5.992170000000000130e+01 4.498793320867938705e-01 6.883107379960885508e-01
-4.177089999999999970e-01 -1.804040000000000088e+00 -1.504399999999999959e+00 -1.028839999999999977e+00 -1.157159999999999966e+00 -4.093729999999999869e-01 4.173468622270587458e-01 2.435298240394144775e-01 -5.293710000000000360e-01 8.452800945403393662e-02 nan nan 5.301646166581681641e-01 1.724452925640000134e-01 2.371956406889999883e-02 5.053822915319999831e-02 1.399929999999999986e+01 3.984259999999999735e+01 5.201910000000000167e+01 5.515930000000000177e+01 4.498793320867938705e-01 6.883107379960885508e-01
-3.963030000000000164e-01 -2.347250000000000031e-02 -1.684819999999999929e-01 1.100319999999999965e+00 1.124290000000000012e+00 -4.062839999999999785e-01 3.856194594291906252e-01 2.250104309415403847e-01 1.441129999999999911e-01 7.055550980941760475e-02 nan nan 5.037782024023815808e-01 1.724452925640000134e-01 2.371956406889999883e-02 5.053822915319999831e-02 1.399929999999999986e+01 3.984259999999999735e+01 5.201910000000000167e+01 5.515930000000000177e+01 4.376983954428838031e-01 6.866609901148170714e-01
-4.028340000000000254e-01 -1.503579999999999917e-01 -4.718390000000000084e-01 1.242550000000000043e+00 1.213729999999999976e+00 -4.055380000000000096e-01 3.548754133642322284e-01 2.062165600775323071e-01 1.728779999999999983e+00 5.828669144778941824e-02 nan nan 4.769465942116791757e-01 1.827899667029999897e-01 2.015772439740000019e-02 5.792086255250000065e-02 1.909339999999999904e+01 4.522149999999999892e+01 5.264759999999999707e+01 5.610340000000000060e+01 4.376983954428838031e-01 6.866609901148170714e-01
-3.795859999999999790e-01 1.528940000000000021e-01 -8.574389999999999512e-01 1.580799999999999983e+00 1.623310000000000031e+00 -4.016199999999999770e-01 3.252686155253667888e-01 1.892105143667337508e-01 2.481500000000000039e+00 4.762384417148957105e-02 nan nan 4.499738049282282493e-01 1.827899667029999897e-01 2.015772439740000019e-02 5.792086255250000065e-02 1.909339999999999904e+01 4.522149999999999892e+01 5.264759999999999707e+01 5.610340000000000060e+01 3.128505892072879213e-01 7.032416215425142392e-01
-3.317039999999999988e-01 4.319529999999999759e-01 -7.395300000000000484e-02 1.847359999999999891e+00 1.668109999999999982e+00 -4.011159999999999726e-01 2.968236682831083550e-01 1.740926681083545535e-01 2.164559999999999818e+00 3.845106148874877228e-02 nan nan 4.231654470323897854e-01 1.590032645639999909e-01 1.438065755910000049e-02 4.419159019050000053e-02 2.228450000000000131e+01 4.707419999999999760e+01 5.356909999999999883e+01 5.559279999999999688e+01 3.128505892072879213e-01 7.032416215425142392e-01
-2.877439999999999998e-01 5.838889999999999914e-01 4.869009999999999727e-01 1.839560000000000084e+00 1.877760000000000096e+00 -3.984920000000000129e-01 2.688184886072397806e-01 1.589318468549627550e-01 2.204180000000000028e+00 3.063555388055216877e-02 nan nan 3.968252699312000420e-01 1.590032645639999909e-01 1.438065755910000049e-02 4.419159019050000053e-02 2.228450000000000131e+01 4.707419999999999760e+01 5.356909999999999883e+01 5.559279999999999688e+01 4.264686698264992248e-01 8.298697497438899395e-01
-3.122980000000000200e-01 5.240899999999999448e-01 2.903709999999999902e-01 1.867010000000000058e+00 1.589569999999999927e+00 -3.916479999999999961e-01 2.414059066654046237e-01 1.438998287693161737e-01 2.243799999999999795e+00 2.402915335895161597e-02 nan nan 3.712517183562162870e-01 1.423135921289999939e-01 1.128335202360000039e-02 3.427267322099999958e-02 2.113579999999999970e+01 4.015910000000000224e+01 4.701389999999999958e+01 4.914959999999999951e+01 4.264686698264992248e-01 8.298697497438899395e-01
-3.417510000000000270e-01 3.977479999999999905e-01 -4.847830000000000195e-02 1.799439999999999928e+00 1.552079999999999904e+00 -3.699080000000000146e-01 2.154469632243187771e-01 1.291669326228148673e-01 2.362649999999999917e+00 1.846999226957246609e-02 nan nan 3.467345508654556818e-01 1.423135921289999939e-01 1.128335202360000039e-02 3.427267322099999958e-02 2.113579999999999970e+01 4.015910000000000224e+01 4.701389999999999958e+01 4.914959999999999951e+01 1.000000000000000000e+00 9.479963545893591581e-01
-3.561670000000000114e-01 3.195580000000000087e-01 -5.707410000000000538e-01 1.754499999999999948e+00 1.579409999999999981e+00 -3.663560000000000150e-01 1.910258293311243305e-01 1.149000880157651228e-01 2.600350000000000161e+00 1.378433731681782959e-02 nan nan 3.235515567631517264e-01 1.486536087289999919e-01 9.987449639400000634e-03 3.856672943069999748e-02 1.808490000000000109e+01 3.594039999999999679e+01 4.320170000000000243e+01 4.552969999999999828e+01 1.000000000000000000e+00 9.479963545893591581e-01
-2.953609999999999847e-01 5.502449999999999841e-01 -7.095529999999999893e-01 1.976410000000000000e+00 1.498499999999999943e+00 -3.742559999999999776e-01 1.695353720615891957e-01 1.012609439983068738e-01 2.481500000000000039e+00 9.788558031527117009e-03 nan nan 3.019654086359380152e-01 1.486536087289999919e-01 9.987449639400000634e-03 3.856672943069999748e-02 1.808490000000000109e+01 3.594039999999999679e+01 4.320170000000000243e+01 4.552969999999999828e+01 9.758338044092706998e-01 9.192654630602823396e-01
-2.706100000000000172e-01 6.153079999999999661e-01 -4.701119999999999743e-01 2.019340000000000135e+00 1.543350000000000000e+00 -3.812710000000000266e-01 1.499944415190775926e-01 8.840403752208314536e-02 2.362649999999999917e+00 6.291207377567498149e-03 nan nan 2.822206861674829703e-01 1.340377048739999910e-01 9.009381680029999659e-03 3.034560764169999883e-02 1.553190000000000026e+01 4.057549999999999812e+01 4.749499999999999744e+01 4.490189999999999770e+01 9.758338044092706998e-01 9.192654630602823396e-01
-3.159950000000000259e-01 4.903959999999999986e-01 -1.917310000000000125e-01 1.868970000000000020e+00 1.598260000000000014e+00 -3.933300000000000129e-01 1.309503739788471233e-01 7.647504247482894701e-02 2.006099999999999994e+00 3.095190923250723536e-03 nan nan 2.645411049529449166e-01 1.340377048739999910e-01 9.009381680029999659e-03 3.034560764169999883e-02 1.553190000000000026e+01 4.057549999999999812e+01 4.749499999999999744e+01 4.490189999999999770e+01 9.731704135321999072e-01 9.008721046259462462e-01
-3.449869999999999881e-01 4.018820000000000170e-01 8.794359999999999677e-02 1.634249999999999980e+00 1.585080000000000044e+00 -4.019530000000000047e-01 1.133624348610220434e-01 6.560911913701417131e-02 1.887250000000000094e+00 0.000000000000000000e+00 nan nan 2.491269817118867413e-01 1.150321812659999970e-01 6.930242157480000047e-03 2.996780540519999869e-02 2.010040000000000049e+01 3.535289999999999822e+01 3.864699999999999847e+01 3.927879999999999683e+01 9.731704135321999072e-01 9.008721046259462462e-01
-3.394199999999999995e-01 4.183490000000000264e-01 1.563029999999999975e-02 1.746890000000000054e+00 1.457009999999999916e+00 -4.009389999999999898e-01 9.752553520866147352e-02 5.592938276185888125e-02 2.204180000000000028e+00 3.095190923250723536e-03 nan nan 2.310441944593801811e-01 1.150321812659999970e-01 6.930242157480000047e-03 2.996780540519999869e-02 2.010040000000000049e+01 3.535289999999999822e+01 3.864699999999999847e+01 3.927879999999999683e+01 9.721104926729573492e-01 9.040551867275121722e-01
-3.527669999999999972e-01 3.357450000000000156e-01 -6.430479999999999530e-01 1.736010000000000053e+00 1.636200000000000099e+00 -4.033240000000000158e-01 8.309529215974287286e-02 4.754550863031981045e-02 2.402260000000000062e+00 6.291207377567498149e-03 nan nan 2.150668372945213624e-01 1.174238277500000011e-01 8.244692604059999583e-03 3.751410854130000222e-02 1.645680000000000121e+01 3.048219999999999885e+01 3.391910000000000025e+01 3.500659999999999883e+01 9.721104926729573492e-01 9.040551867275121722e-01
-3.681260000000000088e-01 2.449459999999999971e-01 -7.491729999999999778e-01 1.667289999999999939e+00 1.422749999999999959e+00 -4.060509999999999953e-01 7.009587003500805658e-02 4.055248938633382316e-02 2.323030000000000150e+00 9.788558031527117009e-03 nan nan 2.009975464428110925e-01 1.174238277500000011e-01 8.244692604059999583e-03 3.751410854130000222e-02 1.645680000000000121e+01 3.048219999999999885e+01 3.391910000000000025e+01 3.500659999999999883e+01 9.779808235856850551e-01 9.297160837114005760e-01
-3.705439999999999845e-01 2.254790000000000127e-01 -9.788510000000000266e-01 1.646260000000000057e+00 1.455710000000000059e+00 -4.070520000000000249e-01 5.919155219640137577e-02 3.502955873220359173e-02 2.441879999999999828e+00 1.378433731681782959e-02 nan nan 1.886173389759976393e-01 1.340204088330000098e-01 1.245915109709999982e-02 5.528766260169999669e-02 2.155760000000000076e+01 3.331519999999999726e+01 3.635139999999999816e+01 3.629379999999999740e+01 9.779808235856850551e-01 9.297160837114005760e-01
-3.771399999999999753e-01 1.759809999999999985e-01 -1.070840000000000014e+00 1.645699999999999941e+00 1.366039999999999921e+00 -4.072700000000000209e-01 4.927627502544995597e-02 2.886834038582275497e-02 2.481500000000000039e+00 1.537480134632163153e-02 nan nan 1.776880939761550371e-01 1.340204088330000098e-01 1.245915109709999982e-02 5.528766260169999669e-02 2.155760000000000076e+01 3.331519999999999726e+01 3.635139999999999816e+01 3.629379999999999740e+01 9.761979823455233518e-01 9.446835544084191127e-01
-3.803969999999999851e-01 1.560809999999999975e-01 -5.346579999999999666e-01 1.520780000000000021e+00 1.488490000000000091e+00 -4.055710000000000148e-01 3.985324590584238269e-02 2.190935715263042649e-02 2.006099999999999994e+00 1.773794598138411782e-02 nan nan 1.679552505408311580e-01 1.158778632870000047e-01 1.698357509290000095e-02 9.345725994820000548e-02 1.502250000000000085e+01 2.917770000000000152e+01 3.382580000000000098e+01 3.355460000000000065e+01 9.761979823455233518e-01 9.446835544084191127e-01
-3.973249999999999837e-01 -2.358419999999999961e-02 -1.098699999999999954e-01 1.306489999999999929e+00 1.228660000000000085e+00 -4.055900000000000061e-01 3.278166698425144521e-02 1.601233028671900094e-02 1.609930000000000083e+00 2.084699584902494074e-02 nan nan 1.640982945692052164e-01 1.158778632870000047e-01 1.698357509290000095e-02 9.345725994820000548e-02 1.502250000000000085e+01 2.917770000000000152e+01 3.382580000000000098e+01 3.355460000000000065e+01 8.565465060660085728e-01 8.227618642151058870e-01
-3.983610000000000206e-01 -7.154090000000000449e-02 -6.738129999999999953e-01 1.343380000000000019e+00 1.410879999999999912e+00 -4.072419999999999929e-01 2.737480407474679467e-02 1.092248135518791852e-02 2.045710000000000139e+00 2.466672417193094269e-02 nan nan 1.610521567531764120e-01 1.238648463199999994e-01 2.431019692579999836e-02 1.363046037950000067e-01 1.710389999999999944e+01 2.835439999999999827e+01 3.242499999999999716e+01 3.429339999999999833e+01 8.565465060660085728e-01 8.227618642151058870e-01
-3.975090000000000012e-01 -4.476870000000000155e-02 -4.942799999999999971e-01 1.372360000000000024e+00 1.236730000000000107e+00 -4.087009999999999810e-01 2.186618603612611178e-02 6.375886276608344616e-03 2.045710000000000139e+00 2.915385190191710496e-02 nan nan 1.588513510513750449e-01 1.238648463199999994e-01 2.431019692579999836e-02 1.363046037950000067e-01 1.710389999999999944e+01 2.835439999999999827e+01 3.242499999999999716e+01 3.429339999999999833e+01 6.340120450493542670e-01 6.288832271197264401e-01
-4.066089999999999982e-01 -2.505700000000000149e-01 -6.164730000000000487e-01 1.120800000000000018e+00 1.026860000000000106e+00 -4.096339999999999981e-01 1.677135083703196194e-02 2.102465686323995442e-03 1.689159999999999995e+00 3.425753808883780227e-02 nan nan 1.575208134718003583e-01 1.331948052249999903e-01 3.061794527979999972e-02 1.647095314500000018e-01 1.609929999999999950e+01 2.832029999999999959e+01 3.632730000000000103e+01 3.591210000000000235e+01 6.340120450493542670e-01 6.288832271197264401e-01
-4.084760000000000058e-01 -3.257209999999999828e-01 -9.819029999999999703e-01 1.010359999999999925e+00 9.159599999999999964e-01 -4.097250000000000059e-01 1.242789181244718932e-02 0.000000000000000000e+00 1.649550000000000072e+00 3.991995592886532496e-02 nan nan 1.570756195368844255e-01 1.331948052249999903e-01 3.061794527979999972e-02 1.647095314500000018e-01 1.609929999999999950e+01 2.832029999999999959e+01 3.632730000000000103e+01 3.591210000000000235e+01 5.779558203243901904e-01 6.135731676489761810e-01
-4.106009999999999938e-01 -3.955060000000000242e-01 -6.084140000000000104e-01 8.543640000000000123e-01 7.258550000000000280e-01 -4.094979999999999731e-01 8.640869865175759834e-03 0.000000000000000000e+00 1.451459999999999972e+00 4.607694796528516434e-02 nan nan 1.575208134718003583e-01 1.616032169839999866e-01 4.422742530280000112e-02 1.664410041740000124e-01 1.116469999999999985e+01 3.051539999999999964e+01 3.493410000000000082e+01 3.606280000000000285e+01 5.779558203243901904e-01 6.135731676489761810e-01
-4.149019999999999930e-01 -7.188330000000000553e-01 -1.213009999999999922e+00 6.503820000000000157e-01 5.784859999999999447e-01 -4.073229999999999906e-01 5.288924605809097734e-03 0.000000000000000000e+00 1.491079999999999961e+00 5.265875301811528963e-02 nan nan 1.588513510513751559e-01 1.616032169839999866e-01 4.422742530280000112e-02 1.664410041740000124e-01 1.116469999999999985e+01 3.051539999999999964e+01 3.493410000000000082e+01 3.606280000000000285e+01 4.763936600426142975e-01 5.953594188630044748e-01
-4.123609999999999776e-01 -4.781739999999999879e-01 -3.632560000000000233e-01 4.920729999999999826e-01 4.684209999999999763e-01 -4.020569999999999977e-01 2.873552698679171513e-03 0.000000000000000000e+00 1.015679999999999916e+00 5.959079660615129725e-02 nan nan 1.610521567531764120e-01 2.226411707890000036e-01 5.583675702290000209e-02 2.109615272049999990e-01 1.265130000000000088e+01 2.268730000000000047e+01 2.883360000000000056e+01 3.234420000000000073e+01 4.763936600426142975e-01 5.953594188630044748e-01
-4.145849999999999813e-01 -6.885320000000000329e-01 -6.222450000000000481e-01 2.711509999999999754e-01 2.290359999999999896e-01 -3.987780000000000213e-01 1.709841317936500182e-03 0.000000000000000000e+00 3.421960000000000002e-01 6.679453590563677601e-02 nan nan 1.640982945692052164e-01 2.226411707890000036e-01 5.583675702290000209e-02 2.109615272049999990e-01 1.265130000000000088e+01 2.268730000000000047e+01 2.883360000000000056e+01 3.234420000000000073e+01 3.911760229595163674e-01 5.782998283730027556e-01
-4.031009999999999871e-01 -6.797519999999999951e-02 8.187909999999999633e-02 1.461010000000000086e-01 4.023829999999999768e-02 -3.990099999999999758e-01 8.819519296874300807e-04 0.000000000000000000e+00 -1.728210000000000024e-01 7.418834967184007034e-02 nan nan 1.679552505408311580e-01 2.240465870910000046e-01 7.012510883299999387e-02 2.302752850299999987e-01 1.580690000000000062e+01 2.391989999999999839e+01 3.040609999999999857e+01 3.647780000000000200e+01 3.911760229595163674e-01 5.782998283730027556e-01
-3.910259999999999847e-01 1.531220000000000081e-01 2.543460000000000165e-01 -1.813710000000000044e-01 -1.218719999999999942e-01 -3.937570000000000237e-01 1.873193500059322503e-04 0.000000000000000000e+00 -6.482210000000000472e-01 8.168846304037247208e-02 nan nan 1.776880939761550371e-01 2.240465870910000046e-01 7.012510883299999387e-02 2.302752850299999987e-01 1.580690000000000062e+01 2.391989999999999839e+01 3.040609999999999857e+01 3.647780000000000200e+01 3.482030264817149723e-01 5.862558705746178100e-01
-4.051359999999999961e-01 -1.260489999999999944e-01 6.310559999999999781e-02 -1.338560000000000028e-01 -5.437990000000000185e-02 -3.821490000000000165e-01 0.000000000000000000e+00 0.000000000000000000e+00 -3.709040000000000115e-01 8.920989672987489350e-02 nan nan 1.886173389759976393e-01 2.272815294960000010e-01 6.270987522239999945e-02 2.637877435139999727e-01 1.200450000000000017e+01 3.179510000000000147e+01 3.405539999999999878e+01 3.663580000000000325e+01 3.482030264817149723e-01 5.862558705746178100e-01
-4.153910000000000102e-01 -7.560529999999999751e-01 -5.482219999999999871e-01 -2.249559999999999893e-01 -8.582510000000000139e-02 -3.650889999999999969e-01 0.000000000000000000e+00 7.922329101236469384e-04 -2.916710000000000136e-01 9.666742989123311425e-02 nan nan 1.960499439333963645e-01 2.272815294960000010e-01 6.270987522239999945e-02 2.637877435139999727e-01 1.200450000000000017e+01 3.179510000000000147e+01 3.405539999999999878e+01 3.663580000000000325e+01 5.204863677871027772e-01 6.290262496174979789e-01
-4.099689999999999723e-01 -2.644710000000000116e-01 -2.077869999999999995e-01 -1.965419999999999945e-01 -1.305340000000000111e-01 -3.029080000000000106e-01 0.000000000000000000e+00 1.610272727113892799e-03 -6.086040000000000338e-01 1.039765656938496097e-01 nan nan 2.050104646246860840e-01 2.383233339830000130e-01 6.847128141130000289e-02 2.646329247270000073e-01 1.529840000000000089e+01 2.629879999999999995e+01 2.997510000000000119e+01 3.263629999999999853e+01 5.204863677871027772e-01 6.290262496174979789e-01
-3.616670000000000162e-01 3.991770000000000040e-01 5.805869999999999642e-01 -2.819880000000000164e-01 -2.144560000000000077e-01 -2.551649999999999752e-01 0.000000000000000000e+00 2.505440862137886526e-03 -6.482210000000000472e-01 1.110544887084985444e-01 nan nan 2.153973747699921004e-01 2.383233339830000130e-01 6.847128141130000289e-02 2.646329247270000073e-01 1.529840000000000089e+01 2.629879999999999995e+01 2.997510000000000119e+01 3.263629999999999853e+01 8.382886898291082023e-01 8.023728430211672924e-01
-3.148050000000000015e-01 6.162819999999999965e-01 7.739949999999999886e-01 -3.565920000000000201e-01 -1.860429999999999862e-01 -2.530959999999999877e-01 0.000000000000000000e+00 3.528184831699809898e-03 -6.482210000000000472e-01 1.178210032392292828e-01 nan nan 2.270929865269694092e-01 2.446337774869999926e-01 6.708428510960000313e-02 2.265255276869999890e-01 1.387049999999999983e+01 3.362510000000000332e+01 3.413239999999999696e+01 3.247959999999999781e+01 8.382886898291082023e-01 8.023728430211672924e-01
-3.209739999999999815e-01 5.918989999999999529e-01 7.610209999999999475e-01 -3.916040000000000076e-01 -2.633880000000000110e-01 -2.599480000000000124e-01 0.000000000000000000e+00 4.727506667122294282e-03 -6.482210000000000472e-01 1.241994419726466514e-01 nan nan 2.399647839410822270e-01 2.446337774869999926e-01 6.708428510960000313e-02 2.265255276869999890e-01 1.387049999999999983e+01 3.362510000000000332e+01 3.413239999999999696e+01 3.247959999999999781e+01 8.555300691394529533e-01 9.518912230751832571e-01
-3.510769999999999724e-01 4.711380000000000012e-01 6.092800000000000438e-01 -4.707910000000000150e-01 -3.316660000000000164e-01 -1.517600000000000060e-01 0.000000000000000000e+00 6.150407701950522110e-03 -6.482210000000000472e-01 1.301175346492061680e-01 nan nan 2.538669244043192386e-01 3.225651535169999917e-01 7.375853946549999762e-02 1.934808231869999950e-01 2.261270000000000024e+01 4.531569999999999965e+01 3.980149999999999721e+01 3.471670000000000300e+01 8.555300691394529533e-01 9.518912230751832571e-01
-3.901569999999999760e-01 1.541770000000000085e-01 3.256720000000000170e-01 -5.377650000000000485e-01 -3.860259999999999803e-01 -1.179950000000000027e-01 0.000000000000000000e+00 7.841356028063128925e-03 -5.689880000000000493e-01 1.355082269141325568e-01 nan nan 2.686418911102185225e-01 3.225651535169999917e-01 7.375853946549999762e-02 1.934808231869999950e-01 2.261270000000000024e+01 4.531569999999999965e+01 3.980149999999999721e+01 3.471670000000000300e+01 8.705755098491108068e-01 9.179183906975505458e-01
-3.825439999999999952e-01 2.306239999999999957e-01 4.298699999999999743e-01 -4.308230000000000115e-01 -2.372950000000000059e-01 -2.567269999999999830e-01 0.000000000000000000e+00 9.841782654421926679e-03 -5.689880000000000493e-01 1.403104400700529997e-01 nan nan 2.841222777822252077e-01 3.883603024830000194e-01 7.742782775520000438e-02 1.486497340160000125e-01 1.496499999999999986e+01 3.240500000000000114e+01 3.330380000000000251e+01 3.267549999999999955e+01 8.705755098491108068e-01 9.179183906975505458e-01
-2.729380000000000001e-02 1.063469999999999915e+00 1.281579999999999941e+00 -4.118820000000000259e-01 -2.810549999999999993e-01 -8.597580000000000500e-02 0.000000000000000000e+00 1.218961207718560757e-02 -6.482210000000000472e-01 1.444697631230438262e-01 nan nan 3.001326854536965349e-01 3.883603024830000194e-01 7.742782775520000438e-02 1.486497340160000125e-01 1.496499999999999986e+01 3.240500000000000114e+01 3.330380000000000251e+01 3.267549999999999955e+01 8.862242901247989746e-01 8.433504516850046651e-01
-1.074500000000000038e-01 9.809590000000000254e-01 1.208080000000000043e+00 -4.663149999999999795e-01 -2.523659999999999792e-01 1.354420000000000068e-01 0.000000000000000000e+00 1.491883258001469592e-02 -6.086040000000000338e-01 1.479390692809334773e-01 nan nan 3.164917098082806746e-01 4.004603667459999961e-01 7.273058270280000071e-02 1.181252269109999975e-01 1.771719999999999828e+01 2.794389999999999930e+01 2.877370000000000161e+01 2.845489999999999853e+01 8.862242901247989746e-01 8.433504516850046651e-01
-3.755539999999999989e-01 2.059699999999999864e-01 6.426709999999999923e-01 -4.504369999999999763e-01 -2.203350000000000031e-01 2.031300000000000050e-01 0.000000000000000000e+00 1.805911113323643846e-02 -6.086040000000000338e-01 1.506790499186885235e-01 nan nan 3.330139965633056587e-01 4.004603667459999961e-01 7.273058270280000071e-02 1.181252269109999975e-01 1.771719999999999828e+01 2.794389999999999930e+01 2.877370000000000161e+01 2.845489999999999853e+01 8.575738139757359546e-01 8.444380878889879982e-01
-1.347760000000000069e-01 9.605399999999999494e-01 1.146169999999999911e+00 -3.710399999999999809e-01 -1.409759999999999902e-01 8.274569999999999981e-01 0.000000000000000000e+00 2.163545725521653917e-02 -6.482210000000000472e-01 1.526586599608428241e-01 nan nan 3.495123416078661505e-01 3.982522508049999854e-01 6.248734501659999885e-02 9.158265325499999332e-02 9.160050000000000026e+00 1.974040000000000106e+01 2.473590000000000089e+01 3.009629999999999939e+01 8.575738139757359546e-01 8.444380878889879982e-01
2.836259999999999892e-01 1.272620000000000084e+00 1.469789999999999930e+00 -2.850159999999999916e-01 -3.037339999999999832e-02 9.520969999999999711e-01 0.000000000000000000e+00 2.566793964452285248e-02 -6.482210000000000472e-01 1.538554696346063899e-01 nan nan 3.657998121002031811e-01 3.982522508049999854e-01 6.248734501659999885e-02 9.158265325499999332e-02 9.160050000000000026e+00 1.974040000000000106e+01 2.473590000000000089e+01 3.009629999999999939e+01 7.591424968474149715e-01 8.016909915783032581e-01
5.480319999999999636e-01 1.382409999999999917e+00 1.584480000000000111e+00 -2.506760000000000099e-01 -8.294880000000000309e-02 6.401339999999999808e-01 0.000000000000000000e+00 3.017145879355176419e-02 -6.482210000000000472e-01 1.542559186081547962e-01 nan nan 3.816918644914956138e-01 3.394219202789999779e-01 7.178739412590000313e-02 8.100362865610000185e-02 1.050740000000000052e+01 1.759100000000000108e+01 2.327789999999999893e+01 2.496829999999999927e+01 7.591424968474149715e-01 8.016909915783032581e-01
2.902339999999999920e-01 1.275439999999999907e+00 1.474320000000000075e+00 -2.913510000000000266e-01 -9.570850000000000538e-03 1.637899999999999912e-01 0.000000000000000000e+00 3.515557815999514890e-02 -6.482210000000000472e-01 1.538554696346063899e-01 nan nan 3.970084354780081259e-01 3.394219202789999779e-01 7.178739412590000313e-02 8.100362865610000185e-02 1.050740000000000052e+01 1.759100000000000108e+01 2.327789999999999893e+01 2.496829999999999927e+01 7.161803713527851167e-01 8.386041004217501538e-01
-1.656819999999999959e-01 9.201460000000000194e-01 1.106670000000000043e+00 -3.961890000000000134e-01 -1.394499999999999906e-01 -2.032799999999999885e-01 0.000000000000000000e+00 4.062441580904374572e-02 -6.482210000000000472e-01 1.526586599608428241e-01 nan nan 4.115759821902723603e-01 2.572733726599999993e-01 9.219189247270000165e-02 9.404932127890000548e-02 9.293100000000000804e+00 1.362720000000000020e+01 1.919549999999999912e+01 2.400710000000000122e+01 7.161803713527851167e-01 8.386041004217501538e-01
-3.777869999999999839e-01 2.957750000000000101e-01 4.261269999999999780e-01 -5.809929999999999817e-01 -4.351400000000000268e-01 -3.722239999999999993e-01 0.000000000000000000e+00 4.657659775406230995e-02 -6.482210000000000472e-01 1.506790499186885235e-01 nan nan 4.252294485031418159e-01 2.572733726599999993e-01 9.219189247270000165e-02 9.404932127890000548e-02 9.293100000000000804e+00 1.362720000000000020e+01 1.919549999999999912e+01 2.400710000000000122e+01 7.302746010349175920e-01 7.966386386919096507e-01
-4.102589999999999848e-01 -2.757240000000000246e-01 -1.729050000000000031e-01 -8.461309999999999665e-01 -7.497179999999999955e-01 -3.900770000000000071e-01 0.000000000000000000e+00 5.300527352440820295e-02 -6.482210000000000472e-01 1.479390692809334773e-01 nan nan 4.378141351876437826e-01 1.512469094929999869e-01 9.584529313369999359e-02 9.895155820699999549e-02 6.694639999999999702e+00 1.242929999999999957e+01 1.779700000000000060e+01 2.109819999999999851e+01 7.302746010349175920e-01 7.966386386919096507e-01
-4.163330000000000086e-01 -8.325679999999999747e-01 -7.657519999999999882e-01 -7.990140000000000020e-01 -7.643339999999999579e-01 -3.908269999999999800e-01 0.000000000000000000e+00 5.989819378400007555e-02 -6.086040000000000338e-01 1.444697631230438262e-01 nan nan 4.491874527150566676e-01 1.512469094929999869e-01 9.584529313369999359e-02 9.895155820699999549e-02 6.694639999999999702e+00 1.242929999999999957e+01 1.779700000000000060e+01 2.109819999999999851e+01 7.712310301343654473e-01 7.801910514481859016e-01
-4.140670000000000184e-01 -5.783399999999999652e-01 -2.973819999999999797e-01 -7.602870000000000461e-01 -7.343570000000000375e-01 -3.813389999999999835e-01 0.000000000000000000e+00 6.723784912119101786e-02 -6.086040000000000338e-01 1.403104400700529997e-01 nan nan 4.592205368532481513e-01 9.920637693440000071e-02 1.291230737209999868e-01 8.577608973580000407e-02 8.632490000000000663e+00 1.322250000000000014e+01 1.853800000000000026e+01 2.089910000000000068e+01 7.712310301343654473e-01 7.801910514481859016e-01
-3.783880000000000021e-01 2.793519999999999892e-01 4.522050000000000236e-01 -7.079290000000000305e-01 -6.449789999999999690e-01 -3.579080000000000039e-01 0.000000000000000000e+00 7.500166843739886069e-02 -6.482210000000000472e-01 1.355082269141325568e-01 nan nan 4.626909385894947269e-01 9.920637693440000071e-02 1.291230737209999868e-01 8.577608973580000407e-02 8.632490000000000663e+00 1.322250000000000014e+01 1.853800000000000026e+01 2.089910000000000068e+01 7.849339044223159201e-01 7.809992948658249778e-01
-3.844060000000000255e-01 2.333340000000000136e-01 3.638270000000000115e-01 -7.576899999999999746e-01 -6.861519999999999841e-01 -3.535710000000000242e-01 0.000000000000000000e+00 8.316227468667114486e-02 -6.482210000000000472e-01 1.301175346492061680e-01 nan nan 4.641285457794326330e-01 9.688554878999999787e-02 1.164885619310000037e-01 8.266363145980000493e-02 8.020289999999999253e+00 1.531509999999999927e+01 1.887559999999999860e+01 2.217670000000000030e+01 7.849339044223159201e-01 7.809992948658249778e-01
-4.032540000000000013e-01 -4.241210000000000119e-02 3.849389999999999756e-02 -7.431259999999999533e-01 -7.011840000000000295e-01 -3.742619999999999836e-01 0.000000000000000000e+00 9.168779506855639916e-02 -6.482210000000000472e-01 1.241994419726466514e-01 nan nan 4.631386761437561450e-01 9.688554878999999787e-02 1.164885619310000037e-01 8.266363145980000493e-02 8.020289999999999253e+00 1.531509999999999927e+01 1.887559999999999860e+01 2.217670000000000030e+01 8.808975083706570564e-01 8.090682915796336694e-01
-3.964260000000000006e-01 7.587180000000000313e-02 2.164649999999999908e-01 -8.065740000000000132e-01 -7.949180000000000135e-01 -3.792570000000000108e-01 0.000000000000000000e+00 1.005422221596681265e-01 -6.482210000000000472e-01 1.178210032392292828e-01 nan nan 4.593541516855641493e-01 9.995740652899999523e-02 1.038352832899999967e-01 7.531470915549999534e-02 8.578219999999999956e+00 1.505550000000000033e+01 1.979629999999999868e+01 -1.000000000000000000e+00 8.808975083706570564e-01 8.090682915796336694e-01
-4.029920000000000169e-01 -4.629799999999999888e-02 7.527280000000000082e-02 -7.807089999999999863e-01 -7.819760000000000044e-01 -3.738770000000000149e-01 0.000000000000000000e+00 1.096858218921799022e-01 -6.482210000000000472e-01 1.110544887084986554e-01 nan nan 4.524394589637827924e-01 9.995740652899999523e-02 1.038352832899999967e-01 7.531470915549999534e-02 8.578219999999999956e+00 1.505550000000000033e+01 1.979629999999999868e+01 -1.000000000000000000e+00 9.311758055398531297e-01 7.913900456341550482e-01
-4.134439999999999782e-01 -4.537189999999999834e-01 -3.958709999999999729e-01 -8.361650000000000471e-01 -8.001960000000000184e-01 -3.760510000000000241e-01 0.000000000000000000e+00 1.190755837566906949e-01 -6.482210000000000472e-01 1.039765656938497207e-01 nan nan 4.420945505945155229e-01 1.073384016540000069e-01 9.647265371789999489e-02 7.079190442140000095e-02 5.272199999999999775e+00 1.527890000000000015e+01 -1.000000000000000000e+00 -1.000000000000000000e+00 9.311758055398531297e-01 7.913900456341550482e-01
-4.064499999999999780e-01 -1.395460000000000034e-01 -1.558969999999999974e-02 -7.925990000000000535e-01 -7.809150000000000258e-01 -3.756120000000000014e-01 0.000000000000000000e+00 1.286657081284825477e-01 -6.482210000000000472e-01 9.666742989123311425e-02 nan nan 4.331670150682174203e-01 1.073384016540000069e-01 9.647265371789999489e-02 7.079190442140000095e-02 5.272199999999999775e+00 1.527890000000000015e+01 -1.000000000000000000e+00 -1.000000000000000000e+00 7.054180980127842115e-01 7.451605178079641068e-01
-3.899409999999999821e-01 1.646799999999999931e-01 3.169270000000000143e-01 -8.153829999999999689e-01 -7.887619999999999632e-01 -3.706900000000000195e-01 0.000000000000000000e+00 1.384081251955691094e-01 -6.482210000000000472e-01 8.920989672987489350e-02 nan nan 4.208104024202490301e-01 9.791724749079999679e-02 8.353809030679999748e-02 6.770572712439999752e-02 9.932359999999999189e+00 -1.000000000000000000e+00 -1.000000000000000000e+00 -1.000000000000000000e+00 7.054180980127842115e-01 7.451605178079641068e-01
-3.998300000000000187e-01 2.474820000000000145e-02 1.309950000000000003e-01 -8.703349999999999698e-01 -8.652159999999999851e-01 -3.791889999999999983e-01 0.000000000000000000e+00 1.482530396088732605e-01 -6.482210000000000472e-01 8.168846304037247208e-02 nan nan 4.051647180093639333e-01 9.791724749079999679e-02 8.353809030679999748e-02 6.770572712439999752e-02 9.932359999999999189e+00 -1.000000000000000000e+00 -1.000000000000000000e+00 -1.000000000000000000e+00 0.000000000000000000e+00 0.000000000000000000e+00
