-3.746900000000000230e-01 3.594399999999999817e-01 2.978459999999999996e-01 -8.467940000000000467e-01 -8.828899999999999526e-01 -4.123240000000000238e-01 0.000000000000000000e+00 1.455516263358256346e-01 -6.191870000000000429e-01 0.000000000000000000e+00 0.000000000000000000e+00 nan 0.000000000000000000e+00 2.813828926670000063e-01 1.081708925420000050e-01 1.662091656540000129e-01 -1.000000000000000000e+00 -1.000000000000000000e+00 -1.000000000000000000e+00 -1.000000000000000000e+00 0.000000000000000000e+00 0.000000000000000000e+00
-3.592899999999999983e-01 3.941939999999999888e-01 3.807180000000000009e-01 -1.092589999999999950e+00 -1.095329999999999915e+00 -3.926790000000000003e-01 1.519655900130700843e-04 1.395785142286801728e-01 -6.191870000000000429e-01 3.896795900909522103e-03 0.000000000000000000e+00 nan 0.000000000000000000e+00 2.923913597999999725e-01 8.134025583569999551e-02 1.651623055520000105e-01 5.762340000000000018e+00 -1.000000000000000000e+00 -1.000000000000000000e+00 -1.000000000000000000e+00 0.000000000000000000e+00 0.000000000000000000e+00
-4.870570000000000177e-01 -4.233330000000000148e-01 -2.069709999999999883e-01 -8.640790000000000415e-01 -9.692809999999999482e-01 -4.104280000000000150e-01 1.650828281639982187e-03 1.338467669273126770e-01 -3.918289999999999829e-01 8.466377879620567981e-03 0.000000000000000000e+00 nan 0.000000000000000000e+00 2.923913597999999725e-01 8.134025583569999551e-02 1.651623055520000105e-01 5.762340000000000018e+00 -1.000000000000000000e+00 -1.000000000000000000e+00 -1.000000000000000000e+00 0.000000000000000000e+00 0.000000000000000000e+00
-5.125309999999999588e-01 -9.870980000000000310e-01 -7.258379999999999832e-01 -1.075390000000000068e+00 -1.215889999999999915e+00 -4.560719999999999774e-01 4.708467956515138830e-03 1.285950143120376810e-01 -3.918289999999999829e-01 1.388782751407213745e-02 0.000000000000000000e+00 nan 0.000000000000000000e+00 2.480344261029999997e-01 7.620089667710000514e-02 1.952317530799999867e-01 1.211940000000000062e+01 1.720629999999999882e+01 -1.000000000000000000e+00 -1.000000000000000000e+00 0.000000000000000000e+00 0.000000000000000000e+00
-4.305260000000000198e-01 9.599019999999999775e-02 1.303110000000000102e-01 -1.091099999999999959e+00 -1.080230000000000024e+00 -4.459199999999999831e-01 8.267638093166884694e-03 1.240564477315796443e-01 -6.191870000000000429e-01 2.033057438127483518e-02 0.000000000000000000e+00 nan 0.000000000000000000e+00 2.480344261029999997e-01 7.620089667710000514e-02 1.952317530799999867e-01 1.211940000000000062e+01 1.720629999999999882e+01 -1.000000000000000000e+00 -1.000000000000000000e+00 7.273466906693474288e-01 8.147490329511701823e-01
-3.957109999999999794e-01 2.668860000000000121e-01 2.608929999999999860e-01 -1.063690000000000024e+00 -1.188849999999999962e+00 -3.738980000000000081e-01 1.213201177444700463e-02 1.204561778519138704e-01 -6.191870000000000429e-01 2.795247635250253104e-02 0.000000000000000000e+00 nan 0.000000000000000000e+00 2.078131701310000079e-01 8.693263814280000057e-02 1.822738088360000008e-01 9.573240000000000194e+00 2.149309999999999832e+01 2.076500000000000057e+01 -1.000000000000000000e+00 7.273466906693474288e-01 8.147490329511701823e-01
-4.813669999999999893e-01 -3.454320000000000168e-01 -1.503730000000000067e-01 -1.049609999999999932e+00 -1.142759999999999998e+00 -3.871649999999999814e-01 1.645351673148642835e-02 1.180086840624718914e-01 -5.867069999999999785e-01 3.689803100053368201e-02 0.000000000000000000e+00 nan 0.000000000000000000e+00 2.078131701310000079e-01 8.693263814280000057e-02 1.822738088360000008e-01 9.573240000000000194e+00 2.149309999999999832e+01 2.076500000000000057e+01 -1.000000000000000000e+00 8.297944965281837115e-01 9.683094024087248730e-01
-4.693410000000000082e-01 -2.233900000000000052e-01 -3.119639999999999913e-02 -9.546780000000000266e-01 -1.157769999999999966e+00 -3.853849999999999776e-01 2.150175831057321574e-02 1.169153843389566516e-01 -5.867069999999999785e-01 4.729673838441428302e-02 0.000000000000000000e+00 nan 0.000000000000000000e+00 1.889953904449999944e-01 7.928652404359999573e-02 1.960092180820000030e-01 2.178059999999999974e+01 2.878350000000000009e+01 2.924399999999999977e+01 2.646399999999999864e+01 8.297944965281837115e-01 9.683094024087248730e-01
-3.852149999999999741e-01 3.121889999999999943e-01 2.867839999999999834e-01 -1.062880000000000047e+00 -1.119070000000000009e+00 -3.145999999999999908e-01 2.750092037856988192e-02 1.173623530971954487e-01 -6.191870000000000429e-01 5.926163376204252042e-02 0.000000000000000000e+00 nan 0.000000000000000000e+00 1.889953904449999944e-01 7.928652404359999573e-02 1.960092180820000030e-01 2.178059999999999974e+01 2.878350000000000009e+01 2.924399999999999977e+01 2.646399999999999864e+01 5.951511467514553066e-01 8.523333898761711325e-01
-3.842400000000000260e-01 3.171200000000000130e-01 2.868240000000000234e-01 -9.271719999999999962e-01 -1.037360000000000060e+00 -3.814819999999999878e-01 3.460549657157185877e-02 1.195182128956575607e-01 -6.191870000000000429e-01 7.288800685553031844e-02 0.000000000000000000e+00 nan 0.000000000000000000e+00 1.704196372350000044e-01 9.183084510139999379e-02 1.644017504970000099e-01 9.843099999999999739e+00 2.819229999999999947e+01 2.950730000000000075e+01 3.023379999999999868e+01 5.951511467514553066e-01 8.523333898761711325e-01
-4.515290000000000137e-01 -2.411490000000000161e-02 -9.329350000000000143e-03 -1.044640000000000013e+00 -1.184770000000000101e+00 -4.760650000000000159e-01 4.296413360885875665e-02 1.235322238744884782e-01 -6.191870000000000429e-01 8.825232218057654787e-02 0.000000000000000000e+00 nan 0.000000000000000000e+00 1.704196372350000044e-01 9.183084510139999379e-02 1.644017504970000099e-01 9.843099999999999739e+00 2.819229999999999947e+01 2.950730000000000075e+01 3.023379999999999868e+01 5.998971313679190009e-01 8.287882869848364198e-01
-4.962790000000000257e-01 -5.219669999999999588e-01 -4.192400000000000015e-01 -1.172469999999999901e+00 -1.285959999999999992e+00 -5.081719999999999571e-01 5.271340610155772488e-02 1.295325925784799326e-01 -6.191870000000000429e-01 1.054113526729493211e-01 0.000000000000000000e+00 nan 0.000000000000000000e+00 1.653027534869999926e-01 1.080267022220000039e-01 1.383231720349999971e-01 1.531020000000000003e+01 2.312849999999999895e+01 2.560279999999999845e+01 2.766880000000000095e+01 5.998971313679190009e-01 8.287882869848364198e-01
-5.208840000000000137e-01 -1.516410000000000036e+00 -1.244159999999999933e+00 -1.151459999999999928e+00 -1.293299999999999894e+00 -5.154579999999999718e-01 6.396459544178167977e-02 1.376250193256901566e-01 -5.217479999999999896e-01 1.244015364284397629e-01 0.000000000000000000e+00 nan 0.000000000000000000e+00 1.653027534869999926e-01 1.080267022220000039e-01 1.383231720349999971e-01 1.531020000000000003e+01 2.312849999999999895e+01 2.560279999999999845e+01 2.766880000000000095e+01 5.421925046173987628e-01 7.429196725837082793e-01
-5.219650000000000123e-01 -1.719740000000000046e+00 -1.268089999999999939e+00 -1.114430000000000032e+00 -1.280829999999999913e+00 -5.014920000000000488e-01 7.680689028211618030e-02 1.478915005806029637e-01 -5.217479999999999896e-01 1.452385638446762606e-01 0.000000000000000000e+00 nan 0.000000000000000000e+00 1.876288988350000020e-01 1.186835425209999961e-01 1.285768126719999960e-01 1.115520000000000067e+01 2.588340000000000174e+01 3.193110000000000070e+01 3.510049999999999670e+01 5.421925046173987628e-01 7.429196725837082793e-01
-5.142679999999999474e-01 -1.037239999999999940e+00 -8.401079999999999659e-01 -9.994220000000000326e-01 -1.253130000000000077e+00 -4.736130000000000062e-01 9.131579651919385920e-02 1.603893999014224248e-01 -6.191870000000000429e-01 1.679171998426489676e-01 0.000000000000000000e+00 nan 0.000000000000000000e+00 1.876288988350000020e-01 1.186835425209999961e-01 1.285768126719999960e-01 1.115520000000000067e+01 2.588340000000000174e+01 3.193110000000000070e+01 3.510049999999999670e+01 6.058822154162673002e-01 7.514177285079010060e-01
-5.021029999999999660e-01 -6.346380000000000354e-01 -5.333579999999999988e-01 -9.824929999999999497e-01 -1.113029999999999964e+00 -4.727520000000000056e-01 1.075459881728376699e-01 1.751507979880357890e-01 -6.191870000000000429e-01 1.924113431822480624e-01 0.000000000000000000e+00 nan 0.000000000000000000e+00 2.081889510459999926e-01 8.483948085230000324e-02 1.805103598099999929e-01 1.646760000000000090e+01 3.781739999999999924e+01 4.171139999999999759e+01 4.398810000000000286e+01 6.058822154162673002e-01 7.514177285079010060e-01
-4.738729999999999887e-01 -2.149909999999999877e-01 -1.715820000000000123e-01 -1.068899999999999961e+00 -1.258270000000000000e+00 -4.767609999999999904e-01 1.255317045296642231e-01 1.921821291948663246e-01 -6.191870000000000429e-01 2.186743221997430320e-01 0.000000000000000000e+00 nan 0.000000000000000000e+00 2.081889510459999926e-01 8.483948085230000324e-02 1.805103598099999929e-01 1.646760000000000090e+01 3.781739999999999924e+01 4.171139999999999759e+01 4.398810000000000286e+01 6.690529072078179595e-01 7.504964128558456737e-01
-4.889580000000000037e-01 -4.036199999999999788e-01 -3.173230000000000217e-01 -1.060370000000000035e+00 -1.179459999999999953e+00 -4.577570000000000250e-01 1.452887030397365109e-01 2.114641086270657722e-01 -6.191870000000000429e-01 2.466394236163820253e-01 0.000000000000000000e+00 nan 0.000000000000000000e+00 2.216350402510000039e-01 6.065756448410000029e-02 2.120375646150000071e-01 2.052130000000000010e+01 4.093249999999999744e+01 5.324980000000000047e+01 5.391649999999999920e+01 6.690529072078179595e-01 7.504964128558456737e-01
-5.156549999999999745e-01 -1.117080000000000073e+00 -8.807490000000000041e-01 -1.080000000000000071e+00 -1.244990000000000041e+00 -4.565879999999999939e-01 1.668135375848281976e-01 2.329519506460787648e-01 -5.542270000000000252e-01 2.762206484264970729e-01 0.000000000000000000e+00 nan 0.000000000000000000e+00 2.216350402510000039e-01 6.065756448410000029e-02 2.120375646150000071e-01 2.052130000000000010e+01 4.093249999999999744e+01 5.324980000000000047e+01 5.391649999999999920e+01 5.873752133355154559e-01 7.780261227910875155e-01
-5.209880000000000067e-01 -1.517759999999999998e+00 -1.286000000000000032e+00 -1.072009999999999907e+00 -1.137529999999999930e+00 -4.693439999999999834e-01 1.900807454175877931e-01 2.565758763088236138e-01 -5.542270000000000252e-01 3.073136863006020736e-01 0.000000000000000000e+00 nan 0.000000000000000000e+00 2.168919998000000127e-01 4.467998943350000307e-02 2.313545033349999891e-01 1.589100000000000001e+01 4.758509999999999707e+01 5.541389999999999816e+01 6.261939999999999884e+01 5.873752133355154559e-01 7.780261227910875155e-01
-4.690239999999999965e-01 -1.788049999999999917e-01 -1.487479999999999913e-01 -6.654309999999999392e-02 1.691989999999999883e-01 -4.714570000000000149e-01 2.150387183644278943e-01 2.822419039909994654e-01 -6.191870000000000429e-01 3.397970974631060459e-01 0.000000000000000000e+00 nan 0.000000000000000000e+00 2.168919998000000127e-01 4.467998943350000307e-02 2.313545033349999891e-01 1.589100000000000001e+01 4.758509999999999707e+01 5.541389999999999816e+01 6.261939999999999884e+01 2.705304748322540087e-01 7.692786131704898445e-01
-3.769939999999999958e-01 2.786759999999999793e-01 3.441640000000000255e-01 -2.358700000000000033e-02 3.641309999999999825e-01 -4.704139999999999988e-01 2.416199014629744068e-01 3.098329142364426581e-01 -4.243089999999999917e-01 3.735336886534956768e-01 0.000000000000000000e+00 nan 0.000000000000000000e+00 1.734676276469999945e-01 3.963305004630000156e-02 1.942906488810000054e-01 2.424040000000000106e+01 5.046170000000000044e+01 6.567860000000000298e+01 7.776040000000000418e+01 2.705304748322540087e-01 7.692786131704898445e-01
-5.153159999999999963e-01 -1.110309999999999908e+00 -1.159380000000000077e+00 3.283530000000000060e-01 2.791130000000000000e-01 -5.028350000000000319e-01 2.697316815076877816e-01 3.392099767673634192e-01 4.201619999999999799e-01 4.083720675807961387e-01 0.000000000000000000e+00 nan 0.000000000000000000e+00 1.734676276469999945e-01 3.963305004630000156e-02 1.942906488810000054e-01 2.424040000000000106e+01 5.046170000000000044e+01 6.567860000000000298e+01 7.776040000000000418e+01 3.945245832651438356e-01 8.467589312738436069e-01
-5.057730000000000281e-01 -8.732459999999999667e-01 -1.325560000000000072e+00 1.051269999999999927e+00 2.333699999999999941e-01 -5.241419999999999968e-01 2.992637015707318993e-01 3.702139246199080969e-01 1.264629999999999921e+00 4.441483582587215651e-01 0.000000000000000000e+00 nan 0.000000000000000000e+00 2.027604147000000023e-01 4.636269270300000245e-02 1.868690696810000051e-01 2.710739999999999839e+01 6.236749999999999972e+01 8.033689999999999998e+01 9.333759999999999479e+01 3.945245832651438356e-01 8.467589312738436069e-01
-5.144990000000000396e-01 -1.120919999999999916e+00 -1.165459999999999940e+00 6.579439999999999733e-01 2.329680000000000084e-01 -5.264609999999999568e-01 3.300877246216875616e-01 4.026671575694575900e-01 7.774389999999999912e-01 4.806880577860804804e-01 0.000000000000000000e+00 nan 0.000000000000000000e+00 2.027604147000000023e-01 4.636269270300000245e-02 1.868690696810000051e-01 2.710739999999999839e+01 6.236749999999999972e+01 8.033689999999999998e+01 9.333759999999999479e+01 1.000000000000000000e+00 8.746412024333376500e-01
-5.165969999999999729e-01 -1.200209999999999999e+00 -1.055940000000000101e+00 2.678030000000000133e-01 1.213710000000000067e-01 -5.240449999999999831e-01 3.620625253290020718e-01 4.363756544121395464e-01 5.176009999999999778e-01 5.178080135343754442e-01 0.000000000000000000e+00 nan 0.000000000000000000e+00 2.729410327440000006e-01 5.655332048939999690e-02 1.890414392629999885e-01 2.764489999999999981e+01 7.852400000000000091e+01 9.150419999999999732e+01 9.571569999999999823e+01 1.000000000000000000e+00 8.746412024333376500e-01
-5.168869999999999854e-01 -1.310149999999999926e+00 -9.722439999999999971e-01 3.615689999999999737e-01 5.824750000000000066e-02 -4.554699999999999860e-01 3.950405195835220429e-01 4.711311713025939651e-01 3.552029999999999910e-01 5.553184983402664754e-01 0.000000000000000000e+00 nan 0.000000000000000000e+00 2.729410327440000006e-01 5.655332048939999690e-02 1.890414392629999885e-01 2.764489999999999981e+01 7.852400000000000091e+01 9.150419999999999732e+01 9.571569999999999823e+01 9.786500829962825332e-01 8.235929980010443519e-01
-5.102740000000000054e-01 -9.856369999999999854e-01 -6.789870000000000072e-01 1.529729999999999979e-01 3.970769999999999855e-02 -1.760980000000000045e-01 4.288663825715024469e-01 5.067136012399520162e-01 -9.951219999999999510e-02 5.930253601901439575e-01 0.000000000000000000e+00 nan 0.000000000000000000e+00 4.057842921329999908e-01 6.169833524090000132e-02 2.047583297020000026e-01 3.838470000000000226e+01 8.933589999999999520e+01 1.018379999999999939e+02 9.728260000000000218e+01 9.786500829962825332e-01 8.235929980010443519e-01
-4.840809999999999835e-01 -5.070770000000000000e-01 -1.084549999999999959e-01 -2.589940000000000020e-01 -1.708790000000000031e-01 3.721309999999999896e-01 4.633770147393888594e-01 5.428934679681054476e-01 -2.294309999999999961e-01 6.307322220400215507e-01 0.000000000000000000e+00 nan 0.000000000000000000e+00 4.057842921329999908e-01 6.169833524090000132e-02 2.047583297020000026e-01 3.838470000000000226e+01 8.933589999999999520e+01 1.018379999999999939e+02 9.728260000000000218e+01 1.239005914946345044e-01 7.089806656755038849e-01
-1.492970000000000130e-01 6.378890000000000393e-01 8.976690000000000502e-01 -1.819330000000000114e-01 1.842560000000000031e-01 9.230310000000000459e-01 4.984997451811283842e-01 5.794345260333827463e-01 -4.243089999999999917e-01 6.682427068459124708e-01 0.000000000000000000e+00 nan 0.000000000000000000e+00 5.028935449539999603e-01 6.123883567289999802e-02 2.201229731269999934e-01 2.857260000000000133e+01 8.407470000000000709e+01 9.785030000000000427e+01 9.356619999999999493e+01 1.239005914946345044e-01 7.089806656755038849e-01
1.636980000000000102e+00 1.559830000000000050e+00 1.644519999999999982e+00 -5.621430000000000177e-02 1.662309999999999899e-01 2.120049999999999990e+00 5.340510421797888263e-01 6.160964375399381465e-01 -4.567880000000000273e-01 7.053626625942074346e-01 0.000000000000000000e+00 nan 0.000000000000000000e+00 5.028935449539999603e-01 6.123883567289999802e-02 2.201229731269999934e-01 2.857260000000000133e+01 8.407470000000000709e+01 9.785030000000000427e+01 9.356619999999999493e+01 1.507306010801207075e-01 8.461968289446113456e-01
2.410070000000000157e+00 1.721840000000000037e+00 1.849830000000000085e+00 1.012239999999999945e-01 5.249549999999999494e-01 2.865219999999999878e+00 5.697397439938393093e-01 6.533826318734782257e-01 -4.567880000000000273e-01 7.419023621215665720e-01 0.000000000000000000e+00 nan 0.000000000000000000e+00 5.571751180999999775e-01 6.063031342459999917e-02 2.259101825089999960e-01 2.189399999999999835e+01 6.234290000000000020e+01 8.140030000000000143e+01 8.306600000000000250e+01 1.507306010801207075e-01 8.461968289446113456e-01
2.983620000000000161e+00 1.815839999999999899e+00 1.826179999999999914e+00 -7.282429999999999459e-02 3.714580000000000104e-01 3.319319999999999826e+00 6.053996229922963268e-01 6.903778892311838167e-01 -4.567880000000000273e-01 7.746601358992575292e-01 0.000000000000000000e+00 nan 0.000000000000000000e+00 5.571751180999999775e-01 6.063031342459999917e-02 2.259101825089999960e-01 2.189399999999999835e+01 6.234290000000000020e+01 8.140030000000000143e+01 8.306600000000000250e+01 1.754097210857316069e-01 8.226849865461306477e-01
3.537080000000000002e+00 1.892220000000000013e+00 1.894619999999999971e+00 3.782990000000000181e-04 4.527809999999999890e-01 3.481380000000000141e+00 6.408580882102883347e-01 7.268919158309458117e-01 -4.892679999999999807e-01 8.063816700437974605e-01 0.000000000000000000e+00 nan 0.000000000000000000e+00 6.441291659490000487e-01 4.831538541890000038e-02 2.020089772399999983e-01 1.494490000000000052e+01 4.444599999999999795e+01 6.451869999999999550e+01 7.133379999999999654e+01 1.754097210857316069e-01 8.226849865461306477e-01
3.292809999999999793e+00 1.859220000000000095e+00 1.868239999999999901e+00 -3.535649999999999904e-02 3.693919999999999981e-01 3.599660000000000082e+00 6.759160027420163530e-01 7.612435557891394922e-01 -4.892679999999999807e-01 8.367075468980468278e-01 0.000000000000000000e+00 nan 0.000000000000000000e+00 6.441291659490000487e-01 4.831538541890000038e-02 2.020089772399999983e-01 1.494490000000000052e+01 4.444599999999999795e+01 6.451869999999999550e+01 7.133379999999999654e+01 1.746475580389498239e-01 7.960666141150878339e-01
3.490990000000000038e+00 1.885890000000000066e+00 1.924460000000000059e+00 -7.864559999999999607e-02 3.484900000000000220e-01 3.412710000000000132e+00 7.103825744653002872e-01 7.932067673355899240e-01 -4.892679999999999807e-01 8.652941621596413890e-01 0.000000000000000000e+00 nan 0.000000000000000000e+00 7.271824745670000256e-01 3.913590448439999842e-02 1.492097584950000111e-01 1.041960000000000086e+01 2.961990000000000123e+01 4.472259999999999991e+01 5.699360000000000070e+01 1.746475580389498239e-01 7.960666141150878339e-01
3.265670000000000073e+00 1.855550000000000033e+00 1.900500000000000078e+00 -1.966890000000000027e-01 2.826600000000000223e-01 3.289759999999999796e+00 7.440700267993649586e-01 8.239644567024771993e-01 -4.892679999999999807e-01 8.918176180550354548e-01 0.000000000000000000e+00 nan 0.000000000000000000e+00 7.271824745670000256e-01 3.913590448439999842e-02 1.492097584950000111e-01 1.041960000000000086e+01 2.961990000000000123e+01 4.472259999999999991e+01 5.699360000000000070e+01 1.671474995908633909e-01 7.764196409862401671e-01
3.146339999999999915e+00 1.840200000000000058e+00 1.883839999999999959e+00 -2.423669999999999991e-02 3.916970000000000174e-01 3.097269999999999968e+00 7.768143377880615263e-01 8.531681269791254740e-01 -4.892679999999999807e-01 9.159773932306988220e-01 0.000000000000000000e+00 nan 0.000000000000000000e+00 7.669133199709999849e-01 3.617170460400000176e-02 1.240445521900000042e-01 4.766060000000000407e+00 1.699930000000000163e+01 3.333489999999999753e+01 4.296130000000000138e+01 1.671474995908633909e-01 7.764196409862401671e-01
3.109890000000000043e+00 1.833919999999999995e+00 1.915459999999999940e+00 -3.564780000000000032e-02 2.900590000000000113e-01 2.885250000000000092e+00 8.084072203460053174e-01 8.804868889121055808e-01 -4.892679999999999807e-01 9.374997477801350065e-01 0.000000000000000000e+00 nan 0.000000000000000000e+00 7.669133199709999849e-01 3.617170460400000176e-02 1.240445521900000042e-01 4.766060000000000407e+00 1.699930000000000163e+01 3.333489999999999753e+01 4.296130000000000138e+01 1.640006546185678316e-01 7.455605557163145214e-01
2.787180000000000213e+00 1.784720000000000084e+00 1.865799999999999903e+00 -1.705069999999999919e-01 2.268179999999999918e-01 2.647600000000000176e+00 8.373880806397373533e-01 9.056112100126940678e-01 -4.892679999999999807e-01 9.561408248264023912e-01 0.000000000000000000e+00 nan 0.000000000000000000e+00 7.452860248820000200e-01 4.624149273380000202e-02 1.301617175550000005e-01 6.062879999999999825e+00 1.501089999999999947e+01 2.235660000000000025e+01 3.213269999999999982e+01 1.640006546185678316e-01 7.455605557163145214e-01
2.505850000000000133e+00 1.738280000000000047e+00 1.839020000000000099e+00 -2.078240000000000087e-01 2.388200000000000045e-01 2.343109999999999804e+00 8.636712825253246573e-01 9.282564216836511894e-01 -4.892679999999999807e-01 9.716894135179703351e-01 0.000000000000000000e+00 nan 0.000000000000000000e+00 7.452860248820000200e-01 4.624149273380000202e-02 1.301617175550000005e-01 6.062879999999999825e+00 1.501089999999999947e+01 2.235660000000000025e+01 3.213269999999999982e+01 1.651929955813246087e-01 7.546007576740272338e-01
2.187330000000000219e+00 1.679000000000000048e+00 1.787749999999999950e+00 -3.832119999999999971e-01 -5.351159999999999944e-02 2.081989999999999785e+00 8.883423459291410751e-01 9.481659446281779369e-01 -4.892679999999999807e-01 9.839693421320624411e-01 0.000000000000000000e+00 nan 0.000000000000000000e+00 6.930855322319999789e-01 5.594573740989999822e-02 1.540561272460000131e-01 3.995589999999999975e+00 1.219880000000000031e+01 1.869079999999999941e+01 2.286730000000000018e+01 1.651929955813246087e-01 7.546007576740272338e-01
1.825609999999999955e+00 1.603639999999999954e+00 1.717400000000000038e+00 -3.955600000000000227e-01 -1.114620000000000020e-02 1.750469999999999970e+00 9.111217378447645787e-01 9.651141959958711158e-01 -4.892679999999999807e-01 9.928414741706704794e-01 0.000000000000000000e+00 nan 0.000000000000000000e+00 6.930855322319999789e-01 5.594573740989999822e-02 1.540561272460000131e-01 3.995589999999999975e+00 1.219880000000000031e+01 1.869079999999999941e+01 2.286730000000000018e+01 1.589834708811633801e-01 6.879666862903575097e-01
1.526119999999999921e+00 1.531789999999999985e+00 1.658029999999999893e+00 -2.922420000000000018e-01 3.025749999999999794e-03 1.520189999999999930e+00 9.317513586596081199e-01 9.789091453265568177e-01 -4.892679999999999807e-01 9.982052848326732342e-01 0.000000000000000000e+00 nan 0.000000000000000000e+00 6.620956323679999533e-01 5.952452464289999939e-02 1.628622121989999894e-01 4.840709999999999624e+00 1.010299999999999976e+01 1.489630000000000010e+01 2.019129999999999825e+01 1.589834708811633801e-01 6.879666862903575097e-01
1.288759999999999906e+00 1.466909999999999936e+00 1.601920000000000011e+00 -5.066270000000000495e-01 -7.224579999999999891e-02 1.253819999999999935e+00 9.499974665266610607e-01 9.893944903321366668e-01 -4.892679999999999807e-01 1.000000000000000000e+00 0.000000000000000000e+00 nan 0.000000000000000000e+00 6.620956323679999533e-01 5.952452464289999939e-02 1.628622121989999894e-01 4.840709999999999624e+00 1.010299999999999976e+01 1.489630000000000010e+01 2.019129999999999825e+01 1.550604353213475006e-01 5.872406097313549456e-01
1.091720000000000024e+00 1.407799999999999940e+00 1.551239999999999952e+00 -3.592890000000000250e-01 4.706219999999999848e-02 1.115510000000000002e+00 9.656533257530151015e-01 9.964514278639660105e-01 -4.892679999999999807e-01 9.982052848326733452e-01 0.000000000000000000e+00 nan 0.000000000000000000e+00 7.214894680979999642e-01 5.072062460710000109e-02 1.329145472740000111e-01 3.638469999999999871e+00 8.849109999999999587e+00 1.404599999999999937e+01 1.946059999999999945e+01 1.550604353213475006e-01 5.872406097313549456e-01
1.171980000000000022e+00 1.436069999999999958e+00 1.579090000000000105e+00 -4.529540000000000233e-01 9.770829999999999446e-03 7.985240000000000116e-01 9.785415491978716185e-01 1.000000000000000000e+00 -4.892679999999999807e-01 9.928414741706707014e-01 0.000000000000000000e+00 nan 0.000000000000000000e+00 7.214894680979999642e-01 5.072062460710000109e-02 1.329145472740000111e-01 3.638469999999999871e+00 8.849109999999999587e+00 1.404599999999999937e+01 1.946059999999999945e+01 1.570944287284034013e-01 5.400539485194091327e-01
8.044909999999999561e-01 1.304969999999999963e+00 1.412439999999999918e+00 -4.148549999999999738e-01 -2.861319999999999836e-02 7.465230000000000476e-01 9.885161081397275673e-01 1.000000000000000000e+00 -4.892679999999999807e-01 9.839693421320624411e-01 0.000000000000000000e+00 nan 0.000000000000000000e+00 8.021471346290000026e-01 3.352583735829999662e-02 9.063139779180000299e-02 4.345159999999999911e+00 1.259769999999999968e+01 1.802209999999999823e+01 2.248699999999999832e+01 1.570944287284034013e-01 5.400539485194091327e-01
8.013149999999999995e-01 1.304470000000000018e+00 1.440549999999999997e+00 -4.386979999999999769e-01 -4.756579999999999836e-02 3.284400000000000097e-01 9.954639868401403691e-01 9.964514278639660105e-01 -4.243089999999999917e-01 9.716894135179703351e-01 0.000000000000000000e+00 nan 0.000000000000000000e+00 8.021471346290000026e-01 3.352583735829999662e-02 9.063139779180000299e-02 4.345159999999999911e+00 1.259769999999999968e+01 1.802209999999999823e+01 2.248699999999999832e+01 1.577069646739766018e-01 5.360527112290749407e-01
3.972330000000000028e-01 1.115229999999999944e+00 1.099939999999999918e+00 -3.769140000000000268e-01 -1.072680000000000022e-01 3.322979999999999823e-01 9.993064630572028317e-01 9.893944903321366668e-01 -4.243089999999999917e-01 9.561408248264023912e-01 0.000000000000000000e+00 nan 0.000000000000000000e+00 8.180092687990000444e-01 3.168871053559999679e-02 7.831030177019999983e-02 7.308869999999999756e+00 1.371240000000000059e+01 1.931990000000000052e+01 2.652029999999999887e+01 1.577069646739766018e-01 5.360527112290749407e-01
6.770850000000000479e-01 1.252930000000000099e+00 1.405880000000000019e+00 -2.394880000000000064e-01 -1.589350000000000008e-03 2.988379999999999925e-01 1.000000000000000000e+00 9.789091453265568177e-01 -4.892679999999999807e-01 9.374997477801350065e-01 0.000000000000000000e+00 nan 0.000000000000000000e+00 8.180092687990000444e-01 3.168871053559999679e-02 7.831030177019999983e-02 7.308869999999999756e+00 1.371240000000000059e+01 1.931990000000000052e+01 2.652029999999999887e+01 1.530170902204661676e-01 5.245545588494529010e-01
3.504479999999999817e-01 1.103590000000000071e+00 1.058110000000000106e+00 4.255239999999999717e-02 2.192570000000000074e-01 3.589700000000000113e-01 9.975367396178465018e-01 9.651141959958711158e-01 -4.892679999999999807e-01 9.159773932306988220e-01 0.000000000000000000e+00 nan 0.000000000000000000e+00 8.083337819220000053e-01 3.425397940649999723e-02 7.089148650420000475e-02 6.107940000000000147e+00 1.691669999999999874e+01 2.564870000000000161e+01 3.215540000000000020e+01 1.530170902204661676e-01 5.245545588494529010e-01
1.358589999999999964e+00 1.497060000000000057e+00 1.522669999999999968e+00 -1.489219999999999988e-01 2.959319999999999729e-01 3.055069999999999730e-01 9.919445916351412595e-01 9.481659446281780479e-01 -4.892679999999999807e-01 8.918176180550354548e-01 0.000000000000000000e+00 nan 0.000000000000000000e+00 8.083337819220000053e-01 3.425397940649999723e-02 7.089148650420000475e-02 6.107940000000000147e+00 1.691669999999999874e+01 2.564870000000000161e+01 3.215540000000000020e+01 1.519930797465690597e-01 5.350282880491722404e-01
9.297140000000000404e-01 1.363890000000000047e+00 1.398220000000000018e+00 -1.895880000000000065e-01 1.865799999999999959e-01 5.860530000000000461e-01 9.832869173230371906e-01 9.282564216836511894e-01 -4.892679999999999807e-01 8.652941621596413890e-01 0.000000000000000000e+00 nan 0.000000000000000000e+00 8.054862214869999981e-01 3.275313871160000223e-02 6.538830729790000296e-02 1.103209999999999980e+01 2.899380000000000024e+01 3.839260000000000161e+01 4.196200000000000330e+01 1.519930797465690597e-01 5.350282880491722404e-01
5.032130000000000214e-01 1.168190000000000062e+00 1.306179999999999897e+00 -3.111189999999999789e-01 4.409810000000000119e-02 5.513879999999999892e-01 9.716618115909216868e-01 9.056112100126940678e-01 -4.892679999999999807e-01 8.367075468980469388e-01 0.000000000000000000e+00 nan 0.000000000000000000e+00 8.054862214869999981e-01 3.275313871160000223e-02 6.538830729790000296e-02 1.103209999999999980e+01 2.899380000000000024e+01 3.839260000000000161e+01 4.196200000000000330e+01 1.554672340027587474e-01 5.646866695270690295e-01
5.175309999999999633e-01 1.180949999999999944e+00 1.297579999999999956e+00 -4.775719999999999965e-01 -3.232469999999999788e-02 4.873779999999999779e-01 9.572009915318960838e-01 8.804868889121059139e-01 -4.567880000000000273e-01 8.063816700437975715e-01 0.000000000000000000e+00 nan 0.000000000000000000e+00 7.296736076249999980e-01 3.517068968340000129e-02 8.210638082149999961e-02 1.275200000000000067e+01 3.690899999999999892e+01 4.730040000000000333e+01 5.136119999999999663e+01 1.554672340027587474e-01 5.646866695270690295e-01
3.418700000000000072e-01 1.082060000000000022e+00 1.251840000000000064e+00 -4.084349999999999925e-01 5.992360000000000048e-02 3.764569999999999861e-01 9.400683040154795833e-01 8.531681269791254740e-01 -4.567880000000000273e-01 7.746601358992575292e-01 0.000000000000000000e+00 nan 0.000000000000000000e+00 7.296736076249999980e-01 3.517068968340000129e-02 8.210638082149999961e-02 1.275200000000000067e+01 3.690899999999999892e+01 4.730040000000000333e+01 5.136119999999999663e+01 1.389194117784583460e-01 5.671545980968346612e-01
4.527610000000000245e-01 1.141259999999999941e+00 1.331660000000000066e+00 -4.172069999999999945e-01 -4.661139999999999728e-02 1.894710000000000005e-01 9.204578692371080395e-01 8.239644567024773103e-01 -4.892679999999999807e-01 7.419023621215665720e-01 0.000000000000000000e+00 nan 0.000000000000000000e+00 5.894587985050000478e-01 3.692032778630000012e-02 1.058630344470000012e-01 1.667589999999999861e+01 3.820409999999999684e+01 5.145029999999999859e+01 5.541689999999999827e+01 1.389194117784583460e-01 5.671545980968346612e-01
1.881700000000000039e-01 9.750379999999999603e-01 1.232410000000000005e+00 -1.273499999999999910e-01 2.484750000000000014e-01 -1.382800000000000001e-02 8.985918812587522231e-01 7.932067673355899240e-01 -4.892679999999999807e-01 7.053626625942075457e-01 0.000000000000000000e+00 nan 0.000000000000000000e+00 5.894587985050000478e-01 3.692032778630000012e-02 1.058630344470000012e-01 1.667589999999999861e+01 3.820409999999999684e+01 5.145029999999999859e+01 5.541689999999999827e+01 1.199261216187782475e-01 5.860897966786071667e-01
-8.042679999999999968e-03 8.092279999999999474e-01 1.090819999999999901e+00 -8.630010000000000459e-03 3.915409999999999724e-01 -2.524989999999999735e-01 8.747180904614123564e-01 7.612435557891397142e-01 -4.892679999999999807e-01 6.682427068459126929e-01 0.000000000000000000e+00 nan 0.000000000000000000e+00 4.403608530440000224e-01 2.917428079569999930e-02 1.319074193870000133e-01 1.423080000000000034e+01 4.448239999999999839e+01 5.996600000000000108e+01 6.158019999999999783e+01 1.199261216187782475e-01 5.860897966786071667e-01
-1.848839999999999928e-01 6.167960000000000109e-01 8.849439999999999529e-01 1.208339999999999970e-01 4.844539999999999957e-01 -3.868900000000000117e-01 8.491069964343053167e-01 7.268919158309459227e-01 -4.892679999999999807e-01 6.307322220400215507e-01 0.000000000000000000e+00 nan 0.000000000000000000e+00 4.403608530440000224e-01 2.917428079569999930e-02 1.319074193870000133e-01 1.423080000000000034e+01 4.448239999999999839e+01 5.996600000000000108e+01 6.158019999999999783e+01 2.494237018680007800e-01 6.797480185061381963e-01
-2.732689999999999841e-01 5.087089999999999668e-01 6.962019999999999875e-01 3.239339999999999997e-01 5.071259999999999657e-01 -4.529750000000000165e-01 8.218918672527049107e-01 6.903778892311839277e-01 -3.593489999999999740e-01 5.930253601901440685e-01 0.000000000000000000e+00 nan 0.000000000000000000e+00 3.009584117019999949e-01 2.683998784390000114e-02 1.263088467579999985e-01 2.225840000000000174e+01 4.312290000000000134e+01 5.957309999999999661e+01 6.421569999999999823e+01 2.494237018680007800e-01 6.797480185061381963e-01
-3.602079999999999727e-01 3.216439999999999855e-01 4.581290000000000084e-01 4.721299999999999941e-01 7.389280000000000292e-01 -4.737259999999999804e-01 7.921357438162506259e-01 6.533826318734783367e-01 1.278449999999999864e-01 5.553184983402665864e-01 0.000000000000000000e+00 nan 0.000000000000000000e+00 3.009584117019999949e-01 2.683998784390000114e-02 1.263088467579999985e-01 2.225840000000000174e+01 4.312290000000000134e+01 5.957309999999999661e+01 6.421569999999999823e+01 8.397400229116498416e-01 9.748417632052470694e-01
-4.916090000000000182e-01 -6.278979999999999562e-01 -3.296709999999999918e-01 6.254039999999999599e-01 9.386849999999999916e-01 -4.973690000000000055e-01 7.598543274216605914e-01 6.160964375399382575e-01 3.227229999999999821e-01 5.178080135343755552e-01 0.000000000000000000e+00 nan 0.000000000000000000e+00 2.394273942010000100e-01 2.217732761279999840e-02 1.053111334190000026e-01 9.476250000000000284e+00 3.523109999999999786e+01 4.894149999999999778e+01 5.693249999999999744e+01 8.397400229116498416e-01 9.748417632052470694e-01
-4.302279999999999993e-01 -7.651279999999999887e-03 1.511959999999999971e-01 8.582680000000000309e-01 1.099150000000000071e+00 -5.084009999999999918e-01 7.263774181692665977e-01 5.787128964448612356e-01 2.902440000000000020e-01 4.806880577860805914e-01 0.000000000000000000e+00 nan 0.000000000000000000e+00 2.394273942010000100e-01 2.217732761279999840e-02 1.053111334190000026e-01 9.476250000000000284e+00 3.523109999999999786e+01 4.894149999999999778e+01 5.693249999999999744e+01 8.183526991326304234e-01 9.510837931596469730e-01
-4.840849999999999875e-01 -5.107239999999999558e-01 -2.881900000000000017e-01 9.115130000000000177e-01 1.151810000000000000e+00 -4.728350000000000053e-01 6.922339048683134877e-01 5.414267017802509852e-01 5.825609999999999955e-01 4.441483582587215651e-01 0.000000000000000000e+00 nan 0.000000000000000000e+00 2.443040580120000027e-01 1.848099706800000047e-02 6.785558761790000393e-02 1.662419999999999831e+01 2.402189999999999870e+01 4.042880000000000251e+01 5.086650000000000205e+01 8.183526991326304234e-01 9.510837931596469730e-01
-4.862779999999999880e-01 -5.110130000000000505e-01 -6.960709999999999953e-01 1.007630000000000026e+00 1.317069999999999963e+00 -3.995719999999999827e-01 6.576231649362180853e-01 5.044314437641564952e-01 1.004799999999999915e+00 4.083720675807962497e-01 0.000000000000000000e+00 nan 0.000000000000000000e+00 2.443040580120000027e-01 1.848099706800000047e-02 6.785558761790000393e-02 1.662419999999999831e+01 2.402189999999999870e+01 4.042880000000000251e+01 5.086650000000000205e+01 8.372244172725784583e-01 9.448906893902353499e-01
-4.553289999999999837e-01 -1.961430000000000118e-01 -4.523889999999999856e-01 1.305779999999999941e+00 1.536210000000000075e+00 -2.538179999999999881e-01 6.226260496492277419e-01 4.679174161861463510e-01 1.102240000000000109e+00 3.735336886534957879e-01 0.000000000000000000e+00 nan 0.000000000000000000e+00 1.918400582279999877e-01 1.384886358430000020e-02 5.438012607440000090e-02 7.432190000000000296e+00 2.492279999999999873e+01 3.313069999999999737e+01 4.540120000000000289e+01 8.372244172725784583e-01 9.448906893902353499e-01
-3.591210000000000235e-01 3.585099999999999953e-01 2.175100000000000089e-01 1.317800000000000082e+00 1.536729999999999929e+00 -1.082049999999999956e-01 5.873606345517539129e-01 4.320694603026362657e-01 4.526419999999999888e-01 3.397970974631061569e-01 0.000000000000000000e+00 nan 0.000000000000000000e+00 1.918400582279999877e-01 1.384886358430000020e-02 5.438012607440000090e-02 7.432190000000000296e+00 2.492279999999999873e+01 3.313069999999999737e+01 4.540120000000000289e+01 8.552918897435297652e-01 9.951905327333140372e-01
-1.668890000000000096e-01 7.735659999999999759e-01 6.282090000000000174e-01 1.446379999999999999e+00 1.666779999999999928e+00 -1.800370000000000026e-01 5.520053755878127077e-01 3.970648705115938926e-01 -2.294309999999999961e-01 3.073136863006020736e-01 0.000000000000000000e+00 nan 0.000000000000000000e+00 1.778958334369999950e-01 1.331163388470000056e-02 4.603775592499999986e-02 1.360989999999999966e+01 2.261759999999999948e+01 3.310929999999999751e+01 4.475880000000000081e+01 8.552918897435297652e-01 9.951905327333140372e-01
-1.957909999999999928e-01 7.336169999999999636e-01 5.708079999999999821e-01 1.469810000000000061e+00 1.662209999999999965e+00 -3.402850000000000041e-01 5.167330403209564604e-01 3.630713855361676901e-01 -2.294309999999999961e-01 2.762206484264971840e-01 0.000000000000000000e+00 nan 0.000000000000000000e+00 1.778958334369999950e-01 1.331163388470000056e-02 4.603775592499999986e-02 1.360989999999999966e+01 2.261759999999999948e+01 3.310929999999999751e+01 4.475880000000000081e+01 8.059710565076099176e-01 9.710267846748952270e-01
-2.554440000000000044e-01 5.700749999999999984e-01 2.841469999999999829e-01 1.738229999999999942e+00 1.856340000000000101e+00 -3.075260000000000216e-01 4.817129021405508471e-01 3.302452878779279510e-01 9.073569999999999691e-01 2.466394236163820253e-01 0.000000000000000000e+00 nan 0.000000000000000000e+00 1.611497171550000107e-01 1.268207739919999938e-02 5.191814899230000335e-02 1.140760000000000041e+01 2.352769999999999939e+01 3.020039999999999836e+01 4.021730000000000160e+01 8.059710565076099176e-01 9.710267846748952270e-01
-3.486449999999999827e-01 2.537510000000000043e-01 -4.877279999999999949e-01 1.795730000000000048e+00 1.684760000000000035e+00 -3.456730000000000080e-01 4.471206542172964093e-01 2.987296330736769479e-01 1.881750000000000034e+00 2.186743221997430320e-01 0.000000000000000000e+00 nan 0.000000000000000000e+00 1.611497171550000107e-01 1.268207739919999938e-02 5.191814899230000335e-02 1.140760000000000041e+01 2.352769999999999939e+01 3.020039999999999836e+01 4.021730000000000160e+01 7.907885815818389563e-01 8.922925459909463175e-01
-3.825680000000000192e-01 2.040049999999999919e-01 -2.808729999999999907e-02 1.584840000000000027e+00 1.644409999999999927e+00 -2.555419999999999914e-01 4.131323756526026347e-01 2.686526288190551615e-01 1.167189999999999950e+00 1.924113431822480624e-01 0.000000000000000000e+00 nan 0.000000000000000000e+00 1.543292281649999986e-01 1.295098280120000021e-02 4.725112016059999920e-02 1.503090000000000082e+01 2.892539999999999978e+01 3.169600000000000151e+01 3.512819999999999965e+01 7.907885815818389563e-01 8.922925459909463175e-01
-2.412849999999999995e-01 6.476340000000000430e-01 5.161299999999999777e-01 1.446600000000000108e+00 1.529209999999999958e+00 -1.265199999999999936e-01 3.799130833562780474e-01 2.401261823241196414e-01 -2.073170000000000048e-03 1.679171998426489676e-01 0.000000000000000000e+00 nan 0.000000000000000000e+00 1.543292281649999986e-01 1.295098280120000021e-02 4.725112016059999920e-02 1.503090000000000082e+01 2.892539999999999978e+01 3.169600000000000151e+01 3.512819999999999965e+01 8.677296425315035311e-01 9.082941691029976505e-01
-1.562360000000000138e-01 7.758450000000000069e-01 5.914779999999999482e-01 1.639510000000000023e+00 1.707610000000000072e+00 -1.617290000000000116e-01 3.476210108332137283e-01 2.132446323599394011e-01 -9.951219999999999510e-02 1.452385638446762606e-01 0.000000000000000000e+00 nan 0.000000000000000000e+00 1.389570161919999880e-01 9.691267277719999712e-03 4.761604920020000298e-02 2.276839999999999975e+01 3.686769999999999925e+01 3.810779999999999745e+01 3.558529999999999660e+01 8.677296425315035311e-01 9.082941691029976505e-01
-2.320500000000000063e-01 5.960919999999999552e-01 1.924619999999999942e-01 1.846530000000000005e+00 1.721970000000000001e+00 -3.184910000000000241e-01 3.164048222201241156e-01 1.880836803626221299e-01 8.748780000000000445e-01 1.244015364284398739e-01 0.000000000000000000e+00 nan 9.194896333845736791e-03 1.389570161919999880e-01 9.691267277719999712e-03 4.761604920020000298e-02 2.276839999999999975e+01 3.686769999999999925e+01 3.810779999999999745e+01 3.558529999999999660e+01 8.855352675753395131e-01 7.252716550753848246e-01
-3.000090000000000257e-01 4.569909999999999806e-01 9.543240000000000056e-02 1.755209999999999937e+00 1.607949999999999990e+00 -4.345859999999999723e-01 2.863995015786749976e-01 1.646995327057952929e-01 1.719349999999999934e+00 1.054113526729493211e-01 0.000000000000000000e+00 nan 1.868931548516694630e-02 9.092769288770000125e-02 8.094445855390000610e-03 4.521283596069999855e-02 1.337429999999999986e+01 3.847910000000000252e+01 3.872109999999999985e+01 3.504869999999999663e+01 8.855352675753395131e-01 7.252716550753848246e-01
-3.164919999999999956e-01 3.959860000000000047e-01 -1.542039999999999947e-03 1.770920000000000050e+00 1.593529999999999891e+00 -4.822080000000000255e-01 2.577252260716959009e-01 1.431282638599332691e-01 2.109100000000000197e+00 8.825232218057654787e-02 0.000000000000000000e+00 nan 1.988401304186282470e-02 9.092769288770000125e-02 8.094445855390000610e-03 4.521283596069999855e-02 1.337429999999999986e+01 3.847910000000000252e+01 3.872109999999999985e+01 3.504869999999999663e+01 7.735627615551866620e-01 9.305155043787437519e-01
-4.120090000000000141e-01 2.825039999999999843e-02 -8.422380000000000422e-01 1.669529999999999959e+00 1.431570000000000009e+00 -5.134220000000000450e-01 2.304888387838820440e-01 1.233854076541928135e-01 2.596299999999999830e+00 7.288800685553042946e-02 0.000000000000000000e+00 nan 2.225987175456056733e-02 1.022598797309999946e-01 7.693484626179999779e-03 4.430019792210000001e-02 2.495739999999999981e+01 3.608679999999999666e+01 3.803289999999999793e+01 3.298160000000000025e+01 7.735627615551866620e-01 9.305155043787437519e-01
-3.773730000000000140e-01 1.492529999999999968e-01 -1.667859999999999898e+00 1.790569999999999995e+00 1.401699999999999946e+00 -5.181090000000000417e-01 2.047872923321718552e-01 1.054657812719214105e-01 3.083489999999999842e+00 5.926163376204252042e-02 0.000000000000000000e+00 nan 2.578997219470013924e-02 1.022598797309999946e-01 7.693484626179999779e-03 4.430019792210000001e-02 2.495739999999999981e+01 3.608679999999999666e+01 3.803289999999999793e+01 3.298160000000000025e+01 3.636826970284992022e-01 6.166129509707074519e-01
-4.029719999999999969e-01 4.988669999999999910e-02 -1.577909999999999924e+00 1.725829999999999975e+00 1.350039999999999907e+00 -5.201810000000000045e-01 1.806970119534277996e-01 8.934354397404109527e-02 3.310849999999999849e+00 4.729673838441439404e-02 0.000000000000000000e+00 nan 3.043431691373810200e-02 9.807013775539999423e-02 6.165254964599999922e-03 2.758085670629999847e-02 1.521369999999999933e+01 3.383689999999999998e+01 3.631329999999999814e+01 3.128450000000000131e+01 3.636826970284992022e-01 6.166129509707074519e-01
-4.358000000000000207e-01 -1.114760000000000056e-01 -1.171689999999999898e+00 1.611890000000000045e+00 1.421489999999999920e+00 -5.202120000000000077e-01 1.582829873757035655e-01 7.497248988494731314e-02 3.083489999999999842e+00 3.689803100053368201e-02 0.000000000000000000e+00 nan 3.614028363022203649e-02 9.807013775539999423e-02 6.165254964599999922e-03 2.758085670629999847e-02 1.521369999999999933e+01 3.383689999999999998e+01 3.631329999999999814e+01 3.128450000000000131e+01 4.758235335375119446e-01 6.489953668133454645e-01
-3.913679999999999937e-01 9.832480000000000386e-02 -1.540399999999999991e+00 1.755940000000000056e+00 1.433340000000000058e+00 -5.151160000000000183e-01 1.375919607000017919e-01 6.228657152354277748e-02 2.823659999999999837e+00 2.795247635250253104e-02 0.000000000000000000e+00 nan 4.284322146126529063e-02 1.107649914909999977e-01 7.958323746190000200e-03 2.760687540840000079e-02 1.912859999999999872e+01 3.103869999999999862e+01 3.369380000000000308e+01 2.958160000000000167e+01 4.758235335375119446e-01 6.489953668133454645e-01
-4.240479999999999805e-01 -2.543830000000000049e-02 -7.321229999999999682e-01 1.623299999999999965e+00 1.261079999999999979e+00 -4.441240000000000188e-01 1.186532939595935643e-01 5.120064814758940042e-02 2.953580000000000094e+00 2.033057438127483518e-02 0.000000000000000000e+00 nan 5.966207977672999263e-02 1.107649914909999977e-01 7.958323746190000200e-03 2.760687540840000079e-02 1.912859999999999872e+01 3.103869999999999862e+01 3.369380000000000308e+01 2.958160000000000167e+01 8.177775699623593963e-01 7.480550926803632983e-01
-4.495339999999999892e-01 -1.792930000000000079e-01 -8.344279999999999475e-01 1.525009999999999977e+00 1.291709999999999914e+00 -3.169899999999999940e-01 1.014751144307994846e-01 4.161145043233827057e-02 2.888619999999999965e+00 1.388782751407213745e-02 0.000000000000000000e+00 nan 7.761510252461345516e-02 1.253524478420000032e-01 1.042957743179999917e-02 3.667601755620000098e-02 1.264049999999999940e+01 2.632809999999999917e+01 3.325800000000000267e+01 2.929629999999999868e+01 8.177775699623593963e-01 7.480550926803632983e-01
-3.605430000000000024e-01 2.463500000000000134e-01 -1.586080000000000129e-02 1.694250000000000034e+00 1.603120000000000100e+00 -9.639369999999999883e-02 8.603881071186059160e-02 3.339875055324348363e-02 1.816789999999999905e+00 1.148489477985481511e-02 0.000000000000000000e+00 nan 8.800720593417932225e-02 1.253524478420000032e-01 1.042957743179999917e-02 3.667601755620000098e-02 1.264049999999999940e+01 2.632809999999999917e+01 3.325800000000000267e+01 2.929629999999999868e+01 7.693919061089939948e-01 8.787422212022337753e-01
-2.270199999999999996e-01 6.731489999999999974e-01 5.095629999999999882e-01 1.534229999999999983e+00 1.386149999999999993e+00 1.113559999999999967e-01 7.230184699706765361e-02 2.642672441525517613e-02 9.536580000000000057e-02 1.003215758390441081e-02 0.000000000000000000e+00 nan 1.002150624726447781e-01 1.287427232789999931e-01 1.331499827070000037e-02 4.054496954499999667e-02 1.691519999999999868e+01 2.710079999999999956e+01 3.223250000000000171e+01 3.208039999999999736e+01 7.693919061089939948e-01 8.787422212022337753e-01
3.930110000000000222e-04 9.913610000000000477e-01 8.669409999999999616e-01 1.361040000000000028e+00 1.306049999999999933e+00 9.330710000000000739e-03 6.019977449054514373e-02 2.054549059408827816e-02 -6.191870000000000429e-01 6.527559118900905233e-03 2.006529766363962519e-02 nan 1.141003522474168808e-01 1.287427232789999931e-01 1.331499827070000037e-02 4.054496954499999667e-02 1.691519999999999868e+01 2.710079999999999956e+01 3.223250000000000171e+01 3.208039999999999736e+01 7.874032684169920415e-01 8.620787142823882476e-01
-1.289490000000000081e-01 8.417179999999999662e-01 6.956579999999999986e-01 1.428199999999999914e+00 1.317090000000000094e+00 -2.499599999999999878e-01 4.954731606268236721e-02 1.559280855264999488e-02 -6.191870000000000429e-01 3.896795900909522103e-03 4.078422036789797200e-02 nan 1.295057493770673807e-01 1.239335989269999966e-01 1.274592958519999916e-02 4.025489277759999873e-02 1.866479999999999961e+01 3.546419999999999817e+01 3.796179999999999666e+01 3.430559999999999832e+01 7.874032684169920415e-01 8.620787142823882476e-01
-2.808999999999999830e-01 5.579790000000000028e-01 4.552069999999999728e-01 1.461649999999999894e+00 1.084440000000000071e+00 -4.292400000000000104e-01 4.024294092346869522e-02 1.139591689115215800e-02 1.603249999999999953e-01 1.938818760719662748e-03 6.345661236112654091e-02 nan 1.462567045564326929e-01 1.239335989269999966e-01 1.274592958519999916e-02 4.025489277759999873e-02 1.866479999999999961e+01 3.546419999999999817e+01 3.796179999999999666e+01 3.430559999999999832e+01 7.786641105370210036e-01 7.952716883358776911e-01
-4.682939999999999880e-01 -2.827970000000000206e-01 -5.154429999999999845e-01 1.315379999999999994e+00 1.034890000000000088e+00 -4.978079999999999727e-01 3.227607152230149712e-02 7.773490802804094990e-03 1.914230000000000098e+00 4.449555940274629862e-04 8.936018430406655888e-02 nan 1.641634227699887427e-01 1.451174256749999947e-01 1.815774941029999964e-02 5.565407468809999841e-02 1.970899999999999963e+01 3.264520000000000266e+01 3.288770000000000238e+01 3.199419999999999931e+01 7.786641105370210036e-01 7.952716883358776911e-01
-4.743200000000000194e-01 -4.017780000000000240e-01 -1.095949999999999980e+00 1.409759999999999902e+00 1.131680000000000019e+00 -5.264140000000000486e-01 2.549761094046143484e-02 4.537696556326187292e-03 2.433899999999999952e+00 2.318120482519114844e-03 9.967073863387498900e-02 nan 1.922179100790601947e-01 1.451174256749999947e-01 1.815774941029999964e-02 5.565407468809999841e-02 1.970899999999999963e+01 3.264520000000000266e+01 3.288770000000000238e+01 3.199419999999999931e+01 6.521730998527107692e-01 7.086214523526809250e-01
-4.770229999999999748e-01 -3.896910000000000096e-01 -8.144400000000000528e-01 1.325560000000000072e+00 1.031099999999999905e+00 -5.292080000000000117e-01 1.975110610959929236e-02 1.496319727180006609e-03 1.816789999999999905e+00 4.518572819295241239e-03 1.149903753543648488e-01 nan 2.213111062656170080e-01 1.285165952700000058e-01 2.303259845889999921e-02 6.697083565689999907e-02 2.097530000000000072e+01 4.175520000000000209e+01 4.282280000000000086e+01 3.847220000000000084e+01 6.521730998527107692e-01 7.086214523526809250e-01
-5.040799999999999725e-01 -8.278879999999999573e-01 -1.136069999999999913e+00 1.046839999999999993e+00 8.293049999999999589e-01 -5.171540000000000026e-01 1.489793481451529011e-02 0.000000000000000000e+00 2.044150000000000134e+00 7.021380600123694471e-03 1.351455168600769197e-01 nan 2.518166012763212169e-01 1.285165952700000058e-01 2.303259845889999921e-02 6.697083565689999907e-02 2.097530000000000072e+01 4.175520000000000209e+01 4.282280000000000086e+01 3.847220000000000084e+01 3.306525144366774249e-01 5.933904748600564716e-01
-5.018939999999999513e-01 -8.124289999999999567e-01 -1.430800000000000072e+00 1.153129999999999988e+00 8.367959999999999843e-01 -4.969950000000000201e-01 1.078716459055195642e-02 0.000000000000000000e+00 2.336460000000000203e+00 9.798186012776710641e-03 1.599077973441652700e-01 nan 2.840919831478316837e-01 1.396680187119999916e-01 2.534100393630000017e-02 6.151802440410000100e-02 1.650029999999999930e+01 4.384609999999999985e+01 4.402089999999999748e+01 4.059300000000000352e+01 3.306525144366774249e-01 5.933904748600564716e-01
-5.017070000000000141e-01 -8.183160000000000434e-01 -1.484739999999999949e+00 1.166299999999999892e+00 7.452720000000000455e-01 -4.733930000000000082e-01 7.264763787477535040e-03 0.000000000000000000e+00 2.044150000000000134e+00 1.281752674237357503e-02 1.889966502742403964e-01 nan 3.184747863914629828e-01 1.396680187119999916e-01 2.534100393630000017e-02 6.151802440410000100e-02 1.650029999999999930e+01 4.384609999999999985e+01 4.402089999999999748e+01 4.059300000000000352e+01 7.899609566782783698e-01 8.712785666057998313e-01
-4.693249999999999922e-01 -2.424550000000000038e-01 -1.546299999999999897e-01 9.497710000000000319e-01 7.976619999999999822e-01 -4.320309999999999984e-01 4.156258827666459155e-03 0.000000000000000000e+00 6.475199999999999845e-01 1.604519245198088306e-02 2.220824873232882801e-01 nan 3.552786675923013116e-01 1.622355293169999990e-01 3.303692832720000333e-02 7.623921653329999992e-02 1.841499999999999915e+01 2.972490000000000165e+01 3.303770000000000095e+01 3.542589999999999861e+01 7.899609566782783698e-01 8.712785666057998313e-01
-4.078300000000000258e-01 1.941960000000000075e-01 1.431310000000000082e-01 1.070629999999999971e+00 7.721040000000000125e-01 -3.756479999999999819e-01 1.339679191883269560e-03 0.000000000000000000e+00 -5.542270000000000252e-01 1.944461239939876407e-02 2.587904327371136626e-01 nan 3.855949552209174680e-01 1.622355293169999990e-01 3.303692832720000333e-02 7.623921653329999992e-02 1.841499999999999915e+01 2.972490000000000165e+01 3.303770000000000095e+01 3.542589999999999861e+01 7.551960348818178570e-01 1.000000000000000000e+00
-4.571009999999999796e-01 -8.186960000000000071e-02 -8.699030000000000651e-02 7.503600000000000270e-01 4.617350000000000065e-01 -3.702980000000000160e-01 0.000000000000000000e+00 0.000000000000000000e+00 -6.191870000000000429e-01 2.297726979828373928e-02 2.987045708264270960e-01 nan 4.185745727760264989e-01 1.476666679749999989e-01 3.526746211859999730e-02 8.737666586999999485e-02 1.235970000000000013e+01 3.089760000000000062e+01 3.576839999999999975e+01 3.814650000000000318e+01 7.551960348818178570e-01 1.000000000000000000e+00
-4.927549999999999986e-01 -4.759380000000000277e-01 -5.048080000000000345e-01 7.314180000000000126e-01 5.024840000000000417e-01 -4.093570000000000264e-01 0.000000000000000000e+00 0.000000000000000000e+00 -5.542270000000000252e-01 2.660313822872828471e-02 3.413726584577964074e-01 nan 4.538438480127425789e-01 1.476666679749999989e-01 3.526746211859999730e-02 8.737666586999999485e-02 1.235970000000000013e+01 3.089760000000000062e+01 3.576839999999999975e+01 3.814650000000000318e+01 7.066513922334182185e-01 9.333991891091841797e-01
-4.595589999999999953e-01 -1.105980000000000019e-01 -9.076829999999999621e-02 7.721620000000000150e-01 5.025979999999999892e-01 -4.297509999999999941e-01 0.000000000000000000e+00 0.000000000000000000e+00 -5.542270000000000252e-01 3.028113515259178712e-02 3.863112491490553468e-01 nan 4.910031659497464673e-01 1.408767523910000041e-01 4.665938100900000191e-02 1.064440140479999963e-01 1.723699999999999832e+01 3.157450000000000045e+01 3.571059999999999945e+01 3.800200000000000244e+01 7.066513922334182185e-01 9.333991891091841797e-01
-4.459509999999999863e-01 -7.107719999999999663e-03 -7.269540000000000333e-04 7.726290000000000102e-01 5.988689999999999847e-01 -4.351340000000000208e-01 0.000000000000000000e+00 0.000000000000000000e+00 -5.542270000000000252e-01 3.396958739507394132e-02 4.330111707111221619e-01 nan 5.296314966667017288e-01 1.408767523910000041e-01 4.665938100900000191e-02 1.064440140479999963e-01 1.723699999999999832e+01 3.157450000000000045e+01 3.571059999999999945e+01 3.800200000000000244e+01 7.169569588291678786e-01 9.273457794097592632e-01
-4.881780000000000008e-01 -3.941160000000000219e-01 -4.197589999999999932e-01 6.346580000000000554e-01 5.333050000000000290e-01 -4.692299999999999804e-01 0.000000000000000000e+00 0.000000000000000000e+00 -5.542270000000000252e-01 3.762670331843664950e-02 4.809432943723567222e-01 nan 5.692911657414874149e-01 1.447596101739999919e-01 5.089529485659999991e-02 1.144057297119999983e-01 1.975300000000000011e+01 2.928310000000000102e+01 3.206000000000000227e+01 3.476509999999999678e+01 7.169569588291678786e-01 9.273457794097592632e-01
-5.015290000000000026e-01 -6.466239999999999766e-01 -5.828630000000000200e-01 5.278080000000000549e-01 2.640640000000000209e-01 -5.101170000000000426e-01 0.000000000000000000e+00 0.000000000000000000e+00 -4.243089999999999917e-01 4.121104633795891203e-02 5.295645300189727456e-01 nan 6.095328132762865003e-01 1.447596101739999919e-01 5.089529485659999991e-02 1.144057297119999983e-01 1.975300000000000011e+01 2.928310000000000102e+01 3.206000000000000227e+01 3.476509999999999678e+01 5.392326935216140704e-01 8.396278816059495886e-01
-5.048880000000000035e-01 -7.343460000000000543e-01 -6.140330000000000510e-01 3.963820000000000121e-01 1.999759999999999871e-01 -5.172989999999999533e-01 0.000000000000000000e+00 0.000000000000000000e+00 -1.319919999999999982e-01 4.468200441499869946e-02 5.783239796230337237e-01 nan 6.499004853247833946e-01 1.457085585300000041e-01 5.311156069609999919e-02 1.177242707079999978e-01 1.236919999999999931e+01 2.430940000000000012e+01 2.638100000000000023e+01 3.042510000000000048e+01 5.392326935216140704e-01 8.396278816059495886e-01
-5.154309999999999725e-01 -1.114400000000000057e+00 -1.051690000000000014e+00 2.626350000000000073e-01 2.041239999999999999e-01 -5.209880000000000067e-01 0.000000000000000000e+00 0.000000000000000000e+00 1.603249999999999953e-01 4.800025020761877759e-02 6.266691791372385190e-01 nan 6.899368000325649675e-01 1.457085585300000041e-01 5.311156069609999919e-02 1.177242707079999978e-01 1.236919999999999931e+01 2.430940000000000012e+01 2.638100000000000023e+01 3.042510000000000048e+01 4.266008930867603022e-01 7.114918328859796137e-01
-5.220409999999999773e-01 -1.843480000000000008e+00 -1.336289999999999978e+00 1.344660000000000022e-01 -1.020979999999999943e-01 -5.238329999999999931e-01 0.000000000000000000e+00 0.000000000000000000e+00 2.252840000000000120e-01 5.112818666508489596e-02 6.740523581333291991e-01 nan 7.291881299562928964e-01 1.767607045900000118e-01 8.104185443910000286e-02 1.464123839789999992e-01 1.394660000000000011e+01 2.686670000000000158e+01 2.728969999999999985e+01 2.973829999999999885e+01 4.266008930867603022e-01 7.114918328859796137e-01
-5.089439999999999520e-01 -8.446919999999999984e-01 -6.779239999999999711e-01 8.856970000000000121e-02 -2.087829999999999964e-01 -5.267300000000000315e-01 0.000000000000000000e+00 0.000000000000000000e+00 -2.294309999999999961e-01 5.403037301747382060e-02 7.199366462599225969e-01 nan 7.672097418438953431e-01 1.767607045900000118e-01 8.104185443910000286e-02 1.464123839789999992e-01 1.394660000000000011e+01 2.686670000000000158e+01 2.728969999999999985e+01 2.973829999999999885e+01 6.913566969817407371e-01 7.730536791094169136e-01
-5.181989999999999652e-01 -1.336319999999999952e+00 -9.834979999999999833e-01 -6.201099999999999668e-02 -2.542139999999999955e-01 -5.205060000000000242e-01 0.000000000000000000e+00 0.000000000000000000e+00 -2.619099999999999762e-01 5.667392633375856192e-02 7.638021561981132024e-01 nan 8.035708356400206309e-01 2.009934019619999956e-01 9.205272638780000183e-02 1.629507069729999869e-01 1.251239999999999952e+01 2.287709999999999866e+01 2.533899999999999864e+01 2.890409999999999968e+01 6.913566969817407371e-01 7.730536791094169136e-01
-5.172449999999999548e-01 -1.251290000000000013e+00 -9.396940000000000293e-01 -2.119679999999999898e-01 -3.969219999999999970e-01 -5.211289999999999534e-01 0.000000000000000000e+00 7.216295885216217343e-04 -2.619099999999999762e-01 5.902889409855494041e-02 8.051518741925326461e-01 nan 8.378594256228028003e-01 2.009934019619999956e-01 9.205272638780000183e-02 1.629507069729999869e-01 1.251239999999999952e+01 2.287709999999999866e+01 2.533899999999999864e+01 2.890409999999999968e+01 7.125616627311621709e-01 8.567869698693193481e-01
-5.230059999999999709e-01 -2.015499999999999847e+00 -1.367029999999999967e+00 -3.925750000000000073e-01 -6.208080000000000265e-01 -5.177950000000000053e-01 0.000000000000000000e+00 1.466766187854573467e-03 -4.567880000000000273e-01 6.106859358609051380e-02 8.435172914157954560e-01 nan 8.696870083667115336e-01 2.399069900580000081e-01 1.041671015759999958e-01 1.541845557890000051e-01 1.168510000000000026e+01 2.756050000000000111e+01 2.760429999999999851e+01 2.940609999999999857e+01 7.125616627311621709e-01 8.567869698693193481e-01
-5.113339999999999552e-01 -9.066020000000000190e-01 -7.539430000000000298e-01 -7.355880000000000196e-01 -8.369050000000000100e-01 -5.196760000000000268e-01 0.000000000000000000e+00 2.282157475795631996e-03 -4.567880000000000273e-01 6.276991418614918938e-02 8.784637123607189624e-01 nan 8.986929646416014217e-01 2.399069900580000081e-01 1.041671015759999958e-01 1.541845557890000051e-01 1.168510000000000026e+01 2.756050000000000111e+01 2.760429999999999851e+01 2.940609999999999857e+01 5.903209968905618332e-01 8.189165727057743371e-01
-4.874700000000000144e-01 -3.993070000000000230e-01 -2.646789999999999976e-01 -9.216609999999999525e-01 -1.019109999999999960e+00 -5.115279999999999827e-01 0.000000000000000000e+00 3.213755116447614135e-03 -6.191870000000000429e-01 6.411357925651872680e-02 9.095951801141161086e-01 nan 9.245486453726859954e-01 2.540546582870000236e-01 1.003741555969999977e-01 1.362232017199999923e-01 1.248600000000000065e+01 2.631250000000000000e+01 2.980790000000000006e+01 2.862030000000000030e+01 5.903209968905618332e-01 8.189165727057743371e-01
-5.140639999999999654e-01 -1.044589999999999907e+00 -8.067100000000000382e-01 -1.004879999999999995e+00 -1.025849999999999929e+00 -5.096340000000000314e-01 0.000000000000000000e+00 4.306194109503391765e-03 -5.867069999999999785e-01 6.508436453505084263e-02 9.365589627068373613e-01 nan 9.469610953658765817e-01 2.540546582870000236e-01 1.003741555969999977e-01 1.362232017199999923e-01 1.248600000000000065e+01 2.631250000000000000e+01 2.980790000000000006e+01 2.862030000000000030e+01 5.242840109414816929e-01 7.239811479526503391e-01
-5.217939999999999801e-01 -1.695410000000000084e+00 -1.258410000000000029e+00 -9.370659999999999545e-01 -1.018410000000000037e+00 -4.956729999999999747e-01 0.000000000000000000e+00 5.602287057863697406e-03 -5.867069999999999785e-01 6.567127063663336095e-02 9.590495497079263298e-01 nan 9.656763726071889709e-01 2.893241123679999860e-01 1.248368690300000056e-01 1.253970961210000012e-01 1.032639999999999958e+01 2.492200000000000060e+01 2.388139999999999930e+01 2.384560000000000102e+01 5.242840109414816929e-01 7.239811479526503391e-01
-5.125669999999999948e-01 -9.673749999999999849e-01 -7.716509999999999758e-01 -1.089560000000000084e+00 -1.159450000000000092e+00 -4.435850000000000071e-01 0.000000000000000000e+00 7.142539083740406802e-03 -6.191870000000000429e-01 6.586764768061981190e-02 9.768121137798783105e-01 nan 9.804824255272343025e-01 2.893241123679999860e-01 1.248368690300000056e-01 1.253970961210000012e-01 1.032639999999999958e+01 2.492200000000000060e+01 2.388139999999999930e+01 2.384560000000000102e+01 5.150679166764079442e-01 7.438509663836199159e-01
-5.036469999999999558e-01 -6.661240000000000494e-01 -5.791579999999999506e-01 -1.101679999999999993e+00 -1.090300000000000047e+00 -4.349830000000000085e-01 0.000000000000000000e+00 8.964688889435690200e-03 -6.191870000000000429e-01 6.567127063663336095e-02 9.896453979741973717e-01 nan 9.912114956302299218e-01 2.839699772390000265e-01 1.377460458310000024e-01 1.248804919259999952e-01 1.137839999999999918e+01 2.245179999999999865e+01 2.473999999999999844e+01 2.321989999999999910e+01 5.150679166764079442e-01 7.438509663836199159e-01
-4.469670000000000032e-01 8.372370000000000072e-04 3.231490000000000057e-02 -1.012320000000000109e+00 -1.076770000000000005e+00 -4.680810000000000248e-01 0.000000000000000000e+00 1.110328116276559918e-02 -6.191870000000000429e-01 6.508436453505084263e-02 9.974039960530418636e-01 nan 9.977420182647899205e-01 2.839699772390000265e-01 1.377460458310000024e-01 1.248804919259999952e-01 1.137839999999999918e+01 2.245179999999999865e+01 2.473999999999999844e+01 2.321989999999999910e+01 5.289551820073410404e-01 8.057188091413137743e-01
-4.400310000000000055e-01 3.961329999999999713e-02 8.370809999999999362e-02 -1.075730000000000075e+00 -1.097779999999999978e+00 -4.873919999999999919e-01 0.000000000000000000e+00 1.358927517194441492e-02 -6.191870000000000429e-01 6.411357925651872680e-02 1.000000000000000000e+00 nan 1.000000000000000000e+00 1.687994433899999980e-01 1.847741825620000111e-01 1.467926092190000031e-01 1.237110000000000021e+01 2.791440000000000055e+01 2.807450000000000045e+01 2.486959999999999837e+01 5.289551820073410404e-01 8.057188091413137743e-01
-5.070580000000000087e-01 -7.589329999999999687e-01 -6.543729999999999825e-01 -9.076290000000000191e-01 -1.034380000000000077e+00 -4.986160000000000037e-01 0.000000000000000000e+00 1.644969398470397248e-02 -6.191870000000000429e-01 6.276991418614918938e-02 9.974039960530419746e-01 nan 9.979598570005570046e-01 1.687994433899999980e-01 1.847741825620000111e-01 1.467926092190000031e-01 1.237110000000000021e+01 2.791440000000000055e+01 2.807450000000000045e+01 2.486959999999999837e+01 5.543169756622168265e-01 8.626873813016160408e-01
-5.197880000000000278e-01 -1.572829999999999950e+00 -9.198939999999999895e-01 -1.128949999999999898e+00 -1.266850000000000032e+00 -5.062330000000000441e-01 0.000000000000000000e+00 1.970731828613936365e-02 -5.217479999999999896e-01 6.106859358609051380e-02 9.896453979741974827e-01 nan 9.916447049018439763e-01 1.266596420949999968e-01 1.839003630309999915e-01 1.468644013990000052e-01 1.242950000000000088e+01 2.281019999999999825e+01 2.503610000000000113e+01 2.423400000000000176e+01 5.543169756622168265e-01 8.626873813016160408e-01
-5.126159999999999606e-01 -9.555839999999999890e-01 -7.963179999999999703e-01 -1.279470000000000107e+00 -1.484269999999999978e+00 -4.773910000000000098e-01 0.000000000000000000e+00 2.338042826444364231e-02 -5.542270000000000252e-01 5.902889409855494041e-02 9.768121137798784215e-01 nan 9.811260969005460852e-01 1.266596420949999968e-01 1.839003630309999915e-01 1.468644013990000052e-01 1.242950000000000088e+01 2.281019999999999825e+01 2.503610000000000113e+01 2.423400000000000176e+01 7.646225422579664421e-01 9.014524857229334609e-01
-4.990430000000000144e-01 -5.898470000000000102e-01 -4.329319999999999835e-01 -1.142099999999999893e+00 -1.191389999999999949e+00 -4.580509999999999859e-01 0.000000000000000000e+00 2.748259648907114272e-02 -6.191870000000000429e-01 5.667392633375856192e-02 9.590495497079265519e-01 nan 9.665232130283409884e-01 1.260819022059999905e-01 1.522638363240000070e-01 1.380626839649999882e-01 1.036819999999999986e+01 1.906289999999999907e+01 2.086850000000000094e+01 1.946089999999999876e+01 7.646225422579664421e-01 9.014524857229334609e-01
-4.806039999999999757e-01 -2.941380000000000106e-01 -2.252450000000000008e-01 -1.055970000000000075e+00 -1.163459999999999939e+00 -4.255340000000000233e-01 0.000000000000000000e+00 3.202253412810263100e-02 -6.191870000000000429e-01 5.403037301747382060e-02 9.365589627068373613e-01 nan 9.480015097945165836e-01 1.260819022059999905e-01 1.522638363240000070e-01 1.380626839649999882e-01 1.036819999999999986e+01 1.906289999999999907e+01 2.086850000000000094e+01 1.946089999999999876e+01 7.031164519673624991e-01 8.648293570414126163e-01
-4.889049999999999785e-01 -4.026299999999999879e-01 -3.168960000000000110e-01 -1.179610000000000047e+00 -1.279900000000000038e+00 -4.098519999999999941e-01 0.000000000000000000e+00 3.700399224722950020e-02 -6.191870000000000429e-01 5.112818666508489596e-02 9.095951801141161086e-01 nan 9.257708454976093515e-01 1.472882025310000009e-01 1.440959670189999875e-01 1.300470899479999887e-01 1.186090000000000089e+01 1.956840000000000046e+01 1.881500000000000128e+01 1.869790000000000063e+01 7.031164519673624991e-01 8.648293570414126163e-01
-5.002729999999999677e-01 -5.870530000000000470e-01 -5.158399999999999652e-01 -1.086759999999999948e+00 -1.200979999999999936e+00 -4.187890000000000224e-01 0.000000000000000000e+00 4.242571930868144214e-02 -6.191870000000000429e-01 4.800025020761877759e-02 8.784637123607190734e-01 nan 9.000831024470261621e-01 1.472882025310000009e-01 1.440959670189999875e-01 1.300470899479999887e-01 1.186090000000000089e+01 1.956840000000000046e+01 1.881500000000000128e+01 1.869790000000000063e+01 6.033853131648470036e-01 8.111868341665086080e-01
-4.641540000000000110e-01 -1.287719999999999976e-01 -8.252510000000000401e-02 -1.046659999999999924e+00 -1.110300000000000065e+00 -4.330479999999999885e-01 0.000000000000000000e+00 4.828147535164895032e-02 -6.191870000000000429e-01 4.468200441499869946e-02 8.435172914157955670e-01 nan 8.712293330358313881e-01 1.398929889370000013e-01 8.134056631840000384e-02 1.905348853570000001e-01 1.091089999999999982e+01 1.764329999999999998e+01 1.998379999999999868e+01 1.798989999999999867e+01 6.033853131648470036e-01 8.111868341665086080e-01
-4.561990000000000212e-01 -6.856660000000000532e-02 -1.677959999999999868e-02 -1.169939999999999980e+00 -1.314470000000000027e+00 -4.769050000000000233e-01 0.000000000000000000e+00 5.456010269353250841e-02 -6.191870000000000429e-01 4.121104633795902306e-02 8.051518741925327571e-01 nan 8.395364620008349821e-01 1.398929889370000013e-01 8.134056631840000384e-02 1.905348853570000001e-01 1.091089999999999982e+01 1.764329999999999998e+01 1.998379999999999868e+01 1.798989999999999867e+01 7.602178944661350801e-01 7.101946736646742586e-01
-4.897360000000000047e-01 -4.025219999999999909e-01 -3.550090000000000190e-01 -1.066230000000000011e+00 -1.264539999999999997e+00 -5.031600000000000517e-01 0.000000000000000000e+00 6.124565235094558968e-02 -6.191870000000000429e-01 3.762670331843664950e-02 7.638021561981132024e-01 nan 8.053635822346922879e-01 1.469091743100000014e-01 6.775526981630000667e-02 2.398661608250000077e-01 7.820000000000000284e+00 1.422460000000000058e+01 1.482119999999999926e+01 1.649899999999999878e+01 7.602178944661350801e-01 7.101946736646742586e-01
-5.051170000000000382e-01 -7.357519999999999616e-01 -5.380209999999999715e-01 -1.085650000000000004e+00 -1.236949999999999994e+00 -5.145579999999999599e-01 0.000000000000000000e+00 6.831756474806816026e-02 -5.217479999999999896e-01 3.396958739507394132e-02 7.199366462599227079e-01 nan 7.690978861199436745e-01 1.469091743100000014e-01 6.775526981630000667e-02 2.398661608250000077e-01 7.820000000000000284e+00 1.422460000000000058e+01 1.482119999999999926e+01 1.649899999999999878e+01 7.101208706426951345e-01 9.500493918318880793e-01
-5.217140000000000111e-01 -1.721719999999999917e+00 -1.186709999999999932e+00 -1.154959999999999987e+00 -1.271949999999999914e+00 -5.254490000000000549e-01 0.000000000000000000e+00 7.575090266485717816e-02 -5.217479999999999896e-01 3.028113515259178712e-02 6.740523581333294212e-01 nan 7.311502784846060088e-01 1.903953093069999936e-01 7.703158286239999986e-02 2.121351639240000031e-01 7.135069999999999801e+00 1.269149999999999956e+01 1.394359999999999999e+01 1.317259999999999920e+01 7.101208706426951345e-01 9.500493918318880793e-01
-5.154400000000000093e-01 -1.092549999999999910e+00 -8.970650000000000013e-01 -1.137969999999999926e+00 -1.327269999999999950e+00 -5.174060000000000326e-01 0.000000000000000000e+00 8.351663378571305696e-02 -6.191870000000000429e-01 2.660313822872828471e-02 6.266691791372387410e-01 nan 6.919507208862825109e-01 1.903953093069999936e-01 7.703158286239999986e-02 2.121351639240000031e-01 7.135069999999999801e+00 1.269149999999999956e+01 1.394359999999999999e+01 1.317259999999999920e+01 6.183293198980666094e-01 8.287650046398385983e-01
-5.177140000000000075e-01 -1.239260000000000028e+00 -9.949350000000000138e-01 -9.979759999999999742e-01 -1.251349999999999962e+00 -5.134290000000000243e-01 0.000000000000000000e+00 9.158195964721682625e-02 -4.567880000000000273e-01 2.297726979828373928e-02 5.783239796230339458e-01 nan 6.519433599759105746e-01 1.969697829160000080e-01 8.273497411940000656e-02 2.180872963369999973e-01 8.962630000000000763e+00 1.240520000000000067e+01 1.230400000000000027e+01 -1.000000000000000000e+00 6.183293198980666094e-01 8.287650046398385983e-01
-5.219070000000000098e-01 -1.736029999999999962e+00 -1.225500000000000034e+00 -1.161059999999999981e+00 -1.337919999999999998e+00 -5.190240000000000409e-01 0.000000000000000000e+00 9.991068725782548121e-02 -4.567880000000000273e-01 1.944461239939876407e-02 5.295645300189729676e-01 nan 6.115814951387348319e-01 1.969697829160000080e-01 8.273497411940000656e-02 2.180872963369999973e-01 8.962630000000000763e+00 1.240520000000000067e+01 1.230400000000000027e+01 -1.000000000000000000e+00 5.982185023262338586e-01 7.544876719983236724e-01
-4.996530000000000138e-01 -5.962699999999999667e-01 -4.559509999999999952e-01 -1.084889999999999910e+00 -1.160230000000000095e+00 -4.990780000000000216e-01 0.000000000000000000e+00 1.084636391789295384e-01 -6.191870000000000429e-01 1.604519245198088306e-02 4.809432943723569442e-01 nan 5.713224424311436067e-01 2.191990016779999939e-01 9.087158331290000335e-02 1.969504900090000010e-01 4.983880000000000088e+00 1.009520000000000017e+01 -1.000000000000000000e+00 -1.000000000000000000e+00 5.982185023262338586e-01 7.544876719983236724e-01
-5.038939999999999531e-01 -6.871909999999999963e-01 -5.458950000000000191e-01 -1.248170000000000002e+00 -1.321209999999999996e+00 -4.942799999999999971e-01 0.000000000000000000e+00 1.171990974208854119e-01 -5.867069999999999785e-01 1.281752674237368606e-02 4.330111707111222730e-01 nan 5.221279338556938932e-01 2.191990016779999939e-01 9.087158331290000335e-02 1.969504900090000010e-01 4.983880000000000088e+00 1.009520000000000017e+01 -1.000000000000000000e+00 -1.000000000000000000e+00 5.860519486592008498e-01 7.468410846911928136e-01
-5.155669999999999975e-01 -1.229500000000000037e+00 -7.106580000000000119e-01 -1.053549999999999986e+00 -1.069770000000000110e+00 -5.131759999999999655e-01 0.000000000000000000e+00 1.260732761245084710e-01 -5.867069999999999785e-01 9.798186012776710641e-03 3.863112491490554579e-01 nan 4.730470317010124770e-01 2.326326347730000021e-01 9.767957324060000390e-02 1.874911458369999950e-01 5.100170000000000314e+00 -1.000000000000000000e+00 -1.000000000000000000e+00 -1.000000000000000000e+00 5.860519486592008498e-01 7.468410846911928136e-01
-4.764840000000000186e-01 -2.576289999999999969e-01 -1.626319999999999988e-01 -1.149389999999999912e+00 -1.199980000000000047e+00 -5.045809999999999462e-01 0.000000000000000000e+00 1.350408176723538745e-01 -6.191870000000000429e-01 7.021380600123694471e-03 3.413726584577964074e-01 nan 4.334270338670591638e-01 2.326326347730000021e-01 9.767957324060000390e-02 1.874911458369999950e-01 5.100170000000000314e+00 -1.000000000000000000e+00 -1.000000000000000000e+00 -1.000000000000000000e+00 0.000000000000000000e+00 0.000000000000000000e+00
