-4.162649999999999961e-01 -1.439920000000000089e+00 -1.353259999999999907e+00 -7.479679999999999662e-01 -1.098740000000000050e+00 -3.557230000000000114e-01 0.000000000000000000e+00 1.260200252959018385e-01 -3.865219999999999767e-01 1.377953752043037383e-02 0.000000000000000000e+00 nan 3.812440501082119404e-01 7.346625865759999485e-02 3.198952719929999688e-02 4.244452865480000114e-02 -1.000000000000000000e+00 -1.000000000000000000e+00 -1.000000000000000000e+00 -1.000000000000000000e+00 0.000000000000000000e+00 0.000000000000000000e+00
-4.163359999999999839e-01 -1.824559999999999960e+00 -1.864279999999999937e+00 -1.136859999999999982e+00 -1.299930000000000030e+00 -3.555920000000000192e-01 0.000000000000000000e+00 1.181341226483354490e-01 -6.547209999999999974e-01 1.940447128571876068e-02 0.000000000000000000e+00 nan 4.048004139827755532e-01 7.591943136199999498e-02 4.459652727229999891e-02 5.412158720109999654e-02 6.528500000000000192e+00 -1.000000000000000000e+00 -1.000000000000000000e+00 -1.000000000000000000e+00 0.000000000000000000e+00 0.000000000000000000e+00
-4.162159999999999749e-01 -1.293590000000000018e+00 -1.253530000000000033e+00 -1.171829999999999927e+00 -1.376460000000000017e+00 -3.558509999999999729e-01 0.000000000000000000e+00 1.126741369094320655e-01 -6.547209999999999974e-01 2.600055602274720101e-02 0.000000000000000000e+00 nan 4.255110160237244310e-01 7.591943136199999498e-02 4.459652727229999891e-02 5.412158720109999654e-02 6.528500000000000192e+00 -1.000000000000000000e+00 -1.000000000000000000e+00 -1.000000000000000000e+00 0.000000000000000000e+00 0.000000000000000000e+00
-4.154869999999999952e-01 -7.420860000000000234e-01 -6.368470000000000519e-01 -1.184889999999999999e+00 -1.283760000000000012e+00 -3.554399999999999782e-01 0.000000000000000000e+00 1.097583570223547023e-01 -6.547209999999999974e-01 3.382629180185714457e-02 0.000000000000000000e+00 nan 4.431411968343977881e-01 7.172938928769999334e-02 4.894681110619999997e-02 6.084064594980000129e-02 1.283999999999999986e+01 2.215139999999999887e+01 -1.000000000000000000e+00 -1.000000000000000000e+00 0.000000000000000000e+00 0.000000000000000000e+00
-4.159780000000000144e-01 -9.962940000000000129e-01 -9.187959999999999461e-01 -1.173410000000000064e+00 -1.286829999999999918e+00 -3.554209999999999869e-01 3.714685951649809859e-03 1.072737945778716728e-01 -6.100210000000000354e-01 4.312624625573935333e-02 0.000000000000000000e+00 nan 4.574911994215481448e-01 7.172938928769999334e-02 4.894681110619999997e-02 6.084064594980000129e-02 1.283999999999999986e+01 2.215139999999999887e+01 -1.000000000000000000e+00 -1.000000000000000000e+00 7.365422575520095272e-01 8.808247124880392853e-01
-4.162040000000000184e-01 -1.347620000000000040e+00 -1.077010000000000023e+00 -1.178569999999999895e+00 -1.325530000000000097e+00 -3.557719999999999771e-01 1.808441891732248674e-02 1.055651069973694289e-01 -6.100210000000000354e-01 5.412828353043208640e-02 0.000000000000000000e+00 nan 4.683984325218929490e-01 5.091917335389999771e-02 4.118139215330000186e-02 5.519765753090000171e-02 1.653200000000000003e+01 3.507900000000000063e+01 3.890509999999999735e+01 -1.000000000000000000e+00 7.365422575520095272e-01 8.808247124880392853e-01
-4.156020000000000270e-01 -7.838810000000000500e-01 -6.893040000000000278e-01 -1.072580000000000089e+00 -1.211899999999999977e+00 -3.550539999999999807e-01 3.987174985988306553e-02 1.049681607300014807e-01 -6.547209999999999974e-01 6.704098249349488281e-02 0.000000000000000000e+00 nan 4.757393128260958282e-01 5.091917335389999771e-02 4.118139215330000186e-02 5.519765753090000171e-02 1.653200000000000003e+01 3.507900000000000063e+01 3.890509999999999735e+01 -1.000000000000000000e+00 7.655199345233956176e-01 8.838289190994601530e-01
-4.160130000000000217e-01 -1.017069999999999919e+00 -9.778040000000000065e-01 -1.078000000000000069e+00 -1.225579999999999892e+00 -3.549189999999999845e-01 6.119678857744759171e-02 1.058062257516143578e-01 -6.547209999999999974e-01 8.205127345209772827e-02 0.000000000000000000e+00 nan 4.794306652270433622e-01 5.008535733549999980e-02 2.923979675759999855e-02 5.394615320090000166e-02 1.530540000000000056e+01 3.866890000000000072e+01 4.706410000000000338e+01 4.676899999999999835e+01 7.655199345233956176e-01 8.838289190994601530e-01
-4.161380000000000079e-01 -1.156400000000000095e+00 -1.125180000000000069e+00 -1.157759999999999900e+00 -1.243800000000000017e+00 -3.554970000000000074e-01 7.519706198082898307e-02 1.083863127867489284e-01 -6.547209999999999974e-01 9.932232015794506541e-02 0.000000000000000000e+00 nan 4.794306652270434732e-01 5.008535733549999980e-02 2.923979675759999855e-02 5.394615320090000166e-02 1.530540000000000056e+01 3.866890000000000072e+01 4.706410000000000338e+01 4.676899999999999835e+01 5.866093924691205830e-01 7.159074906569897756e-01
-4.157350000000000212e-01 -8.452910000000000146e-01 -7.647869999999999946e-01 -4.998000000000000220e-01 -7.796699999999999742e-01 -3.558419999999999916e-01 8.488116588113425731e-02 1.129956947544562551e-01 -6.547209999999999974e-01 1.189916710967729996e-01 0.000000000000000000e+00 nan 4.757393128260958282e-01 6.370323497009999780e-02 3.224249509240000033e-02 9.071093262189999784e-02 2.137330000000000041e+01 3.818900000000000006e+01 4.941470000000000340e+01 5.020309999999999917e+01 5.866093924691205830e-01 7.159074906569897756e-01
-4.156309999999999727e-01 -8.069859999999999811e-01 -6.951789999999999914e-01 -3.096490000000000076e-01 -5.996200000000000419e-01 -3.557239999999999847e-01 9.863677967080841658e-02 1.198986518513361910e-01 -4.759220000000000117e-01 1.411697010090443571e-01 0.000000000000000000e+00 nan 4.683984325218928380e-01 6.370323497009999780e-02 3.224249509240000033e-02 9.071093262189999784e-02 2.137330000000000041e+01 3.818900000000000006e+01 4.941470000000000340e+01 5.020309999999999917e+01 5.007462407121116010e-01 7.075123219411797448e-01
-4.162529999999999841e-01 -1.497570000000000068e+00 -1.641389999999999905e+00 -4.995620000000000061e-01 -5.888010000000000188e-01 -3.546690000000000120e-01 1.163080467491501846e-01 1.293334771513091619e-01 6.415739999999999776e-01 1.659383603000356144e-01 0.000000000000000000e+00 nan 4.574911994215481448e-01 8.479284034650000357e-02 2.627556168119999855e-02 1.115241389639999997e-01 1.157540000000000013e+01 3.872979999999999734e+01 4.874329999999999785e+01 4.921479999999999677e+01 5.007462407121116010e-01 7.075123219411797448e-01
-4.159050000000000247e-01 -1.039080000000000004e+00 -1.165650000000000075e+00 2.797430000000000194e-01 2.343419999999999948e-01 -3.500900000000000123e-01 1.376947445990818197e-01 1.415097766498708554e-01 1.624970000000000026e+00 1.933502465089993461e-01 0.000000000000000000e+00 nan 4.431411968343978991e-01 8.479284034650000357e-02 2.627556168119999855e-02 1.115241389639999997e-01 1.157540000000000013e+01 3.872979999999999734e+01 4.874329999999999785e+01 4.921479999999999677e+01 6.047438441827995836e-01 8.779071656827168724e-01
-4.142149999999999999e-01 -5.460580000000000434e-01 -1.013549999999999951e+00 8.829529999999999879e-01 7.142699999999999605e-01 -3.368769999999999820e-01 1.625545533882730709e-01 1.566060943444099740e-01 1.401469999999999994e+00 2.234280083580275633e-01 0.000000000000000000e+00 nan 4.255110160237245420e-01 1.228233421800000030e-01 2.218242377409999910e-02 1.062250513530000051e-01 1.956139999999999901e+01 3.742719999999999914e+01 5.443829999999999814e+01 5.673550000000000182e+01 6.047438441827995836e-01 8.779071656827168724e-01
-4.095929999999999849e-01 -1.150970000000000049e-01 -6.759700000000000431e-02 6.301379999999999759e-01 5.265530000000000488e-01 -3.187820000000000098e-01 1.963857371765603821e-01 1.747678892593742539e-01 2.392759999999999887e-01 2.561640891329803882e-01 0.000000000000000000e+00 nan 4.048004139827756642e-01 1.228233421800000030e-01 2.218242377409999910e-02 1.062250513530000051e-01 1.956139999999999901e+01 3.742719999999999914e+01 5.443829999999999814e+01 5.673550000000000182e+01 6.255797407682802680e-01 8.801855964180614889e-01
-4.026779999999999804e-01 1.327010000000000134e-01 1.672379999999999978e-01 7.687300000000000244e-01 6.092670000000000030e-01 -2.878180000000000183e-01 2.359693247611684974e-01 1.961058873374019740e-01 -6.547209999999999974e-01 2.915208123040770039e-01 0.000000000000000000e+00 nan 3.812440501082120514e-01 1.770801686450000079e-01 1.870652268319999978e-02 1.178386805729999959e-01 1.270400000000000063e+01 4.714410000000000167e+01 6.251760000000000161e+01 6.985639999999999361e+01 6.255797407682802680e-01 8.801855964180614889e-01
-3.849890000000000256e-01 3.901859999999999773e-01 4.572780000000000178e-01 1.029649999999999954e+00 8.839639999999999720e-01 -2.918200000000000238e-01 2.729465456948648727e-01 2.206948268701469651e-01 -2.971219999999999972e-01 3.294308084160328942e-01 0.000000000000000000e+00 nan 3.551088274153779700e-01 1.770801686450000079e-01 1.870652268319999978e-02 1.178386805729999959e-01 1.270400000000000063e+01 4.714410000000000167e+01 6.251760000000000161e+01 6.985639999999999361e+01 5.866842840101211820e-01 8.811496867609093231e-01
-3.781950000000000034e-01 4.451249999999999929e-01 4.408050000000000024e-01 1.243759999999999977e+00 1.072540000000000049e+00 1.337569999999999870e-01 3.103819054302353608e-01 2.485726116835712540e-01 -2.892339999999999842e-02 3.697977784109072186e-01 0.000000000000000000e+00 nan 3.266908684204882229e-01 2.290830898250000025e-01 2.247505364150000073e-02 1.522974083789999933e-01 2.633050000000000068e+01 5.950840000000000174e+01 7.792210000000000036e+01 7.704559999999999320e+01 5.866842840101211820e-01 8.811496867609093231e-01
-3.551849999999999730e-01 5.903549999999999631e-01 6.843740000000000379e-01 1.257009999999999961e+00 1.124060000000000059e+00 1.775709999999999900e+00 3.506294051081864094e-01 2.797398816724507853e-01 -1.630230000000000012e-01 4.081404261705459113e-01 4.002609541271262561e-02 nan 2.963121599541951312e-01 2.290830898250000025e-01 2.247505364150000073e-02 1.522974083789999933e-01 2.633050000000000068e+01 5.950840000000000174e+01 7.792210000000000036e+01 7.704559999999999320e+01 6.516205994532917600e-01 8.816985321995343128e-01
-2.568019999999999747e-01 8.563039999999999541e-01 1.116740000000000066e+00 1.193880000000000052e+00 1.216790000000000038e+00 2.659079999999999888e+00 3.932330244752821891e-01 3.141600055501116984e-01 -4.312219999999999942e-01 4.485234067385041046e-01 8.135603683252157214e-02 nan 2.643169049221381073e-01 3.160159850909999846e-01 2.623959106340000014e-02 1.286950802060000121e-01 2.309769999999999968e+01 6.751239999999999952e+01 7.951560000000000628e+01 7.642159999999999798e+01 6.516205994532917600e-01 8.816985321995343128e-01
1.219319999999999959e+00 1.655040000000000067e+00 1.786329999999999973e+00 1.514110000000000067e+00 1.497479999999999922e+00 2.970050000000000079e+00 4.377100475005507585e-01 3.493746503028152262e-01 -6.547209999999999974e-01 4.904891648087263967e-01 8.655664776465676891e-02 nan 2.352825589409657248e-01 3.160159850909999846e-01 2.623959106340000014e-02 1.286950802060000121e-01 2.309769999999999968e+01 6.751239999999999952e+01 7.951560000000000628e+01 7.642159999999999798e+01 7.278173930254577817e-01 8.631749986459406054e-01
5.945579999999999643e+00 2.082349999999999923e+00 2.246389999999999887e+00 1.557109999999999994e+00 1.385839999999999961e+00 4.879330000000000389e+00 4.835565317409991071e-01 3.851966173171238461e-01 -6.547209999999999974e-01 5.335622115736111670e-01 9.689894462900727756e-02 nan 2.055082142084097008e-01 3.268338488520000085e-01 2.657614693640000109e-02 1.023322521029999960e-01 1.623199999999999932e+01 5.741219999999999857e+01 7.164369999999999550e+01 6.941719999999999402e+01 7.278173930254577817e-01 8.631749986459406054e-01
3.295980000000000132e+00 1.882400000000000073e+00 2.128929999999999989e+00 1.498680000000000012e+00 1.504369999999999985e+00 4.862860000000000404e+00 5.302530182108576851e-01 4.236342820294639600e-01 -6.100210000000000354e-01 5.772545122021960351e-01 1.122657450695280223e-01 nan 1.756535851291378680e-01 3.268338488520000085e-01 2.657614693640000109e-02 1.023322521029999960e-01 1.623199999999999932e+01 5.741219999999999857e+01 7.164369999999999550e+01 6.941719999999999402e+01 7.000593782932218456e-01 8.394627092021882397e-01
3.561739999999999906e+00 1.905680000000000041e+00 2.149799999999999933e+00 1.524410000000000043e+00 1.477309999999999901e+00 3.992100000000000204e+00 5.772704170594533668e-01 4.642038496314992990e-01 -6.100210000000000354e-01 6.210710154698014795e-01 1.324829370969659026e-01 nan 1.463792957615456247e-01 3.452553202770000107e-01 3.858766551679999879e-02 1.130222617690000014e-01 3.367880000000000251e+01 6.599809999999999377e+01 8.206999999999999318e+01 7.582009999999999650e+01 7.000593782932218456e-01 8.394627092021882397e-01
1.937859999999999916e+00 1.781379999999999963e+00 1.877510000000000012e+00 1.592149999999999954e+00 1.479850000000000110e+00 5.633029999999999760e+00 6.240760023706325432e-01 5.063973700032886605e-01 -6.547209999999999974e-01 6.645152628862194266e-01 1.573214518472698664e-01 nan 1.183393946832035359e-01 3.452553202770000107e-01 3.858766551679999879e-02 1.130222617690000014e-01 3.367880000000000251e+01 6.599809999999999377e+01 8.206999999999999318e+01 7.582009999999999650e+01 7.348037039216419597e-01 8.333965227752804239e-01
3.045589999999999797e+00 1.899990000000000068e+00 2.015420000000000211e+00 1.562449999999999894e+00 1.422360000000000069e+00 2.409040000000000070e+00 6.701394481602562792e-01 5.496884929911109996e-01 -6.547209999999999974e-01 7.070950137687812553e-01 1.864998590233524212e-01 nan 9.217394435912795725e-02 4.146658351890000205e-01 4.779156006690000319e-02 1.185283259129999989e-01 2.068870000000000076e+01 8.582219999999999516e+01 9.569849999999999568e+01 8.443500000000000227e+01 7.348037039216419597e-01 8.333965227752804239e-01
2.762840000000000185e+00 1.864589999999999970e+00 2.009549999999999947e+00 1.282040000000000068e+00 1.371950000000000003e+00 1.456490000000000062e+00 7.149388371815093013e-01 5.935384321650249984e-01 -6.547209999999999974e-01 7.483278225259824001e-01 2.196875556128081719e-01 nan 6.850176897829762801e-02 4.146658351890000205e-01 4.779156006690000319e-02 1.185283259129999989e-01 2.068870000000000076e+01 8.582219999999999516e+01 9.569849999999999568e+01 8.443500000000000227e+01 6.341494728170453676e-01 7.933019191536226922e-01
3.484339999999999660e-02 1.217950000000000088e+00 1.390200000000000102e+00 1.247770000000000046e+00 1.287080000000000002e+00 4.264319999999999777e-01 7.579665744558532481e-01 6.374020694844106938e-01 -7.362319999999999975e-02 7.877465049588092683e-01 2.565085117521481717e-01 nan 4.791344292832155904e-02 5.879886795530000487e-01 5.520611571700000109e-02 1.304103771859999872e-01 3.969080000000000297e+01 6.507389999999999475e+01 7.280259999999999820e+01 6.856409999999999627e+01 6.341494728170453676e-01 7.933019191536226922e-01
-5.632020000000000082e-02 1.113769999999999927e+00 1.349639999999999951e+00 1.050270000000000037e+00 1.155289999999999928e+00 6.786100000000000465e-02 7.987351385269583215e-01 6.807341317031849748e-01 1.051760000000000056e-01 8.249044316443916447e-01 2.965455312954061728e-01 nan 3.096459935164685984e-02 5.879886795530000487e-01 5.520611571700000109e-02 1.304103771859999872e-01 3.969080000000000297e+01 6.507389999999999475e+01 7.280259999999999820e+01 6.856409999999999627e+01 4.922246532254181961e-01 7.373413493653975248e-01
7.800979999999999581e-01 1.473039999999999905e+00 1.701489999999999947e+00 7.766939999999999955e-01 1.057080000000000020e+00 2.866199999999999859e-01 8.367826052736073716e-01 7.229953685335624991e-01 -1.630230000000000012e-01 8.593805884258278738e-01 3.393449788131754907e-01 nan 1.816963460003429010e-02 6.710282316279999604e-01 4.319687473549999740e-02 1.235352343999999991e-01 1.485909999999999975e+01 4.106889999999999930e+01 4.446189999999999998e+01 5.240400000000000347e+01 4.922246532254181961e-01 7.373413493653975248e-01
8.176769999999999872e-01 1.472369999999999957e+00 1.711799999999999988e+00 1.093620000000000037e+00 1.486660000000000093e+00 3.200600000000000112e-01 8.716778816945642827e-01 7.636586625672875384e-01 -1.183229999999999976e-01 8.907843466708108560e-01 3.844219194632886305e-01 nan 9.995879918351269211e-03 6.710282316279999604e-01 4.319687473549999740e-02 1.235352343999999991e-01 1.485909999999999975e+01 4.106889999999999930e+01 4.446189999999999998e+01 5.240400000000000347e+01 4.992537592878883990e-01 7.207929372258030654e-01
1.664520000000000000e+00 1.640060000000000073e+00 1.552349999999999897e+00 1.485149999999999970e+00 1.795549999999999979e+00 2.948060000000000125e-01 9.030255903645346693e-01 8.028668495154295259e-01 -7.362319999999999975e-02 9.187598892501196435e-01 4.312656134963480659e-01 nan 2.506068669437477858e-03 6.856198835610000097e-01 3.673334022500000101e-02 1.206762630839999934e-01 1.592800000000000082e+01 3.522860000000000014e+01 4.005579999999999785e+01 4.678790000000000049e+01 4.992537592878883990e-01 7.207929372258030654e-01
2.188450000000000006e+00 1.702350000000000030e+00 1.530980000000000008e+00 1.626689999999999969e+00 1.829690000000000039e+00 4.358119999999999772e-01 9.304705492183791282e-01 8.395444011694952469e-01 2.392759999999999887e-01 9.429902420878717439e-01 4.793453031411688547e-01 nan 0.000000000000000000e+00 6.856198835610000097e-01 3.673334022500000101e-02 1.206762630839999934e-01 1.592800000000000082e+01 3.522860000000000014e+01 4.005579999999999785e+01 4.678790000000000049e+01 4.921872074549180631e-01 7.274260232176064100e-01
2.428310000000000191e+00 1.724800000000000111e+00 1.291109999999999980e+00 1.890230000000000077e+00 2.065189999999999859e+00 2.874149999999999761e-01 9.537017959058343708e-01 8.732757462136384596e-01 1.498760000000000092e-01 9.632008656044567241e-01 5.281162263024058445e-01 nan 2.506068669437477858e-03 7.364016570460000244e-01 3.229637863629999939e-02 1.025795867080000062e-01 8.926579999999999515e+00 2.177039999999999864e+01 3.038309999999999889e+01 4.080890000000000128e+01 4.921872074549180631e-01 7.274260232176064100e-01
9.147549999999999848e-01 1.532019999999999937e+00 1.695999999999999952e+00 1.361280000000000046e+00 1.485729999999999995e+00 2.233900000000000052e-01 9.724561111191962759e-01 9.036786950301471943e-01 1.577639999999999945e-02 9.791627653596768344e-01 5.770257889327703449e-01 nan 9.995879918351269211e-03 7.364016570460000244e-01 3.229637863629999939e-02 1.025795867080000062e-01 8.926579999999999515e+00 2.177039999999999864e+01 3.038309999999999889e+01 4.080890000000000128e+01 4.924439784526337682e-01 7.232663525248695935e-01
2.794010000000000105e+00 1.761130000000000084e+00 1.489610000000000101e+00 1.721970000000000001e+00 1.955200000000000049e+00 1.096089999999999981e-01 9.865210009732534591e-01 9.304087700605284672e-01 2.392759999999999887e-01 9.906950866512540532e-01 6.255198261443906116e-01 nan 2.238457119251457961e-02 7.395974640689999546e-01 3.953960720520000027e-02 1.033715669100000040e-01 1.043420000000000059e+01 1.572799999999999976e+01 2.079680000000000106e+01 3.110269999999999868e+01 4.924439784526337682e-01 7.232663525248695935e-01
2.005869999999999875e-01 1.243000000000000105e+00 1.343860000000000054e+00 9.081169999999999520e-01 1.186280000000000001e+00 1.828529999999999878e-01 9.957371046459144726e-01 9.531631088738921065e-01 6.047620000000000079e-02 9.976671636708728252e-01 6.730488811184247577e-01 nan 3.953177366952098648e-02 7.395974640689999546e-01 3.953960720520000027e-02 1.033715669100000040e-01 1.043420000000000059e+01 1.572799999999999976e+01 2.079680000000000106e+01 3.110269999999999868e+01 4.955038328420805493e-01 7.100507320948203915e-01
1.637639999999999985e+00 1.618500000000000050e+00 1.285020000000000051e+00 1.316710000000000047e+00 1.478310000000000013e+00 -5.947639999999999871e-02 1.000000000000000000e+00 9.716838957193102422e-01 -1.183229999999999976e-01 1.000000000000000000e+00 7.190744306703704680e-01 nan 6.124320269363159319e-02 7.191774791820000345e-01 5.333563682470000150e-02 9.808894308469999490e-02 5.141589999999999883e+00 1.637040000000000006e+01 2.056700000000000017e+01 2.473410000000000153e+01 4.955038328420805493e-01 7.100507320948203915e-01
1.241960000000000008e-01 1.192800000000000082e+00 1.358009999999999939e+00 8.070249999999999924e-01 1.087530000000000108e+00 1.210679999999999951e-01 9.992613867277816420e-01 9.857612826812931495e-01 -1.630230000000000012e-01 9.976671636708728252e-01 7.630749869329274127e-01 nan 8.727285909855664325e-02 7.191774791820000345e-01 5.333563682470000150e-02 9.808894308469999490e-02 5.141589999999999883e+00 1.637040000000000006e+01 2.056700000000000017e+01 2.473410000000000153e+01 4.968465311843027754e-01 7.053422159634585853e-01
2.013380000000000170e+00 1.670199999999999907e+00 1.269570000000000087e+00 1.282389999999999919e+00 1.547970000000000068e+00 -1.067399999999999946e-02 9.935296336127683592e-01 9.952357673405234362e-01 -2.077229999999999910e-01 9.906950866512540532e-01 8.045520060219109038e-01 nan 1.173258164763048006e-01 7.471866419310000396e-01 4.552226883330000307e-02 9.339256320790000065e-02 1.210479999999999912e+01 1.631619999999999848e+01 1.642299999999999827e+01 1.971349999999999980e+01 4.968465311843027754e-01 7.053422159634585853e-01
2.055469999999999867e-02 1.126130000000000075e+00 1.224580000000000002e+00 1.245970000000000022e+00 1.259069999999999911e+00 1.060050000000000020e-01 9.828696837080459492e-01 1.000000000000000000e+00 -1.183229999999999976e-01 9.791627653596768344e-01 8.430355367376668463e-01 nan 1.510615628112343956e-01 7.471866419310000396e-01 4.552226883330000307e-02 9.339256320790000065e-02 1.210479999999999912e+01 1.631619999999999848e+01 1.642299999999999827e+01 1.971349999999999980e+01 4.926954000545638035e-01 7.015797360486739631e-01
1.935969999999999969e+00 1.660840000000000094e+00 1.155410000000000048e+00 1.575280000000000014e+00 1.698329999999999895e+00 -3.153990000000000266e-02 9.674023185055347085e-01 1.000000000000000000e+00 6.047620000000000079e-02 9.632008656044567241e-01 8.780895452999468720e-01 nan 1.880978586172499245e-01 7.805222559369999757e-01 3.859647113419999859e-02 8.168334272100000182e-02 5.580490000000000173e+00 1.437759999999999927e+01 1.795339999999999847e+01 1.998529999999999873e+01 4.926954000545638035e-01 7.015797360486739631e-01
1.010869999999999963e-01 1.212290000000000090e+00 1.217349999999999932e+00 6.592219999999999747e-01 9.077840000000000353e-01 2.114719999999999933e-01 9.473027894334243859e-01 9.952357673405235472e-01 -2.892339999999999842e-02 9.429902420878717439e-01 9.093168557848694267e-01 nan 2.280150678639164541e-01 7.805222559369999757e-01 3.859647113419999859e-02 8.168334272100000182e-02 5.580490000000000173e+00 1.437759999999999927e+01 1.795339999999999847e+01 1.998529999999999873e+01 4.897050878103318405e-01 6.924010182527216006e-01
1.496310000000000029e+00 1.594410000000000105e+00 1.160910000000000108e+00 1.606379999999999919e+00 1.695680000000000076e+00 1.939970000000000062e-04 9.227988321874665001e-01 9.857612826812934825e-01 1.577639999999999945e-02 9.187598892501198655e-01 9.363636502868400990e-01 nan 2.703609126203617707e-01 7.516776340559999658e-01 5.140245111620000279e-02 8.199207373319999936e-02 1.147789999999999999e+01 1.770530000000000115e+01 1.977349999999999852e+01 2.396940000000000026e+01 4.897050878103318405e-01 6.924010182527216006e-01
1.502709999999999879e-01 1.215899999999999981e+00 6.878849999999999687e-01 9.737580000000000124e-01 9.101029999999999953e-01 -6.210679999999999673e-02 8.941680863945422608e-01 9.716838957193102422e-01 1.498760000000000092e-01 8.907843466708108560e-01 9.589234778168007622e-01 nan 3.146555975449544240e-01 7.516776340559999658e-01 5.140245111620000279e-02 8.199207373319999936e-02 1.147789999999999999e+01 1.770530000000000115e+01 1.977349999999999852e+01 2.396940000000000026e+01 4.901704852436917781e-01 6.778277275271263891e-01
4.540549999999999864e-01 1.344139999999999890e+00 1.154590000000000005e+00 8.368569999999999620e-01 1.241780000000000106e+00 -2.178690000000000071e-01 8.617349498447510747e-01 9.531631088738921065e-01 6.047620000000000079e-02 8.593805884258278738e-01 9.767407265143872586e-01 nan 3.603972461582405362e-01 6.457523289950000134e-01 1.146849805159999985e-01 8.286356380079999695e-02 8.309120000000000061e+00 1.581160000000000032e+01 2.214349999999999952e+01 2.445629999999999882e+01 4.901704852436917781e-01 6.778277275271263891e-01
-1.682819999999999871e-01 9.454059999999999686e-01 3.504929999999999851e-02 -2.663060000000000080e-02 4.124740000000000073e-01 -2.584529999999999883e-01 8.258669029348254531e-01 9.304087700605284672e-01 1.498760000000000092e-01 8.249044316443917557e-01 9.896135198324447213e-01 nan 4.114198250293900072e-01 6.457523289950000134e-01 1.146849805159999985e-01 8.286356380079999695e-02 8.309120000000000061e+00 1.581160000000000032e+01 2.214349999999999952e+01 2.445629999999999882e+01 4.955626761957236948e-01 6.648034808355449687e-01
-3.421420000000000017e-01 5.622160000000000490e-01 5.473820000000000352e-01 4.788180000000000214e-01 8.222770000000000357e-01 -3.285750000000000060e-01 7.869703449683997931e-01 9.036786950301473054e-01 1.051760000000000056e-01 7.877465049588093793e-01 9.973960038789723148e-01 nan 4.632526505413474549e-01 4.242236667300000041e-01 2.223217207440000009e-01 7.598953505880000348e-02 1.017309999999999981e+01 1.802349999999999852e+01 2.485419999999999874e+01 3.051119999999999877e+01 4.955626761957236948e-01 6.648034808355449687e-01
-1.466429999999999956e-01 9.773849999999999483e-01 7.866570000000000507e-01 4.885019999999999918e-01 7.723729999999999762e-01 -3.462219999999999742e-01 7.454859894895093930e-01 8.732757462136385707e-01 1.051760000000000056e-01 7.483278225259824001e-01 1.000000000000000000e+00 nan 5.114158586588589683e-01 4.242236667300000041e-01 2.223217207440000009e-01 7.598953505880000348e-02 1.017309999999999981e+01 1.802349999999999852e+01 2.485419999999999874e+01 3.051119999999999877e+01 4.921390628928462574e-01 6.607701890267021483e-01
-3.984420000000000184e-01 1.107950000000000046e-01 -8.818009999999999460e-01 -8.079020000000000090e-01 -4.574409999999999865e-01 -3.452660000000000173e-01 7.018838708220375144e-01 8.395444011694954689e-01 1.577639999999999945e-02 7.070950137687814774e-01 9.973960038789723148e-01 nan 5.597159787143053400e-01 2.249446116820000008e-01 2.815999601499999949e-01 5.775520026199999768e-02 1.593089999999999939e+01 2.030630000000000024e+01 2.672629999999999839e+01 3.588819999999999766e+01 4.921390628928462574e-01 6.607701890267021483e-01
-4.151309999999999722e-01 -7.307460000000000067e-01 -1.124239999999999906e+00 -7.060619999999999674e-01 -4.648599999999999954e-01 -3.536480000000000179e-01 6.566580183930093018e-01 8.028668495154296370e-01 1.498760000000000092e-01 6.645152628862196487e-01 9.896135198324448323e-01 nan 6.076057510477099743e-01 2.249446116820000008e-01 2.815999601499999949e-01 5.775520026199999768e-02 1.593089999999999939e+01 2.030630000000000024e+01 2.672629999999999839e+01 3.588819999999999766e+01 4.641831205165376506e-01 6.387622091028904991e-01
-4.150349999999999873e-01 -6.922380000000000200e-01 -4.209559999999999969e-01 -8.521109999999999518e-01 -6.199320000000000386e-01 -3.527420000000000000e-01 6.103208591817792517e-01 7.636586625672878714e-01 6.047620000000000079e-02 6.210710154698017016e-01 9.767407265143873696e-01 nan 6.545425654027532403e-01 2.622383023040000261e-01 1.947122776480000039e-01 7.220028143149999356e-02 1.596550000000000047e+01 2.686870000000000047e+01 3.846690000000000254e+01 4.657139999999999702e+01 4.641831205165376506e-01 6.387622091028904991e-01
-4.049510000000000054e-01 7.099359999999999872e-04 3.259190000000000004e-02 -7.892649999999999944e-01 -3.375400000000000067e-01 -3.498200000000000198e-01 5.633974117175999385e-01 7.223640847499889217e-01 -3.418220000000000147e-01 5.772545122021961461e-01 9.589234778168007622e-01 nan 6.999946089177928599e-01 2.622383023040000261e-01 1.947122776480000039e-01 7.220028143149999356e-02 1.596550000000000047e+01 2.686870000000000047e+01 3.846690000000000254e+01 4.657139999999999702e+01 4.490443304428763938e-01 6.221343588077055120e-01
-3.790430000000000188e-01 3.618540000000000090e-01 3.314739999999999909e-01 -5.824880000000000058e-01 -7.242640000000000189e-02 -3.503430000000000155e-01 5.164193374098987599e-01 6.794510001306790503e-01 -1.630230000000000012e-01 5.335622115736112780e-01 9.363636502868400990e-01 nan 7.434468917780880926e-01 1.865870778000000008e-01 1.374750735960000025e-01 6.359301601990000052e-02 2.005679999999999907e+01 4.757730000000000103e+01 5.495470000000000255e+01 5.992629999999999768e+01 4.490443304428763938e-01 6.221343588077055120e-01
-4.127609999999999890e-01 -3.542690000000000006e-01 -5.033560000000000256e-01 -9.810670000000000224e-01 -6.216730000000000311e-01 -3.499619999999999953e-01 4.699189166120680827e-01 6.354056311052935779e-01 -2.077229999999999910e-01 4.904891648087266187e-01 9.093168557848695377e-01 nan 7.844070822561811651e-01 1.865870778000000008e-01 1.374750735960000025e-01 6.359301601990000052e-02 2.005679999999999907e+01 4.757730000000000103e+01 5.495470000000000255e+01 5.992629999999999768e+01 4.543134852918363498e-01 6.279297333405550186e-01
-4.139090000000000269e-01 -4.063829999999999942e-01 -3.604660000000000086e-01 -1.149329999999999963e+00 -9.340840000000000254e-01 -3.518350000000000088e-01 4.244230176723727821e-01 5.907270293045265852e-01 -5.653209999999999624e-01 4.485234067385043266e-01 8.780895452999469830e-01 nan 8.224110850270933692e-01 1.787606476099999897e-01 9.254972441479999978e-02 7.689165444289999818e-02 2.829439999999999955e+01 4.802380000000000138e+01 5.538049999999999784e+01 6.171189999999999998e+01 4.543134852918363498e-01 6.279297333405550186e-01
-4.143919999999999826e-01 -5.258420000000000316e-01 -5.374579999999999913e-01 -3.694720000000000226e-01 -8.329780000000000517e-02 -3.515070000000000139e-01 3.804471273050384905e-01 5.459214211394443073e-01 -4.312219999999999942e-01 4.081404261705460224e-01 8.430355367376670683e-01 nan 8.570282995538013315e-01 1.787606476099999897e-01 9.254972441479999978e-02 7.689165444289999818e-02 2.829439999999999955e+01 4.802380000000000138e+01 5.538049999999999784e+01 6.171189999999999998e+01 4.388911772415305945e-01 6.260015526548593501e-01
-4.124669999999999725e-01 -3.411359999999999948e-01 -5.353189999999999893e-01 -2.344809999999999950e-01 1.381100000000000036e-02 -3.516819999999999946e-01 3.384895099198010904e-01 5.014964720539695220e-01 -3.865219999999999767e-01 3.697977784109072186e-01 8.045520060219111258e-01 nan 8.878664989633799909e-01 1.612215508070000136e-01 1.236598319089999981e-01 8.136449395990000277e-02 2.238789999999999836e+01 5.904129999999999967e+01 7.179619999999999891e+01 7.296299999999999386e+01 4.388911772415305945e-01 6.260015526548593501e-01
-4.145940000000000181e-01 -5.102799999999999558e-01 -4.666730000000000045e-01 -5.626780000000000115e-01 -5.240489999999999871e-01 -3.513870000000000049e-01 2.990255620870486686e-01 4.579555344725497745e-01 -6.100210000000000354e-01 3.294308084160330052e-01 7.630749869329276347e-01 nan 9.145762741341998403e-01 1.612215508070000136e-01 1.236598319089999981e-01 8.136449395990000277e-02 2.238789999999999836e+01 5.904129999999999967e+01 7.179619999999999891e+01 7.296299999999999386e+01 6.543648394913794686e-01 7.991983967935872846e-01
-4.137810000000000099e-01 -3.910170000000000035e-01 -3.107929999999999859e-01 -8.658460000000000045e-01 -7.218729999999999869e-01 -3.522100000000000231e-01 2.625024261047197438e-01 4.157919446160586174e-01 -6.547209999999999974e-01 2.915208123040771149e-01 7.190744306703704680e-01 nan 9.368549926408910045e-01 1.648144533800000033e-01 1.130551014149999978e-01 8.327368890160000148e-02 3.503860000000000241e+01 8.287409999999999854e+01 8.943609999999999616e+01 9.065439999999999543e+01 6.543648394913794686e-01 7.991983967935872846e-01
-4.141560000000000241e-01 -4.357949999999999879e-01 -3.732110000000000150e-01 -8.778949999999999809e-01 -9.024020000000000374e-01 -3.531630000000000047e-01 2.293339236973988005e-01 3.754834328052855108e-01 -6.547209999999999974e-01 2.561640891329804992e-01 6.730488811184249798e-01 nan 9.586651642931286466e-01 1.648144533800000033e-01 1.130551014149999978e-01 8.327368890160000148e-02 3.503860000000000241e+01 8.287409999999999854e+01 8.943609999999999616e+01 9.065439999999999543e+01 5.433702263329357462e-01 8.231923306071602386e-01
-4.148209999999999953e-01 -5.667140000000000510e-01 -4.638510000000000133e-01 -1.042710000000000026e+00 -9.616759999999999753e-01 -3.550780000000000047e-01 1.998958672508219792e-01 3.374867105855107186e-01 -6.547209999999999974e-01 2.234280083580276743e-01 6.255198261443907226e-01 nan 9.757297925874196531e-01 1.734589419260000043e-01 1.027710531079999989e-01 7.690090507249999763e-02 3.173979999999999890e+01 7.531799999999999784e+01 9.325849999999999795e+01 8.720180000000000575e+01 5.433702263329357462e-01 8.231923306071602386e-01
-4.160630000000000162e-01 -1.068510000000000071e+00 -1.057830000000000048e+00 -1.018399999999999972e+00 -1.048720000000000097e+00 -3.544990000000000085e-01 1.745218017073791872e-01 2.997697626575405172e-01 -6.547209999999999974e-01 1.933502465089994571e-01 5.770257889327705669e-01 nan 9.881778876481331908e-01 1.734589419260000043e-01 1.027710531079999989e-01 7.690090507249999763e-02 3.173979999999999890e+01 7.531799999999999784e+01 9.325849999999999795e+01 8.720180000000000575e+01 5.797033225097225628e-01 7.549044034013974169e-01
-4.158310000000000062e-01 -9.120700000000000474e-01 -7.804720000000000546e-01 -1.002930000000000099e+00 -1.014000000000000012e+00 -3.546440000000000148e-01 1.534992253686402464e-01 2.624998590214239202e-01 -5.206210000000000004e-01 1.659383603000357255e-01 5.281162263024060666e-01 nan 9.961907667658481680e-01 1.851226661990000022e-01 9.572357605240000566e-02 9.108901869820000552e-02 2.782550000000000168e+01 7.212250000000000227e+01 7.144240000000000634e+01 7.458259999999999934e+01 5.797033225097225628e-01 7.549044034013974169e-01
-4.157250000000000112e-01 -8.808979999999999588e-01 -6.655429999999999957e-01 -9.808580000000000076e-01 -1.021910000000000096e+00 -3.550269999999999815e-01 1.332306409541499370e-01 2.281193411260438175e-01 -5.206210000000000004e-01 1.411697010090444682e-01 4.793453031411690768e-01 nan 1.000000000000000000e+00 1.851226661990000022e-01 9.572357605240000566e-02 9.108901869820000552e-02 2.782550000000000168e+01 7.212250000000000227e+01 7.144240000000000634e+01 7.458259999999999934e+01 1.000000000000000000e+00 8.358771597248552121e-01
-4.131850000000000245e-01 -3.288400000000000212e-01 -2.294879999999999975e-01 -5.309469999999999468e-01 -6.251139999999999475e-01 -3.542850000000000166e-01 1.064990988312334297e-01 1.966529669325697283e-01 -6.547209999999999974e-01 1.189916710967731106e-01 4.312656134963481769e-01 nan 9.998847863975763861e-01 1.547191527419999879e-01 8.175303389709999424e-02 1.034214089339999948e-01 2.650949999999999918e+01 6.040449999999999875e+01 7.038299999999999557e+01 6.750929999999999609e+01 1.000000000000000000e+00 8.358771597248552121e-01
-4.149930000000000008e-01 -5.963739999999999597e-01 -5.143140000000000489e-01 -3.871899999999999786e-01 -4.436809999999999921e-01 -3.540369999999999906e-01 7.612029792601482381e-02 1.680924759895955356e-01 -6.547209999999999974e-01 9.932232015794506541e-02 3.844219194632887415e-01 nan 9.961687905563528789e-01 1.547191527419999879e-01 8.175303389709999424e-02 1.034214089339999948e-01 2.650949999999999918e+01 6.040449999999999875e+01 7.038299999999999557e+01 6.750929999999999609e+01 8.583640477808032188e-01 8.398923974074274934e-01
-4.162699999999999734e-01 -1.511060000000000070e+00 -1.270569999999999977e+00 -1.049949999999999939e+00 -1.078819999999999890e+00 -3.545189999999999730e-01 4.992787949319454910e-02 1.423966830273551976e-01 -2.971219999999999972e-01 8.205127345209783929e-02 3.393449788131757128e-01 nan 9.892164753756698126e-01 1.141734240369999959e-01 8.537680022400000179e-02 1.072249613860000034e-01 2.622840000000000060e+01 5.764809999999999945e+01 6.330349999999999966e+01 6.736620000000000630e+01 8.583640477808032188e-01 8.398923974074274934e-01
-4.162350000000000216e-01 -1.377080000000000082e+00 -1.213179999999999925e+00 -1.070540000000000047e+00 -1.177570000000000006e+00 -3.546610000000000040e-01 3.525421611028800584e-02 1.194919446032854937e-01 -2.971219999999999972e-01 6.704098249349488281e-02 2.965455312954062839e-01 nan 9.794289725461523544e-01 1.141734240369999959e-01 8.537680022400000179e-02 1.072249613860000034e-01 2.622840000000000060e+01 5.764809999999999945e+01 6.330349999999999966e+01 6.736620000000000630e+01 6.865414551426417544e-01 8.422430446478543775e-01
-4.151139999999999830e-01 -6.274530000000000385e-01 -5.263269999999999893e-01 -1.084039999999999893e+00 -1.155999999999999917e+00 -3.545189999999999730e-01 2.970608633305527047e-02 9.927299351165719266e-02 -6.547209999999999974e-01 5.412828353043208640e-02 2.565085117521482827e-01 nan 9.672395375673689122e-01 9.409370554990000024e-02 8.000528958850000594e-02 8.845622980810000091e-02 1.634809999999999874e+01 4.303679999999999950e+01 6.027420000000000044e+01 6.750570000000000448e+01 6.865414551426417544e-01 8.422430446478543775e-01
-4.145490000000000008e-01 -5.020550000000000290e-01 -4.220189999999999775e-01 -1.024720000000000075e+00 -1.126609999999999889e+00 -3.544649999999999745e-01 2.511701826554579853e-02 8.160413150307799235e-02 -6.547209999999999974e-01 4.312624625573935333e-02 2.196875556128082829e-01 nan 9.531086407899037605e-01 9.409370554990000024e-02 8.000528958850000594e-02 8.845622980810000091e-02 1.634809999999999874e+01 4.303679999999999950e+01 6.027420000000000044e+01 6.750570000000000448e+01 6.915698871812429038e-01 9.044467313004388442e-01
-4.156630000000000047e-01 -8.004850000000000021e-01 -7.431619999999999893e-01 -1.140230000000000077e+00 -1.160339999999999927e+00 -3.545200000000000018e-01 2.153900788266316368e-02 6.632076679988085921e-02 -6.547209999999999974e-01 3.382629180185714457e-02 1.864998590233523101e-01 nan 9.375187501022883563e-01 8.600048117780000057e-02 5.918379249700000261e-02 7.596866130189999788e-02 1.871910000000000096e+01 4.005089999999999861e+01 5.436440000000000339e+01 6.427400000000000091e+01 6.915698871812429038e-01 9.044467313004388442e-01
-4.162429999999999741e-01 -1.384509999999999907e+00 -1.261169999999999902e+00 -1.055609999999999937e+00 -1.157289999999999930e+00 -3.549640000000000017e-01 1.901259547174560804e-02 5.323127898673296610e-02 -2.077229999999999910e-01 2.600055602274720101e-02 1.573214518472699774e-01 nan 9.209688643770406191e-01 8.600048117780000057e-02 5.918379249700000261e-02 7.596866130189999788e-02 1.871910000000000096e+01 4.005089999999999861e+01 5.436440000000000339e+01 6.427400000000000091e+01 6.690810272979667017e-01 9.271443788477856662e-01
-4.161839999999999984e-01 -1.256359999999999921e+00 -1.134120000000000017e+00 -9.993830000000000213e-01 -1.127650000000000041e+00 -3.551289999999999725e-01 1.756640629491224015e-02 4.211919014650744586e-02 -2.077229999999999910e-01 1.940447128571876068e-02 1.324829370969660136e-01 nan 9.039688596140499355e-01 1.341621371989999978e-01 6.928541457360000433e-02 7.902808336489999808e-02 1.290060000000000073e+01 4.241199999999999903e+01 5.553719999999999857e+01 6.137049999999999983e+01 6.690810272979667017e-01 9.271443788477856662e-01
-4.152199999999999780e-01 -6.565569999999999462e-01 -5.525849999999999929e-01 -1.082459999999999978e+00 -1.220339999999999980e+00 -3.548819999999999752e-01 1.124860980844155645e-02 3.274561764158678834e-02 -6.547209999999999974e-01 1.377953752043037383e-02 1.122657450695280223e-01 nan 8.870337118417606082e-01 1.341621371989999978e-01 6.928541457360000433e-02 7.902808336489999808e-02 1.290060000000000073e+01 4.241199999999999903e+01 5.553719999999999857e+01 6.137049999999999983e+01 6.598907653380550187e-01 8.671180198234307301e-01
-4.156210000000000182e-01 -7.773820000000000174e-01 -7.362199999999999855e-01 -1.026410000000000045e+00 -1.193310000000000093e+00 -3.533749999999999947e-01 2.690515456428399510e-03 2.485198074959760195e-02 -6.547209999999999974e-01 8.856251127979053450e-03 9.689894462900738858e-02 nan 8.706776622329982507e-01 2.254456432539999888e-01 5.734239994589999945e-02 6.890620750980000486e-02 2.715040000000000120e+01 5.608879999999999910e+01 6.345340000000000202e+01 6.080519999999999925e+01 6.598907653380550187e-01 8.671180198234307301e-01
-4.160280000000000089e-01 -1.037800000000000056e+00 -9.706979999999999498e-01 -1.213060000000000027e+00 -1.306640000000000024e+00 -3.525789999999999758e-01 0.000000000000000000e+00 1.816293048632056095e-02 -6.547209999999999974e-01 4.357158564362584308e-03 8.655664776465687993e-02 nan 8.554083905469980209e-01 2.254456432539999888e-01 5.734239994589999945e-02 6.890620750980000486e-02 2.715040000000000120e+01 5.608879999999999910e+01 6.345340000000000202e+01 6.080519999999999925e+01 5.792807202426486501e-01 7.311271191030710437e-01
-4.161279999999999979e-01 -1.150209999999999955e+00 -1.089369999999999949e+00 -1.104260000000000019e+00 -1.254820000000000046e+00 -3.525769999999999738e-01 0.000000000000000000e+00 1.238946941970398008e-02 -6.547209999999999974e-01 0.000000000000000000e+00 8.135603683252157214e-02 nan 8.417212629148775882e-01 2.349177117609999865e-01 3.835535866570000119e-02 6.425323899359999813e-02 1.945339999999999847e+01 6.057710000000000150e+01 6.854600000000000648e+01 6.376169999999999760e+01 5.792807202426486501e-01 7.311271191030710437e-01
-4.117600000000000149e-01 -2.708139999999999992e-01 -3.307060000000000000e-01 6.650420000000000220e-01 6.943909999999999805e-01 -3.515249999999999764e-01 0.000000000000000000e+00 7.232226126247631726e-03 -2.971219999999999972e-01 0.000000000000000000e+00 4.002609541271262561e-02 nan 8.258787825509497083e-01 2.349177117609999865e-01 3.835535866570000119e-02 6.425323899359999813e-02 1.945339999999999847e+01 6.057710000000000150e+01 6.854600000000000648e+01 6.376169999999999760e+01 4.329640467109239221e-01 6.086587589593601688e-01
-4.019349999999999867e-01 9.729580000000000173e-02 5.268000000000000113e-03 1.076880000000000059e+00 9.941740000000000022e-01 -3.473100000000000076e-01 0.000000000000000000e+00 2.384847188853012057e-03 1.133270000000000000e+00 0.000000000000000000e+00 0.000000000000000000e+00 nan 8.124126888134661773e-01 1.915049339630000014e-01 2.426500935149999982e-02 5.547117053219999955e-02 2.453330000000000055e+01 6.098380000000000223e+01 6.969939999999999714e+01 6.479089999999999350e+01 4.329640467109239221e-01 6.086587589593601688e-01
-3.925319999999999920e-01 2.123780000000000112e-01 6.522600000000000620e-02 1.470169999999999977e+00 1.217009999999999925e+00 -3.498069999999999791e-01 0.000000000000000000e+00 0.000000000000000000e+00 2.787170000000000147e+00 4.357158564362584308e-03 0.000000000000000000e+00 nan 7.971233201998563223e-01 1.915049339630000014e-01 2.426500935149999982e-02 5.547117053219999955e-02 2.453330000000000055e+01 6.098380000000000223e+01 6.969939999999999714e+01 6.479089999999999350e+01 3.824497023061246281e-01 6.551373016302876051e-01
-3.936520000000000019e-01 2.064900000000000069e-01 -1.087739999999999957e-01 1.550499999999999989e+00 1.212639999999999940e+00 -3.522930000000000228e-01 0.000000000000000000e+00 0.000000000000000000e+00 3.055359999999999854e+00 8.856251127979053450e-03 0.000000000000000000e+00 nan 7.840764887766914493e-01 1.473130736440000088e-01 2.203479778429999827e-02 3.902162391749999792e-02 1.960729999999999862e+01 5.606810000000000116e+01 6.627710000000000434e+01 6.477620000000000289e+01 3.824497023061246281e-01 6.551373016302876051e-01
-3.851100000000000079e-01 3.254170000000000118e-01 1.151129999999999931e-01 1.672029999999999905e+00 9.585399999999999476e-01 -3.519689999999999763e-01 0.000000000000000000e+00 0.000000000000000000e+00 3.010660000000000114e+00 9.422378956067789524e-03 0.000000000000000000e+00 nan 7.730976611756225081e-01 1.473130736440000088e-01 2.203479778429999827e-02 3.902162391749999792e-02 1.960729999999999862e+01 5.606810000000000116e+01 6.627710000000000434e+01 6.477620000000000289e+01 4.179375939487635083e-01 7.211792955279929807e-01
-3.898329999999999851e-01 2.450589999999999991e-01 -3.378099999999999992e-01 1.701200000000000045e+00 9.692300000000000360e-01 -3.527680000000000260e-01 0.000000000000000000e+00 0.000000000000000000e+00 3.949359999999999982e+00 1.054822015773970723e-02 0.000000000000000000e+00 nan 7.639888727186632256e-01 1.420808762780000067e-01 2.258412931410000088e-02 3.175228223579999731e-02 2.565030000000000143e+01 5.298219999999999885e+01 6.247379999999999711e+01 6.033800000000000097e+01 4.179375939487635083e-01 7.211792955279929807e-01
-3.952359999999999762e-01 1.656410000000000105e-01 -7.555220000000000269e-01 1.654050000000000020e+00 9.366640000000000521e-01 -3.546670000000000100e-01 0.000000000000000000e+00 0.000000000000000000e+00 4.128160000000000274e+00 1.222101850231671616e-02 0.000000000000000000e+00 nan 7.565309704370950517e-01 1.420808762780000067e-01 2.258412931410000088e-02 3.175228223579999731e-02 2.565030000000000143e+01 5.298219999999999885e+01 6.247379999999999711e+01 6.033800000000000097e+01 4.383615870587417307e-01 7.428334145769015517e-01
-4.089260000000000117e-01 -1.652099999999999957e-01 -7.787650000000000405e-01 1.346419999999999950e+00 9.353249999999999620e-01 -3.548839999999999772e-01 0.000000000000000000e+00 0.000000000000000000e+00 3.323560000000000070e+00 1.442182051613838389e-02 0.000000000000000000e+00 nan 7.504860961621716564e-01 1.440761266089999881e-01 2.698579502600000068e-02 3.432180257740000129e-02 1.081920000000000037e+01 4.290370000000000061e+01 5.514200000000000301e+01 5.604469999999999885e+01 4.383615870587417307e-01 7.428334145769015517e-01
-4.072910000000000141e-01 -6.633029999999999482e-02 -1.325300000000000089e-01 1.259330000000000060e+00 9.095649999999999569e-01 -3.547799999999999843e-01 0.000000000000000000e+00 0.000000000000000000e+00 2.965959999999999930e+00 1.712569023299215232e-02 0.000000000000000000e+00 nan 7.456003815532143975e-01 1.440761266089999881e-01 2.698579502600000068e-02 3.432180257740000129e-02 1.081920000000000037e+01 4.290370000000000061e+01 5.514200000000000301e+01 5.604469999999999885e+01 4.536769071933325348e-01 7.321706476015094056e-01
-4.109309999999999907e-01 -2.593269999999999742e-01 -4.373179999999999845e-01 1.177030000000000021e+00 8.484230000000000382e-01 -3.549860000000000237e-01 0.000000000000000000e+00 0.000000000000000000e+00 2.653070000000000039e+00 2.030199172857494183e-02 0.000000000000000000e+00 nan 7.416068245273517157e-01 1.450133723079999881e-01 3.296115831770000254e-02 3.801279473340000298e-02 2.422109999999999985e+01 4.339309999999999690e+01 5.266760000000000019e+01 5.270360000000000156e+01 4.536769071933325348e-01 7.321706476015094056e-01
-4.138870000000000049e-01 -5.120789999999999509e-01 -6.878609999999999447e-01 9.207889999999999686e-01 7.241309999999999691e-01 -3.547109999999999985e-01 0.000000000000000000e+00 0.000000000000000000e+00 2.429570000000000007e+00 2.391473623775552948e-02 0.000000000000000000e+00 nan 7.382283144998081914e-01 1.450133723079999881e-01 3.296115831770000254e-02 3.801279473340000298e-02 2.422109999999999985e+01 4.339309999999999690e+01 5.266760000000000019e+01 5.270360000000000156e+01 5.183992468050734326e-01 7.577100146238423539e-01
-4.133689999999999864e-01 -4.386079999999999979e-01 -7.921010000000000550e-01 8.504159999999999497e-01 7.035730000000000040e-01 -3.545610000000000150e-01 0.000000000000000000e+00 0.000000000000000000e+00 2.206069999999999975e+00 2.792298992166586391e-02 0.000000000000000000e+00 nan 7.351807721575570609e-01 1.430441656170000075e-01 4.361708213249999855e-02 4.030479416089999961e-02 1.282659999999999911e+01 3.564309999999999690e+01 4.487140000000000128e+01 4.891069999999999851e+01 5.183992468050734326e-01 7.577100146238423539e-01
-4.132589999999999875e-01 -4.000589999999999979e-01 -6.208380000000000010e-01 7.309350000000000014e-01 5.989569999999999617e-01 -3.549410000000000065e-01 0.000000000000000000e+00 0.000000000000000000e+00 1.356770000000000032e+00 3.228133766444996056e-02 0.000000000000000000e+00 nan 7.321763681914487121e-01 1.430441656170000075e-01 4.361708213249999855e-02 4.030479416089999961e-02 1.282659999999999911e+01 3.564309999999999690e+01 4.487140000000000128e+01 4.891069999999999851e+01 5.143176578205492788e-01 7.431367238982469203e-01
-4.131380000000000052e-01 -3.463970000000000105e-01 -3.506449999999999845e-01 5.893389999999999462e-01 4.299109999999999876e-01 -3.552560000000000162e-01 0.000000000000000000e+00 0.000000000000000000e+00 6.862740000000000506e-01 3.694039764467527132e-02 0.000000000000000000e+00 nan 7.289267845172954230e-01 1.372662718440000040e-01 6.724922586850000383e-02 4.282098021019999784e-02 1.485960000000000036e+01 2.862719999999999843e+01 3.559389999999999787e+01 3.817690000000000339e+01 5.143176578205492788e-01 7.431367238982469203e-01
-4.143260000000000276e-01 -5.449580000000000535e-01 -5.648279999999999967e-01 5.044020000000000170e-01 3.584870000000000001e-01 -3.556779999999999942e-01 0.000000000000000000e+00 0.000000000000000000e+00 9.544730000000000159e-01 4.184738085109940275e-02 0.000000000000000000e+00 nan 7.251464810349697032e-01 1.372662718440000040e-01 6.724922586850000383e-02 4.282098021019999784e-02 1.485960000000000036e+01 2.862719999999999843e+01 3.559389999999999787e+01 3.817690000000000339e+01 4.920106773939884048e-01 7.094513351026376924e-01
-4.140110000000000179e-01 -5.218390000000000528e-01 -7.078900000000000192e-01 4.276070000000000149e-01 3.963309999999999889e-01 -3.557799999999999851e-01 0.000000000000000000e+00 0.000000000000000000e+00 1.088570000000000038e+00 4.694668920326261485e-02 0.000000000000000000e+00 nan 7.205559309118361178e-01 1.361898472089999867e-01 7.941375385670000620e-02 5.015840347040000091e-02 1.345279999999999987e+01 2.394819999999999993e+01 2.658109999999999928e+01 3.320680000000000121e+01 4.920106773939884048e-01 7.094513351026376924e-01
-4.150900000000000145e-01 -7.259210000000000385e-01 -9.730969999999999898e-01 2.968080000000000163e-01 2.225999999999999923e-01 -3.553609999999999824e-01 0.000000000000000000e+00 0.000000000000000000e+00 1.088570000000000038e+00 5.218054549995498892e-02 0.000000000000000000e+00 nan 7.190997243259378280e-01 1.361898472089999867e-01 7.941375385670000620e-02 5.015840347040000091e-02 1.345279999999999987e+01 2.394819999999999993e+01 2.658109999999999928e+01 3.320680000000000121e+01 4.906305332812659348e-01 7.130910469587824485e-01
-4.150460000000000260e-01 -7.022059999999999969e-01 -8.153569999999999984e-01 3.280170000000000030e-01 3.016840000000000077e-01 -3.555760000000000032e-01 0.000000000000000000e+00 0.000000000000000000e+00 7.309740000000000126e-01 5.748964805799183786e-02 0.000000000000000000e+00 nan 7.164421229543693759e-01 1.068651364960000044e-01 9.326366410250000460e-02 6.016436287770000196e-02 7.785029999999999895e+00 1.776020000000000110e+01 2.186659999999999826e+01 2.793390000000000128e+01 4.906305332812659348e-01 7.130910469587824485e-01
-4.148379999999999845e-01 -5.940330000000000332e-01 -5.618309999999999693e-01 1.221760000000000068e-01 6.218769999999999853e-02 -3.554519999999999902e-01 0.000000000000000000e+00 0.000000000000000000e+00 1.051760000000000056e-01 6.281384262398093110e-02 0.000000000000000000e+00 nan 7.126132384825949462e-01 1.068651364960000044e-01 9.326366410250000460e-02 6.016436287770000196e-02 7.785029999999999895e+00 1.776020000000000110e+01 2.186659999999999826e+01 2.793390000000000128e+01 4.487875594451606887e-01 7.098160284533030495e-01
-4.146690000000000098e-01 -5.686670000000000336e-01 -6.424400000000000110e-01 6.121399999999999758e-02 4.113429999999999864e-02 -3.556560000000000277e-01 0.000000000000000000e+00 0.000000000000000000e+00 6.047620000000000079e-02 6.809280394604944053e-02 0.000000000000000000e+00 nan 7.076564537016237777e-01 6.837233784620000421e-02 1.145969108900000005e-01 7.557909368309999321e-02 1.546659999999999968e+01 1.829210000000000136e+01 2.207359999999999900e+01 2.941150000000000020e+01 4.487875594451606887e-01 7.098160284533030495e-01
-4.148919999999999830e-01 -6.742080000000000295e-01 -5.390789999999999749e-01 2.934339999999999865e-02 2.366599999999999954e-02 -3.559329999999999994e-01 0.000000000000000000e+00 0.000000000000000000e+00 1.498760000000000092e-01 7.326671928305239501e-02 0.000000000000000000e+00 nan 7.016279309636552775e-01 6.837233784620000421e-02 1.145969108900000005e-01 7.557909368309999321e-02 1.546659999999999968e+01 1.829210000000000136e+01 2.207359999999999900e+01 2.941150000000000020e+01 4.131284871373778200e-01 7.196121973677085393e-01
-4.154550000000000187e-01 -8.357019999999999449e-01 -5.894989999999999952e-01 -5.457820000000000032e-02 -5.182029999999999970e-02 -3.559050000000000269e-01 0.000000000000000000e+00 0.000000000000000000e+00 1.051760000000000056e-01 7.827696610683010370e-02 0.000000000000000000e+00 nan 6.945959758401857309e-01 5.607795090889999834e-02 9.141350986589999450e-02 8.519582613979999330e-02 6.423910000000000231e+00 2.139369999999999905e+01 2.914649999999999963e+01 3.366629999999999967e+01 4.131284871373778200e-01 7.196121973677085393e-01
-4.157489999999999797e-01 -9.238229999999999498e-01 -8.007090000000000041e-01 -1.560479999999999923e-01 -1.510070000000000023e-01 -3.558799999999999741e-01 0.000000000000000000e+00 0.000000000000000000e+00 1.051760000000000056e-01 8.306677631887571245e-02 0.000000000000000000e+00 nan 6.866402631925909716e-01 5.607795090889999834e-02 9.141350986589999450e-02 8.519582613979999330e-02 6.423910000000000231e+00 2.139369999999999905e+01 2.914649999999999963e+01 3.366629999999999967e+01 4.462840422174315647e-01 7.234938345158786754e-01
-4.159889999999999977e-01 -1.075900000000000079e+00 -1.128830000000000000e+00 -2.810690000000000133e-01 -2.603699999999999903e-01 -3.558060000000000112e-01 0.000000000000000000e+00 0.000000000000000000e+00 1.051760000000000056e-01 8.758187945557593945e-02 0.000000000000000000e+00 nan 6.778509344241099299e-01 7.172875459149999355e-02 9.624969370529999624e-02 1.007639366719999957e-01 1.517559999999999931e+01 2.393290000000000006e+01 3.139359999999999928e+01 3.826370000000000005e+01 4.462840422174315647e-01 7.234938345158786754e-01
-4.157270000000000132e-01 -8.851729999999999876e-01 -8.397989999999999622e-01 -3.283619999999999872e-01 -3.587989999999999791e-01 -3.557310000000000194e-01 0.000000000000000000e+00 0.000000000000000000e+00 1.577639999999999945e-02 9.177111759424816384e-02 0.000000000000000000e+00 nan 6.683275761417271088e-01 7.172875459149999355e-02 9.624969370529999624e-02 1.007639366719999957e-01 1.517559999999999931e+01 2.393290000000000006e+01 3.139359999999999928e+01 3.826370000000000005e+01 4.946318813290039307e-01 7.151744931304050423e-01
-4.158970000000000167e-01 -9.692600000000000104e-01 -9.598980000000000290e-01 -3.861609999999999765e-01 -4.302250000000000241e-01 -3.554570000000000229e-01 0.000000000000000000e+00 0.000000000000000000e+00 2.839749999999999774e-01 9.558702499284688070e-02 0.000000000000000000e+00 nan 6.581780918001224334e-01 1.120027989749999980e-01 8.418104614360000237e-02 1.205828101699999988e-01 1.085330000000000084e+01 2.849330000000000140e+01 4.009770000000000323e+01 4.356179999999999808e+01 4.946318813290039307e-01 7.151744931304050423e-01
-4.160240000000000049e-01 -1.146320000000000006e+00 -9.962699999999999889e-01 -6.725259999999999572e-01 -5.067310000000000425e-01 -3.555010000000000114e-01 0.000000000000000000e+00 0.000000000000000000e+00 1.051760000000000056e-01 9.898636589578635459e-02 0.000000000000000000e+00 nan 6.475174791124146401e-01 1.120027989749999980e-01 8.418104614360000237e-02 1.205828101699999988e-01 1.085330000000000084e+01 2.849330000000000140e+01 4.009770000000000323e+01 4.356179999999999808e+01 5.279907134489159048e-01 7.204282438751377082e-01
-4.160960000000000214e-01 -1.167990000000000084e+00 -1.130540000000000100e+00 -6.173809999999999576e-01 -5.677100000000000479e-01 -3.474340000000000206e-01 0.000000000000000000e+00 0.000000000000000000e+00 -2.892339999999999842e-02 1.019306244123286964e-01 0.000000000000000000e+00 nan 6.364665270801199703e-01 1.894193800370000125e-01 8.613916393409999650e-02 1.482316025529999970e-01 1.683990000000000009e+01 4.276789999999999736e+01 5.261740000000000350e+01 5.508100000000000307e+01 5.279907134489159048e-01 7.204282438751377082e-01
-4.147950000000000248e-01 -5.775369999999999671e-01 -4.252150000000000096e-01 -6.744189999999999907e-01 -6.596370000000000289e-01 -3.060180000000000122e-01 0.000000000000000000e+00 6.312837835736884173e-04 -1.183229999999999976e-01 1.043864409170158769e-01 0.000000000000000000e+00 nan 6.209355108130203416e-01 1.894193800370000125e-01 8.613916393409999650e-02 1.482316025529999970e-01 1.683990000000000009e+01 4.276789999999999736e+01 5.261740000000000350e+01 5.508100000000000307e+01 5.452211172748038237e-01 7.193088880463629486e-01
-4.153350000000000097e-01 -7.887610000000000454e-01 -4.619349999999999845e-01 -7.511569999999999636e-01 -5.885139999999999816e-01 -1.655300000000000105e-01 0.000000000000000000e+00 1.283131572506035489e-03 -3.865219999999999767e-01 1.063259900275544956e-01 0.000000000000000000e+00 nan 6.051302814750724179e-01 2.982156905910000044e-01 1.010243300020000068e-01 1.681266906140000128e-01 2.286980000000000146e+01 5.032770000000000010e+01 6.575249999999999773e+01 6.314959999999999951e+01 5.452211172748038237e-01 7.193088880463629486e-01
-3.805910000000000126e-01 4.356990000000000030e-01 5.685519999999999463e-01 -6.101630000000000109e-01 -4.636250000000000093e-01 -5.866450000000000137e-02 0.000000000000000000e+00 1.996438379117115858e-03 -5.653209999999999624e-01 1.077272958775185030e-01 0.000000000000000000e+00 nan 5.932597971738947651e-01 2.982156905910000044e-01 1.010243300020000068e-01 1.681266906140000128e-01 2.286980000000000146e+01 5.032770000000000010e+01 6.575249999999999773e+01 6.314959999999999951e+01 5.364909033524662973e-01 7.176695733809962396e-01
-2.781279999999999863e-01 8.791759999999999575e-01 9.719889999999999919e-01 -3.620729999999999782e-01 -1.799969999999999903e-01 -1.208810000000000023e-01 0.000000000000000000e+00 2.811402860498746215e-03 -6.547209999999999974e-01 1.085744811116937658e-01 0.000000000000000000e+00 nan 5.812436186473446398e-01 3.948878528970000135e-01 6.611818208099999594e-02 1.637313134579999885e-01 1.576570000000000071e+01 5.127420000000000044e+01 5.948640000000000327e+01 5.682200000000000273e+01 5.364909033524662973e-01 7.176695733809962396e-01
-4.383190000000000003e-02 1.188299999999999912e+00 1.309430000000000094e+00 -4.486990000000000145e-01 -3.366000000000000103e-01 1.625179999999999958e-01 0.000000000000000000e+00 3.767071851666803362e-03 -6.547209999999999974e-01 1.088579467828594272e-01 0.000000000000000000e+00 nan 5.692178939995488074e-01 3.948878528970000135e-01 6.611818208099999594e-02 1.637313134579999885e-01 1.576570000000000071e+01 5.127420000000000044e+01 5.948640000000000327e+01 5.682200000000000273e+01 5.997314603315555548e-01 6.638827203957464729e-01
-2.222609999999999864e-01 9.700659999999999838e-01 1.124630000000000019e+00 -3.942869999999999986e-01 -1.711370000000000113e-01 3.640269999999999895e-01 0.000000000000000000e+00 4.900897949319360514e-03 -6.100210000000000354e-01 1.085744811116937658e-01 0.000000000000000000e+00 nan 5.573188794960026726e-01 3.762629257130000182e-01 6.298379417320000562e-02 1.286366664170000007e-01 2.675159999999999982e+01 5.021249999999999858e+01 5.034219999999999828e+01 5.134519999999999840e+01 5.997314603315555548e-01 6.638827203957464729e-01
-4.001419999999999977e-01 1.029579999999999940e-01 4.431749999999999856e-01 -2.270780000000000021e-01 -4.071260000000000157e-02 7.870510000000000006e-02 0.000000000000000000e+00 6.248315158949635517e-03 -6.100210000000000354e-01 1.077272958775185030e-01 0.000000000000000000e+00 nan 5.456813957256363423e-01 3.762629257130000182e-01 6.298379417320000562e-02 1.286366664170000007e-01 2.675159999999999982e+01 5.021249999999999858e+01 5.034219999999999828e+01 5.134519999999999840e+01 7.915714919999786714e-01 8.111791149867302320e-01
2.664639999999999787e-01 1.367620000000000058e+00 1.537379999999999969e+00 3.197090000000000088e-03 2.018949999999999911e-01 1.387829999999999897e-01 0.000000000000000000e+00 7.842337413405342517e-03 -6.547209999999999974e-01 1.063259900275544956e-01 0.000000000000000000e+00 nan 5.344373000296706033e-01 3.307511334100000089e-01 6.034974463480000106e-02 1.135176340590000055e-01 2.674530000000000030e+01 4.671340000000000003e+01 4.899969999999999715e+01 5.017719999999999914e+01 7.915714919999786714e-01 8.111791149867302320e-01
6.671099999999999808e-01 1.520000000000000018e+00 1.674209999999999976e+00 1.319430000000000047e-01 2.186529999999999863e-01 4.975079999999999780e-02 0.000000000000000000e+00 9.713184511838446333e-03 -6.547209999999999974e-01 1.043864409170158769e-01 0.000000000000000000e+00 nan 5.237139925052536338e-01 3.307511334100000089e-01 6.034974463480000106e-02 1.135176340590000055e-01 2.674530000000000030e+01 4.671340000000000003e+01 4.899969999999999715e+01 5.017719999999999914e+01 8.773223064454870324e-01 8.415281012475401834e-01
-3.434949999999999948e-01 6.496089999999999920e-01 8.247710000000000319e-01 7.840859999999999844e-03 1.644160000000000066e-01 -1.922780000000000045e-01 0.000000000000000000e+00 1.188793971730461863e-02 -3.865219999999999767e-01 1.019306244123286964e-01 0.000000000000000000e+00 nan 5.136329725114532341e-01 3.308738572130000000e-01 7.026103508759999616e-02 1.155202938919999978e-01 1.636230000000000118e+01 3.928359999999999985e+01 4.383520000000000039e+01 4.767289999999999850e+01 8.773223064454870324e-01 8.415281012475401834e-01
-4.157069999999999932e-01 -8.883349999999999858e-01 -6.874449999999999728e-01 -2.433359999999999967e-01 -2.185999999999999888e-01 -2.715960000000000041e-01 0.000000000000000000e+00 1.439024289257129219e-02 -7.362319999999999975e-02 9.898636589578635459e-02 0.000000000000000000e+00 nan 5.043084620329700840e-01 3.308738572130000000e-01 7.026103508759999616e-02 1.155202938919999978e-01 1.636230000000000118e+01 3.928359999999999985e+01 4.383520000000000039e+01 4.767289999999999850e+01 6.362357371734862488e-01 6.719673581397028750e-01
-4.085010000000000030e-01 -5.731039999999999746e-02 9.764710000000000056e-02 -6.513740000000000085e-01 -5.160850000000000160e-01 -2.737169999999999881e-01 0.000000000000000000e+00 1.724002265102697606e-02 -3.418220000000000147e-01 9.558702499284688070e-02 0.000000000000000000e+00 nan 4.958461114994111574e-01 3.181870569560000250e-01 7.844438711829999911e-02 9.347870398799999758e-02 1.867689999999999984e+01 3.238349999999999795e+01 3.730769999999999698e+01 3.938620000000000232e+01 6.362357371734862488e-01 6.719673581397028750e-01
-3.483769999999999922e-01 6.480139999999999789e-01 7.568409999999999860e-01 -4.498289999999999789e-01 -2.957730000000000081e-01 -2.423980000000000024e-01 0.000000000000000000e+00 2.045327055752754752e-02 -6.547209999999999974e-01 9.177111759424816384e-02 0.000000000000000000e+00 nan 4.883418027237053094e-01 3.181870569560000250e-01 7.844438711829999911e-02 9.347870398799999758e-02 1.867689999999999984e+01 3.238349999999999795e+01 3.730769999999999698e+01 3.938620000000000232e+01 6.883388521266523563e-01 9.099568506382134103e-01
-1.893400000000000083e-01 1.024329999999999963e+00 1.165219999999999922e+00 -5.781359999999999832e-01 -5.574369999999999603e-01 -2.180749999999999911e-01 0.000000000000000000e+00 2.404185993757734785e-02 -6.547209999999999974e-01 8.758187945557593945e-02 0.000000000000000000e+00 nan 4.818805625228508305e-01 3.420576641179999822e-01 6.728282132670000693e-02 1.033715506740000012e-01 1.225099999999999945e+01 2.778160000000000096e+01 3.154090000000000060e+01 3.265979999999999706e+01 6.883388521266523563e-01 9.099568506382134103e-01
-3.736889999999999934e-01 4.276739999999999986e-01 7.397340000000000027e-01 -3.052019999999999733e-01 -2.095519999999999883e-01 -2.767540000000000000e-01 0.000000000000000000e+00 2.801341134780643838e-02 -6.100210000000000354e-01 8.306677631887571245e-02 0.000000000000000000e+00 nan 4.721833616047099724e-01 3.420576641179999822e-01 6.728282132670000693e-02 1.033715506740000012e-01 1.225099999999999945e+01 2.778160000000000096e+01 3.154090000000000060e+01 3.265979999999999706e+01 8.461192808272306465e-01 1.000000000000000000e+00
-3.293269999999999809e-01 7.139839999999999520e-01 8.674760000000000248e-01 -6.991699999999999582e-01 -6.818929999999999714e-01 -3.233240000000000003e-01 0.000000000000000000e+00 3.237120623201916736e-02 -6.100210000000000354e-01 7.827696610683010370e-02 0.000000000000000000e+00 nan 4.632526505413475659e-01 2.871432668039999858e-01 7.271325994499999723e-02 9.194325019320000181e-02 1.356189999999999962e+01 2.400169999999999959e+01 2.754909999999999926e+01 2.621369999999999933e+01 8.461192808272306465e-01 1.000000000000000000e+00
-3.752240000000000020e-01 4.885329999999999950e-01 5.936540000000000150e-01 -6.858290000000000219e-01 -5.490340000000000220e-01 -3.244000000000000217e-01 0.000000000000000000e+00 3.711414974112436926e-02 -6.547209999999999974e-01 7.326671928305261705e-02 0.000000000000000000e+00 nan 4.548672586760195147e-01 2.871432668039999858e-01 7.271325994499999723e-02 9.194325019320000181e-02 1.356189999999999962e+01 2.400169999999999959e+01 2.754909999999999926e+01 2.621369999999999933e+01 7.052482922053953107e-01 8.025420209788947101e-01
-4.103289999999999993e-01 -1.444000000000000006e-01 2.333330000000000126e-02 -8.897800000000000153e-01 -8.280840000000000423e-01 -3.462069999999999870e-01 0.000000000000000000e+00 4.223678313821377373e-02 -6.100210000000000354e-01 6.809280394604944053e-02 0.000000000000000000e+00 nan 4.467998366675696165e-01 1.994959044580000007e-01 8.234237360559999719e-02 9.130457282369999761e-02 1.045889999999999986e+01 2.096039999999999992e+01 2.333030000000000115e+01 2.444290000000000163e+01 7.052482922053953107e-01 8.025420209788947101e-01
-4.111420000000000075e-01 -1.965409999999999935e-01 -1.154490000000000030e-02 -1.010210000000000052e+00 -9.589959999999999596e-01 -3.515170000000000239e-01 0.000000000000000000e+00 4.772934564823128056e-02 -6.100210000000000354e-01 6.281384262398093110e-02 0.000000000000000000e+00 nan 4.388194324493087661e-01 1.994959044580000007e-01 8.234237360559999719e-02 9.130457282369999761e-02 1.045889999999999986e+01 2.096039999999999992e+01 2.333030000000000115e+01 2.444290000000000163e+01 7.474496755591456543e-01 7.532145371824729985e-01
-4.117140000000000244e-01 -2.197399999999999909e-01 -7.678870000000000140e-02 -1.159229999999999983e+00 -1.175510000000000055e+00 -3.520519999999999761e-01 0.000000000000000000e+00 5.357788505145533176e-02 -6.100210000000000354e-01 5.748964805799183786e-02 0.000000000000000000e+00 nan 4.306941080082142825e-01 1.476143621530000005e-01 1.180770593219999942e-01 7.090750350350000231e-02 7.877810000000000201e+00 1.533200000000000074e+01 2.118130000000000024e+01 2.388179999999999836e+01 7.474496755591456543e-01 7.532145371824729985e-01
-4.155519999999999770e-01 -8.187579999999999858e-01 -5.653529999999999944e-01 -1.199300000000000033e+00 -1.170679999999999943e+00 -3.533910000000000107e-01 0.000000000000000000e+00 5.976441576772340003e-02 -6.100210000000000354e-01 5.218054549995498892e-02 0.000000000000000000e+00 nan 4.221935673352958940e-01 1.476143621530000005e-01 1.180770593219999942e-01 7.090750350350000231e-02 7.877810000000000201e+00 1.533200000000000074e+01 2.118130000000000024e+01 2.388179999999999836e+01 8.005103323579602081e-01 8.135947570817311236e-01
-4.130389999999999895e-01 -3.167150000000000243e-01 -2.072620000000000018e-01 -1.198010000000000019e+00 -1.304570000000000007e+00 -3.509439999999999782e-01 0.000000000000000000e+00 6.626712264024126053e-02 -6.547209999999999974e-01 4.694668920326261485e-02 0.000000000000000000e+00 nan 4.130917657713981672e-01 1.305157950109999965e-01 1.125507450860000064e-01 6.408927583380000237e-02 9.778800000000000381e+00 1.443820000000000014e+01 1.581010000000000026e+01 2.107469999999999999e+01 8.005103323579602081e-01 8.135947570817311236e-01
-4.154510000000000147e-01 -7.532489999999999464e-01 -5.729750000000000121e-01 -1.126889999999999947e+00 -1.204960000000000031e+00 -3.489070000000000227e-01 0.000000000000000000e+00 7.306060811002756950e-02 -6.100210000000000354e-01 4.184738085109940275e-02 0.000000000000000000e+00 nan 4.031694711835124290e-01 1.305157950109999965e-01 1.125507450860000064e-01 6.408927583380000237e-02 9.778800000000000381e+00 1.443820000000000014e+01 1.581010000000000026e+01 2.107469999999999999e+01 8.461995217640168043e-01 7.473505569697955764e-01
-4.147850000000000148e-01 -5.640060000000000073e-01 -4.254629999999999801e-01 -1.078540000000000054e+00 -1.142980000000000107e+00 -3.445360000000000089e-01 0.000000000000000000e+00 8.011617998040387878e-02 -6.100210000000000354e-01 3.694039764467527132e-02 0.000000000000000000e+00 nan 3.922167479524444333e-01 1.228301390840000062e-01 1.178643857179999949e-01 6.528753390810000667e-02 1.024810000000000088e+01 1.482910000000000039e+01 1.589879999999999960e+01 -1.000000000000000000e+00 8.461995217640168043e-01 7.473505569697955764e-01
-4.089679999999999982e-01 -5.488769999999999760e-02 3.240610000000000018e-02 -1.091599999999999904e+00 -1.119539999999999980e+00 -3.403769999999999851e-01 0.000000000000000000e+00 8.740217651104886798e-02 -6.547209999999999974e-01 3.228133766445018260e-02 0.000000000000000000e+00 nan 3.800353356272648808e-01 1.228301390840000062e-01 1.178643857179999949e-01 6.528753390810000667e-02 1.024810000000000088e+01 1.482910000000000039e+01 1.589879999999999960e+01 -1.000000000000000000e+00 7.750365096262377129e-01 7.637870335265125599e-01
-4.044189999999999729e-01 9.755769999999999720e-02 1.876490000000000102e-01 -1.104780000000000095e+00 -1.154490000000000016e+00 -3.434429999999999983e-01 0.000000000000000000e+00 9.488432515816769275e-02 -6.547209999999999974e-01 2.792298992166586391e-02 0.000000000000000000e+00 nan 3.664408952954404386e-01 7.971731874449999866e-02 1.056295880450000002e-01 5.061808672640000228e-02 8.664609999999999701e+00 1.620260000000000034e+01 -1.000000000000000000e+00 -1.000000000000000000e+00 7.750365096262377129e-01 7.637870335265125599e-01
-4.090079999999999827e-01 -5.491019999999999929e-02 2.616330000000000044e-02 -1.090989999999999904e+00 -1.070789999999999909e+00 -3.494369999999999976e-01 0.000000000000000000e+00 1.025261308961071816e-01 -6.547209999999999974e-01 2.391473623775552948e-02 0.000000000000000000e+00 nan 3.512650982163703084e-01 7.971731874449999866e-02 1.056295880450000002e-01 5.061808672640000228e-02 8.664609999999999701e+00 1.620260000000000034e+01 -1.000000000000000000e+00 -1.000000000000000000e+00 6.451103847820389703e-01 9.071945693188178117e-01
-4.136170000000000124e-01 -3.732539999999999747e-01 -2.796350000000000224e-01 -1.174250000000000016e+00 -1.219600000000000017e+00 -3.538009999999999766e-01 0.000000000000000000e+00 1.102892897205791645e-01 -6.547209999999999974e-01 2.030199172857494183e-02 0.000000000000000000e+00 nan 3.343575330532784218e-01 4.982122473819999842e-02 1.018384266980000008e-01 4.391321567139999660e-02 8.543889999999999318e+00 -1.000000000000000000e+00 -1.000000000000000000e+00 -1.000000000000000000e+00 6.451103847820389703e-01 9.071945693188178117e-01
-4.160789999999999766e-01 -1.091490000000000071e+00 -1.022210000000000063e+00 -1.074019999999999975e+00 -1.189009999999999900e+00 -3.556940000000000102e-01 0.000000000000000000e+00 1.181341226483354490e-01 -4.759220000000000117e-01 1.712569023299215232e-02 0.000000000000000000e+00 nan 3.155874100937594573e-01 4.982122473819999842e-02 1.018384266980000008e-01 4.391321567139999660e-02 8.543889999999999318e+00 -1.000000000000000000e+00 -1.000000000000000000e+00 -1.000000000000000000e+00 0.000000000000000000e+00 0.000000000000000000e+00
