-5.090419999999999945e-01 -1.188649999999999984e+00 -6.119379999999999820e-01 -9.910489999999999577e-01 -1.155119999999999925e+00 -4.539739999999999887e-01 3.026030659300382730e-02 2.592261172809470215e-01 -6.240320000000000311e-01 8.241631288361528362e-03 1.642287566591905668e-01 nan 9.694272423986728393e-01 1.212093431960000051e-01 1.224574332590000064e-01 1.228268461559999941e-01 -1.000000000000000000e+00 -1.000000000000000000e+00 -1.000000000000000000e+00 -1.000000000000000000e+00 0.000000000000000000e+00 0.000000000000000000e+00
-4.924109999999999876e-01 -3.191180000000000128e-01 -3.355380000000000168e-02 -1.161920000000000064e+00 -1.397459999999999924e+00 -4.494090000000000029e-01 3.868794891762261656e-02 2.580480145424871585e-01 -6.240320000000000311e-01 1.160594087032151833e-02 1.931679929761912495e-01 nan 9.846265274056251737e-01 1.181790489840000014e-01 1.085484271820000013e-01 1.260394973910000105e-01 9.718790000000000262e+00 -1.000000000000000000e+00 -1.000000000000000000e+00 -1.000000000000000000e+00 0.000000000000000000e+00 0.000000000000000000e+00
-5.055469999999999686e-01 -7.437960000000000127e-01 -5.204229999999999690e-01 -1.078850000000000087e+00 -1.274489999999999901e+00 -4.542390000000000039e-01 4.859142780857028665e-02 2.587842651584553177e-01 -6.510209999999999608e-01 1.555110218424626822e-02 2.260836551856911791e-01 nan 9.948560815848586092e-01 1.181790489840000014e-01 1.085484271820000013e-01 1.260394973910000105e-01 9.718790000000000262e+00 -1.000000000000000000e+00 -1.000000000000000000e+00 -1.000000000000000000e+00 0.000000000000000000e+00 0.000000000000000000e+00
-5.071109999999999784e-01 -8.657179999999999875e-01 -6.034359999999999724e-01 -1.100410000000000110e+00 -1.264049999999999896e+00 -4.613970000000000016e-01 6.024814259009791950e-02 2.616292614694528673e-01 -6.510209999999999608e-01 2.023172580865573167e-02 2.626027956824253939e-01 nan 1.000000000000000000e+00 9.332884403230000403e-02 1.273401679810000076e-01 9.271483355180000496e-02 6.764569999999999972e+00 1.517779999999999951e+01 -1.000000000000000000e+00 -1.000000000000000000e+00 0.000000000000000000e+00 0.000000000000000000e+00
-5.110050000000000425e-01 -1.524340000000000028e+00 -1.099830000000000085e+00 -9.654740000000000544e-01 -1.213419999999999943e+00 -4.617749999999999910e-01 7.383850472755326688e-02 2.667535028847440870e-01 -5.160770000000000080e-01 2.579408924021575622e-02 3.023116380122579105e-01 nan 9.999999999999998890e-01 9.332884403230000403e-02 1.273401679810000076e-01 9.271483355180000496e-02 6.764569999999999972e+00 1.517779999999999951e+01 -1.000000000000000000e+00 -1.000000000000000000e+00 7.021104141589493697e-01 7.241631136686637049e-01
-5.088989999999999903e-01 -1.059989999999999988e+00 -7.462689999999999602e-01 -1.070440000000000058e+00 -1.347560000000000091e+00 -4.631799999999999806e-01 8.950953645948145354e-02 2.743016640558221253e-01 -4.890880000000000227e-01 3.237447951125260737e-02 3.447602651247433370e-01 nan 9.948560815848586092e-01 8.173881381540000490e-02 1.433474313860000071e-01 8.781857261480000010e-02 9.163220000000000809e+00 1.634250000000000114e+01 1.770339999999999847e+01 -1.000000000000000000e+00 7.021104141589493697e-01 7.241631136686637049e-01
-5.110099999999999643e-01 -1.584940000000000015e+00 -1.027930000000000010e+00 -1.085080000000000044e+00 -1.308550000000000102e+00 -4.625830000000000219e-01 1.073834561590948367e-01 2.843909556547969952e-01 -6.240320000000000311e-01 4.009764900321732828e-02 3.894677171130864757e-01 nan 9.846265274056253958e-01 8.173881381540000490e-02 1.433474313860000071e-01 8.781857261480000010e-02 9.163220000000000809e+00 1.634250000000000114e+01 1.770339999999999847e+01 -1.000000000000000000e+00 6.865529902070491852e-01 7.139692669460580010e-01
-5.115459999999999452e-01 -1.731589999999999963e+00 -1.453540000000000054e+00 -9.820750000000000313e-01 -1.199419999999999931e+00 -4.618800000000000128e-01 1.275625956505482828e-01 2.971097963306472689e-01 -5.700539999999999496e-01 4.907540195235737812e-02 4.359274406820680126e-01 nan 9.694272423986729503e-01 8.107273855490000625e-02 1.581269067870000045e-01 1.345828891109999981e-01 8.819879999999999498e+00 1.559839999999999982e+01 1.666300000000000026e+01 2.103709999999999880e+01 6.865529902070491852e-01 7.139692669460580010e-01
-5.107429999999999470e-01 -1.436649999999999983e+00 -1.023590000000000000e+00 -1.047530000000000072e+00 -1.312380000000000102e+00 -4.627129999999999854e-01 1.501072270614994819e-01 3.125168108905955755e-01 -4.890880000000000227e-01 5.940532766304396084e-02 4.836130285992877864e-01 nan 9.494304405364563104e-01 8.107273855490000625e-02 1.581269067870000045e-01 1.345828891109999981e-01 8.819879999999999498e+00 1.559839999999999982e+01 1.666300000000000026e+01 2.103709999999999880e+01 7.649389377158652970e-01 7.449780759568851440e-01
-5.111200000000000188e-01 -1.571280000000000010e+00 -1.147629999999999928e+00 -1.017660000000000009e+00 -1.217140000000000111e+00 -4.620380000000000043e-01 1.750401050471646069e-01 3.306401660576179236e-01 -5.700539999999999496e-01 7.116969478195878107e-02 5.319841840994494753e-01 nan 9.248626935743913258e-01 7.168291651390000518e-02 1.438343345410000029e-01 2.138671472579999899e-01 6.448970000000000091e+00 9.845439999999999969e+00 1.351050000000000040e+01 2.310000000000000142e+01 7.649389377158652970e-01 7.449780759568851440e-01
-5.029360000000000497e-01 -6.310130000000000461e-01 -3.378010000000000179e-01 -9.688520000000000465e-01 -1.226310000000000011e+00 -4.597339999999999760e-01 2.023709745125288340e-01 3.514772513302176771e-01 -5.700539999999999496e-01 8.443451916145550129e-02 5.804928426626032589e-01 nan 8.960023639023314557e-01 7.168291651390000518e-02 1.438343345410000029e-01 2.138671472579999899e-01 6.448970000000000091e+00 9.845439999999999969e+00 1.351050000000000040e+01 2.310000000000000142e+01 7.579707602692909996e-01 7.607385387405568578e-01
-5.115229999999999499e-01 -1.764129999999999976e+00 -1.371580000000000021e+00 -1.051679999999999948e+00 -1.177049999999999930e+00 -4.611100000000000199e-01 2.320812802848294387e-01 3.749947085604504737e-01 -4.620989999999999820e-01 9.924881587357203827e-02 6.285893818041519143e-01 nan 8.631764505874639504e-01 7.396106224560000664e-02 1.069108200200000053e-01 2.044789622779999982e-01 1.326600000000000001e+01 1.635470000000000113e+01 1.912500000000000000e+01 2.989480000000000004e+01 7.579707602692909996e-01 7.607385387405568578e-01
-5.114090000000000025e-01 -1.733519999999999950e+00 -1.255759999999999987e+00 -1.143620000000000081e+00 -1.243509999999999893e+00 -4.637260000000000271e-01 2.641134082971769992e-01 3.992827114535008048e-01 -5.160770000000000080e-01 1.156440438496805223e-01 6.757288485172201487e-01 nan 8.267568843442153481e-01 7.396106224560000664e-02 1.069108200200000053e-01 2.044789622779999982e-01 1.326600000000000001e+01 1.635470000000000113e+01 1.912500000000000000e+01 2.989480000000000004e+01 7.186235430036957972e-01 7.162268221804044543e-01
-5.093990000000000462e-01 -1.113939999999999930e+00 -8.588729999999999976e-01 -1.095169999999999977e+00 -1.281830000000000025e+00 -4.637709999999999888e-01 2.983870272916617772e-01 4.241877464418493116e-01 -6.240320000000000311e-01 1.336337494382244806e-01 7.213771338079735251e-01 nan 7.871563134106424053e-01 7.578383545059999560e-02 1.214044895029999932e-01 1.984470208780000078e-01 9.028000000000000469e+00 2.281240000000000023e+01 2.963690000000000069e+01 4.104099999999999682e+01 7.186235430036957972e-01 7.162268221804044543e-01
-5.091170000000000417e-01 -1.168299999999999894e+00 -6.563940000000000330e-01 -1.041570000000000107e+00 -1.320429999999999993e+00 -4.639739999999999975e-01 3.347869012851494297e-01 4.512542204334941687e-01 -5.700539999999999496e-01 1.532134129191765615e-01 7.650170243639383694e-01 nan 7.448234280790075879e-01 7.578383545059999560e-02 1.214044895029999932e-01 1.984470208780000078e-01 9.028000000000000469e+00 2.281240000000000023e+01 2.963690000000000069e+01 4.104099999999999682e+01 7.333341398353525609e-01 7.319145583524997445e-01
-5.113590000000000080e-01 -1.606759999999999966e+00 -1.421799999999999953e+00 -1.036310000000000064e+00 -1.217330000000000023e+00 -4.633240000000000136e-01 3.731847129954328768e-01 4.800958137430741957e-01 -5.430650000000000199e-01 1.743604997142741420e-01 8.061540627875003473e-01 nan 7.002378768554808897e-01 8.115761293329999682e-02 1.039402349419999982e-01 2.147876527360000065e-01 2.132829999999999870e+01 3.055130000000000123e+01 4.101169999999999760e+01 5.037749999999999773e+01 7.333341398353525609e-01 7.319145583524997445e-01
-5.114720000000000377e-01 -1.781479999999999952e+00 -1.298219999999999930e+00 -1.008329999999999949e+00 -1.244790000000000063e+00 -4.635819999999999941e-01 4.134174435069838394e-01 5.103060938740542340e-01 -5.160770000000000080e-01 1.970347157127946280e-01 8.443221499957936915e-01 nan 6.539048318509075308e-01 8.115761293329999682e-02 1.039402349419999982e-01 2.147876527360000065e-01 2.132829999999999870e+01 3.055130000000000123e+01 4.101169999999999760e+01 5.037749999999999773e+01 5.184638556038785318e-01 6.838271167231813052e-01
-5.111050000000000315e-01 -1.565700000000000092e+00 -1.173140000000000072e+00 -1.035209999999999964e+00 -1.242359999999999909e+00 -4.594130000000000158e-01 4.541408091842814576e-01 5.414631205613131826e-01 -5.160770000000000080e-01 2.211784638199308928e-01 8.790888263095550936e-01 nan 6.063492649789343769e-01 1.388796008160000095e-01 8.678351339779999396e-02 2.616259354839999829e-01 1.717820000000000036e+01 5.284309999999999974e+01 6.338819999999999766e+01 7.052639999999999532e+01 5.184638556038785318e-01 6.838271167231813052e-01
-5.088939999999999575e-01 -1.040689999999999893e+00 -8.251699999999999591e-01 -9.718250000000000499e-01 -1.065509999999999957e+00 -4.563099999999999934e-01 4.945409048589095580e-01 5.731342265229463218e-01 -6.240320000000000311e-01 2.467174965548897259e-01 9.100601713940901227e-01 nan 5.581099998144611884e-01 1.388796008160000095e-01 8.678351339779999396e-02 2.616259354839999829e-01 1.717820000000000036e+01 5.284309999999999974e+01 6.338819999999999766e+01 7.052639999999999532e+01 2.711903364928049953e-01 6.444789895849432071e-01
-5.104480000000000128e-01 -1.431429999999999980e+00 -8.728960000000000052e-01 -1.136269999999999891e+00 -1.256119999999999903e+00 -4.373049999999999993e-01 5.354128706645464586e-01 6.048809197534552595e-01 -5.700539999999999496e-01 2.735617573045173723e-01 9.368852675340696434e-01 nan 5.097336065072342048e-01 2.132766462679999975e-01 1.609879292230000092e-01 2.354781169240000027e-01 4.212740000000000151e+01 7.226980000000000359e+01 8.638009999999999877e+01 8.621829999999999927e+01 2.711903364928049953e-01 6.444789895849432071e-01
-5.007549999999999502e-01 -5.563099999999999712e-01 -2.766299999999999870e-01 -1.022790000000000088e+00 -1.139080000000000092e+00 -3.571949999999999847e-01 5.768967955508386147e-01 6.362638518133811871e-01 -5.430650000000000199e-01 3.016064007007113190e-01 9.592601756714630445e-01 nan 4.617682089236501142e-01 2.132766462679999975e-01 1.609879292230000092e-01 2.354781169240000027e-01 4.212740000000000151e+01 7.226980000000000359e+01 8.638009999999999877e+01 8.621829999999999927e+01 1.460353368859748091e-01 5.062711551107110797e-01
-4.914569999999999772e-01 -3.806990000000000096e-01 6.559660000000000490e-02 -1.029979999999999896e+00 -1.164590000000000014e+00 -2.725850000000000148e-02 6.188087034070290926e-01 6.668477958226803892e-01 -5.430650000000000199e-01 3.307329805603345108e-01 9.769313791565140681e-01 nan 4.147572741843312816e-01 2.775955986629999872e-01 2.216895925069999884e-01 2.139734800570000095e-01 2.505280000000000129e+01 7.953390000000000271e+01 9.493309999999999604e+01 9.627700000000000102e+01 1.460353368859748091e-01 5.062711551107110797e-01
-4.312090000000000090e-01 1.533480000000000121e-01 6.306450000000000111e-01 -8.667899999999999494e-01 -7.518089999999999495e-01 1.059229999999999894e+00 6.604002214926130154e-01 6.962065777551820211e-01 -5.160770000000000080e-01 3.608107919277999676e-01 9.896986561926827131e-01 nan 3.692334549644904484e-01 2.775955986629999872e-01 2.216895925069999884e-01 2.139734800570000095e-01 2.505280000000000129e+01 7.953390000000000271e+01 9.493309999999999604e+01 9.627700000000000102e+01 1.509711292439648300e-01 4.178477165359102408e-01
-2.632840000000000180e-01 5.956129999999999480e-01 1.093329999999999913e+00 -6.572109999999999896e-01 -3.341049999999999853e-01 2.031210000000000182e+00 7.009359253696230141e-01 7.239279051605947979e-01 -5.430650000000000199e-01 3.916983520144435849e-01 9.974173484296037229e-01 nan 3.257125543262839873e-01 3.174462377160000015e-01 2.425238869959999988e-01 2.049436229709999946e-01 3.423590000000000089e+01 7.360859999999999559e+01 9.374320000000000164e+01 9.524479999999999791e+01 1.509711292439648300e-01 4.178477165359102408e-01
5.230479999999999574e-01 1.168320000000000025e+00 1.654900000000000038e+00 -7.731660000000000199e-01 -4.972420000000000173e-01 3.272629999999999928e+00 7.402519008086422270e-01 7.496180386027135878e-01 -5.430650000000000199e-01 4.232450032550536534e-01 1.000000000000000000e+00 nan 2.846876814640120212e-01 3.174462377160000015e-01 2.425238869959999988e-01 2.049436229709999946e-01 3.423590000000000089e+01 7.360859999999999559e+01 9.374320000000000164e+01 9.524479999999999791e+01 1.754081404281315759e-01 1.957042814762289806e-01
2.790220000000000145e+00 1.640190000000000037e+00 2.099089999999999900e+00 -4.740039999999999809e-01 1.153409999999999991e-01 4.101740000000000386e+00 7.779026820980797785e-01 7.729062528845609403e-01 -5.430650000000000199e-01 4.552926203182852127e-01 9.974173484296037229e-01 nan 2.466236645799115834e-01 3.883323087680000119e-01 2.280737099640000043e-01 1.604866446169999905e-01 1.882169999999999987e+01 7.240760000000000218e+01 9.828740000000000521e+01 1.031250000000000000e+02 1.754081404281315759e-01 1.957042814762289806e-01
2.256170000000000009e+00 1.569409999999999972e+00 2.055489999999999817e+00 -5.153609999999999580e-01 -3.140659999999999979e-03 5.214590000000000281e+00 8.138142783978793426e-01 7.952951376148125195e-01 -5.430650000000000199e-01 4.876774017298465269e-01 9.896986561926828241e-01 nan 2.119517841948890258e-01 3.883323087680000119e-01 2.280737099640000043e-01 1.604866446169999905e-01 1.882169999999999987e+01 7.240760000000000218e+01 9.828740000000000521e+01 1.031250000000000000e+02 1.906570773576574673e-01 3.053578300803325707e-01
2.399329999999999963e+00 1.588950000000000085e+00 2.066699999999999982e+00 -7.858629999999999782e-01 -3.537540000000000129e-01 4.279410000000000380e+00 8.474893516911252700e-01 8.165324239990618960e-01 -5.430650000000000199e-01 5.202317258086555096e-01 9.769313791565144012e-01 nan 1.810648865678871067e-01 5.694910190940000172e-01 1.011732680739999973e-01 1.267059560819999986e-01 4.362460000000000093e+01 8.933530000000000371e+01 1.099789999999999992e+02 1.105370000000000061e+02 1.906570773576574673e-01 3.053578300803325707e-01
2.285709999999999908e+00 1.572869999999999990e+00 2.052589999999999915e+00 -4.661839999999999873e-01 -2.414830000000000032e-01 3.878400000000000070e+00 8.779848595454106119e-01 8.346739845187436391e-01 -5.430650000000000199e-01 5.527860498874648254e-01 9.592601756714631556e-01 nan 1.543129325907978133e-01 5.694910190940000172e-01 1.011732680739999973e-01 1.267059560819999986e-01 4.362460000000000093e+01 8.933530000000000371e+01 1.099789999999999992e+02 1.105370000000000061e+02 2.215541697162524137e-01 5.811432017284691165e-01
1.666199999999999903e+00 1.471160000000000023e+00 1.960860000000000047e+00 2.049709999999999865e-01 5.711479999999999890e-01 3.266880000000000006e+00 9.050915546546495216e-01 8.497170023984403908e-01 -5.700539999999999496e-01 5.851708312990260286e-01 9.368852675340696434e-01 nan 1.319990325917200780e-01 6.718682106290000400e-01 5.071613335959999913e-02 1.087388328290000011e-01 1.777209999999999823e+01 7.110240000000000293e+01 9.137149999999999750e+01 9.356340000000000146e+01 2.215541697162524137e-01 5.811432017284691165e-01
2.496910000000000185e+00 1.601860000000000062e+00 1.935610000000000053e+00 1.044370000000000021e+00 1.443200000000000038e+00 2.509780000000000122e+00 9.302967248787277210e-01 8.616937685889618503e-01 -4.351099999999999968e-01 6.172184483622574769e-01 9.100601713940901227e-01 nan 1.143760119738254089e-01 6.718682106290000400e-01 5.071613335959999913e-02 1.087388328290000011e-01 1.777209999999999823e+01 7.110240000000000293e+01 9.137149999999999750e+01 9.356340000000000146e+01 3.003816770806239100e-01 5.397223661603075540e-01
3.035989999999999966e+00 1.668819999999999970e+00 1.946649999999999991e+00 8.161110000000000309e-01 1.219530000000000003e+00 2.445390000000000175e+00 9.526799407330903691e-01 8.717466291703506176e-01 -3.811320000000000263e-01 6.487650996028677675e-01 8.790888263095550936e-01 nan 8.971140991999582148e-02 7.349057649569999962e-01 2.935086469700000020e-02 1.033290615470000007e-01 1.969989999999999952e+01 4.249909999999999854e+01 6.026639999999999731e+01 7.073059999999999548e+01 3.003816770806239100e-01 5.397223661603075540e-01
3.176480000000000192e+00 1.685049999999999937e+00 1.835930000000000062e+00 9.384449999999999736e-01 1.404020000000000046e+00 2.445530000000000204e+00 9.697651577596555494e-01 8.790026711939705750e-01 -4.351099999999999968e-01 6.796526596895112737e-01 8.443221499957940246e-01 nan 6.895661378337736291e-02 7.349057649569999962e-01 2.935086469700000020e-02 1.033290615470000007e-01 1.969989999999999952e+01 4.249909999999999854e+01 6.026639999999999731e+01 7.073059999999999548e+01 3.410112325568734892e-01 5.351042263252151487e-01
3.096729999999999983e+00 1.675859999999999905e+00 1.809199999999999919e+00 1.042270000000000030e+00 1.451610000000000067e+00 2.195320000000000160e+00 9.821754170062284572e-01 8.836620608784192532e-01 -3.811320000000000263e-01 7.097304710569767305e-01 8.061540627875005693e-01 nan 5.146300067388176469e-02 7.427356060690000206e-01 2.970032832790000035e-02 1.012078824749999967e-01 9.673429999999999751e+00 3.436119999999999663e+01 4.525209999999999866e+01 5.466980000000000217e+01 3.410112325568734892e-01 5.351042263252151487e-01
2.598720000000000141e+00 1.615329999999999933e+00 1.773910000000000098e+00 1.051150000000000029e+00 1.431440000000000046e+00 1.974159999999999915e+00 9.907734646800616662e-01 8.859543855508670296e-01 -3.271540000000000004e-01 7.388570509165999223e-01 7.650170243639384804e-01 nan 3.654499719462089846e-02 7.427356060690000206e-01 2.970032832790000035e-02 1.012078824749999967e-01 9.673429999999999751e+00 3.436119999999999663e+01 4.525209999999999866e+01 5.466980000000000217e+01 3.555161713736140205e-01 5.372951154989499267e-01
1.680989999999999984e+00 1.473249999999999948e+00 1.656400000000000095e+00 9.684490000000000043e-01 1.303500000000000103e+00 1.219090000000000007e+00 9.961430913835651602e-01 8.861360523309012027e-01 -3.271540000000000004e-01 7.669016943127939800e-01 7.213771338079736362e-01 nan 2.348784726243413612e-02 7.277523961340000014e-01 4.779983205109999966e-02 9.493174256540000411e-02 1.046310000000000073e+01 2.700900000000000034e+01 3.725719999999999743e+01 4.486809999999999832e+01 3.555161713736140205e-01 5.372951154989499267e-01
1.301879999999999926e+00 1.396120000000000028e+00 1.601520000000000055e+00 9.399429999999999730e-01 1.203789999999999916e+00 1.048489999999999922e+00 9.993976177196075561e-01 8.844873829354061856e-01 -3.271540000000000004e-01 7.937459550624216265e-01 6.757288485172203707e-01 nan 1.155571057991355843e-02 7.277523961340000014e-01 4.779983205109999966e-02 9.493174256540000411e-02 1.046310000000000073e+01 2.700900000000000034e+01 3.725719999999999743e+01 4.486809999999999832e+01 3.624783000550437784e-01 5.281164110629297248e-01
1.167200000000000015e+00 1.364740000000000064e+00 1.519700000000000051e+00 8.641469999999999985e-01 1.157089999999999952e+00 7.526119999999999477e-01 1.000000000000000000e+00 8.813094375215005938e-01 -3.541429999999999856e-01 8.192849877973804595e-01 6.285893818041523584e-01 nan 0.000000000000000000e+00 7.603170879049999664e-01 4.091688945920000237e-02 7.751453366039999515e-02 4.759649999999999714e+00 1.586449999999999960e+01 2.343909999999999982e+01 3.017099999999999937e+01 3.624783000550437784e-01 5.281164110629297248e-01
1.145180000000000087e+00 1.359520000000000062e+00 1.469649999999999901e+00 7.410820000000000185e-01 1.235570000000000057e+00 4.897349999999999759e-01 9.969521929748074163e-01 8.769206035546589506e-01 -4.351099999999999968e-01 8.434287359045167243e-01 5.804928426626034810e-01 nan 0.000000000000000000e+00 7.603170879049999664e-01 4.091688945920000237e-02 7.751453366039999515e-02 4.759649999999999714e+00 1.586449999999999960e+01 2.343909999999999982e+01 3.017099999999999937e+01 3.677588720262758848e-01 5.151498622739792976e-01
1.203699999999999992e+00 1.373550000000000049e+00 1.477899999999999991e+00 5.124069999999999458e-01 9.578130000000000255e-01 2.293679999999999886e-01 9.906296188175145456e-01 8.716529883515075072e-01 -4.890880000000000227e-01 8.661029519030373214e-01 5.319841840994496973e-01 nan 0.000000000000000000e+00 7.863609048399999857e-01 2.721469519360000117e-02 7.249651523729999658e-02 3.199009999999999909e+00 8.108660000000000423e+00 1.366980000000000040e+01 2.173730000000000118e+01 3.677588720262758848e-01 5.151498622739792976e-01
1.833579999999999988e+00 1.500650000000000039e+00 1.498410000000000020e+00 1.022389999999999910e+00 1.440669999999999895e+00 3.935440000000000049e-01 9.808855703039557339e-01 8.658486561712227525e-01 -4.351099999999999968e-01 8.872500386981349019e-01 4.836130285992880085e-01 nan 0.000000000000000000e+00 7.863609048399999857e-01 2.721469519360000117e-02 7.249651523729999658e-02 3.199009999999999909e+00 8.108660000000000423e+00 1.366980000000000040e+01 2.173730000000000118e+01 3.751020729118150765e-01 5.035348163501544017e-01
7.407279999999999420e-02 9.411559999999999926e-01 1.235319999999999974e+00 4.764740000000000086e-01 7.563860000000000028e-01 2.585350000000000148e-01 9.665042795537169829e-01 8.598557524907934901e-01 -3.811320000000000263e-01 9.068297021790868717e-01 4.359274406820682346e-01 nan 0.000000000000000000e+00 8.066488320650000432e-01 1.845479380000000086e-02 7.557248835539999432e-02 5.121760000000000090e+00 8.312300000000000466e+00 9.930640000000000356e+00 1.545359999999999978e+01 3.751020729118150765e-01 5.035348163501544017e-01
4.433880000000000265e+00 1.804389999999999938e+00 1.626959999999999962e+00 1.535879999999999912e+00 1.954599999999999893e+00 5.755390000000000228e-01 9.502014538017751200e-01 8.540245593776540911e-01 -3.271540000000000004e-01 9.248194077676307190e-01 3.894677171130866977e-01 nan 0.000000000000000000e+00 8.066488320650000432e-01 1.845479380000000086e-02 7.557248835539999432e-02 5.121760000000000090e+00 8.312300000000000466e+00 9.930640000000000356e+00 1.545359999999999978e+01 3.823968836761975076e-01 4.982015315012287004e-01
-1.975280000000000091e-01 7.121680000000000232e-01 3.769959999999999978e-01 4.438739999999999908e-01 8.583340000000000414e-01 6.885550000000000281e-01 9.343233414132349202e-01 8.487035266538960343e-01 -3.001650000000000151e-01 9.412146357437394251e-01 3.447602651247435590e-01 nan 0.000000000000000000e+00 8.116293624939999729e-01 1.881830550919999859e-02 7.077249456930000127e-02 3.233379999999999921e+00 6.617810000000000414e+00 9.912390000000000256e+00 1.537250000000000050e+01 3.823968836761975076e-01 4.982015315012287004e-01
7.877330000000000165e-01 1.262809999999999988e+00 1.383860000000000090e+00 3.957780000000000187e-01 1.025290000000000035e+00 7.124149999999999927e-02 9.173450798992107691e-01 8.442353238205486665e-01 -3.001650000000000151e-01 9.560289324558559620e-01 3.023116380122581326e-01 nan 0.000000000000000000e+00 8.116293624939999729e-01 1.881830550919999859e-02 7.077249456930000127e-02 3.233379999999999921e+00 6.617810000000000414e+00 9.912390000000000256e+00 1.537250000000000050e+01 3.775941641513884672e-01 4.817713778359590249e-01
2.695129999999999804e+00 1.628249999999999975e+00 1.397059999999999969e+00 1.150109999999999966e+00 1.612309999999999910e+00 5.596510000000000096e-01 8.991606823871294285e-01 8.409529574752099279e-01 -3.001650000000000151e-01 9.692937568353524602e-01 2.626027956824255050e-01 nan 0.000000000000000000e+00 7.791402758380000515e-01 3.244497293209999689e-02 6.810893478599999717e-02 6.177229999999999777e+00 7.189009999999999678e+00 1.080710000000000015e+01 1.424939999999999962e+01 3.775941641513884672e-01 4.817713778359590249e-01
-1.672420000000000018e-01 7.394079999999999542e-01 4.231469999999999954e-01 2.938600000000000101e-01 7.904660000000000020e-01 6.212050000000000072e-01 8.807569111299670128e-01 8.391759982142321661e-01 -2.461869999999999892e-01 9.784520789909179062e-01 2.260836551856911791e-01 nan 0.000000000000000000e+00 7.791402758380000515e-01 3.244497293209999689e-02 6.810893478599999717e-02 6.177229999999999777e+00 7.189009999999999678e+00 1.080710000000000015e+01 1.424939999999999962e+01 3.835582465839598720e-01 4.737169056038884607e-01
-3.062090000000000090e-01 5.132700000000000040e-01 9.074510000000000076e-01 2.981790000000000274e-01 6.615290000000000337e-01 1.470690000000000053e-01 8.627080046353929887e-01 8.392069597701716788e-01 -3.811320000000000263e-01 9.860910680873270495e-01 1.931679929761912495e-01 nan 0.000000000000000000e+00 6.781267706660000227e-01 4.551614140739999870e-02 8.044425804329999319e-02 5.748440000000000438e+00 1.172100000000000009e+01 1.327810000000000024e+01 2.004019999999999868e+01 3.835582465839598720e-01 4.737169056038884607e-01
3.087169999999999970e+00 1.679040000000000088e+00 1.515209999999999946e+00 1.443179999999999907e+00 1.906600000000000072e+00 2.552290000000000114e-02 8.451139695086378190e-01 8.413278714103205047e-01 -3.271540000000000004e-01 9.921241713257324957e-01 1.642287566591907888e-01 nan 0.000000000000000000e+00 6.781267706660000227e-01 4.551614140739999870e-02 8.044425804329999319e-02 5.748440000000000438e+00 1.172100000000000009e+01 1.327810000000000024e+01 2.004019999999999868e+01 3.862257520127265753e-01 4.625079165946975879e-01
5.382080000000000197e-01 1.174660000000000037e+00 4.627419999999999867e-01 9.230199999999999516e-01 8.210990000000000233e-01 -1.981219999999999856e-02 8.287630283022868749e-01 8.457970824324154702e-01 -2.191980000000000040e-01 9.964830312357373376e-01 1.395938393456931381e-01 nan 0.000000000000000000e+00 6.407643315269999640e-01 5.847610395859999949e-02 7.958498060860000334e-02 1.087110000000000021e+01 1.191469999999999985e+01 1.818290000000000006e+01 1.976920000000000144e+01 3.862257520127265753e-01 4.625079165946975879e-01
-3.712289999999999757e-01 3.682440000000000158e-01 -3.250419999999999976e-01 -1.533170000000000088e-01 1.682049999999999934e-01 -1.076119999999999993e-01 8.143042154016654210e-01 8.510002365022937276e-01 -2.461869999999999892e-01 9.991182601928493279e-01 1.195423644924741291e-01 nan 0.000000000000000000e+00 6.407643315269999640e-01 5.847610395859999949e-02 7.958498060860000334e-02 1.087110000000000021e+01 1.191469999999999985e+01 1.818290000000000006e+01 1.976920000000000144e+01 3.765416790162288141e-01 4.504716623788268537e-01
-4.911670000000000202e-01 -4.156429999999999847e-01 -2.566899999999999737e-01 -1.717069999999999985e-01 -6.876440000000000330e-02 -1.257900000000000129e-01 8.020585701930957878e-01 8.570797047353428955e-01 -3.001650000000000151e-01 1.000000000000000000e+00 1.043015233217834403e-01 nan 0.000000000000000000e+00 6.658798744670000325e-01 3.817370174680000117e-02 1.036838378659999949e-01 1.545480000000000054e+01 1.863269999999999982e+01 1.912079999999999913e+01 2.554660000000000153e+01 3.765416790162288141e-01 4.504716623788268537e-01
-2.542760000000000020e-01 6.057519999999999571e-01 9.861229999999999718e-01 4.532849999999999935e-01 9.720760000000000511e-01 -9.685090000000000365e-02 7.925110060191439265e-01 8.639666043272503648e-01 -4.351099999999999968e-01 9.991182601928493279e-01 8.017129445554560530e-02 nan 0.000000000000000000e+00 6.658798744670000325e-01 3.817370174680000117e-02 1.036838378659999949e-01 1.545480000000000054e+01 1.863269999999999982e+01 1.912079999999999913e+01 2.554660000000000153e+01 3.693255021987260633e-01 4.330900022121010329e-01
3.051439999999999930e+00 1.670779999999999932e+00 1.481100000000000083e+00 1.334899999999999975e+00 1.582710000000000061e+00 -8.562939999999999441e-02 7.857474227419449786e-01 8.713815790237000591e-01 -2.731759999999999744e-01 9.964830312357373376e-01 5.983262741921790973e-02 nan 0.000000000000000000e+00 6.322468999170000048e-01 3.496961364719999854e-02 1.106922867000000033e-01 1.655809999999999960e+01 2.274010000000000176e+01 2.784420000000000073e+01 2.665119999999999933e+01 3.693255021987260633e-01 4.330900022121010329e-01
4.826260000000000272e-02 9.315160000000000107e-01 5.499829999999999997e-01 5.610020000000000007e-01 8.823029999999999484e-01 3.685050000000000131e-02 7.803075640152952186e-01 8.808043325859838957e-01 -2.191980000000000040e-01 9.921241713257324957e-01 4.248845136408518908e-02 nan 0.000000000000000000e+00 6.322468999170000048e-01 3.496961364719999854e-02 1.106922867000000033e-01 1.655809999999999960e+01 2.274010000000000176e+01 2.784420000000000073e+01 2.665119999999999933e+01 3.534172498684393648e-01 4.203476938088441806e-01
-4.819930000000000048e-01 -2.664619999999999767e-01 -8.667049999999999477e-01 -4.964589999999999836e-01 -4.423759999999999915e-01 -2.007760000000000100e-01 7.746653805765779666e-01 8.918457213770072389e-01 -3.271540000000000004e-01 9.860910680873270495e-01 2.730776666207790360e-02 nan 0.000000000000000000e+00 6.493754511979999977e-01 2.918362659189999847e-02 1.493963894560000061e-01 2.365090000000000003e+01 2.517549999999999955e+01 2.941789999999999949e+01 3.132450000000000045e+01 3.534172498684393648e-01 4.203476938088441806e-01
-4.460140000000000216e-01 5.448959999999999915e-02 2.784960000000000213e-01 3.982800000000000229e-01 6.286629999999999718e-01 -2.545399999999999885e-01 7.704461363100141291e-01 9.040982619757601535e-01 -4.351099999999999968e-01 9.784520789909179062e-01 1.343506046360765094e-02 nan 0.000000000000000000e+00 6.493754511979999977e-01 2.918362659189999847e-02 1.493963894560000061e-01 2.365090000000000003e+01 2.517549999999999955e+01 2.941789999999999949e+01 3.132450000000000045e+01 3.267784881716397916e-01 3.991327351569531334e-01
2.158640000000000003e-01 1.032149999999999901e+00 1.318429999999999991e+00 5.755710000000000548e-01 7.642729999999999801e-01 -2.628530000000000033e-01 7.694444933726889424e-01 9.171407481272992879e-01 -4.890880000000000227e-01 9.692937568353524602e-01 0.000000000000000000e+00 nan 0.000000000000000000e+00 6.324414799740000204e-01 3.007547240760000129e-02 1.411614500089999891e-01 1.804660000000000153e+01 2.926610000000000156e+01 2.915709999999999980e+01 3.052179999999999893e+01 3.267784881716397916e-01 3.991327351569531334e-01
1.261079999999999979e+00 1.387990000000000057e+00 1.232769999999999921e+00 9.591229999999999478e-01 9.175189999999999735e-01 -1.579909999999999926e-01 7.713542952066326785e-01 9.305430231779220351e-01 -4.081210000000000115e-01 9.560289324558559620e-01 0.000000000000000000e+00 nan 0.000000000000000000e+00 6.324414799740000204e-01 3.007547240760000129e-02 1.411614500089999891e-01 1.804660000000000153e+01 2.926610000000000156e+01 2.915709999999999980e+01 3.052179999999999893e+01 3.210866001705751094e-01 3.924146144125962854e-01
-4.119769999999999821e-01 2.436359999999999915e-01 -1.612889999999999879e-01 -2.709539999999999726e-01 -2.585959999999999925e-01 -1.969009999999999927e-01 7.759448736630836230e-01 9.438708539219348159e-01 -3.541429999999999856e-01 9.412146357437394251e-01 0.000000000000000000e+00 nan 0.000000000000000000e+00 5.686068904790000378e-01 4.197150599189999887e-02 1.825011123760000020e-01 2.071140000000000114e+01 2.065810000000000102e+01 3.106210000000000093e+01 3.037000000000000099e+01 3.210866001705751094e-01 3.924146144125962854e-01
-4.886240000000000028e-01 -3.693100000000000271e-01 -4.527780000000000138e-01 1.944339999999999957e-01 2.462439999999999907e-01 -2.100799999999999890e-01 7.829329761838206281e-01 9.566908506373842380e-01 -3.811320000000000263e-01 9.248194077676307190e-01 0.000000000000000000e+00 nan 0.000000000000000000e+00 5.686068904790000378e-01 4.197150599189999887e-02 1.825011123760000020e-01 2.071140000000000114e+01 2.065810000000000102e+01 3.106210000000000093e+01 3.037000000000000099e+01 2.898386794335936489e-01 3.814359263400635136e-01
-3.607549999999999923e-01 4.323540000000000161e-01 7.925250000000000350e-01 -3.763169999999999710e-02 -6.817489999999999661e-02 -1.659619999999999984e-01 7.919249052224357488e-01 9.685753775647809594e-01 -4.351099999999999968e-01 9.068297021790868717e-01 0.000000000000000000e+00 nan 0.000000000000000000e+00 5.991151657450000112e-01 3.508599840869999764e-02 1.674952757219999866e-01 8.370400000000000063e+00 2.417960000000000065e+01 2.367180000000000106e+01 3.025150000000000006e+01 2.898386794335936489e-01 3.814359263400635136e-01
5.269030000000000102e-01 1.173270000000000035e+00 1.419049999999999923e+00 3.663669999999999982e-01 5.730950000000000211e-01 -1.259089999999999931e-01 8.024661141062376934e-01 9.791073981911289081e-01 -4.351099999999999968e-01 8.872500386981349019e-01 0.000000000000000000e+00 nan 0.000000000000000000e+00 5.991151657450000112e-01 3.508599840869999764e-02 1.674952757219999866e-01 8.370400000000000063e+00 2.417960000000000065e+01 2.367180000000000106e+01 3.025150000000000006e+01 2.990388512185238046e-01 3.787329206098125622e-01
6.591390000000000304e-01 1.218450000000000033e+00 1.030969999999999942e+00 8.013149999999999995e-01 7.748369999999999980e-01 -1.319089999999999985e-01 8.140534397372842790e-01 9.878852004402569609e-01 -3.811320000000000263e-01 8.661029519030373214e-01 0.000000000000000000e+00 nan 0.000000000000000000e+00 5.366988432989999724e-01 4.961170842820000065e-02 1.940731268139999910e-01 1.229449999999999932e+01 1.191680000000000028e+01 2.225150000000000006e+01 2.500669999999999860e+01 2.990388512185238046e-01 3.787329206098125622e-01
-4.338659999999999739e-01 1.189339999999999981e-01 -8.729559999999999542e-01 -4.031129999999999991e-01 -4.541129999999999889e-01 -2.576510000000000189e-01 8.262463679446782061e-01 9.945269482311583920e-01 -4.081210000000000115e-01 8.434287359045167243e-01 0.000000000000000000e+00 nan 0.000000000000000000e+00 5.366988432989999724e-01 4.961170842820000065e-02 1.940731268139999910e-01 1.229449999999999932e+01 1.191680000000000028e+01 2.225150000000000006e+01 2.500669999999999860e+01 2.887861942984339958e-01 3.770299057887351868e-01
-4.295869999999999966e-01 1.512259999999999993e-01 5.168469999999999454e-01 1.995810000000000084e-01 4.120770000000000266e-01 -3.211160000000000125e-01 8.386089333327579887e-01 9.986750078333612723e-01 -4.890880000000000227e-01 8.192849877973804595e-01 0.000000000000000000e+00 nan 0.000000000000000000e+00 5.795227769380000282e-01 4.917668277409999872e-02 1.954795675980000036e-01 5.926910000000000345e+00 1.435759999999999970e+01 1.787199999999999989e+01 3.297890000000000299e+01 2.887861942984339958e-01 3.770299057887351868e-01
1.023079999999999962e-01 9.569480000000000208e-01 1.324789999999999912e+00 -2.200040000000000051e-01 2.054279999999999995e-01 -1.454199999999999937e-01 8.507045753814465039e-01 1.000000000000000000e+00 -4.890880000000000227e-01 7.937459550624216265e-01 0.000000000000000000e+00 nan 0.000000000000000000e+00 5.795227769380000282e-01 4.917668277409999872e-02 1.954795675980000036e-01 5.926910000000000345e+00 1.435759999999999970e+01 1.787199999999999989e+01 3.297890000000000299e+01 2.535823811568868047e-01 3.596724878258681368e-01
-1.276670000000000027e-01 7.693050000000000166e-01 7.271900000000000031e-01 -1.987420000000000020e-01 4.989760000000000029e-02 -5.039430000000000298e-02 8.620944091249689301e-01 9.982045319662935512e-01 -4.081210000000000115e-01 7.669016943127939800e-01 0.000000000000000000e+00 nan 0.000000000000000000e+00 5.580832915140000461e-01 8.056687947040000464e-02 1.725826470579999994e-01 1.056750000000000078e+01 1.866000000000000014e+01 3.194729999999999848e+01 3.960340000000000060e+01 2.535823811568868047e-01 3.596724878258681368e-01
-4.575649999999999995e-01 -2.748439999999999911e-02 3.129930000000000212e-01 -4.727149999999999963e-01 -2.540689999999999893e-01 -2.752410000000000134e-01 8.723633261001426664e-01 9.930265670284041946e-01 -4.620989999999999820e-01 7.388570509166001443e-01 0.000000000000000000e+00 nan 0.000000000000000000e+00 5.580832915140000461e-01 8.056687947040000464e-02 1.725826470579999994e-01 1.056750000000000078e+01 1.866000000000000014e+01 3.194729999999999848e+01 3.960340000000000060e+01 2.398214404529315225e-01 3.636754817380447591e-01
-6.226740000000000053e-02 8.293779999999999486e-01 1.218609999999999971e+00 -6.399500000000000188e-01 -4.805119999999999947e-01 -1.693850000000000078e-01 8.811201174504627032e-01 9.842423935239951183e-01 -5.430650000000000199e-01 7.097304710569767305e-01 0.000000000000000000e+00 nan 0.000000000000000000e+00 5.961670908199999674e-01 7.113713636959999309e-02 1.355503794990000066e-01 1.333530000000000015e+01 3.203520000000000323e+01 4.322109999999999985e+01 5.407650000000000290e+01 2.398214404529315225e-01 3.636754817380447591e-01
6.873359999999999470e-01 1.228779999999999983e+00 1.414109999999999978e+00 3.025109999999999744e-01 4.948679999999999746e-01 3.714119999999999922e-02 8.879767929009805272e-01 9.716691595747561916e-01 -4.620989999999999820e-01 6.796526596895112737e-01 0.000000000000000000e+00 nan 0.000000000000000000e+00 5.961670908199999674e-01 7.113713636959999309e-02 1.355503794990000066e-01 1.333530000000000015e+01 3.203520000000000323e+01 4.322109999999999985e+01 5.407650000000000290e+01 2.370692523121404882e-01 3.832722732823640177e-01
-4.745800000000000018e-01 -1.681759999999999922e-01 -2.421590000000000131e-01 -4.270410000000000039e-01 -5.126429999999999598e-01 -3.073390000000000150e-02 8.925674747595260250e-01 9.551669448712493127e-01 -4.620989999999999820e-01 6.487650996028677675e-01 0.000000000000000000e+00 nan 0.000000000000000000e+00 5.807191352039999810e-01 7.528799317220000176e-02 1.149035194690000011e-01 2.338530000000000086e+01 4.211140000000000327e+01 5.260029999999999717e+01 5.761500000000000199e+01 2.370692523121404882e-01 3.832722732823640177e-01
-3.928490000000000038e-01 2.912830000000000141e-01 7.684490000000000487e-01 -6.397939999999999738e-01 -3.964269999999999738e-01 1.215740000000000015e-01 8.945637018837135912e-01 9.365465809580368894e-01 -5.160770000000000080e-01 6.172184483622575879e-01 0.000000000000000000e+00 nan 0.000000000000000000e+00 5.807191352039999810e-01 7.528799317220000176e-02 1.149035194690000011e-01 2.338530000000000086e+01 4.211140000000000327e+01 5.260029999999999717e+01 5.761500000000000199e+01 1.957743326699854514e-01 3.983448635315436359e-01
6.451239999999999752e-02 9.302880000000000038e-01 1.382100000000000106e+00 -5.185459999999999514e-01 -2.593409999999999882e-01 1.639750000000000096e-01 8.936625314596547964e-01 9.159379920630221772e-01 -4.890880000000000227e-01 5.851708312990262506e-01 0.000000000000000000e+00 nan 0.000000000000000000e+00 5.783534071200000515e-01 5.307113925069999877e-02 1.013952975469999962e-01 1.713759999999999906e+01 5.262910000000000110e+01 6.431499999999999773e+01 6.738169999999999504e+01 1.957743326699854514e-01 3.983448635315436359e-01
-3.195660000000000167e-02 8.558879999999999821e-01 1.173640000000000017e+00 -1.026989999999999986e-01 2.968870000000000120e-01 -8.742959999999999274e-03 8.896030781413600819e-01 8.917285816313509361e-01 -4.890880000000000227e-01 5.527860498874648254e-01 0.000000000000000000e+00 nan 0.000000000000000000e+00 5.783534071200000515e-01 5.307113925069999877e-02 1.013952975469999962e-01 1.713759999999999906e+01 5.262910000000000110e+01 6.431499999999999773e+01 6.738169999999999504e+01 2.181729100004234922e-01 4.248809859304308878e-01
2.879249999999999865e-01 1.063870000000000093e+00 1.467870000000000008e+00 6.314500000000000668e-02 5.896580000000000155e-01 -2.585879999999999845e-01 8.821487411046124993e-01 8.641926519568037257e-01 -4.890880000000000227e-01 5.202317258086557317e-01 0.000000000000000000e+00 nan 0.000000000000000000e+00 4.531451693169999961e-01 5.406822048010000159e-02 8.878733854989999397e-02 3.661209999999999809e+01 7.592980000000000018e+01 8.803130000000000166e+01 8.160729999999999507e+01 2.181729100004234922e-01 4.248809859304308878e-01
-1.510170000000000123e-01 7.472079999999999833e-01 1.046389999999999931e+00 -3.981680000000000219e-01 6.562789999999999770e-03 -3.491110000000000047e-01 8.711128618037574656e-01 8.336421961253921431e-01 -4.081210000000000115e-01 4.876774017298466379e-01 0.000000000000000000e+00 nan 0.000000000000000000e+00 4.531451693169999961e-01 5.406822048010000159e-02 8.878733854989999397e-02 3.661209999999999809e+01 7.592980000000000018e+01 8.803130000000000166e+01 8.160729999999999507e+01 4.460238442321999841e-01 4.536807241146292302e-01
-4.974750000000000005e-01 -4.743999999999999884e-01 -2.200449999999999906e-01 -3.982439999999999869e-01 -1.737499999999999878e-01 -4.492300000000000182e-01 8.575473545332253922e-01 8.004233630090291651e-01 -4.620989999999999820e-01 4.552926203182853238e-01 0.000000000000000000e+00 nan 0.000000000000000000e+00 3.028484427829999936e-01 3.408265720209999877e-02 7.598555233209999815e-02 2.489600000000000080e+01 7.590089999999999293e+01 8.588849999999999341e+01 8.532219999999999516e+01 4.460238442321999841e-01 4.536807241146292302e-01
-4.905160000000000076e-01 -3.893199999999999994e-01 -2.579040000000000221e-01 5.701230000000000464e-01 7.566000000000000503e-01 -4.526769999999999960e-01 8.420530021742969051e-01 7.649125352604950745e-01 2.370179999999999856e-02 4.232450032550537644e-01 0.000000000000000000e+00 nan 0.000000000000000000e+00 3.028484427829999936e-01 3.408265720209999877e-02 7.598555233209999815e-02 2.489600000000000080e+01 7.590089999999999293e+01 8.588849999999999341e+01 8.532219999999999516e+01 9.091112549373046026e-01 6.037732990306148295e-01
-4.997719999999999940e-01 -6.044500000000000428e-01 -6.199090000000000433e-01 7.419229999999999992e-01 6.698830000000000062e-01 -4.593360000000000221e-01 8.236280456955066276e-01 7.275120647475878943e-01 9.413249999999999673e-01 3.916983520144435849e-01 0.000000000000000000e+00 nan 0.000000000000000000e+00 1.765816457620000002e-01 1.703752838599999903e-02 4.322998606279999934e-02 2.294119999999999848e+01 4.922169999999999845e+01 6.877349999999999852e+01 7.354040000000000532e+01 9.091112549373046026e-01 6.037732990306148295e-01
-4.881369999999999876e-01 -3.439200000000000035e-01 -1.564280000000000115e-01 9.395360000000000378e-01 8.091380000000000239e-01 -4.593670000000000253e-01 8.018970913794200017e-01 6.886457137456882815e-01 1.103259999999999907e+00 3.608107919278000786e-01 0.000000000000000000e+00 nan 1.155571057991355843e-02 1.765816457620000002e-01 1.703752838599999903e-02 4.322998606279999934e-02 2.294119999999999848e+01 4.922169999999999845e+01 6.877349999999999852e+01 7.354040000000000532e+01 8.109216503450821234e-01 7.166237882685915217e-01
-4.674170000000000269e-01 -7.612850000000000172e-02 -4.071069999999999967e-01 1.236879999999999979e+00 9.870670000000000277e-01 -4.573559999999999848e-01 7.768109881289317897e-01 6.487538535418539976e-01 1.076270000000000060e+00 3.307329805603347328e-01 0.000000000000000000e+00 nan 2.348784726243413612e-02 6.738388029880000574e-02 5.632219179539999995e-03 1.530375703059999939e-02 1.672909999999999897e+01 3.663660000000000139e+01 4.946009999999999707e+01 6.016830000000000211e+01 8.109216503450821234e-01 7.166237882685915217e-01
-4.871980000000000199e-01 -3.425440000000000151e-01 -7.498289999999999678e-01 1.101830000000000087e+00 1.039740000000000109e+00 -4.394120000000000248e-01 7.489181474366987112e-01 6.082884748521728557e-01 1.454110000000000014e+00 3.016064007007114300e-01 0.000000000000000000e+00 nan 2.498928661470734003e-02 6.738388029880000574e-02 5.632219179539999995e-03 1.530375703059999939e-02 1.672909999999999897e+01 3.663660000000000139e+01 4.946009999999999707e+01 6.016830000000000211e+01 5.241254997792200720e-01 5.080559873698117235e-01
-4.830860000000000154e-01 -2.838430000000000120e-01 -1.599890000000000034e+00 1.188439999999999941e+00 9.672370000000000134e-01 -4.346200000000000063e-01 7.188081004105224547e-01 5.677080665863436515e-01 1.804969999999999963e+00 2.735617573045173723e-01 0.000000000000000000e+00 nan 2.797515341144773959e-02 3.170617688070000162e-02 2.567142909920000146e-03 6.157235756120000431e-03 1.163199999999999967e+01 3.059380000000000166e+01 4.117519999999999669e+01 4.838980000000000103e+01 5.241254997792200720e-01 5.080559873698117235e-01
-4.728319999999999745e-01 -1.597860000000000114e-01 -1.129199999999999982e+00 1.278820000000000068e+00 1.073499999999999899e+00 -4.252630000000000021e-01 6.865359525802348095e-01 5.274724209851269219e-01 1.912930000000000019e+00 2.467174965548898369e-01 0.000000000000000000e+00 nan 3.241161658875646445e-02 3.170617688070000162e-02 2.567142909920000146e-03 6.157235756120000431e-03 1.163199999999999967e+01 3.059380000000000166e+01 4.117519999999999669e+01 4.838980000000000103e+01 4.392068859142406190e-01 7.037360266421819333e-01
-2.016090000000000104e-01 6.823280000000000456e-01 -4.371659999999999990e-01 1.870870000000000033e+00 1.512659999999999894e+00 -4.050210000000000199e-01 6.524673602760484581e-01 4.880374239905327372e-01 2.074860000000000149e+00 2.211784638199308928e-01 0.000000000000000000e+00 nan 3.824840924611383475e-02 2.123308819049999838e-02 1.536923840689999972e-03 4.004277380149999684e-03 1.118609999999999971e+01 2.110360000000000014e+01 2.945129999999999981e+01 3.730400000000000205e+01 4.392068859142406190e-01 7.037360266421819333e-01
-3.557230000000000114e-01 4.010679999999999801e-01 -4.051020000000000176e-01 1.671510000000000051e+00 1.436809999999999921e+00 -3.969840000000000035e-01 6.166242405499826607e-01 4.479436532501500645e-01 1.966900000000000093e+00 1.970347157127946280e-01 0.000000000000000000e+00 nan 5.697510877036160437e-02 2.123308819049999838e-02 1.536923840689999972e-03 4.004277380149999684e-03 1.118609999999999971e+01 2.110360000000000014e+01 2.945129999999999981e+01 3.730400000000000205e+01 1.000000000000000000e+00 1.000000000000000000e+00
-3.020100000000000007e-01 5.308950000000000058e-01 -1.727269999999999917e-01 1.745829999999999993e+00 1.245670000000000055e+00 -3.905739999999999768e-01 5.794836337900489687e-01 4.074440622770513221e-01 1.885939999999999950e+00 1.743604997142741420e-01 0.000000000000000000e+00 nan 7.733118051407206206e-02 1.428288694210000029e-02 1.084569246600000040e-03 2.806057760820000139e-03 5.558679999999999843e+00 1.081499999999999950e+01 1.852390000000000114e+01 2.849159999999999826e+01 1.000000000000000000e+00 1.000000000000000000e+00
-3.723920000000000008e-01 3.579359999999999764e-01 -5.543249999999999567e-01 1.640290000000000026e+00 1.339909999999999934e+00 -3.970230000000000148e-01 5.420312988565563206e-01 3.685612460072531515e-01 2.155829999999999913e+00 1.532134129191765615e-01 0.000000000000000000e+00 nan 8.841405449411388062e-02 1.428288694210000029e-02 1.084569246600000040e-03 2.806057760820000139e-03 5.558679999999999843e+00 1.081499999999999950e+01 1.852390000000000114e+01 2.849159999999999826e+01 9.232169752545017483e-01 9.036129974575988211e-01
-3.124680000000000235e-01 5.007380000000000164e-01 -8.709200000000000275e-01 1.748979999999999979e+00 1.353580000000000005e+00 -4.147750000000000048e-01 5.045748284481665902e-01 3.314533822117849970e-01 2.371739999999999959e+00 1.336337494382244806e-01 0.000000000000000000e+00 nan 1.020302940023219973e-01 1.309995509589999968e-02 1.037373496979999976e-03 2.583469275380000183e-03 5.494320000000000093e+00 1.124990000000000023e+01 1.638370000000000104e+01 2.291550000000000153e+01 9.232169752545017483e-01 9.036129974575988211e-01
-2.971989999999999910e-01 5.292120000000000157e-01 -1.252739999999999965e+00 1.772180000000000089e+00 1.326899999999999968e+00 -3.925170000000000048e-01 4.657020817967806314e-01 2.962585377409068244e-01 2.209799999999999986e+00 1.156440438496807444e-01 0.000000000000000000e+00 nan 1.180256216042953055e-01 1.309995509589999968e-02 1.037373496979999976e-03 2.583469275380000183e-03 5.494320000000000093e+00 1.124990000000000023e+01 1.638370000000000104e+01 2.291550000000000153e+01 8.364413904901313312e-01 7.487871322381917105e-01
-3.337109999999999799e-01 4.539730000000000154e-01 -1.378509999999999902e+00 1.718760000000000066e+00 1.449119999999999964e+00 -3.656860000000000110e-01 4.264109183833474370e-01 2.630931041715274254e-01 2.317759999999999820e+00 9.924881587357203827e-02 0.000000000000000000e+00 nan 1.362188038468947759e-01 1.410769859020000010e-02 1.020922042959999986e-03 2.805285963730000127e-03 1.041799999999999926e+01 1.412240000000000073e+01 1.700910000000000011e+01 2.257679999999999865e+01 8.364413904901313312e-01 7.487871322381917105e-01
-3.802159999999999984e-01 3.428280000000000216e-01 -3.585949999999999971e-01 1.612300000000000066e+00 1.278850000000000042e+00 -3.586969999999999881e-01 3.893918383789417570e-01 2.320504790441300091e-01 2.317759999999999820e+00 8.443451916145550129e-02 0.000000000000000000e+00 nan 1.564037047056847651e-01 1.410769859020000010e-02 1.020922042959999986e-03 2.805285963730000127e-03 1.041799999999999926e+01 1.412240000000000073e+01 1.700910000000000011e+01 2.257679999999999865e+01 9.486641302178159263e-01 8.896373669330277512e-01
-3.466239999999999877e-01 4.296920000000000184e-01 -3.986460000000000004e-01 1.684700000000000086e+00 1.263649999999999940e+00 -3.806229999999999891e-01 3.543250884742782381e-01 2.032000076313191794e-01 2.209799999999999986e+00 7.116969478195900312e-02 0.000000000000000000e+00 nan 1.783516211884582647e-01 2.473332694620000022e-02 1.816342367410000080e-03 4.695637927180000212e-03 8.527689999999999770e+00 1.588589999999999947e+01 2.024660000000000082e+01 2.425949999999999918e+01 9.486641302178159263e-01 8.896373669330277512e-01
-7.355219999999999814e-02 8.190509999999999735e-01 -1.752329999999999943e+00 1.976779999999999982e+00 1.186150000000000038e+00 -3.639769999999999950e-01 3.206273810477873187e-01 1.765861972281724812e-01 2.263780000000000125e+00 5.940532766304396084e-02 0.000000000000000000e+00 nan 2.018138746315231158e-01 2.473332694620000022e-02 1.816342367410000080e-03 4.695637927180000212e-03 8.527689999999999770e+00 1.588589999999999947e+01 2.024660000000000082e+01 2.425949999999999918e+01 6.491413777877246272e-01 5.634524534625442449e-01
-1.587830000000000075e-01 7.323720000000000230e-01 -7.868460000000000454e-01 1.912660000000000027e+00 1.419869999999999965e+00 -3.106670000000000265e-01 2.879682784760013714e-01 1.522282128668043244e-01 2.263780000000000125e+00 4.907540195235748914e-02 0.000000000000000000e+00 nan 2.265246283283280926e-01 5.143317257340000032e-02 4.806352365260000044e-03 1.017563181559999995e-02 1.400929999999999964e+01 2.600049999999999883e+01 3.049230000000000018e+01 3.189470000000000027e+01 6.491413777877246272e-01 5.634524534625442449e-01
-2.345540000000000125e-01 6.379869999999999708e-01 -4.259370000000000100e-01 1.837380000000000013e+00 1.421210000000000084e+00 -3.936499999999999999e-01 2.554538946312784331e-01 1.301196601688930921e-01 2.344749999999999890e+00 4.009764900321732828e-02 0.000000000000000000e+00 nan 2.522038995655728755e-01 5.143317257340000032e-02 4.806352365260000044e-03 1.017563181559999995e-02 1.400929999999999964e+01 2.600049999999999883e+01 3.049230000000000018e+01 3.189470000000000027e+01 7.935677431452369257e-01 6.902422099193037397e-01
-3.071470000000000034e-01 5.138549999999999507e-01 -6.965729999999999977e-01 1.753139999999999921e+00 1.441259999999999986e+00 -4.145809999999999773e-01 2.238477383911448015e-01 1.102286577965426728e-01 2.344749999999999890e+00 3.237447951125260737e-02 0.000000000000000000e+00 nan 2.785607319392228165e-01 7.521599841169999967e-02 8.577602425130000791e-03 1.522072281729999928e-02 1.502970000000000006e+01 3.239350000000000307e+01 4.152709999999999724e+01 4.075500000000000256e+01 7.935677431452369257e-01 6.902422099193037397e-01
-2.969049999999999745e-01 5.340209999999999679e-01 -6.104650000000000354e-01 1.766399999999999970e+00 1.425110000000000099e+00 -3.507440000000000002e-01 1.944568588684201238e-01 9.249819868058062333e-02 2.344749999999999890e+00 2.579408924021575622e-02 0.000000000000000000e+00 nan 3.052964920068287347e-01 7.521599841169999967e-02 8.577602425130000791e-03 1.522072281729999928e-02 1.502970000000000006e+01 3.239350000000000307e+01 4.152709999999999724e+01 4.075500000000000256e+01 9.062925303799228560e-01 9.146613818662253648e-01
-2.615319999999999867e-01 5.938609999999999722e-01 -4.523559999999999803e-01 1.810009999999999897e+00 1.429009999999999891e+00 -3.494169999999999776e-01 1.672717566263233202e-01 7.684679593343013426e-02 2.398730000000000029e+00 2.023172580865573167e-02 0.000000000000000000e+00 nan 3.321082529237570080e-01 1.220336327040000002e-01 1.421863882499999933e-02 2.646351061770000138e-02 1.640670000000000073e+01 3.788600000000000279e+01 4.406400000000000006e+01 4.193050000000000210e+01 9.062925303799228560e-01 9.146613818662253648e-01
-3.538089999999999846e-01 4.112149999999999972e-01 -4.127629999999999910e-01 1.671659999999999924e+00 1.303209999999999980e+00 -3.659959999999999880e-01 1.428341065664751053e-01 6.316940612810695299e-02 2.263780000000000125e+00 1.555110218424626822e-02 0.000000000000000000e+00 nan 3.586922267253829233e-01 1.220336327040000002e-01 1.421863882499999933e-02 2.646351061770000138e-02 1.640670000000000073e+01 3.788600000000000279e+01 4.406400000000000006e+01 4.193050000000000210e+01 4.884740780169728458e-01 7.241964466989693205e-01
-1.336320000000000008e-01 7.607049999999999645e-01 -5.493959999999999955e-01 1.930839999999999890e+00 1.157370000000000010e+00 -3.816030000000000255e-01 1.228328988912852360e-01 5.133861948222029348e-02 2.263780000000000125e+00 1.160594087032151833e-02 0.000000000000000000e+00 nan 3.847472063661169228e-01 1.438695554749999939e-01 2.417765140220000039e-02 3.520823404989999877e-02 2.031869999999999976e+01 5.142640000000000100e+01 5.962199999999999989e+01 5.612989999999999924e+01 4.884740780169728458e-01 7.241964466989693205e-01
-3.706690000000000262e-01 3.593459999999999988e-01 -5.885850000000000248e-01 1.645990000000000064e+00 1.202599999999999891e+00 -4.202989999999999782e-01 1.050040014572501956e-01 4.120610346171804661e-02 2.290770000000000195e+00 8.241631288361528362e-03 0.000000000000000000e+00 nan 4.099779785155878153e-01 1.438695554749999939e-01 2.417765140220000039e-02 3.520823404989999877e-02 2.031869999999999976e+01 5.142640000000000100e+01 5.962199999999999989e+01 5.612989999999999924e+01 9.398026892809833166e-01 7.805535101196048320e-01
-3.071699999999999986e-01 5.141419999999999879e-01 -5.549199999999999688e-01 1.751270000000000104e+00 1.156490000000000018e+00 -4.436399999999999788e-01 8.730684404636013252e-02 3.260428344776789000e-02 2.209799999999999986e+00 5.296981577626924675e-03 0.000000000000000000e+00 nan 4.340986684436373144e-01 1.774256197459999906e-01 3.566636463660000089e-02 5.096470664370000153e-02 3.808070000000000022e+01 6.659430000000000405e+01 7.180800000000000693e+01 6.540049999999999386e+01 9.398026892809833166e-01 7.805535101196048320e-01
-4.094709999999999739e-01 2.312839999999999896e-01 -6.514140000000000486e-01 1.551220000000000043e+00 1.170520000000000005e+00 -4.495930000000000204e-01 7.156283402118479575e-02 2.534824142414793258e-02 2.263780000000000125e+00 2.606044963349485322e-03 0.000000000000000000e+00 nan 4.568359790952417621e-01 1.774256197459999906e-01 3.566636463660000089e-02 5.096470664370000153e-02 3.808070000000000022e+01 6.659430000000000405e+01 7.180800000000000693e+01 6.540049999999999386e+01 9.571324014202500230e-01 7.557082814398656812e-01
-4.581330000000000124e-01 -2.009690000000000087e-02 -6.482440000000000424e-01 1.349979999999999958e+00 1.063199999999999923e+00 -4.576600000000000112e-01 5.824846323540289195e-02 1.923781117226064374e-02 2.047870000000000079e+00 0.000000000000000000e+00 0.000000000000000000e+00 nan 4.779322876553502297e-01 2.222303090080000043e-01 5.574481262670000214e-02 6.822502555939999325e-02 2.641140000000000043e+01 7.315160000000000196e+01 7.233969999999999345e+01 6.491030000000000655e+01 9.571324014202500230e-01 7.557082814398656812e-01
-4.801119999999999832e-01 -2.442169999999999896e-01 -6.131210000000000271e-01 1.193850000000000078e+00 9.095769999999999689e-01 -4.583130000000000259e-01 4.673901515501355242e-02 1.405984623437128711e-02 1.697009999999999907e+00 0.000000000000000000e+00 0.000000000000000000e+00 nan 4.971485645183193469e-01 2.222303090080000043e-01 5.574481262670000214e-02 6.822502555939999325e-02 2.641140000000000043e+01 7.315160000000000196e+01 7.233969999999999345e+01 6.491030000000000655e+01 8.025622569152507380e-01 6.895058529770941025e-01
-4.919350000000000112e-01 -3.861899999999999777e-01 -4.644550000000000067e-01 9.714589999999999614e-01 7.360149999999999748e-01 -4.601029999999999842e-01 3.678788545655509168e-02 9.590634948143161864e-03 1.670029999999999903e+00 0.000000000000000000e+00 0.000000000000000000e+00 nan 5.142670815888570335e-01 2.551069891409999957e-01 7.285616873979999797e-02 8.530793203500000588e-02 3.889990000000000236e+01 7.114969999999999573e+01 6.863569999999999993e+01 6.448569999999999425e+01 8.025622569152507380e-01 6.895058529770941025e-01
-5.078160000000000451e-01 -1.046359999999999957e+00 -9.744030000000000191e-01 5.102780000000000094e-01 4.162890000000000201e-01 -4.543880000000000141e-01 2.861374198713684258e-02 5.598435189162698222e-03 1.130249999999999977e+00 0.000000000000000000e+00 0.000000000000000000e+00 nan 5.290938792283420566e-01 2.551069891409999957e-01 7.285616873979999797e-02 8.530793203500000588e-02 3.889990000000000236e+01 7.114969999999999573e+01 6.863569999999999993e+01 6.448569999999999425e+01 6.956987231056780407e-01 6.448880767750595489e-01
-5.082750000000000323e-01 -1.004389999999999894e+00 -9.310990000000000100e-01 2.141720000000000013e-01 6.490949999999999498e-02 -4.556720000000000215e-01 2.172750228217057433e-02 1.846100101808967331e-03 3.205799999999999761e-01 0.000000000000000000e+00 0.000000000000000000e+00 nan 5.414609638950310666e-01 2.450115594750000014e-01 7.684069230729999311e-02 1.253371155259999925e-01 4.330890000000000128e+01 6.845600000000000307e+01 6.519899999999999807e+01 6.319319999999999737e+01 6.956987231056780407e-01 6.448880767750595489e-01
-5.101919999999999789e-01 -1.375289999999999901e+00 -9.586839999999999806e-01 -2.623340000000000116e-01 -4.628970000000000029e-01 -4.445839999999999792e-01 1.573747565446970142e-02 0.000000000000000000e+00 -1.652210000000000067e-01 0.000000000000000000e+00 0.000000000000000000e+00 nan 5.627839221579277185e-01 2.450115594750000014e-01 7.684069230729999311e-02 1.253371155259999925e-01 4.330890000000000128e+01 6.845600000000000307e+01 6.519899999999999807e+01 6.319319999999999737e+01 5.870991936996061700e-01 5.813522907367507653e-01
-4.986900000000000222e-01 -4.764689999999999759e-01 -2.065190000000000081e-01 -6.070750000000000313e-01 -5.648490000000000455e-01 -3.972410000000000108e-01 1.054934264914375586e-02 0.000000000000000000e+00 -5.160770000000000080e-01 0.000000000000000000e+00 0.000000000000000000e+00 nan 5.817728027206831021e-01 2.621220093189999822e-01 8.467906911519999802e-02 1.598550475290000106e-01 1.762519999999999953e+01 4.841429999999999723e+01 5.395850000000000080e+01 5.887780000000000058e+01 5.870991936996061700e-01 5.813522907367507653e-01
-5.070090000000000430e-01 -8.325129999999999475e-01 -7.342269999999999630e-01 -7.806769999999999543e-01 -7.233910000000000062e-01 -3.666420000000000234e-01 5.875960232114896264e-03 0.000000000000000000e+00 -5.970429999999999904e-01 0.000000000000000000e+00 0.000000000000000000e+00 nan 5.990962370024617289e-01 2.621220093189999822e-01 8.467906911519999802e-02 1.598550475290000106e-01 1.762519999999999953e+01 4.841429999999999723e+01 5.395850000000000080e+01 5.887780000000000058e+01 5.454352993836308894e-01 5.042711732923639278e-01
-4.887340000000000018e-01 -2.356999999999999929e-01 -2.733949999999999922e-02 -8.383220000000000116e-01 -6.863590000000000524e-01 -3.949869999999999770e-01 1.804006917071721006e-03 0.000000000000000000e+00 -5.970429999999999904e-01 0.000000000000000000e+00 0.000000000000000000e+00 nan 6.154417265942698778e-01 1.996147814299999990e-01 7.882147790540000587e-02 1.691028381530000069e-01 2.097530000000000072e+01 2.777860000000000085e+01 4.157249999999999801e+01 4.929610000000000269e+01 5.454352993836308894e-01 5.042711732923639278e-01
-4.569469999999999921e-01 1.229399999999999937e-01 3.214750000000000107e-01 -8.193789999999999685e-01 -7.529900000000000482e-01 -4.088450000000000140e-01 0.000000000000000000e+00 0.000000000000000000e+00 -6.510209999999999608e-01 0.000000000000000000e+00 0.000000000000000000e+00 nan 6.315078535912181934e-01 1.996147814299999990e-01 7.882147790540000587e-02 1.691028381530000069e-01 2.097530000000000072e+01 2.777860000000000085e+01 4.157249999999999801e+01 4.929610000000000269e+01 6.632350005746326937e-01 6.063187304357837704e-01
-4.802580000000000182e-01 -1.068899999999999989e-01 1.132019999999999971e-01 -7.952970000000000317e-01 -7.135550000000000503e-01 -4.344660000000000188e-01 0.000000000000000000e+00 0.000000000000000000e+00 -5.970429999999999904e-01 0.000000000000000000e+00 0.000000000000000000e+00 nan 6.479963653782447874e-01 2.074220930260000095e-01 9.401440478269999790e-02 1.395624458449999938e-01 1.513299999999999912e+01 2.241509999999999891e+01 3.109809999999999874e+01 4.308570000000000277e+01 6.632350005746326937e-01 6.063187304357837704e-01
-5.098289999999999766e-01 -1.243239999999999901e+00 -9.793979999999999908e-01 -8.973809999999999842e-01 -7.927959999999999452e-01 -4.531259999999999732e-01 0.000000000000000000e+00 0.000000000000000000e+00 -3.271540000000000004e-01 0.000000000000000000e+00 0.000000000000000000e+00 nan 6.540485129719260105e-01 2.074220930260000095e-01 9.401440478269999790e-02 1.395624458449999938e-01 1.513299999999999912e+01 2.241509999999999891e+01 3.109809999999999874e+01 4.308570000000000277e+01 4.170442104244418413e-01 4.599170310572934239e-01
-5.099510000000000431e-01 -1.329960000000000031e+00 -9.784789999999999877e-01 -8.613279999999999825e-01 -7.760650000000000048e-01 -4.616739999999999733e-01 0.000000000000000000e+00 0.000000000000000000e+00 -2.461869999999999892e-01 0.000000000000000000e+00 0.000000000000000000e+00 nan 6.615278598042306779e-01 2.171532375699999906e-01 8.973421749969999472e-02 1.281831562840000105e-01 1.587139999999999951e+01 2.201200000000000045e+01 2.853839999999999932e+01 3.319989999999999952e+01 4.170442104244418413e-01 4.599170310572934239e-01
-5.059339999999999948e-01 -7.905950000000000477e-01 -5.535139999999999505e-01 -7.494309999999999583e-01 -6.945529999999999760e-01 -4.323389999999999733e-01 0.000000000000000000e+00 0.000000000000000000e+00 -4.620989999999999820e-01 0.000000000000000000e+00 0.000000000000000000e+00 nan 6.703496618869532186e-01 2.171532375699999906e-01 8.973421749969999472e-02 1.281831562840000105e-01 1.587139999999999951e+01 2.201200000000000045e+01 2.853839999999999932e+01 3.319989999999999952e+01 7.600212916533090057e-01 6.522698278500498326e-01
-5.059620000000000228e-01 -8.218720000000000470e-01 -5.639969999999999706e-01 -4.435729999999999951e-01 -2.600009999999999821e-01 -3.581529999999999991e-01 0.000000000000000000e+00 0.000000000000000000e+00 -2.191980000000000040e-01 0.000000000000000000e+00 0.000000000000000000e+00 nan 6.804139646774832739e-01 1.943730543989999893e-01 9.287993766139999996e-02 1.295246903339999922e-01 1.153689999999999927e+01 2.140810000000000102e+01 2.488939999999999841e+01 2.788279999999999959e+01 7.600212916533090057e-01 6.522698278500498326e-01
-5.099510000000000431e-01 -1.312640000000000029e+00 -1.016070000000000029e+00 -3.265430000000000277e-01 -2.875300000000000078e-01 -3.465440000000000187e-01 0.000000000000000000e+00 0.000000000000000000e+00 -1.382319999999999938e-01 0.000000000000000000e+00 0.000000000000000000e+00 nan 6.916067356037128855e-01 1.943730543989999893e-01 9.287993766139999996e-02 1.295246903339999922e-01 1.153689999999999927e+01 2.140810000000000102e+01 2.488939999999999841e+01 2.788279999999999959e+01 7.681508320076456675e-01 7.057572203889055373e-01
-4.616669999999999940e-01 7.160220000000000473e-02 3.196470000000000145e-01 -6.436020000000000074e-01 -4.836610000000000076e-01 -3.175430000000000197e-01 0.000000000000000000e+00 0.000000000000000000e+00 -5.160770000000000080e-01 0.000000000000000000e+00 0.000000000000000000e+00 nan 7.038011560986434656e-01 2.146068567119999992e-01 7.616084226850000638e-02 1.352044015180000058e-01 1.221630000000000038e+01 1.885129999999999839e+01 2.213650000000000162e+01 2.434600000000000009e+01 7.681508320076456675e-01 7.057572203889055373e-01
-3.822889999999999899e-01 4.630110000000000059e-01 6.894500000000000073e-01 -8.896269999999999456e-01 -7.785429999999999851e-01 -2.460320000000000007e-01 0.000000000000000000e+00 0.000000000000000000e+00 -6.510209999999999608e-01 0.000000000000000000e+00 0.000000000000000000e+00 nan 7.168590585054241959e-01 2.146068567119999992e-01 7.616084226850000638e-02 1.352044015180000058e-01 1.221630000000000038e+01 1.885129999999999839e+01 2.213650000000000162e+01 2.434600000000000009e+01 7.644308414437192001e-01 6.948209561731255590e-01
-4.783370000000000122e-01 -7.593740000000000212e-02 1.176240000000000063e-01 -8.529520000000000435e-01 -7.246340000000000003e-01 -3.155470000000000219e-01 0.000000000000000000e+00 0.000000000000000000e+00 -6.510209999999999608e-01 0.000000000000000000e+00 0.000000000000000000e+00 nan 7.306324915721129631e-01 2.008790146680000110e-01 8.363237052749999956e-02 1.437257202920000088e-01 8.918689999999999785e+00 1.777220000000000155e+01 2.271010000000000062e+01 2.562399999999999878e+01 7.644308414437192001e-01 6.948209561731255590e-01
-4.995890000000000053e-01 -4.723510000000000209e-01 -3.325520000000000143e-01 -5.386250000000000204e-01 -3.977859999999999729e-01 -4.163959999999999884e-01 0.000000000000000000e+00 0.000000000000000000e+00 -6.510209999999999608e-01 0.000000000000000000e+00 0.000000000000000000e+00 nan 7.449653967984800618e-01 2.008790146680000110e-01 8.363237052749999956e-02 1.437257202920000088e-01 8.918689999999999785e+00 1.777220000000000155e+01 2.271010000000000062e+01 2.562399999999999878e+01 7.171536930735589177e-01 6.895755493131879854e-01
-4.679079999999999906e-01 3.073719999999999924e-02 2.385259999999999880e-01 -7.301649999999999530e-01 -6.802460000000000173e-01 -4.349410000000000220e-01 0.000000000000000000e+00 0.000000000000000000e+00 -6.510209999999999608e-01 0.000000000000000000e+00 0.000000000000000000e+00 nan 7.596953766411721487e-01 2.097706826769999977e-01 6.903847781319999433e-02 1.875292285479999987e-01 9.348789999999999267e+00 2.019389999999999930e+01 2.574970000000000070e+01 2.684290000000000020e+01 7.171536930735589177e-01 6.895755493131879854e-01
-4.911949999999999927e-01 -2.945429999999999993e-01 -1.738419999999999896e-02 -9.066790000000000127e-01 -8.262859999999999649e-01 -4.314580000000000082e-01 0.000000000000000000e+00 1.041390095422589646e-03 -5.430650000000000199e-01 0.000000000000000000e+00 0.000000000000000000e+00 nan 7.746555345427701411e-01 2.097706826769999977e-01 6.903847781319999433e-02 1.875292285479999987e-01 9.348789999999999267e+00 2.019389999999999930e+01 2.574970000000000070e+01 2.684290000000000020e+01 6.624063197498230027e-01 6.411365957279175909e-01
-5.105420000000000513e-01 -1.409350000000000103e+00 -1.018440000000000012e+00 -8.489309999999999912e-01 -8.295540000000000136e-01 -4.202919999999999989e-01 0.000000000000000000e+00 2.116703367806116454e-03 -4.081210000000000115e-01 0.000000000000000000e+00 0.000000000000000000e+00 nan 7.896763659364731680e-01 2.030810725649999926e-01 8.036460331979999872e-02 1.798016942110000072e-01 1.135820000000000007e+01 2.596470000000000056e+01 2.731940000000000168e+01 2.736220000000000141e+01 6.624063197498230027e-01 6.411365957279175909e-01
-5.102520000000000389e-01 -1.268669999999999964e+00 -1.224439999999999973e+00 -7.972930000000000295e-01 -7.913229999999999986e-01 -3.727260000000000018e-01 0.000000000000000000e+00 3.293401807923146407e-03 -4.620989999999999820e-01 0.000000000000000000e+00 0.000000000000000000e+00 nan 8.045876788005710267e-01 2.030810725649999926e-01 8.036460331979999872e-02 1.798016942110000072e-01 1.135820000000000007e+01 2.596470000000000056e+01 2.731940000000000168e+01 2.736220000000000141e+01 6.203794995251720179e-01 6.502971185110437702e-01
-4.984450000000000269e-01 -4.480219999999999758e-01 -2.402539999999999953e-01 -8.308809999999999807e-01 -9.034889999999999866e-01 -3.452370000000000161e-01 0.000000000000000000e+00 4.637798672083470741e-03 -5.970429999999999904e-01 0.000000000000000000e+00 0.000000000000000000e+00 nan 8.192205220020553069e-01 2.049977173420000076e-01 8.203105719940000096e-02 1.635742261260000052e-01 1.553209999999999980e+01 2.446620000000000061e+01 2.686319999999999908e+01 2.557580000000000098e+01 6.203794995251720179e-01 6.502971185110437702e-01
-4.271670000000000189e-01 2.882390000000000230e-01 5.213900000000000201e-01 -7.937549999999999883e-01 -7.520890000000000075e-01 -3.420130000000000114e-01 0.000000000000000000e+00 6.214307126444773566e-03 -6.510209999999999608e-01 0.000000000000000000e+00 0.000000000000000000e+00 nan 8.334090995804653845e-01 2.049977173420000076e-01 8.203105719940000096e-02 1.635742261260000052e-01 1.553209999999999980e+01 2.446620000000000061e+01 2.686319999999999908e+01 2.557580000000000098e+01 5.950654173950387094e-01 6.464183658936433208e-01
-4.657479999999999953e-01 5.714530000000000304e-02 2.362589999999999968e-01 -6.779650000000000398e-01 -6.946350000000000025e-01 -3.968729999999999758e-01 0.000000000000000000e+00 8.084710420099172623e-03 -6.510209999999999608e-01 0.000000000000000000e+00 0.000000000000000000e+00 nan 8.469926492823700581e-01 2.366269143389999885e-01 8.859251831349999884e-02 1.390059060340000097e-01 9.437989999999999213e+00 2.497230000000000061e+01 2.824080000000000013e+01 2.855260000000000176e+01 5.950654173950387094e-01 6.464183658936433208e-01
-4.922059999999999769e-01 -2.817529999999999757e-01 -1.268179999999999863e-01 -6.952749999999999764e-01 -7.331260000000000554e-01 -4.276909999999999878e-01 0.000000000000000000e+00 1.030746185617636979e-02 -6.510209999999999608e-01 0.000000000000000000e+00 0.000000000000000000e+00 nan 8.598172640619355933e-01 2.366269143389999885e-01 8.859251831349999884e-02 1.390059060340000097e-01 9.437989999999999213e+00 2.497230000000000061e+01 2.824080000000000013e+01 2.855260000000000176e+01 6.594908149501279571e-01 6.565122135253316227e-01
-5.025760000000000227e-01 -6.260940000000000394e-01 -3.072770000000000223e-01 -7.487759999999999971e-01 -8.687930000000000375e-01 -4.285680000000000045e-01 0.000000000000000000e+00 1.293702249256101222e-02 -4.081210000000000115e-01 0.000000000000000000e+00 0.000000000000000000e+00 nan 8.717376359092536831e-01 2.473403025560000079e-01 8.857667666400000084e-02 1.511869366080000054e-01 2.063510000000000133e+01 2.472329999999999828e+01 2.843809999999999860e+01 2.904129999999999967e+01 6.594908149501279571e-01 6.565122135253316227e-01
-5.023389999999999800e-01 -6.159980000000000455e-01 -2.954410000000000092e-01 -8.030969999999999498e-01 -8.765370000000000106e-01 -4.381829999999999892e-01 0.000000000000000000e+00 1.602324407634536652e-02 -4.081210000000000115e-01 0.000000000000000000e+00 0.000000000000000000e+00 nan 8.826187022481551958e-01 2.473403025560000079e-01 8.857667666400000084e-02 1.511869366080000054e-01 2.063510000000000133e+01 2.472329999999999828e+01 2.843809999999999860e+01 2.904129999999999967e+01 7.452078658141940704e-01 7.405538737526627946e-01
-4.940720000000000112e-01 -3.864850000000000230e-01 -1.346379999999999973e-02 -8.012960000000000083e-01 -8.459950000000000525e-01 -4.142190000000000039e-01 0.000000000000000000e+00 1.961080420361527299e-02 -5.160770000000000080e-01 0.000000000000000000e+00 0.000000000000000000e+00 nan 8.923371762491668635e-01 2.614494399050000251e-01 7.820092196769999615e-02 1.694463196060000121e-01 1.719669999999999987e+01 2.528369999999999962e+01 2.898979999999999890e+01 3.100580000000000069e+01 7.452078658141940704e-01 7.405538737526627946e-01
-4.925080000000000013e-01 -3.342120000000000091e-01 -1.187689999999999926e-02 -8.172030000000000127e-01 -1.001179999999999959e+00 -4.241619999999999835e-01 0.000000000000000000e+00 2.373870010443368539e-02 -4.890880000000000227e-01 0.000000000000000000e+00 0.000000000000000000e+00 nan 9.007829437185518318e-01 2.614494399050000251e-01 7.820092196769999615e-02 1.694463196060000121e-01 1.719669999999999987e+01 2.528369999999999962e+01 2.898979999999999890e+01 3.100580000000000069e+01 6.962673070292699773e-01 7.602718763162759075e-01
-5.035650000000000404e-01 -7.701810000000000045e-01 -2.149060000000000137e-01 -7.383290000000000131e-01 -7.945830000000000393e-01 -4.275660000000000016e-01 0.000000000000000000e+00 2.843980678864310718e-02 -6.240320000000000311e-01 0.000000000000000000e+00 0.000000000000000000e+00 nan 9.078603107361248314e-01 1.589688136400000118e-01 8.951133583100000235e-02 1.379596185580000134e-01 1.153800000000000026e+01 3.154970000000000141e+01 3.540919999999999845e+01 3.331300000000000239e+01 6.962673070292699773e-01 7.602718763162759075e-01
-4.607769999999999921e-01 7.670340000000000491e-02 3.353619999999999934e-01 -8.528480000000000505e-01 -9.076920000000000543e-01 -4.351979999999999738e-01 0.000000000000000000e+00 3.374050455886590250e-02 -6.510209999999999608e-01 0.000000000000000000e+00 0.000000000000000000e+00 nan 9.134890879056044577e-01 1.589688136400000118e-01 8.951133583100000235e-02 1.379596185580000134e-01 1.153800000000000026e+01 3.154970000000000141e+01 3.540919999999999845e+01 3.331300000000000239e+01 6.760946752720431441e-01 6.872240555388891003e-01
-4.848190000000000000e-01 -1.680089999999999917e-01 5.384959999999999747e-02 -8.984529999999999461e-01 -9.043860000000000232e-01 -4.357099999999999862e-01 0.000000000000000000e+00 3.966038011113581785e-02 -6.240320000000000311e-01 0.000000000000000000e+00 0.000000000000000000e+00 nan 9.176054989325150846e-01 9.759138502839999341e-02 1.101131600479999945e-01 1.121251652039999963e-01 2.674129999999999896e+01 3.851389999999999958e+01 3.531119999999999948e+01 3.080150000000000077e+01 6.760946752720431441e-01 6.872240555388891003e-01
-5.100759999999999739e-01 -1.346270000000000078e+00 -8.021490000000000009e-01 -7.523990000000000400e-01 -9.270340000000000247e-01 -4.587089999999999779e-01 0.000000000000000000e+00 4.621200460980501301e-02 -3.811320000000000263e-01 0.000000000000000000e+00 0.000000000000000000e+00 nan 9.082307665525670703e-01 9.759138502839999341e-02 1.101131600479999945e-01 1.121251652039999963e-01 2.674129999999999896e+01 3.851389999999999958e+01 3.531119999999999948e+01 3.080150000000000077e+01 7.601059743653333367e-01 6.491183413484120646e-01
-5.117260000000000142e-01 -1.964690000000000047e+00 -1.581790000000000029e+00 -7.872339999999999893e-01 -9.919339999999999824e-01 -4.641000000000000125e-01 0.000000000000000000e+00 5.340079125122887405e-02 -3.811320000000000263e-01 0.000000000000000000e+00 0.000000000000000000e+00 nan 8.961430377859789242e-01 8.425841154950000633e-02 1.059654754939999971e-01 1.043470379369999951e-01 9.430099999999999483e+00 2.733050000000000068e+01 2.723829999999999885e+01 2.374060000000000059e+01 7.601059743653333367e-01 6.491183413484120646e-01
-5.100869999999999571e-01 -1.250150000000000095e+00 -9.575360000000000538e-01 -8.862759999999999527e-01 -9.440070000000000405e-01 -4.632669999999999844e-01 0.000000000000000000e+00 6.122493393008821005e-02 -6.240320000000000311e-01 0.000000000000000000e+00 0.000000000000000000e+00 nan 8.925276250886969853e-01 8.425841154950000633e-02 1.059654754939999971e-01 1.043470379369999951e-01 9.430099999999999483e+00 2.733050000000000068e+01 2.723829999999999885e+01 2.374060000000000059e+01 7.315920954737089588e-01 6.825180377148085675e-01
-5.105800000000000338e-01 -1.323269999999999946e+00 -1.126970000000000027e+00 -8.809059999999999668e-01 -1.053430000000000089e+00 -4.576740000000000252e-01 0.000000000000000000e+00 6.967542770328483126e-02 -6.510209999999999608e-01 0.000000000000000000e+00 0.000000000000000000e+00 nan 8.858697819513128291e-01 8.929381978269999853e-02 1.238526867090000011e-01 1.127989937520000041e-01 1.900420000000000087e+01 2.366679999999999851e+01 2.322560000000000002e+01 2.160529999999999973e+01 7.315920954737089588e-01 6.825180377148085675e-01
-5.109489999999999865e-01 -1.480439999999999978e+00 -1.144330000000000069e+00 -8.160969999999999613e-01 -1.001039999999999930e+00 -4.574039999999999773e-01 0.000000000000000000e+00 7.873617081954387142e-02 -4.890880000000000227e-01 0.000000000000000000e+00 0.000000000000000000e+00 nan 8.762449443969126950e-01 8.929381978269999853e-02 1.238526867090000011e-01 1.127989937520000041e-01 1.900420000000000087e+01 2.366679999999999851e+01 2.322560000000000002e+01 2.160529999999999973e+01 7.623924075899906061e-01 6.903906934179385724e-01
-5.105600000000000138e-01 -1.426250000000000018e+00 -9.356560000000000432e-01 -8.152289999999999814e-01 -9.515799999999999814e-01 -4.508190000000000253e-01 0.000000000000000000e+00 8.838414715869025162e-02 -4.620989999999999820e-01 0.000000000000000000e+00 0.000000000000000000e+00 nan 8.637621656808772697e-01 1.396457757219999873e-01 1.261546395310000068e-01 1.560702505359999881e-01 1.219289999999999985e+01 2.261230000000000118e+01 2.375120000000000076e+01 2.377420000000000044e+01 7.623924075899906061e-01 6.903906934179385724e-01
-4.982829999999999759e-01 -4.602669999999999817e-01 -1.836550000000000127e-01 -9.450979999999999936e-01 -1.105280000000000040e+00 -4.050590000000000024e-01 0.000000000000000000e+00 9.858968701348791441e-02 -6.240320000000000311e-01 0.000000000000000000e+00 0.000000000000000000e+00 nan 8.366307439914042465e-01 1.396457757219999873e-01 1.261546395310000068e-01 1.560702505359999881e-01 1.219289999999999985e+01 2.261230000000000118e+01 2.375120000000000076e+01 2.377420000000000044e+01 7.271825456832987644e-01 6.769120280724720828e-01
-5.082809999999999828e-01 -9.403040000000000287e-01 -8.031049999999999578e-01 -9.604040000000000354e-01 -1.131760000000000099e+00 -3.673290000000000166e-01 0.000000000000000000e+00 1.093168032592765071e-01 -6.510209999999999608e-01 0.000000000000000000e+00 0.000000000000000000e+00 nan 8.058300167338029452e-01 1.472466357999999975e-01 1.286199169810000043e-01 1.727298270510000122e-01 8.774900000000000588e+00 1.392830000000000013e+01 1.755069999999999908e+01 1.856909999999999883e+01 7.271825456832987644e-01 6.769120280724720828e-01
-5.055450000000000221e-01 -7.206900000000000528e-01 -5.926139999999999741e-01 -9.455529999999999768e-01 -1.004369999999999985e+00 -3.756260000000000154e-01 0.000000000000000000e+00 1.205235991024748987e-01 -6.510209999999999608e-01 0.000000000000000000e+00 0.000000000000000000e+00 nan 7.827573221142565263e-01 1.472466357999999975e-01 1.286199169810000043e-01 1.727298270510000122e-01 8.774900000000000588e+00 1.392830000000000013e+01 1.755069999999999908e+01 1.856909999999999883e+01 7.284890789545312995e-01 7.020905870552691663e-01
-4.557289999999999952e-01 1.255300000000000027e-01 3.500570000000000070e-01 -9.615920000000000023e-01 -1.001139999999999919e+00 -3.839960000000000040e-01 0.000000000000000000e+00 1.321627427879927819e-01 -6.510209999999999608e-01 0.000000000000000000e+00 0.000000000000000000e+00 nan 7.561183724022720876e-01 1.674654163859999878e-01 1.258253683120000022e-01 1.697909334259999903e-01 1.087809999999999988e+01 1.052340000000000053e+01 1.060079999999999956e+01 -1.000000000000000000e+00 7.284890789545312995e-01 7.020905870552691663e-01
-4.519230000000000191e-01 1.496510000000000062e-01 3.828540000000000276e-01 -8.665380000000000305e-01 -9.751140000000000363e-01 -3.996109999999999940e-01 0.000000000000000000e+00 1.441820038869291443e-01 -6.510209999999999608e-01 0.000000000000000000e+00 0.000000000000000000e+00 nan 7.262149975424705417e-01 1.674654163859999878e-01 1.258253683120000022e-01 1.697909334259999903e-01 1.087809999999999988e+01 1.052340000000000053e+01 1.060079999999999956e+01 -1.000000000000000000e+00 7.905675556335174381e-01 6.757908261440047637e-01
-5.053689999999999571e-01 -7.117149999999999865e-01 -5.740220000000000322e-01 -9.369950000000000223e-01 -1.071169999999999956e+00 -4.491060000000000052e-01 0.000000000000000000e+00 1.565248450882016362e-01 -6.510209999999999608e-01 0.000000000000000000e+00 0.000000000000000000e+00 nan 6.933860147207955293e-01 1.438949666790000081e-01 1.454597138810000134e-01 1.790190974310000016e-01 8.152789999999999537e+00 9.858829999999999316e+00 -1.000000000000000000e+00 -1.000000000000000000e+00 7.905675556335174381e-01 6.757908261440047637e-01
-5.089939999999999465e-01 -1.066570000000000018e+00 -7.682940000000000325e-01 -9.655160000000000409e-01 -1.212050000000000072e+00 -4.610739999999999839e-01 0.000000000000000000e+00 1.691310627888722440e-01 -4.890880000000000227e-01 0.000000000000000000e+00 0.000000000000000000e+00 nan 6.580033894304126996e-01 1.438949666790000081e-01 1.454597138810000134e-01 1.790190974310000016e-01 8.152789999999999537e+00 9.858829999999999316e+00 -1.000000000000000000e+00 -1.000000000000000000e+00 6.735299988507346125e-01 6.609242946276245867e-01
-5.114450000000000385e-01 -1.693780000000000063e+00 -1.362610000000000099e+00 -9.727700000000000236e-01 -1.105809999999999960e+00 -4.585540000000000171e-01 0.000000000000000000e+00 1.819374692250252945e-01 -4.620989999999999820e-01 0.000000000000000000e+00 0.000000000000000000e+00 nan 6.204680209540418545e-01 1.189960166779999995e-01 1.649143936599999916e-01 1.887360536799999877e-01 5.492549999999999599e+00 -1.000000000000000000e+00 -1.000000000000000000e+00 -1.000000000000000000e+00 6.735299988507346125e-01 6.609242946276245867e-01
-5.090360000000000440e-01 -1.168169999999999931e+00 -6.351980000000000404e-01 -8.994760000000000533e-01 -1.086680000000000090e+00 -4.518989999999999951e-01 0.000000000000000000e+00 1.948786084143803166e-01 -6.240320000000000311e-01 0.000000000000000000e+00 0.000000000000000000e+00 nan 5.812052000148926201e-01 1.189960166779999995e-01 1.649143936599999916e-01 1.887360536799999877e-01 5.492549999999999599e+00 -1.000000000000000000e+00 -1.000000000000000000e+00 -1.000000000000000000e+00 0.000000000000000000e+00 0.000000000000000000e+00
