-4.935410000000000075e-01 -1.087809999999999944e+00 -1.177030000000000021e+00 -6.910290000000000044e-01 -7.868889999999999496e-01 -4.642800000000000260e-01 0.000000000000000000e+00 1.736056797124442275e-01 -5.890849999999999698e-01 8.942230004103768337e-03 0.000000000000000000e+00 nan 3.953337550298888781e-01 4.083600570249999728e-02 6.642969347949999326e-02 2.704209416620000084e-02 -1.000000000000000000e+00 -1.000000000000000000e+00 -1.000000000000000000e+00 -1.000000000000000000e+00 0.000000000000000000e+00 0.000000000000000000e+00
-4.937480000000000202e-01 -1.539290000000000047e+00 -1.580310000000000104e+00 -6.795660000000000034e-01 -7.465600000000000014e-01 -4.648200000000000109e-01 0.000000000000000000e+00 1.627420293833607978e-01 4.246640000000000137e-02 1.259253041603558554e-02 0.000000000000000000e+00 nan 4.130737823965814348e-01 2.658970632289999955e-02 5.193473227990000329e-02 2.638584668789999838e-02 4.364639999999999631e+00 -1.000000000000000000e+00 -1.000000000000000000e+00 -1.000000000000000000e+00 0.000000000000000000e+00 0.000000000000000000e+00
-4.923040000000000194e-01 -5.547429999999999861e-01 -5.676740000000000119e-01 -7.107480000000000464e-01 -8.450370000000000381e-01 -4.635560000000000236e-01 0.000000000000000000e+00 1.534361542000471923e-01 -4.311969999999999970e-01 1.687305918977799468e-02 0.000000000000000000e+00 nan 4.290633358320340429e-01 2.658970632289999955e-02 5.193473227990000329e-02 2.638584668789999838e-02 4.364639999999999631e+00 -1.000000000000000000e+00 -1.000000000000000000e+00 -1.000000000000000000e+00 0.000000000000000000e+00 0.000000000000000000e+00
-4.929720000000000213e-01 -7.272659999999999680e-01 -8.113749999999999574e-01 -6.337319999999999620e-01 -6.810599999999999987e-01 -4.633829999999999893e-01 1.759708461872788732e-03 1.457928936148853438e-01 -2.733090000000000241e-01 2.195156992966240672e-02 0.000000000000000000e+00 nan 4.431212473067217550e-01 1.939606477680000038e-02 4.038915043750000017e-02 2.102995297620000037e-02 5.471680000000000099e+00 9.802820000000000533e+00 -1.000000000000000000e+00 -1.000000000000000000e+00 0.000000000000000000e+00 0.000000000000000000e+00
-4.937059999999999782e-01 -1.422439999999999927e+00 -1.376619999999999955e+00 -7.501229999999999842e-01 -8.621999999999999664e-01 -4.647249999999999992e-01 4.233941881155112164e-03 1.385118608938120666e-01 -1.154209999999999958e-01 2.798677478548594610e-02 0.000000000000000000e+00 nan 4.550882350663798537e-01 1.939606477680000038e-02 4.038915043750000017e-02 2.102995297620000037e-02 5.471680000000000099e+00 9.802820000000000533e+00 -1.000000000000000000e+00 -1.000000000000000000e+00 7.824149475208106441e-01 8.724171298220853021e-01
-4.933359999999999967e-01 -9.079679999999999973e-01 -9.990480000000000471e-01 -6.815670000000000339e-01 -7.946320000000000050e-01 -4.654380000000000184e-01 6.829378920421347310e-03 1.318386651941294563e-01 -9.048599999999999977e-01 3.512654618043697941e-02 0.000000000000000000e+00 nan 4.648287083579257795e-01 1.885612029559999986e-02 3.055320699530000156e-02 1.748078427850000005e-02 7.120540000000000092e+00 1.302999999999999936e+01 1.209299999999999997e+01 -1.000000000000000000e+00 7.824149475208106441e-01 8.724171298220853021e-01
-4.935289999999999955e-01 -1.055809999999999915e+00 -1.218599999999999905e+00 -6.985339999999999883e-01 -7.948479999999999990e-01 -4.652800000000000269e-01 1.075170777103862108e-02 1.260120286368079379e-01 -1.062750000000000083e+00 4.350624135745284615e-02 0.000000000000000000e+00 nan 4.722323037268707502e-01 1.885612029559999986e-02 3.055320699530000156e-02 1.748078427850000005e-02 7.120540000000000092e+00 1.302999999999999936e+01 1.209299999999999997e+01 -1.000000000000000000e+00 7.882792707202317395e-01 9.421786411701209563e-01
-4.936570000000000125e-01 -1.271649999999999947e+00 -1.330829999999999957e+00 -8.450619999999999798e-01 -8.975859999999999950e-01 -4.654289999999999816e-01 1.515622146388528879e-02 1.212610814894674593e-01 -2.733090000000000241e-01 5.324716872757206954e-02 0.000000000000000000e+00 nan 4.772151354793577882e-01 2.786574335940000119e-02 2.982307398230000031e-02 2.093995166159999879e-02 1.236819999999999986e+01 1.450450000000000017e+01 1.459619999999999962e+01 1.534029999999999916e+01 7.882792707202317395e-01 9.421786411701209563e-01
-4.937010000000000010e-01 -1.381909999999999972e+00 -1.424269999999999925e+00 -6.379420000000000091e-01 -8.043249999999999567e-01 -4.648090000000000277e-01 2.027994941361022097e-02 1.178027660288888390e-01 1.937119999999999953e+00 6.445521339716420162e-02 0.000000000000000000e+00 nan 4.797207461405929019e-01 2.786574335940000119e-02 2.982307398230000031e-02 2.093995166159999879e-02 1.236819999999999986e+01 1.450450000000000017e+01 1.459619999999999962e+01 1.534029999999999916e+01 7.715289087947883040e-01 9.379098095793697576e-01
-4.936510000000000065e-01 -1.266869999999999941e+00 -1.313949999999999951e+00 -6.470960000000000045e-01 -7.509770000000000056e-01 -4.636640000000000206e-01 2.630165205509027437e-02 1.158393784983325903e-01 1.779230000000000089e+00 7.721963744736548563e-02 0.000000000000000000e+00 nan 4.797207461405929019e-01 4.542811611829999929e-02 3.222344604479999985e-02 3.146456397820000112e-02 6.037510000000000154e+00 1.644719999999999871e+01 1.746359999999999957e+01 1.714519999999999911e+01 7.715289087947883040e-01 9.379098095793697576e-01
-4.935899999999999732e-01 -1.125769999999999937e+00 -1.302829999999999933e+00 -6.993310000000000359e-01 -8.109260000000000357e-01 -4.643539999999999890e-01 3.340948929385634258e-02 1.155562770102693815e-01 -4.311969999999999970e-01 9.161206855903236690e-02 0.000000000000000000e+00 nan 4.772151354793577882e-01 4.542811611829999929e-02 3.222344604479999985e-02 3.146456397820000112e-02 6.037510000000000154e+00 1.644719999999999871e+01 1.746359999999999957e+01 1.714519999999999911e+01 7.578436029677886321e-01 8.847345604186389600e-01
-4.926809999999999801e-01 -6.256850000000000467e-01 -7.260870000000000379e-01 -7.094679999999999875e-01 -7.696110000000000451e-01 -4.622910000000000075e-01 4.176529911970838782e-02 1.171197813648997554e-01 -1.062750000000000083e+00 1.076856884424960414e-01 0.000000000000000000e+00 nan 4.722323037268707502e-01 6.647769113279999864e-02 3.901906937940000097e-02 4.104396626129999670e-02 1.254170000000000051e+01 2.288080000000000069e+01 1.997230000000000061e+01 1.829370000000000118e+01 7.578436029677886321e-01 8.847345604186389600e-01
-4.925880000000000258e-01 -6.278489999999999904e-01 -6.247920000000000140e-01 -7.479249999999999510e-01 -8.269239999999999924e-01 -4.621210000000000040e-01 5.152175707543538152e-02 1.206752885803606956e-01 -2.733090000000000241e-01 1.254746302675344705e-01 0.000000000000000000e+00 nan 4.648287083579257795e-01 6.647769113279999864e-02 3.901906937940000097e-02 4.104396626129999670e-02 1.254170000000000051e+01 2.288080000000000069e+01 1.997230000000000061e+01 1.829370000000000118e+01 7.681188925081433583e-01 8.592403436025165542e-01
-4.931769999999999765e-01 -8.609940000000000371e-01 -8.049579999999999513e-01 -7.424600000000000088e-01 -8.499970000000000026e-01 -4.635119999999999796e-01 6.280956088082323419e-02 1.263456254864118167e-01 -2.733090000000000241e-01 1.449935919209199842e-01 0.000000000000000000e+00 nan 4.550882350663798537e-01 6.229396312459999779e-02 3.996450177819999700e-02 6.488972126309999755e-02 1.046679999999999922e+01 2.020700000000000074e+01 1.916689999999999827e+01 1.829720000000000013e+01 7.681188925081433583e-01 8.592403436025165542e-01
-4.916829999999999812e-01 -4.287039999999999740e-01 -4.907569999999999988e-01 -7.203230000000000466e-01 -8.033169999999999478e-01 -4.630879999999999996e-01 7.573820738341874304e-02 1.342296570473753281e-01 -1.062750000000000083e+00 1.662376694734881699e-01 0.000000000000000000e+00 nan 4.431212473067218660e-01 6.229396312459999779e-02 3.996450177819999700e-02 6.488972126309999755e-02 1.046679999999999922e+01 2.020700000000000074e+01 1.916689999999999827e+01 1.829720000000000013e+01 8.058892055736518456e-01 8.683369372705328493e-01
-4.926690000000000236e-01 -6.386760000000000215e-01 -6.776689999999999658e-01 -7.009290000000000243e-01 -7.562670000000000226e-01 -4.637279999999999736e-01 9.039961782840089111e-02 1.444011661825859161e-01 -5.890849999999999698e-01 1.891824127436160241e-01 0.000000000000000000e+00 nan 4.290633358320341539e-01 4.540486274169999725e-02 2.774161950110000038e-02 6.422459952520000181e-02 9.175029999999999575e+00 2.146649999999999991e+01 2.048580000000000112e+01 2.630130000000000123e+01 8.058892055736518456e-01 8.683369372705328493e-01
-4.934609999999999830e-01 -1.063209999999999988e+00 -9.815450000000000008e-01 -6.020109999999999628e-01 -6.620909999999999851e-01 -4.639280000000000070e-01 1.068570117386766771e-01 1.569080177764319295e-01 -5.890849999999999698e-01 2.137841023275489638e-01 0.000000000000000000e+00 nan 4.130737823965814348e-01 4.540486274169999725e-02 2.774161950110000038e-02 6.422459952520000181e-02 9.175029999999999575e+00 2.146649999999999991e+01 2.048580000000000112e+01 2.630130000000000123e+01 8.200325732899023112e-01 8.529244291049077331e-01
-4.931980000000000253e-01 -8.343380000000000241e-01 -8.954590000000000050e-01 -7.325960000000000250e-01 -8.349900000000000100e-01 -4.636959999999999971e-01 1.251530191756066168e-01 1.717716163500905280e-01 3.582420000000000049e-01 2.399802449577150831e-01 0.000000000000000000e+00 nan 3.953337550298888781e-01 3.798359602689999753e-02 2.180394864580000036e-02 4.728539494419999739e-02 1.307060000000000066e+01 2.470129999999999981e+01 3.096330000000000027e+01 4.104120000000000346e+01 8.200325732899023112e-01 8.529244291049077331e-01
-4.936429999999999985e-01 -1.293719999999999981e+00 -1.219889999999999919e+00 -6.688009999999999788e-01 -7.480019999999999447e-01 -4.641129999999999978e-01 1.453076957081376186e-01 1.889866635397486894e-01 3.582420000000000049e-01 2.676902815764169441e-01 0.000000000000000000e+00 nan 3.760442553305762825e-01 3.798359602689999753e-02 2.180394864580000036e-02 4.728539494419999739e-02 1.307060000000000066e+01 2.470129999999999981e+01 3.096330000000000027e+01 4.104120000000000346e+01 8.604155356496562268e-01 9.672047537037877785e-01
-4.926369999999999916e-01 -6.185530000000000195e-01 -6.971640000000000059e-01 -7.183840000000000225e-01 -7.999960000000000404e-01 -4.610770000000000146e-01 1.673167792003512622e-01 2.085212181291833389e-01 -1.062750000000000083e+00 2.968165001021463301e-01 0.000000000000000000e+00 nan 3.554238410379298996e-01 6.702479253229999545e-02 2.358272267540000022e-02 5.367741169180000049e-02 1.242430000000000057e+01 3.422189999999999799e+01 4.319859999999999900e+01 5.660049999999999670e+01 8.604155356496562268e-01 9.672047537037877785e-01
-4.926840000000000108e-01 -6.336490000000000178e-01 -7.063450000000000006e-01 -6.951490000000000169e-01 -7.855140000000000455e-01 -4.595040000000000235e-01 1.911514082463076081e-01 2.303170579565035903e-01 -1.062750000000000083e+00 3.272451425465102703e-01 0.000000000000000000e+00 nan 3.337061496853849230e-01 6.702479253229999545e-02 2.358272267540000022e-02 5.367741169180000049e-02 1.242430000000000057e+01 3.422189999999999799e+01 4.319859999999999900e+01 5.660049999999999670e+01 8.229223217517191991e-01 9.454798243560945670e-01
-4.934270000000000045e-01 -9.518640000000000434e-01 -1.150630000000000042e+00 -6.532430000000000181e-01 -7.175070000000000059e-01 -4.626890000000000169e-01 2.167642188420761951e-01 2.542903395945096401e-01 -1.062750000000000083e+00 3.588476939376958885e-01 0.000000000000000000e+00 nan 3.111372513939149043e-01 1.244521074990000004e-01 2.831522559770000003e-02 6.107910408589999757e-02 2.020850000000000080e+01 4.592179999999999751e+01 5.745219999999999771e+01 7.116490000000000293e+01 8.229223217517191991e-01 9.454798243560945670e-01
-4.924669999999999881e-01 -5.718109999999999582e-01 -6.599180000000000046e-01 -7.098290000000000433e-01 -8.406200000000000339e-01 -4.632020000000000026e-01 2.440869023642699975e-01 2.803325483302251397e-01 -1.062750000000000083e+00 3.914823384464524159e-01 0.000000000000000000e+00 nan 2.879728607992362299e-01 1.244521074990000004e-01 2.831522559770000003e-02 6.107910408589999757e-02 2.020850000000000080e+01 4.592179999999999751e+01 5.745219999999999771e+01 7.116490000000000293e+01 7.613497557003257032e-01 8.965559402084111174e-01
-4.916769999999999752e-01 -4.393770000000000175e-01 -4.556299999999999795e-01 -7.514830000000000121e-01 -8.692339999999999511e-01 -4.634139999999999926e-01 2.730264152556224344e-01 3.083117276799549611e-01 -1.062750000000000083e+00 4.249955662161034597e-01 0.000000000000000000e+00 nan 2.644754397028074022e-01 1.981907530929999939e-01 4.450447344300000052e-02 7.385382649489999340e-02 2.330709999999999837e+01 6.237120000000000175e+01 7.952280000000000371e+01 8.864289999999999736e+01 7.613497557003257032e-01 8.965559402084111174e-01
-4.935729999999999840e-01 -1.219060000000000032e+00 -1.064500000000000002e+00 -6.433149999999999702e-01 -7.699559999999999738e-01 -4.158740000000000214e-01 3.034714819037707123e-01 3.380739745089734738e-01 -5.890849999999999698e-01 4.592239126905626190e-01 0.000000000000000000e+00 nan 2.409112232747443461e-01 1.981907530929999939e-01 4.450447344300000052e-02 7.385382649489999340e-02 2.330709999999999837e+01 6.237120000000000175e+01 7.952280000000000371e+01 8.864289999999999736e+01 7.313042888165038891e-01 8.585172272855889908e-01
-4.930970000000000075e-01 -7.776279999999999859e-01 -8.631480000000000263e-01 -6.411040000000000072e-01 -8.184719999999999773e-01 -3.607940000000000036e-01 3.352877485889881326e-01 3.694451828155368434e-01 -5.890849999999999698e-01 4.939958107330713055e-01 0.000000000000000000e+00 nan 2.175472035029598628e-01 2.929775781380000166e-01 5.705092142379999953e-02 8.998781925200000087e-02 3.399689999999999657e+01 1.000649999999999977e+02 1.177289999999999992e+02 1.129380000000000024e+02 7.313042888165038891e-01 8.585172272855889908e-01
-4.935959999999999792e-01 -1.164390000000000036e+00 -1.249260000000000037e+00 -7.259940000000000282e-01 -7.210839999999999472e-01 -2.683909999999999907e-01 3.683024721027239323e-01 4.022330164214523718e-01 6.740169999999999773e-01 5.291335345504126764e-01 0.000000000000000000e+00 nan 1.946481040672569662e-01 2.929775781380000166e-01 5.705092142379999953e-02 8.998781925200000087e-02 3.399689999999999657e+01 1.000649999999999977e+02 1.177289999999999992e+02 1.129380000000000024e+02 2.132249819037278504e-01 5.977027957004272807e-01
-3.211019999999999985e-01 8.975140000000000340e-01 1.158439999999999914e+00 1.305099999999999927e+00 1.587069999999999981e+00 -6.628660000000000108e-02 4.023423889727825165e-01 4.362290882178310181e-01 6.740169999999999773e-01 5.644552133971640906e-01 0.000000000000000000e+00 nan 1.724733809142580121e-01 4.292004230909999829e-01 5.213134585390000186e-02 1.194697513800000027e-01 4.344910000000000139e+01 1.240619999999999976e+02 1.486670000000000016e+02 1.328139999999999930e+02 2.132249819037278504e-01 5.977027957004272807e-01
-2.960320000000000173e-01 8.998559999999999892e-01 1.318459999999999965e+00 8.793349999999999778e-01 9.372300000000000075e-01 5.278779999999999584e-01 4.372312487571735629e-01 4.712113212742979895e-01 -4.311969999999999970e-01 5.997768922439157269e-01 0.000000000000000000e+00 nan 1.512742825178564621e-01 4.292004230909999829e-01 5.213134585390000186e-02 1.194697513800000027e-01 4.344910000000000139e+01 1.240619999999999976e+02 1.486670000000000016e+02 1.328139999999999930e+02 2.766637260224393824e-01 5.777210308075497736e-01
9.848419999999999952e-01 1.556280000000000108e+00 1.711570000000000036e+00 8.833729999999999638e-01 1.242169999999999996e+00 7.679510000000000502e-01 4.727631396859843793e-01 5.069464650593518140e-01 3.582420000000000049e-01 6.349146160612568757e-01 0.000000000000000000e+00 nan 1.312910031336131933e-01 5.346068042999999603e-01 4.189433198789999785e-02 1.334790052740000010e-01 3.167950000000000088e+01 9.955329999999999302e+01 1.253190000000000026e+02 1.227819999999999965e+02 2.766637260224393824e-01 5.777210308075497736e-01
1.941670000000000007e+00 1.694960000000000022e+00 1.728860000000000063e+00 1.623629999999999907e+00 1.572940000000000005e+00 1.655680000000000041e+00 5.087347878724473027e-01 5.431927382620886924e-01 5.161299999999999777e-01 6.696865141037655622e-01 0.000000000000000000e+00 nan 1.127499613018650981e-01 5.346068042999999603e-01 4.189433198789999785e-02 1.334790052740000010e-01 3.167950000000000088e+01 9.955329999999999302e+01 1.253190000000000026e+02 1.227819999999999965e+02 3.004942544335867938e-01 5.973953839328444149e-01
1.292910000000000004e+00 1.595809999999999951e+00 1.646449999999999969e+00 1.477959999999999940e+00 1.548059999999999992e+00 2.599270000000000191e+00 5.449292095000320968e-01 5.806005563344772691e-01 6.740169999999999773e-01 7.039148605782250545e-01 0.000000000000000000e+00 nan 9.317029782091312828e-02 5.845171548309999743e-01 3.383335093780000247e-02 1.380641292260000041e-01 1.777700000000000102e+01 5.643789999999999907e+01 8.600660000000000593e+01 9.754300000000000637e+01 3.004942544335867938e-01 5.973953839328444149e-01
1.756310000000000038e+00 1.669769999999999976e+00 1.666770000000000085e+00 1.713489999999999958e+00 1.689540000000000042e+00 2.160149999999999793e+00 5.811279186802174035e-01 6.181060385808556656e-01 6.740169999999999773e-01 7.374280883478758764e-01 0.000000000000000000e+00 nan 7.518059223236928101e-02 5.845171548309999743e-01 3.383335093780000247e-02 1.380641292260000041e-01 1.777700000000000102e+01 5.643789999999999907e+01 8.600660000000000593e+01 9.754300000000000637e+01 3.284303745928338625e-01 6.155955578999583455e-01
3.016490000000000116e+00 1.810240000000000071e+00 1.692900000000000071e+00 1.951869999999999994e+00 1.872929999999999984e+00 1.917960000000000109e+00 6.171102219753354934e-01 6.555138567406499917e-01 5.161299999999999777e-01 7.700627328566324037e-01 0.000000000000000000e+00 nan 5.878536425626057493e-02 6.231102111399999810e-01 2.913488268040000106e-02 1.280401786969999900e-01 1.332399999999999984e+01 4.258160000000000167e+01 6.284080000000000155e+01 7.776069999999999993e+01 3.284303745928338625e-01 6.155955578999583455e-01
1.554750000000000076e+00 1.639110000000000067e+00 1.676020000000000065e+00 1.797150000000000025e+00 1.838810000000000056e+00 2.325909999999999922e+00 6.526471474770774162e-01 6.911285904437611816e-01 1.305569999999999897e+00 8.016652842478180219e-01 0.000000000000000000e+00 nan 4.397106754414403795e-02 6.231102111399999810e-01 2.913488268040000106e-02 1.280401786969999900e-01 1.332399999999999984e+01 4.258160000000000167e+01 6.284080000000000155e+01 7.776069999999999993e+01 3.576332338038364922e-01 6.337677853427465813e-01
2.466870000000000118e+00 1.756080000000000085e+00 1.688539999999999930e+00 1.809090000000000087e+00 1.733349999999999946e+00 2.048960000000000115e+00 6.875223830014052240e-01 7.247104251335543257e-01 1.779230000000000089e+00 8.320939266921820732e-01 0.000000000000000000e+00 nan 3.070624316464753978e-02 6.578012052210000515e-01 2.516273883639999834e-02 1.039450721950000017e-01 8.804809999999999803e+00 2.821940000000000026e+01 4.695550000000000068e+01 6.214840000000000231e+01 3.576332338038364922e-01 6.337677853427465813e-01
1.977749999999999897e+00 1.699140000000000095e+00 1.702550000000000008e+00 1.824889999999999901e+00 1.889399999999999968e+00 1.861779999999999990e+00 7.216568800399699724e-01 7.574289638948984438e-01 1.937119999999999953e+00 8.583925674425968433e-01 0.000000000000000000e+00 nan 2.154792100908209385e-02 6.578012052210000515e-01 2.516273883639999834e-02 1.039450721950000017e-01 8.804809999999999803e+00 2.821940000000000026e+01 4.695550000000000068e+01 6.214840000000000231e+01 3.756503347810351556e-01 6.370899284219645464e-01
2.271090000000000053e+00 1.734539999999999971e+00 1.697310000000000096e+00 1.912770000000000081e+00 1.903119999999999923e+00 2.301260000000000083e+00 7.549368399840231669e-01 7.889134926099623524e-01 1.779230000000000089e+00 8.831829182261276001e-01 0.000000000000000000e+00 nan 1.390893191267295048e-02 7.085484021929999709e-01 1.981909271369999836e-02 7.674803461099999335e-02 3.395960000000000090e+00 1.387829999999999941e+01 2.656700000000000017e+01 3.914659999999999940e+01 3.756503347810351556e-01 6.370899284219645464e-01
2.360310000000000130e+00 1.744420000000000082e+00 1.714890000000000025e+00 1.849499999999999922e+00 1.913410000000000055e+00 2.371150000000000091e+00 7.871075277051940988e-01 8.188072789878251267e-01 1.463459999999999983e+00 9.061840944626755601e-01 0.000000000000000000e+00 nan 7.875828674267504326e-03 7.085484021929999709e-01 1.981909271369999836e-02 7.674803461099999335e-02 3.395960000000000090e+00 1.387829999999999941e+01 2.656700000000000017e+01 3.914659999999999940e+01 3.847719869706839324e-01 6.513810822990208083e-01
2.373709999999999987e+00 1.746010000000000062e+00 1.720560000000000089e+00 1.921839999999999993e+00 1.901799999999999935e+00 3.075860000000000039e+00 8.167106856697206041e-01 8.467716144838747239e-01 1.463459999999999983e+00 9.271354836346767936e-01 0.000000000000000000e+00 nan 3.516968764262662361e-03 7.351731123400000456e-01 1.577958314220000158e-02 6.382590796680000234e-02 2.508700000000000152e+00 5.293479999999999741e+00 1.093210000000000015e+01 2.225679999999999836e+01 3.847719869706839324e-01 6.513810822990208083e-01
2.357590000000000074e+00 1.744369999999999976e+00 1.714350000000000041e+00 1.772969999999999935e+00 1.814349999999999907e+00 2.974229999999999929e+00 8.447562311481390251e-01 8.724896520029594704e-01 9.897930000000000339e-01 9.457996981310622386e-01 0.000000000000000000e+00 nan 8.817398071506721280e-04 7.351731123400000456e-01 1.577958314220000158e-02 6.382590796680000234e-02 2.508700000000000152e+00 5.293479999999999741e+00 1.093210000000000015e+01 2.225679999999999836e+01 3.892677795874051050e-01 6.521286518247333408e-01
2.539039999999999964e+00 1.764289999999999914e+00 1.697240000000000082e+00 1.876530000000000031e+00 1.912749999999999950e+00 3.393940000000000179e+00 8.711521640346735484e-01 8.956699959035814285e-01 1.305569999999999897e+00 9.619652649437460123e-01 0.000000000000000000e+00 nan 0.000000000000000000e+00 7.771096178140000088e-01 1.297930251059999963e-02 5.607298871889999925e-02 2.233989999999999920e+00 4.432610000000000383e+00 7.327280000000000015e+00 1.041869999999999941e+01 3.892677795874051050e-01 6.521286518247333408e-01
2.874379999999999935e+00 1.797290000000000054e+00 1.692399999999999904e+00 1.966800000000000104e+00 1.884789999999999965e+00 3.401629999999999932e+00 8.941941679658343967e-01 9.175512009660868884e-01 1.621340000000000003e+00 9.754490217413077646e-01 0.000000000000000000e+00 nan 8.817398071506721280e-04 7.771096178140000088e-01 1.297930251059999963e-02 5.607298871889999925e-02 2.233989999999999920e+00 4.432610000000000383e+00 7.327280000000000015e+00 1.041869999999999941e+01 3.855128031125588661e-01 6.435665354344461964e-01
2.969139999999999890e+00 1.805909999999999904e+00 1.692900000000000071e+00 1.896870000000000056e+00 1.964029999999999943e+00 3.517720000000000180e+00 9.148210189068033404e-01 9.379512562544364274e-01 1.621340000000000003e+00 9.860981921713953824e-01 0.000000000000000000e+00 nan 3.516968764262662361e-03 8.057525590509999613e-01 1.187191196349999915e-02 5.461051738920000287e-02 1.947210000000000107e+00 4.779950000000000365e+00 5.714800000000000324e+00 7.196550000000000225e+00 3.855128031125588661e-01 6.435665354344461964e-01
2.951630000000000198e+00 1.804329999999999989e+00 1.676199999999999912e+00 1.882460000000000022e+00 1.946709999999999940e+00 2.997799999999999798e+00 9.331175598635246260e-01 9.553185447526680862e-01 1.779230000000000089e+00 9.937921168778431902e-01 4.002609541271262561e-02 nan 5.269783710917907982e-03 8.057525590509999613e-01 1.187191196349999915e-02 5.461051738920000287e-02 1.947210000000000107e+00 4.779950000000000365e+00 5.714800000000000324e+00 7.196550000000000225e+00 3.889793702497285066e-01 6.518526798970170066e-01
2.838849999999999874e+00 1.793770000000000087e+00 1.642390000000000017e+00 1.978350000000000053e+00 1.948690000000000033e+00 2.547289999999999832e+00 9.488764837160313936e-01 9.696859119821883422e-01 1.621340000000000003e+00 9.984436206193908481e-01 8.135603683252157214e-02 nan 8.611950335045914784e-03 8.011518686509999654e-01 1.360372801009999966e-02 5.300198609850000075e-02 2.613510000000000222e+00 4.007270000000000110e+00 4.724370000000000402e+00 5.555509999999999948e+00 3.889793702497285066e-01 6.518526798970170066e-01
3.022299999999999986e+00 1.810799999999999965e+00 1.617189999999999905e+00 2.054419999999999913e+00 1.979889999999999928e+00 2.005389999999999784e+00 9.628523429563129454e-01 9.811201937710862797e-01 1.621340000000000003e+00 1.000000000000000000e+00 8.655664776465676891e-02 nan 1.591233468407016183e-02 8.011518686509999654e-01 1.360372801009999966e-02 5.300198609850000075e-02 2.613510000000000222e+00 4.007270000000000110e+00 4.724370000000000402e+00 5.555509999999999948e+00 3.902743847267462485e-01 6.516570542267371424e-01
2.483109999999999928e+00 1.757880000000000109e+00 1.593739999999999934e+00 1.881809999999999983e+00 1.804049999999999931e+00 1.663270000000000026e+00 9.753867378938185784e-01 9.897214589774945281e-01 1.937119999999999953e+00 9.984436206193908481e-01 9.689894462900727756e-02 nan 2.439728387195283510e-02 7.865422804399999634e-01 1.718930296529999971e-02 4.587270255209999897e-02 1.775339999999999918e+00 3.226999999999999869e+00 3.736369999999999969e+00 4.573439999999999728e+00 3.902743847267462485e-01 6.516570542267371424e-01
1.569569999999999910e+00 1.641939999999999955e+00 1.570130000000000026e+00 1.837259999999999893e+00 1.826969999999999983e+00 1.385440000000000005e+00 9.855591125646085970e-01 9.956218756694417138e-01 2.095009999999999817e+00 9.937921168778431902e-01 1.122657450695280223e-01 nan 3.666159664825929809e-02 7.865422804399999634e-01 1.718930296529999971e-02 4.587270255209999897e-02 1.775339999999999918e+00 3.226999999999999869e+00 3.736369999999999969e+00 4.573439999999999728e+00 3.876956659428157925e-01 6.488100020610561014e-01
1.392400000000000082e+00 1.613399999999999945e+00 1.520729999999999915e+00 1.737440000000000095e+00 1.776289999999999925e+00 8.378229999999999844e-01 9.929802354277765808e-01 9.989842136078286305e-01 1.463459999999999983e+00 9.860981921713954934e-01 1.324829370969659026e-01 nan 5.015957931792636160e-02 7.659290110359999737e-01 2.065933238739999997e-02 4.748553504949999671e-02 1.670879999999999921e+00 2.460139999999999993e+00 3.379729999999999901e+00 6.249810000000000088e+00 3.876956659428157925e-01 6.488100020610561014e-01
7.560339999999999838e-01 1.482080000000000064e+00 1.474290000000000100e+00 1.676160000000000094e+00 1.626149999999999984e+00 4.047439999999999927e-01 9.977416929810319912e-01 1.000000000000000000e+00 1.147680000000000033e+00 9.754490217413078756e-01 1.573214518472698664e-01 nan 6.493760517639968199e-02 7.659290110359999737e-01 2.065933238739999997e-02 4.748553504949999671e-02 1.670879999999999921e+00 2.460139999999999993e+00 3.379729999999999901e+00 6.249810000000000088e+00 3.866268548678972738e-01 6.497846370969149188e-01
7.819829999999999837e-01 1.488450000000000051e+00 1.430500000000000105e+00 1.836889999999999912e+00 1.645769999999999955e+00 3.789379999999999971e-01 1.000000000000000000e+00 9.988873494199529413e-01 1.463459999999999983e+00 9.619652649437460123e-01 1.864998590233524212e-01 nan 8.102754411831614156e-02 7.566193149580000554e-01 1.940415464429999862e-02 5.111232996469999845e-02 2.524319999999999897e+00 3.777909999999999879e+00 4.734180000000000277e+00 6.531970000000000276e+00 3.866268548678972738e-01 6.497846370969149188e-01
9.840659999999999963e-01 1.535150000000000015e+00 1.292270000000000030e+00 1.732069999999999999e+00 1.692029999999999923e+00 2.754489999999999994e-01 9.999372416390416296e-01 9.943872938004085782e-01 1.621340000000000003e+00 9.457996981310622386e-01 2.196875556128081719e-01 nan 9.844640153886352607e-02 7.566193149580000554e-01 1.940415464429999862e-02 5.111232996469999845e-02 2.524319999999999897e+00 3.777909999999999879e+00 4.734180000000000277e+00 6.531970000000000276e+00 3.898954940282302051e-01 6.473742493738232628e-01
5.522519999999999651e-01 1.425170000000000048e+00 1.300459999999999949e+00 1.656330000000000080e+00 1.636339999999999906e+00 1.528500000000000136e-01 9.977579261579770931e-01 9.867145351768145112e-01 1.621340000000000003e+00 9.271354836346767936e-01 2.565085117521481717e-01 nan 1.171961256558576858e-01 7.929019436199999937e-01 1.533525944569999987e-02 4.682241203220000036e-02 1.732310000000000016e+00 4.351390000000000313e+00 5.859309999999999796e+00 7.856700000000000017e+00 3.898954940282302051e-01 6.473742493738232628e-01
6.247779999999999445e-01 1.446260000000000101e+00 1.278469999999999995e+00 1.710369999999999946e+00 1.562750000000000083e+00 1.871099999999999985e-01 9.936912489822743444e-01 9.775061076607793886e-01 2.095009999999999817e+00 9.061840944626755601e-01 2.965455312954061728e-01 nan 1.372635854356566432e-01 7.929019436199999937e-01 1.533525944569999987e-02 4.682241203220000036e-02 1.732310000000000016e+00 4.351390000000000313e+00 5.859309999999999796e+00 7.856700000000000017e+00 3.862592743394860362e-01 6.503819940543769107e-01
5.154699999999999838e-01 1.413589999999999902e+00 1.246760000000000090e+00 1.581730000000000080e+00 1.576619999999999910e+00 -9.652719999999999356e-02 9.873646118759287216e-01 9.668663464155606846e-01 2.252899999999999903e+00 8.831829182261276001e-01 3.393449788131754907e-01 nan 1.586207193730180265e-01 7.955446145919999879e-01 1.559677362369999917e-02 4.120366112409999670e-02 3.306369999999999809e+00 6.403850000000000264e+00 7.533089999999999620e+00 1.064409999999999989e+01 3.862592743394860362e-01 6.503819940543769107e-01
2.180829999999999991e-01 1.302990000000000093e+00 1.311509999999999954e+00 1.366160000000000041e+00 1.439740000000000020e+00 -1.622260000000000021e-02 9.783849484791339313e-01 9.549158041874996616e-01 2.095009999999999817e+00 8.583925674425968433e-01 3.844219194632886305e-01 nan 1.812248534391668331e-01 7.955446145919999879e-01 1.559677362369999917e-02 4.120366112409999670e-02 3.306369999999999809e+00 6.403850000000000264e+00 7.533089999999999620e+00 1.064409999999999989e+01 3.717766015200867358e-01 6.428818455884663940e-01
1.093679999999999986e+00 1.557700000000000085e+00 1.318300000000000027e+00 1.794070000000000054e+00 1.700239999999999974e+00 1.257959999999999912e-01 9.675895661887722321e-01 9.417898853952344496e-01 1.305569999999999897e+00 8.320939266921820732e-01 4.312656134963480659e-01 nan 2.050191845955928738e-01 7.319317329469999800e-01 2.271870823999999969e-02 4.388124083290000088e-02 4.862119999999999997e+00 8.329510000000000858e+00 1.250820000000000043e+01 2.003539999999999921e+01 3.717766015200867358e-01 6.428818455884663940e-01
1.472650000000000070e-01 1.269500000000000073e+00 1.279339999999999922e+00 1.362840000000000051e+00 1.371320000000000094e+00 -7.067829999999999946e-02 9.557802154757691904e-01 9.276373119435326053e-01 8.319050000000000056e-01 8.016652842478181329e-01 4.793453031411688547e-01 nan 2.299334243951747236e-01 7.319317329469999800e-01 2.271870823999999969e-02 4.388124083290000088e-02 4.862119999999999997e+00 8.329510000000000858e+00 1.250820000000000043e+01 2.003539999999999921e+01 3.558066413318856647e-01 6.446774097763928735e-01
6.587119999999999642e-01 1.455920000000000103e+00 1.232019999999999893e+00 1.734529999999999905e+00 1.583650000000000002e+00 -1.001530000000000059e-01 9.430907010024803805e-01 9.126184381446832417e-01 1.463459999999999983e+00 7.700627328566324037e-01 5.281162263024058445e-01 nan 2.558845953783708271e-01 6.396692915239999833e-01 3.862556817949999721e-02 6.767672877579999913e-02 5.059840000000000337e+00 1.382690000000000019e+01 2.208389999999999986e+01 3.390220000000000056e+01 3.558066413318856647e-01 6.446774097763928735e-01
-3.517560000000000131e-01 7.972320000000000517e-01 8.803039999999999754e-01 6.395140000000000269e-01 8.490269999999999762e-01 -2.721770000000000023e-01 9.296648000383603838e-01 8.969034338400649897e-01 8.319050000000000056e-01 7.374280883478758764e-01 5.770257889327703449e-01 nan 2.827779712409927981e-01 6.396692915239999833e-01 3.862556817949999721e-02 6.767672877579999913e-02 5.059840000000000337e+00 1.382690000000000019e+01 2.208389999999999986e+01 3.390220000000000056e+01 3.298780763662686466e-01 6.488414419009225220e-01
3.963710000000000150e-02 1.210620000000000029e+00 1.219379999999999908e+00 1.290529999999999955e+00 1.235549999999999926e+00 -2.931000000000000272e-01 9.156546334060511327e-01 8.806703563078459585e-01 9.897930000000000339e-01 7.039148605782250545e-01 6.255198261443906116e-01 nan 3.105081501210825712e-01 6.241851365789999884e-01 4.036273273129999811e-02 7.843198921430000192e-02 1.265489999999999959e+01 2.167299999999999827e+01 3.259790000000000276e+01 4.871809999999999974e+01 3.298780763662686466e-01 6.488414419009225220e-01
-4.372710000000000208e-01 5.163050000000000139e-01 5.616560000000000441e-01 3.537520000000000109e-01 5.576179999999999470e-01 -1.653459999999999930e-01 9.012189418916746186e-01 8.625530341123509581e-01 5.161299999999999777e-01 6.696865141037657843e-01 6.730488811184247577e-01 nan 3.389602488441242345e-01 6.241851365789999884e-01 4.036273273129999811e-02 7.843198921430000192e-02 1.265489999999999959e+01 2.167299999999999827e+01 3.259790000000000276e+01 4.871809999999999974e+01 3.119571118349621086e-01 6.467279859987913326e-01
-4.592680000000000096e-01 3.396359999999999935e-01 6.700869999999999882e-01 2.423919999999999964e-01 2.830400000000000138e-01 -2.927790000000000115e-01 8.847042568613777691e-01 8.425930291462221389e-01 -1.154209999999999958e-01 6.349146160612570977e-01 7.190744306703704680e-01 nan 3.680112045953169986e-01 5.497488147389999469e-01 5.022884873990000193e-02 9.408466626040000447e-02 1.941189999999999927e+01 4.493130000000000024e+01 5.658579999999999899e+01 6.626879999999999882e+01 3.119571118349621086e-01 6.467279859987913326e-01
3.633239999999999803e-01 1.361890000000000045e+00 1.363799999999999901e+00 1.689179999999999904e+00 1.474520000000000053e+00 -3.027960000000000096e-01 8.672442109656495202e-01 8.222880710842822571e-01 9.897930000000000339e-01 5.997768922439157269e-01 7.630749869329274127e-01 nan 3.975311692704399658e-01 5.497488147389999469e-01 5.022884873990000193e-02 9.408466626040000447e-02 1.941189999999999927e+01 4.493130000000000024e+01 5.658579999999999899e+01 6.626879999999999882e+01 3.258064151284835175e-01 6.433289899776777343e-01
2.679799999999999890e-02 1.206299999999999928e+00 8.492070000000000451e-01 1.371760000000000090e+00 1.035260000000000069e+00 -3.162209999999999743e-01 8.495828423038266353e-01 8.016385993751147243e-01 1.147680000000000033e+00 5.644552133971642016e-01 8.045520060219109038e-01 nan 4.273849807067576778e-01 3.244192911589999784e-01 1.288761235149999962e-01 1.013686657800000057e-01 3.744890000000000185e+01 7.236430000000000007e+01 8.117740000000000578e+01 8.738880000000000337e+01 3.258064151284835175e-01 6.433289899776777343e-01
-4.733749999999999902e-01 1.765740000000000087e-01 -3.018509999999999804e-01 -8.180909999999999571e-02 1.439139999999999864e-01 -4.335740000000000149e-01 8.306555112961448994e-01 7.806489569445862475e-01 5.161299999999999777e-01 5.291335345504126764e-01 8.430355367376668463e-01 nan 4.574336941243317689e-01 3.244192911589999784e-01 1.288761235149999962e-01 1.013686657800000057e-01 3.744890000000000185e+01 7.236430000000000007e+01 8.117740000000000578e+01 8.738880000000000337e+01 2.913499819037278504e-01 6.417500113532754735e-01
-4.894249999999999989e-01 -2.650089999999999946e-01 -1.806820000000000093e-01 -2.213019999999999987e-01 -1.549149999999999971e-01 -4.576479999999999992e-01 8.114462850902405266e-01 7.593273409887623115e-01 -1.154209999999999958e-01 4.939958107330714165e-01 8.780895452999468720e-01 nan 4.875361564258975378e-01 2.093388701099999916e-01 1.965097721740000081e-01 1.073823561950000005e-01 2.821900000000000119e+01 9.191769999999999641e+01 1.053229999999999933e+02 1.035450000000000017e+02 2.913499819037278504e-01 6.417500113532754735e-01
-4.776380000000000070e-01 1.853899999999999992e-01 3.103659999999999752e-01 -2.413389999999999980e-01 -3.313280000000000114e-01 -4.597800000000000220e-01 7.918874250623274547e-01 7.376857100963998271e-01 -5.890849999999999698e-01 4.592239126905626190e-01 9.093168557848694267e-01 nan 5.175506055178573650e-01 2.093388701099999916e-01 1.965097721740000081e-01 1.073823561950000005e-01 2.821900000000000119e+01 9.191769999999999641e+01 1.053229999999999933e+02 1.035450000000000017e+02 1.678938201230547600e-01 6.326883508406664358e-01
-4.875110000000000277e-01 -1.895479999999999943e-01 5.603840000000000210e-02 -6.542219999999999702e-01 -4.948219999999999841e-01 -4.516910000000000092e-01 7.719646218401348126e-01 7.157396487533581597e-01 -4.311969999999999970e-01 4.249955662161034597e-01 9.363636502868400990e-01 nan 5.473362765314473410e-01 2.143127811889999901e-01 1.663748404410000103e-01 1.142260550149999943e-01 4.772249999999999659e+01 1.073319999999999936e+02 1.326670000000000016e+02 1.235169999999999959e+02 1.678938201230547600e-01 6.326883508406664358e-01
-4.879620000000000068e-01 -2.053069999999999895e-01 4.304129999999999762e-02 -7.206259999999999888e-01 -6.117730000000000112e-01 -4.344040000000000123e-01 7.516483688775189576e-01 6.935081907641467147e-01 -2.733090000000000241e-01 3.914823384464525269e-01 9.589234778168007622e-01 nan 5.767549967449461246e-01 2.143127811889999901e-01 1.663748404410000103e-01 1.142260550149999943e-01 4.772249999999999659e+01 1.073319999999999936e+02 1.326670000000000016e+02 1.235169999999999959e+02 1.324873326094824222e-01 6.577319299520367757e-01
-4.820780000000000065e-01 2.818049999999999895e-03 2.889160000000000061e-01 -6.216519999999999824e-01 -4.903629999999999933e-01 -4.130849999999999800e-01 7.309276255930196031e-01 6.710136035913154551e-01 -4.311969999999999970e-01 3.588476939376959995e-01 9.767407265143872586e-01 nan 6.056727511358237503e-01 2.700078120769999757e-01 1.590581043619999912e-01 1.133683443839999944e-01 2.754939999999999856e+01 1.048089999999999975e+02 1.342340000000000089e+02 1.252639999999999958e+02 1.324873326094824222e-01 6.577319299520367757e-01
-4.706870000000000220e-01 2.237310000000000132e-01 5.242430000000000145e-01 -6.051180000000000447e-01 -4.789490000000000136e-01 -3.928170000000000273e-01 7.097911562248364614e-01 6.482811360562052982e-01 -4.311969999999999970e-01 3.272451425465104924e-01 9.896135198324447213e-01 nan 6.339612008244959185e-01 2.700078120769999757e-01 1.590581043619999912e-01 1.133683443839999944e-01 2.754939999999999856e+01 1.048089999999999975e+02 1.342340000000000089e+02 1.252639999999999958e+02 1.289811798769453510e-01 6.431752840938863569e-01
-4.620400000000000063e-01 3.145830000000000015e-01 6.489899999999999558e-01 -5.655369999999999564e-01 -4.769349999999999978e-01 -3.844920000000000004e-01 6.882386834580291879e-01 6.253387322597138143e-01 -2.733090000000000241e-01 2.968165001021463301e-01 9.973960038789723148e-01 nan 6.614991372051119978e-01 2.676514696439999952e-01 1.643946149449999894e-01 1.087654838349999958e-01 3.631280000000000285e+01 9.060200000000000387e+01 1.177129999999999939e+02 1.104360000000000070e+02 1.289811798769453510e-01 6.431752840938863569e-01
-4.634739999999999971e-01 2.997210000000000152e-01 6.420080000000000231e-01 -7.029410000000000380e-01 -5.372770000000000046e-01 -3.962829999999999964e-01 6.662788494910196757e-01 6.022167149644669371e-01 -2.733090000000000241e-01 2.676902815764171661e-01 1.000000000000000000e+00 nan 6.881738552874918646e-01 2.676514696439999952e-01 1.643946149449999894e-01 1.087654838349999958e-01 3.631280000000000285e+01 9.060200000000000387e+01 1.177129999999999939e+02 1.104360000000000070e+02 1.230320304017372690e-01 6.075434655786153826e-01
-4.607959999999999834e-01 3.317749999999999866e-01 6.693120000000000180e-01 -6.976529999999999676e-01 -5.729039999999999688e-01 -4.116299999999999959e-01 6.439242156880784496e-01 5.789474420258008402e-01 -5.890849999999999698e-01 2.399802449577150831e-01 9.973960038789723148e-01 nan 7.138824306896986993e-01 2.438104435189999974e-01 1.340277757140000137e-01 1.219929165390000042e-01 2.548440000000000083e+01 9.184229999999999450e+01 1.172259999999999991e+02 1.109459999999999980e+02 1.230320304017372690e-01 6.075434655786153826e-01
-4.673539999999999917e-01 2.629360000000000031e-01 6.002429999999999710e-01 -5.047810000000000352e-01 -4.241360000000000130e-01 -4.277739999999999876e-01 6.212013127357967068e-01 5.555649397643322995e-01 -5.890849999999999698e-01 2.137841023275489638e-01 9.896135198324448323e-01 nan 7.385328858124124984e-01 2.438104435189999974e-01 1.340277757140000137e-01 1.219929165390000042e-01 2.548440000000000083e+01 9.184229999999999450e+01 1.172259999999999991e+02 1.109459999999999980e+02 1.972776420557366128e-01 6.505950863023604036e-01
-4.776349999999999763e-01 1.040890000000000010e-01 4.229939999999999811e-01 -6.229270000000000085e-01 -5.818119999999999958e-01 -4.471709999999999852e-01 5.981416310948763915e-01 5.321045174341494377e-01 -4.311969999999999970e-01 1.891824127436160241e-01 9.767407265143873696e-01 nan 7.620452319818842302e-01 2.015060480739999937e-01 1.186790308990000042e-01 1.353261178850000135e-01 3.650319999999999965e+01 9.465359999999999729e+01 1.165570000000000022e+02 1.115510000000000019e+02 1.972776420557366128e-01 6.505950863023604036e-01
-4.854209999999999914e-01 -1.093439999999999968e-01 1.951350000000000029e-01 -3.226930000000000076e-01 -1.013939999999999980e-01 -4.582289999999999974e-01 5.747826092431428391e-01 5.086023671548542957e-01 -4.311969999999999970e-01 1.662376694734881699e-01 9.589234778168007622e-01 nan 7.843523757535697527e-01 2.015060480739999937e-01 1.186790308990000042e-01 1.353261178850000135e-01 3.650319999999999965e+01 9.465359999999999729e+01 1.165570000000000022e+02 1.115510000000000019e+02 5.148672186029679132e-01 7.843960581427438239e-01
-4.874279999999999724e-01 -1.932450000000000001e-01 7.031460000000000488e-02 -3.058750000000000080e-01 -6.292639999999999345e-02 -4.588820000000000121e-01 5.511686318614380520e-01 4.850951538403859287e-01 -4.311969999999999970e-01 1.449935919209199842e-01 9.363636502868400990e-01 nan 8.054008791076666673e-01 1.693564979599999909e-01 9.789457302670000194e-02 1.231126575319999999e-01 2.791689999999999827e+01 7.870959999999999468e+01 9.300130000000000052e+01 1.010460000000000065e+02 5.148672186029679132e-01 7.843960581427438239e-01
-4.904499999999999971e-01 -3.499530000000000141e-01 -2.221140000000000059e-01 -5.616160000000000041e-01 -2.981480000000000241e-01 -4.543369999999999909e-01 5.273507976147545628e-01 4.616195997708949506e-01 -7.469719999999999693e-01 1.254746302675345815e-01 9.093168557848695377e-01 nan 8.251515649232306071e-01 1.693564979599999909e-01 9.789457302670000194e-02 1.231126575319999999e-01 2.791689999999999827e+01 7.870959999999999468e+01 9.300130000000000052e+01 1.010460000000000065e+02 5.554198335142961351e-01 8.365966722676159151e-01
-4.917150000000000132e-01 -4.281889999999999863e-01 -5.269749999999999712e-01 -5.921760000000000357e-01 -5.062759999999999483e-01 -4.519859999999999989e-01 5.033803140784327557e-01 4.382120685146362327e-01 -1.062750000000000083e+00 1.076856884424960414e-01 8.780895452999469830e-01 nan 8.435799608706108232e-01 1.230734693339999991e-01 1.030586426909999992e-01 1.024121181109999973e-01 2.391219999999999857e+01 5.833930000000000149e+01 7.576739999999999498e+01 8.015959999999999752e+01 5.554198335142961351e-01 8.365966722676159151e-01
-4.910970000000000057e-01 -3.591980000000000173e-01 -3.975770000000000137e-01 -7.597789999999999822e-01 -6.970849999999999547e-01 -4.589929999999999843e-01 4.793105419725176564e-01 4.149081529142097935e-01 -1.062750000000000083e+00 9.161206855903236690e-02 8.430355367376670683e-01 nan 8.606765766927230166e-01 1.230734693339999991e-01 1.030586426909999992e-01 1.024121181109999973e-01 2.391219999999999857e+01 5.833930000000000149e+01 7.576739999999999498e+01 8.015959999999999752e+01 5.988226112920739252e-01 9.226440206664546784e-01
-4.917670000000000097e-01 -4.359160000000000257e-01 -5.291200000000000347e-01 -6.619990000000000041e-01 -6.285730000000000484e-01 -4.618340000000000223e-01 4.552008633444318830e-01 3.917422718054327513e-01 -1.062750000000000083e+00 7.721963744736559665e-02 8.045520060219111258e-01 nan 8.764470117334545174e-01 1.381050674930000000e-01 1.359979617390000006e-01 1.174575749309999945e-01 2.105300000000000082e+01 4.975300000000000011e+01 5.068039999999999878e+01 6.290019999999999811e+01 5.988226112920739252e-01 9.226440206664546784e-01
-4.884910000000000085e-01 -1.703699999999999937e-01 -8.773369999999999780e-02 -4.857449999999999823e-01 -5.447009999999999907e-01 -4.626540000000000097e-01 4.311104723684966444e-01 3.687472800381758065e-01 -4.311969999999999970e-01 6.445521339716420162e-02 7.630749869329276347e-01 nan 8.909118914948609413e-01 1.381050674930000000e-01 1.359979617390000006e-01 1.174575749309999945e-01 2.105300000000000082e+01 4.975300000000000011e+01 5.068039999999999878e+01 6.290019999999999811e+01 5.607695439739414089e-01 9.459234754297650705e-01
-4.933830000000000160e-01 -1.019419999999999993e+00 -9.629109999999999614e-01 -2.880809999999999760e-01 -4.061259999999999870e-01 -4.632370000000000099e-01 4.071037846400625826e-01 3.459540962177862777e-01 2.003540000000000043e-01 5.324716872757218056e-02 7.190744306703704680e-01 nan 9.041066339419858711e-01 1.220954292360000026e-01 1.157202572319999956e-01 1.359161884869999892e-01 2.284909999999999997e+01 3.782869999999999777e+01 4.550260000000000105e+01 4.854059999999999775e+01 5.607695439739414089e-01 9.459234754297650705e-01
-4.934149999999999925e-01 -1.036929999999999907e+00 -1.131999999999999895e+00 -4.133919999999999817e-01 -4.362650000000000139e-01 -4.618160000000000043e-01 3.832673048618181477e-01 3.233913523849354377e-01 9.897930000000000339e-01 4.350624135745284615e-02 6.730488811184249798e-01 nan 9.160810482031644941e-01 1.220954292360000026e-01 1.157202572319999956e-01 1.359161884869999892e-01 2.284909999999999997e+01 3.782869999999999777e+01 4.550260000000000105e+01 4.854059999999999775e+01 5.379682410423451966e-01 9.196013428304938842e-01
-4.929450000000000220e-01 -7.745490000000000430e-01 -9.911020000000000385e-01 -7.295220000000000038e-01 -4.986369999999999969e-01 -4.606790000000000052e-01 3.596728879306444471e-01 3.010850696031561746e-01 5.161299999999999777e-01 3.512654618043697941e-02 6.255198261443907226e-01 nan 9.268987702126978423e-01 7.709605745229999862e-02 8.889099206160000488e-02 1.098765322559999980e-01 1.247349999999999959e+01 3.698029999999999973e+01 3.857719999999999771e+01 4.317340000000000089e+01 5.379682410423451966e-01 9.196013428304938842e-01
-4.911949999999999927e-01 -3.703580000000000205e-01 -4.139909999999999979e-01 -7.093390000000000528e-01 -5.611359999999999681e-01 -4.545420000000000016e-01 3.363804614938378235e-01 2.790583631297964828e-01 -9.048599999999999977e-01 2.798677478548594610e-02 5.770257889327705669e-01 nan 9.366365416902884267e-01 7.709605745229999862e-02 8.889099206160000488e-02 1.098765322559999980e-01 1.247349999999999959e+01 3.698029999999999973e+01 3.857719999999999771e+01 4.317340000000000089e+01 6.196898751357220458e-01 8.113295209616397941e-01
-4.919120000000000159e-01 -4.789700000000000069e-01 -5.491530000000000022e-01 -4.717259999999999787e-01 -3.610369999999999968e-01 -4.515859999999999874e-01 3.134662168153062867e-01 2.573311805109165240e-01 -9.048599999999999977e-01 2.195156992966240672e-02 5.281162263024060666e-01 nan 9.453833406266918260e-01 8.917562819070000424e-02 1.065379849049999939e-01 1.052589876590000056e-01 2.677459999999999951e+01 3.061880000000000024e+01 3.592549999999999955e+01 3.833480000000000132e+01 6.196898751357220458e-01 8.113295209616397941e-01
-4.930240000000000178e-01 -7.457880000000000065e-01 -9.101890000000000258e-01 -5.619229999999999503e-01 -4.520629999999999926e-01 -4.508639999999999870e-01 2.909919694797298284e-01 2.359200755676219563e-01 -9.048599999999999977e-01 1.687305918977799468e-02 4.793453031411690768e-01 nan 9.532393731275284887e-01 8.917562819070000424e-02 1.065379849049999939e-01 1.052589876590000056e-01 2.677459999999999951e+01 3.061880000000000024e+01 3.592549999999999955e+01 3.833480000000000132e+01 7.995498552298225814e-01 5.564781790044749377e-01
-4.878190000000000026e-01 -1.076740000000000058e-01 -1.023669999999999997e-01 -7.236820000000000475e-01 -5.399469999999999548e-01 -4.487220000000000097e-01 2.690229504935557348e-01 2.148380208346557518e-01 -1.062750000000000083e+00 1.259253041603558554e-02 4.312656134963481769e-01 nan 9.603149380380653355e-01 1.076985022129999942e-01 1.225048953670000024e-01 1.113375806890000014e-01 1.347819999999999929e+01 1.971780000000000044e+01 2.172419999999999973e+01 2.746120000000000161e+01 7.995498552298225814e-01 5.564781790044749377e-01
-4.898790000000000089e-01 -2.407789999999999930e-01 -2.755600000000000271e-01 -3.872209999999999819e-01 -2.789960000000000218e-01 -4.496260000000000256e-01 2.476174681045122394e-01 1.940942605763956719e-01 -1.062750000000000083e+00 8.942230004103768337e-03 3.844219194632887415e-01 nan 9.667291772132269312e-01 1.076985022129999942e-01 1.225048953670000024e-01 1.113375806890000014e-01 1.347819999999999929e+01 1.971780000000000044e+01 2.172419999999999973e+01 2.746120000000000161e+01 5.518175443358668275e-01 6.787337429828024238e-01
-4.899390000000000134e-01 -2.512409999999999921e-01 -2.664210000000000189e-01 -4.832179999999999809e-01 -4.359520000000000062e-01 -4.596589999999999843e-01 2.268293828264172918e-01 1.736942060456460046e-01 -1.062750000000000083e+00 5.747263610485608964e-03 3.393449788131757128e-01 nan 9.726087255927716724e-01 1.093293016139999935e-01 1.044367502139999931e-01 1.217128897199999948e-01 1.822739999999999938e+01 2.817299999999999827e+01 3.214970000000000283e+01 3.256380000000000052e+01 5.518175443358668275e-01 6.787337429828024238e-01
-4.907380000000000075e-01 -3.187019999999999853e-01 -3.569209999999999883e-01 -2.719210000000000238e-01 -3.367169999999999885e-01 -4.505319999999999880e-01 2.067164216231326401e-01 1.551894742497847979e-01 -1.062750000000000083e+00 2.827577775314504827e-03 2.965455312954062839e-01 nan 9.780862763768238821e-01 1.093293016139999935e-01 1.044367502139999931e-01 1.217128897199999948e-01 1.822739999999999938e+01 2.817299999999999827e+01 3.214970000000000283e+01 3.256380000000000052e+01 5.939648932319941954e-01 8.592997299667086697e-01
-4.914290000000000047e-01 -4.436789999999999901e-01 -3.609729999999999883e-01 -5.206840000000000357e-01 -3.316890000000000116e-01 -4.479199999999999848e-01 1.873212160826297490e-01 1.387238193335702530e-01 -9.048599999999999977e-01 0.000000000000000000e+00 2.565085117521482827e-01 nan 9.832990775588951182e-01 1.553752343400000013e-01 1.287172368800000022e-01 1.099420441569999990e-01 2.255379999999999896e+01 3.035539999999999949e+01 2.834530000000000172e+01 2.883190000000000097e+01 5.939648932319941954e-01 8.592997299667086697e-01
-4.909660000000000135e-01 -3.683739999999999792e-01 -3.159719999999999751e-01 -4.625460000000000127e-01 -4.259970000000000145e-01 -4.420319999999999805e-01 1.685441141271740717e-01 1.229826064074092118e-01 -9.048599999999999977e-01 0.000000000000000000e+00 2.196875556128082829e-01 nan 9.856964402369985390e-01 1.553752343400000013e-01 1.287172368800000022e-01 1.099420441569999990e-01 2.255379999999999896e+01 3.035539999999999949e+01 2.834530000000000172e+01 2.883190000000000097e+01 7.385314875135722268e-01 9.219733040826378900e-01
-4.819240000000000190e-01 1.100819999999999993e-01 1.502459999999999907e-01 -3.855000000000000093e-01 -3.831879999999999731e-01 -4.173720000000000208e-01 1.503145067717205352e-01 1.081441897036247157e-01 -1.062750000000000083e+00 0.000000000000000000e+00 1.864998590233523101e-01 nan 9.878572462974032353e-01 1.537860449479999947e-01 1.468438719450000096e-01 1.002436058650000017e-01 1.563770000000000060e+01 2.832989999999999853e+01 2.753480000000000061e+01 2.348819999999999908e+01 7.385314875135722268e-01 9.219733040826378900e-01
-4.797330000000000205e-01 1.678340000000000110e-01 2.006449999999999900e-01 -3.903380000000000183e-01 -3.964090000000000114e-01 -4.143470000000000208e-01 1.327059801155883179e-01 9.437669441260121417e-02 -1.062750000000000083e+00 0.000000000000000000e+00 1.573214518472699774e-01 nan 9.897570129440305120e-01 1.537860449479999947e-01 1.468438719450000096e-01 1.002436058650000017e-01 1.563770000000000060e+01 2.832989999999999853e+01 2.753480000000000061e+01 2.348819999999999908e+01 1.000000000000000000e+00 1.000000000000000000e+00
-4.890880000000000227e-01 -1.685949999999999949e-01 -2.369789999999999952e-01 -4.632169999999999899e-01 -3.945799999999999863e-01 -4.237679999999999780e-01 1.170462793828607184e-01 8.183611175719796016e-02 -1.062750000000000083e+00 0.000000000000000000e+00 1.324829370969660136e-01 nan 9.913742150616657867e-01 1.170101506699999933e-01 1.223694464509999941e-01 7.392558558639999999e-02 1.726259999999999906e+01 2.737379999999999924e+01 3.011139999999999972e+01 2.712719999999999843e+01 1.000000000000000000e+00 1.000000000000000000e+00
-4.840220000000000078e-01 4.821550000000000141e-02 6.372819999999999874e-02 -4.282639999999999780e-01 -3.025959999999999761e-01 -4.357989999999999919e-01 1.022060836539980810e-01 7.066453154986307439e-02 -1.062750000000000083e+00 0.000000000000000000e+00 1.122657450695280223e-01 nan 9.926905291041152601e-01 1.170101506699999933e-01 1.223694464509999941e-01 7.392558558639999999e-02 1.726259999999999906e+01 2.737379999999999924e+01 3.011139999999999972e+01 2.712719999999999843e+01 9.311606496561708468e-01 9.592469809020438554e-01
-4.823919999999999875e-01 8.974039999999999795e-02 1.564339999999999897e-01 -3.219400000000000039e-01 -3.878940000000000166e-01 -4.495759999999999756e-01 8.812465057816676328e-02 6.098853225828282376e-02 -1.062750000000000083e+00 0.000000000000000000e+00 9.689894462900738858e-02 nan 9.936910407073054063e-01 1.512471084839999980e-01 1.198343764410000067e-01 7.161141601220000208e-02 9.322520000000000806e+00 1.975669999999999860e+01 2.444399999999999906e+01 2.373059999999999903e+01 9.311606496561708468e-01 9.592469809020438554e-01
-4.879560000000000008e-01 -1.324859999999999927e-01 -7.291069999999999496e-02 -3.462279999999999802e-01 -3.130080000000000084e-01 -4.500120000000000231e-01 7.641042574522360908e-02 5.136764813023964038e-02 -1.062750000000000083e+00 0.000000000000000000e+00 8.655664776465687993e-02 nan 9.943644136749881790e-01 1.512471084839999980e-01 1.198343764410000067e-01 7.161141601220000208e-02 9.322520000000000806e+00 1.975669999999999860e+01 2.444399999999999906e+01 2.373059999999999903e+01 9.003856768005791267e-01 9.092261956745767426e-01
-4.903919999999999946e-01 -2.993169999999999997e-01 -2.775790000000000202e-01 -4.269899999999999807e-01 -2.862629999999999897e-01 -4.554119999999999835e-01 6.605317452723136196e-02 4.174717302006725195e-02 -9.048599999999999977e-01 0.000000000000000000e+00 8.135603683252157214e-02 nan 9.947030184223731863e-01 1.652938185410000038e-01 1.174919713480000044e-01 7.679367716840000690e-02 1.315900000000000070e+01 2.069340000000000046e+01 2.335579999999999856e+01 2.213889999999999958e+01 9.003856768005791267e-01 9.092261956745767426e-01
-4.896760000000000002e-01 -2.655870000000000175e-01 -1.442469999999999863e-01 -4.260490000000000110e-01 -4.079630000000000201e-01 -4.562050000000000272e-01 5.686174473588900824e-02 3.350768559785399781e-02 -9.048599999999999977e-01 0.000000000000000000e+00 4.002609541271262561e-02 nan 9.973939550366505147e-01 1.652938185410000038e-01 1.174919713480000044e-01 7.679367716840000690e-02 1.315900000000000070e+01 2.069340000000000046e+01 2.335579999999999856e+01 2.213889999999999958e+01 8.740838762214984126e-01 9.244535581165439497e-01
-4.846269999999999745e-01 1.866210000000000091e-02 7.757790000000000519e-02 -4.113979999999999859e-01 -3.216260000000000230e-01 -4.513210000000000277e-01 4.894027894344155083e-02 2.651291870871741452e-02 -9.048599999999999977e-01 0.000000000000000000e+00 0.000000000000000000e+00 nan 1.000000000000000000e+00 1.561192834490000014e-01 1.159751687149999932e-01 6.672150724990000281e-02 1.052929999999999922e+01 1.375249999999999950e+01 1.647970000000000113e+01 1.863050000000000139e+01 8.740838762214984126e-01 9.244535581165439497e-01
-4.933549999999999880e-01 -9.810020000000000406e-01 -9.401209999999999845e-01 -4.225320000000000187e-01 -4.043399999999999772e-01 -4.546729999999999938e-01 4.141502724739731800e-02 2.061250201677045091e-02 5.161299999999999777e-01 0.000000000000000000e+00 0.000000000000000000e+00 nan 1.000000000000000000e+00 1.561192834490000014e-01 1.159751687149999932e-01 6.672150724990000281e-02 1.052929999999999922e+01 1.375249999999999950e+01 1.647970000000000113e+01 1.863050000000000139e+01 6.964067589576548034e-01 8.573085401085023260e-01
-4.915080000000000005e-01 -4.214870000000000005e-01 -4.226059999999999817e-01 -4.449980000000000047e-01 -4.252610000000000001e-01 -4.591919999999999891e-01 3.379555826130031804e-02 1.564366576111153595e-02 3.582420000000000049e-01 0.000000000000000000e+00 0.000000000000000000e+00 nan 1.000000000000000000e+00 1.627063635590000057e-01 1.136020925579999952e-01 5.425700023329999705e-02 8.020110000000000738e+00 1.194330000000000069e+01 1.364119999999999955e+01 1.355959999999999965e+01 6.964067589576548034e-01 8.573085401085023260e-01
-4.890379999999999727e-01 -1.688099999999999878e-01 -2.251660000000000050e-01 -4.307840000000000003e-01 -3.764759999999999773e-01 -4.586049999999999849e-01 2.688572180683423962e-02 1.143308500225559410e-02 -1.062750000000000083e+00 0.000000000000000000e+00 0.000000000000000000e+00 nan 1.000000000000000000e+00 1.627063635590000057e-01 1.136020925579999952e-01 5.425700023329999705e-02 8.020110000000000738e+00 1.194330000000000069e+01 1.364119999999999955e+01 1.355959999999999965e+01 6.751210188201230977e-01 8.515305962041632704e-01
-4.858250000000000068e-01 -2.974860000000000004e-02 4.118089999999999945e-02 -4.143339999999999801e-01 -3.651300000000000101e-01 -4.596649999999999903e-01 2.102184747423663236e-02 7.798843462954785366e-03 -5.890849999999999698e-01 0.000000000000000000e+00 0.000000000000000000e+00 nan 1.000000000000000000e+00 1.710184820639999992e-01 1.410586473930000029e-01 5.336996336380000344e-02 5.109499999999999709e+00 1.162959999999999994e+01 1.416590000000000060e+01 1.522129999999999939e+01 6.751210188201230977e-01 8.515305962041632704e-01
-4.921900000000000164e-01 -6.128059999999999619e-01 -4.082509999999999750e-01 -3.457049999999999845e-01 -3.987120000000000108e-01 -4.604730000000000212e-01 1.609545454512151252e-02 4.552494712310894975e-03 2.003540000000000043e-01 0.000000000000000000e+00 0.000000000000000000e+00 nan 1.000000000000000000e+00 1.710184820639999992e-01 1.410586473930000029e-01 5.336996336380000344e-02 5.109499999999999709e+00 1.162959999999999994e+01 1.416590000000000060e+01 1.522129999999999939e+01 6.027133098081794982e-01 8.657938035568937263e-01
-4.934359999999999857e-01 -1.000320000000000098e+00 -1.083769999999999900e+00 -4.628010000000000179e-01 -4.674130000000000229e-01 -4.615469999999999851e-01 1.195403882384082905e-02 1.501197339135562636e-03 8.319050000000000056e-01 0.000000000000000000e+00 0.000000000000000000e+00 nan 1.000000000000000000e+00 1.226772216809999955e-01 1.142611011500000023e-01 5.316565957160000050e-02 9.451460000000000861e+00 1.341000000000000014e+01 1.526880000000000059e+01 1.411730000000000018e+01 6.027133098081794982e-01 8.657938035568937263e-01
-4.927719999999999878e-01 -6.844029999999999836e-01 -7.069600000000000328e-01 -5.111799999999999677e-01 -4.802379999999999982e-01 -4.618450000000000055e-01 8.439224168585557351e-03 0.000000000000000000e+00 2.003540000000000043e-01 0.000000000000000000e+00 0.000000000000000000e+00 nan 1.000000000000000000e+00 1.226772216809999955e-01 1.142611011500000023e-01 5.316565957160000050e-02 9.451460000000000861e+00 1.341000000000000014e+01 1.526880000000000059e+01 1.411730000000000018e+01 6.632623054650741423e-01 7.803612786932204726e-01
-4.899620000000000086e-01 -2.942440000000000055e-01 -1.601970000000000061e-01 -5.352820000000000356e-01 -4.877239999999999909e-01 -4.609179999999999944e-01 5.389684362531843576e-03 0.000000000000000000e+00 -9.048599999999999977e-01 0.000000000000000000e+00 0.000000000000000000e+00 nan 1.000000000000000000e+00 7.853703869269999804e-02 1.027060418889999965e-01 4.612559273280000122e-02 5.493100000000000094e+00 1.588480000000000025e+01 1.585899999999999999e+01 1.439109999999999978e+01 6.632623054650741423e-01 7.803612786932204726e-01
-4.886630000000000140e-01 -1.853819999999999912e-01 -8.083139999999999770e-02 -5.021889999999999965e-01 -5.007639999999999869e-01 -4.612410000000000121e-01 2.638299545521638478e-03 8.696590092045486386e-04 4.246640000000000137e-02 0.000000000000000000e+00 0.000000000000000000e+00 nan 9.973939550366502926e-01 7.853703869269999804e-02 1.027060418889999965e-01 4.612559273280000122e-02 5.493100000000000094e+00 1.588480000000000025e+01 1.585899999999999999e+01 1.439109999999999978e+01 5.652653365906623595e-01 7.873024966726168694e-01
-4.935470000000000135e-01 -1.132200000000000095e+00 -1.217049999999999965e+00 -5.663150000000000128e-01 -5.961610000000000520e-01 -4.646660000000000235e-01 6.580001864801010569e-04 1.767647072617117843e-03 4.246640000000000137e-02 0.000000000000000000e+00 0.000000000000000000e+00 nan 9.947030184223729643e-01 6.342461409150000617e-02 9.710660627860000227e-02 3.977892228689999810e-02 9.838430000000000675e+00 1.566629999999999967e+01 1.567970000000000041e+01 1.430739999999999945e+01 5.652653365906623595e-01 7.873024966726168694e-01
-4.922839999999999994e-01 -5.501139999999999919e-01 -5.731800000000000228e-01 -4.792620000000000213e-01 -5.730279999999999818e-01 -4.639300000000000090e-01 0.000000000000000000e+00 2.750301319150216806e-03 -9.048599999999999977e-01 0.000000000000000000e+00 0.000000000000000000e+00 nan 9.917583687116384716e-01 6.342461409150000617e-02 9.710660627860000227e-02 3.977892228689999810e-02 9.838430000000000675e+00 1.566629999999999967e+01 1.567970000000000041e+01 1.430739999999999945e+01 1.979166666666666297e-01 6.711357816817520305e-01
-4.932130000000000125e-01 -9.217250000000000165e-01 -8.172779999999999490e-01 -5.596499999999999808e-01 -5.420300000000000118e-01 -4.644730000000000247e-01 0.000000000000000000e+00 3.872999576030600188e-03 2.003540000000000043e-01 0.000000000000000000e+00 0.000000000000000000e+00 nan 9.883940591296784817e-01 4.844834000489999654e-02 9.777886596200000002e-02 3.302767170600000302e-02 1.203580000000000005e+01 2.110369999999999990e+01 2.081660000000000110e+01 1.718720000000000070e+01 1.979166666666666297e-01 6.711357816817520305e-01
-4.932929999999999815e-01 -9.064600000000000435e-01 -9.283420000000000005e-01 -4.419409999999999727e-01 -4.710110000000000130e-01 -4.644320000000000115e-01 0.000000000000000000e+00 5.189532915888972475e-03 4.246640000000000137e-02 0.000000000000000000e+00 0.000000000000000000e+00 nan 9.844488978157537318e-01 4.844834000489999654e-02 9.777886596200000002e-02 3.302767170600000302e-02 1.203580000000000005e+01 2.110369999999999990e+01 2.081660000000000110e+01 1.718720000000000070e+01 7.100750995294969892e-01 8.562675320773698306e-01
-4.932940000000000103e-01 -9.050669999999999549e-01 -9.279319999999999791e-01 -5.100000000000000089e-01 -5.106760000000000188e-01 -4.606709999999999972e-01 0.000000000000000000e+00 6.751496182413330160e-03 2.003540000000000043e-01 0.000000000000000000e+00 0.000000000000000000e+00 nan 9.797682741913442683e-01 5.026193570890000184e-02 8.249455094950000622e-02 3.859706409489999795e-02 8.760770000000000834e+00 1.980499999999999972e+01 1.955270000000000152e+01 1.673329999999999984e+01 7.100750995294969892e-01 8.562675320773698306e-01
-4.937810000000000255e-01 -1.747560000000000002e+00 -1.833779999999999966e+00 -5.578990000000000338e-01 -6.969999999999999529e-01 -4.596219999999999750e-01 0.000000000000000000e+00 8.607703400153932094e-03 9.897930000000000339e-01 0.000000000000000000e+00 0.000000000000000000e+00 nan 9.742059107597841328e-01 5.026193570890000184e-02 8.249455094950000622e-02 3.859706409489999795e-02 8.760770000000000834e+00 1.980499999999999972e+01 1.955270000000000152e+01 1.673329999999999984e+01 5.594010133912414862e-01 7.924865769350347700e-01
-4.928100000000000258e-01 -6.818340000000000511e-01 -7.264850000000000474e-01 -5.097469999999999501e-01 -5.800640000000000240e-01 -4.560130000000000017e-01 0.000000000000000000e+00 1.080363469211942373e-02 -2.733090000000000241e-01 0.000000000000000000e+00 0.000000000000000000e+00 nan 9.676255204887473926e-01 7.572785888369999718e-02 8.929338377300000129e-02 5.607147544669999900e-02 1.019890000000000008e+01 1.672960000000000136e+01 1.931950000000000145e+01 1.719269999999999854e+01 5.594010133912414862e-01 7.924865769350347700e-01
-4.879950000000000121e-01 -1.230200000000000043e-01 -9.094019999999999881e-02 -6.377359999999999696e-01 -6.496629999999999905e-01 -4.543940000000000201e-01 0.000000000000000000e+00 1.338092097181109441e-02 -1.062750000000000083e+00 0.000000000000000000e+00 0.000000000000000000e+00 nan 9.599023509967826717e-01 7.572785888369999718e-02 8.929338377300000129e-02 5.607147544669999900e-02 1.019890000000000008e+01 1.672960000000000136e+01 1.931950000000000145e+01 1.719269999999999854e+01 6.216974303293520965e-01 8.216487750689056568e-01
-4.917400000000000104e-01 -4.352809999999999735e-01 -5.118249999999999744e-01 -6.433910000000000462e-01 -6.219759999999999733e-01 -4.597200000000000175e-01 0.000000000000000000e+00 1.637687224833739297e-02 -1.062750000000000083e+00 0.000000000000000000e+00 0.000000000000000000e+00 nan 9.509245980476426219e-01 8.337481114040000418e-02 6.840066174349999917e-02 6.726037141299999467e-02 1.201960000000000051e+01 1.994849999999999923e+01 1.789999999999999858e+01 1.808980000000000032e+01 6.216974303293520965e-01 8.216487750689056568e-01
-4.904830000000000023e-01 -3.038339999999999930e-01 -2.862589999999999857e-01 -5.953600000000000003e-01 -6.430160000000000320e-01 -4.610639999999999739e-01 0.000000000000000000e+00 1.982405488910221614e-02 -1.062750000000000083e+00 0.000000000000000000e+00 0.000000000000000000e+00 nan 9.405946723369559281e-01 8.337481114040000418e-02 6.840066174349999917e-02 6.726037141299999467e-02 1.201960000000000051e+01 1.994849999999999923e+01 1.789999999999999858e+01 1.808980000000000032e+01 7.058733713355049844e-01 9.015409014850084279e-01
-4.924020000000000064e-01 -5.936299999999999910e-01 -5.610070000000000334e-01 -6.143020000000000147e-01 -5.297500000000000542e-01 -4.625259999999999927e-01 0.000000000000000000e+00 2.374992262985042846e-02 -9.048599999999999977e-01 0.000000000000000000e+00 0.000000000000000000e+00 nan 9.288303052180411079e-01 6.993068258609999588e-02 7.932714588910000364e-02 6.713023691330000098e-02 6.364370000000000083e+00 1.408549999999999969e+01 1.713109999999999999e+01 1.657400000000000162e+01 7.058733713355049844e-01 9.015409014850084279e-01
-4.908259999999999845e-01 -3.623640000000000194e-01 -2.709429999999999894e-01 -7.960920000000000218e-01 -7.293819999999999748e-01 -4.644539999999999780e-01 0.000000000000000000e+00 2.817650551287087524e-02 -9.048599999999999977e-01 0.000000000000000000e+00 0.000000000000000000e+00 nan 9.155654808385444987e-01 6.993068258609999588e-02 7.932714588910000364e-02 6.713023691330000098e-02 6.364370000000000083e+00 1.408549999999999969e+01 1.713109999999999999e+01 1.657400000000000162e+01 6.908647756062251677e-01 8.497105788074518218e-01
-4.931429999999999980e-01 -7.883740000000000192e-01 -9.275590000000000224e-01 -7.125869999999999704e-01 -7.071330000000000116e-01 -4.629750000000000254e-01 0.000000000000000000e+00 3.312016027781439220e-02 -1.062750000000000083e+00 0.000000000000000000e+00 0.000000000000000000e+00 nan 9.007511841264279617e-01 7.097859649179999453e-02 8.722024266939999715e-02 5.706700663270000001e-02 7.904499999999999638e+00 1.471529999999999916e+01 1.646689999999999898e+01 1.662490000000000023e+01 6.908647756062251677e-01 8.497105788074518218e-01
-4.935510000000000175e-01 -1.097229999999999928e+00 -1.226699999999999902e+00 -8.145019999999999483e-01 -7.690179999999999794e-01 -4.633849999999999913e-01 0.000000000000000000e+00 3.859138503329906378e-02 3.582420000000000049e-01 0.000000000000000000e+00 0.000000000000000000e+00 nan 8.843559561503193667e-01 7.097859649179999453e-02 8.722024266939999715e-02 5.706700663270000001e-02 7.904499999999999638e+00 1.471529999999999916e+01 1.646689999999999898e+01 1.662490000000000023e+01 7.573516105682229771e-01 8.639702928446417740e-01
-4.936380000000000212e-01 -1.296270000000000033e+00 -1.201750000000000096e+00 -7.334789999999999921e-01 -7.653680000000000483e-01 -4.636779999999999791e-01 0.000000000000000000e+00 4.459470030914325367e-02 3.582420000000000049e-01 0.000000000000000000e+00 0.000000000000000000e+00 nan 8.663662505617755194e-01 8.529006589399999727e-02 1.197376421430000060e-01 4.984602891989999701e-02 5.352780000000000094e+00 1.511350000000000016e+01 1.847279999999999944e+01 1.630480000000000018e+01 7.573516105682229771e-01 8.639702928446417740e-01
-4.925499999999999878e-01 -5.997839999999999838e-01 -6.642869999999999608e-01 -5.269610000000000127e-01 -6.486939999999999928e-01 -4.635969999999999813e-01 0.000000000000000000e+00 5.112859783695722360e-02 -1.062750000000000083e+00 0.000000000000000000e+00 0.000000000000000000e+00 nan 8.467865870808234385e-01 8.529006589399999727e-02 1.197376421430000060e-01 4.984602891989999701e-02 5.352780000000000094e+00 1.511350000000000016e+01 1.847279999999999944e+01 1.630480000000000018e+01 8.805702587766921496e-01 8.645466899088594115e-01
-4.914709999999999912e-01 -4.070280000000000009e-01 -4.329049999999999843e-01 -7.130459999999999576e-01 -7.113490000000000091e-01 -4.601549999999999807e-01 0.000000000000000000e+00 5.818555763942667713e-02 -1.062750000000000083e+00 0.000000000000000000e+00 0.000000000000000000e+00 nan 8.256395002857259691e-01 1.075221686389999931e-01 1.131084029979999989e-01 5.841021682320000213e-02 8.762389999999999901e+00 1.456559999999999988e+01 1.615909999999999869e+01 1.524089999999999989e+01 8.805702587766921496e-01 8.645466899088594115e-01
-4.935249999999999915e-01 -1.040380000000000082e+00 -1.255120000000000013e+00 -6.610570000000000057e-01 -7.443159999999999776e-01 -4.600779999999999870e-01 0.000000000000000000e+00 6.575213323466011506e-02 -7.469719999999999693e-01 0.000000000000000000e+00 0.000000000000000000e+00 nan 8.029652842872053720e-01 1.075221686389999931e-01 1.131084029979999989e-01 5.841021682320000213e-02 8.762389999999999901e+00 1.456559999999999988e+01 1.615909999999999869e+01 1.524089999999999989e+01 8.665626131017010181e-01 9.373788256171814437e-01
-4.935280000000000222e-01 -1.165820000000000078e+00 -1.005949999999999900e+00 -6.795949999999999491e-01 -7.333190000000000541e-01 -4.618820000000000148e-01 0.000000000000000000e+00 7.380910399020201851e-02 -2.733090000000000241e-01 0.000000000000000000e+00 0.000000000000000000e+00 nan 7.788215361800691072e-01 1.166174413309999935e-01 1.023417805000000069e-01 6.982578877530000450e-02 8.631009999999999849e+00 1.641270000000000095e+01 1.867999999999999972e+01 1.706800000000000139e+01 8.665626131017010181e-01 9.373788256171814437e-01
-4.893339999999999912e-01 -2.062299999999999967e-01 -1.843779999999999863e-01 -6.793799999999999839e-01 -7.014519999999999644e-01 -4.601709999999999967e-01 0.000000000000000000e+00 8.233169290047859246e-02 -5.890849999999999698e-01 0.000000000000000000e+00 0.000000000000000000e+00 nan 7.532825034451102741e-01 1.166174413309999935e-01 1.023417805000000069e-01 6.982578877530000450e-02 8.631009999999999849e+00 1.641270000000000095e+01 1.867999999999999972e+01 1.706800000000000139e+01 6.868383550488599276e-01 7.757221556551538999e-01
-4.908500000000000085e-01 -3.170129999999999892e-01 -3.936760000000000259e-01 -6.368270000000000319e-01 -6.922629999999999617e-01 -4.573039999999999883e-01 0.000000000000000000e+00 9.128984732017131343e-02 -1.062750000000000083e+00 0.000000000000000000e+00 0.000000000000000000e+00 nan 7.264382426954825167e-01 1.235452084079999985e-01 8.133923053909999923e-02 7.739478090099999319e-02 1.095390000000000086e+01 1.679570000000000007e+01 1.868250000000000099e+01 1.813870000000000005e+01 6.868383550488599276e-01 7.757221556551538999e-01
-4.922139999999999849e-01 -5.943009999999999682e-01 -4.354219999999999757e-01 -6.804080000000000128e-01 -7.326949999999999852e-01 -4.601790000000000047e-01 0.000000000000000000e+00 1.006485794726968974e-01 -5.890849999999999698e-01 0.000000000000000000e+00 0.000000000000000000e+00 nan 6.983935992992886810e-01 1.235452084079999985e-01 8.133923053909999923e-02 7.739478090099999319e-02 1.095390000000000086e+01 1.679570000000000007e+01 1.868250000000000099e+01 1.813870000000000005e+01 6.669663861744481448e-01 8.088213204034080395e-01
-4.923819999999999864e-01 -5.600770000000000470e-01 -6.195680000000000076e-01 -7.588040000000000340e-01 -7.510130000000000416e-01 -4.603639999999999954e-01 0.000000000000000000e+00 1.103683628756964019e-01 -5.890849999999999698e-01 0.000000000000000000e+00 0.000000000000000000e+00 nan 6.692670194396652672e-01 9.731928968750000464e-02 1.004251103070000067e-01 5.891792699130000283e-02 4.012920000000000265e+00 1.519299999999999962e+01 1.856429999999999936e+01 -1.000000000000000000e+00 6.669663861744481448e-01 8.088213204034080395e-01
-4.913759999999999795e-01 -3.830700000000000216e-01 -4.517680000000000029e-01 -6.880230000000000512e-01 -8.192310000000000425e-01 -4.613909999999999956e-01 0.000000000000000000e+00 1.204055801918737512e-01 -1.062750000000000083e+00 0.000000000000000000e+00 0.000000000000000000e+00 nan 6.391892080721999214e-01 9.731928968750000464e-02 1.004251103070000067e-01 5.891792699130000283e-02 4.012920000000000265e+00 1.519299999999999962e+01 1.856429999999999936e+01 -1.000000000000000000e+00 6.366777506333695102e-01 8.300641722064828754e-01
-4.912699999999999845e-01 -3.646150000000000224e-01 -4.506279999999999730e-01 -6.488800000000000123e-01 -7.454619999999999580e-01 -4.620469999999999855e-01 0.000000000000000000e+00 1.307130174308571702e-01 -1.062750000000000083e+00 0.000000000000000000e+00 0.000000000000000000e+00 nan 6.083016479855564151e-01 7.688663870400000433e-02 1.177625514909999976e-01 5.958797581170000024e-02 7.975869999999999571e+00 1.206029999999999980e+01 -1.000000000000000000e+00 -1.000000000000000000e+00 6.366777506333695102e-01 8.300641722064828754e-01
-4.923480000000000079e-01 -5.974019999999999886e-01 -5.109259999999999913e-01 -7.143869999999999942e-01 -7.332100000000000284e-01 -4.624800000000000022e-01 0.000000000000000000e+00 1.412403989025744488e-01 6.740169999999999773e-01 0.000000000000000000e+00 0.000000000000000000e+00 nan 5.767549967449463466e-01 7.688663870400000433e-02 1.177625514909999976e-01 5.958797581170000024e-02 7.975869999999999571e+00 1.206029999999999980e+01 -1.000000000000000000e+00 -1.000000000000000000e+00 7.385541078537821713e-01 9.655663887151934022e-01
-4.932230000000000225e-01 -8.620659999999999989e-01 -8.828949999999999854e-01 -6.848769999999999580e-01 -8.149370000000000225e-01 -4.636500000000000066e-01 0.000000000000000000e+00 1.519349568609115186e-01 6.740169999999999773e-01 0.000000000000000000e+00 0.000000000000000000e+00 nan 5.447073796817147873e-01 6.169927478190000147e-02 1.515524373580000028e-01 5.631796519280000274e-02 5.978399999999999714e+00 -1.000000000000000000e+00 -1.000000000000000000e+00 -1.000000000000000000e+00 7.385541078537821713e-01 9.655663887151934022e-01
-4.932429999999999870e-01 -8.765830000000000011e-01 -8.809900000000000508e-01 -7.768389999999999462e-01 -7.567749999999999755e-01 -4.631930000000000214e-01 0.000000000000000000e+00 1.627420293833607978e-01 -5.890849999999999698e-01 0.000000000000000000e+00 0.000000000000000000e+00 nan 5.123225982701533621e-01 6.169927478190000147e-02 1.515524373580000028e-01 5.631796519280000274e-02 5.978399999999999714e+00 -1.000000000000000000e+00 -1.000000000000000000e+00 -1.000000000000000000e+00 0.000000000000000000e+00 0.000000000000000000e+00
