-5.285929999999999795e-01 -1.630630000000000024e+00 -1.327749999999999986e+00 -1.349120000000000097e+00 -1.508739999999999970e+00 -5.278779999999999584e-01 1.606582515748677942e-02 1.526853670842353017e-01 -4.768080000000000096e-01 9.455810136747233585e-03 nan nan 5.126789836848859583e-01 1.425177251310000004e-01 7.189576659999999397e-02 1.108509606519999940e-01 -1.000000000000000000e+00 -1.000000000000000000e+00 -1.000000000000000000e+00 -1.000000000000000000e+00 0.000000000000000000e+00 0.000000000000000000e+00
-5.270289999999999697e-01 -1.102190000000000003e+00 -8.702670000000000128e-01 -1.202939999999999898e+00 -1.372889999999999944e+00 -5.200690000000000035e-01 1.642064699985279486e-02 1.461730818187632064e-01 -7.883850000000000025e-01 1.331575867547618586e-02 nan nan 5.276056851219361743e-01 1.574951225579999947e-01 6.615794086340000268e-02 1.164136427159999931e-01 6.918169999999999931e+00 -1.000000000000000000e+00 -1.000000000000000000e+00 -1.000000000000000000e+00 0.000000000000000000e+00 0.000000000000000000e+00
-5.233480000000000354e-01 -6.849969999999999670e-01 -5.550580000000000513e-01 -1.247200000000000086e+00 -1.466650000000000009e+00 -5.195699999999999763e-01 1.800261808285563703e-02 1.398987476299287103e-01 -7.883850000000000025e-01 1.784213155459213329e-02 nan nan 5.401904306551572610e-01 1.574951225579999947e-01 6.615794086340000268e-02 1.164136427159999931e-01 6.918169999999999931e+00 -1.000000000000000000e+00 -1.000000000000000000e+00 -1.000000000000000000e+00 0.000000000000000000e+00 0.000000000000000000e+00
-5.152130000000000321e-01 -3.255390000000000228e-01 -2.684369999999999812e-01 -1.236310000000000020e+00 -1.324089999999999989e+00 -5.260200000000000431e-01 2.095830971013556976e-02 1.340976193896974422e-01 -7.883850000000000025e-01 2.321231699063441845e-02 nan nan 5.502906300890487712e-01 1.343510996270000091e-01 5.664318159339999659e-02 1.343459564670000106e-01 7.507290000000000241e+00 1.375880000000000081e+01 -1.000000000000000000e+00 -1.000000000000000000e+00 0.000000000000000000e+00 0.000000000000000000e+00
-5.123459999999999681e-01 -2.602740000000000054e-01 -1.804250000000000020e-01 -1.329239999999999977e+00 -1.440239999999999965e+00 -5.290949999999999820e-01 2.426372206685512012e-02 1.289995903575545944e-01 -7.883850000000000025e-01 2.959414246670166726e-02 nan nan 5.577918441281897177e-01 1.343510996270000091e-01 5.664318159339999659e-02 1.343459564670000106e-01 7.507290000000000241e+00 1.375880000000000081e+01 -1.000000000000000000e+00 -1.000000000000000000e+00 5.996210047584958902e-01 8.565180658603517294e-01
-5.255030000000000534e-01 -8.959610000000000074e-01 -6.654619999999999980e-01 -1.240899999999999892e+00 -1.336289999999999978e+00 -5.317479999999999984e-01 2.783050442523549162e-02 1.248265873980128893e-01 -6.750850000000000461e-01 3.714397318000861592e-02 nan nan 5.626090810201836989e-01 1.241879263740000017e-01 6.045892294690000113e-02 1.716700529780000040e-01 8.582150000000000389e+00 1.807779999999999987e+01 1.928610000000000113e+01 -1.000000000000000000e+00 5.996210047584958902e-01 8.565180658603517294e-01
-5.279009999999999536e-01 -1.329479999999999995e+00 -1.024850000000000039e+00 -1.301309999999999967e+00 -1.416349999999999998e+00 -5.336920000000000552e-01 3.180712953441444668e-02 1.217900564605609581e-01 -6.750850000000000461e-01 4.600494036172009249e-02 nan nan 5.646877595461741173e-01 1.241879263740000017e-01 6.045892294690000113e-02 1.716700529780000040e-01 8.582150000000000389e+00 1.807779999999999987e+01 1.928610000000000113e+01 -1.000000000000000000e+00 6.736135090748305299e-01 8.815650726699868489e-01
-5.278140000000000054e-01 -1.304210000000000091e+00 -9.905990000000000073e-01 -1.363499999999999934e+00 -1.510960000000000081e+00 -5.335199999999999942e-01 3.641035105509082825e-02 1.200885668125661887e-01 -6.467589999999999728e-01 5.630531954291106977e-02 nan nan 5.640043274478638846e-01 1.244947589109999947e-01 8.053323372170000105e-02 1.930214695099999878e-01 9.252150000000000318e+00 1.860040000000000049e+01 2.203409999999999869e+01 2.794030000000000058e+01 6.736135090748305299e-01 8.815650726699868489e-01
-5.271909999999999652e-01 -1.143760000000000110e+00 -8.750639999999999530e-01 -1.410979999999999901e+00 -1.578829999999999956e+00 -5.340700000000000447e-01 4.185283791443283885e-02 1.199055611701309587e-01 -6.467589999999999728e-01 6.815707714154251029e-02 nan nan 5.605665282840122110e-01 1.244947589109999947e-01 8.053323372170000105e-02 1.930214695099999878e-01 9.252150000000000318e+00 1.860040000000000049e+01 2.203409999999999869e+01 2.794030000000000058e+01 7.058407377774035263e-01 7.875101636345156475e-01
-5.225830000000000197e-01 -6.365309999999999580e-01 -5.084999999999999520e-01 -1.300820000000000087e+00 -1.494420000000000082e+00 -5.328680000000000083e-01 4.829448737612651588e-02 1.214072772188190541e-01 -7.883850000000000025e-01 8.165460183820583140e-02 nan nan 5.544133136928206529e-01 1.139246513099999997e-01 8.295574947950000444e-02 1.396386648340000036e-01 1.348729999999999940e+01 2.049980000000000047e+01 2.598689999999999856e+01 3.463219999999999743e+01 7.058407377774035263e-01 7.875101636345156475e-01
-5.270690000000000097e-01 -1.110400000000000054e+00 -8.757239999999999469e-01 -1.337380000000000013e+00 -1.471449999999999925e+00 -5.341089999999999449e-01 5.588293289757617632e-02 1.247408640742533326e-01 -6.467589999999999728e-01 9.687363511465718613e-02 nan nan 5.456144020543067796e-01 1.139246513099999997e-01 8.295574947950000444e-02 1.396386648340000036e-01 1.348729999999999940e+01 2.049980000000000047e+01 2.598689999999999856e+01 3.463219999999999743e+01 7.721354276329641664e-01 6.968473676186605070e-01
-5.283809999999999896e-01 -1.536289999999999933e+00 -1.154730000000000034e+00 -1.255409999999999915e+00 -1.452960000000000029e+00 -5.356880000000000530e-01 6.475754494285801410e-02 1.300327150238376195e-01 -6.467589999999999728e-01 1.138704130725635144e-01 nan nan 5.342694885532021098e-01 1.376245680400000060e-01 7.147416226920000337e-02 1.160328984910000000e-01 1.356419999999999959e+01 2.649869999999999948e+01 3.339950000000000330e+01 4.335640000000000072e+01 7.721354276329641664e-01 6.968473676186605070e-01
-5.262250000000000538e-01 -9.782910000000000217e-01 -7.503739999999999855e-01 -1.353380000000000027e+00 -1.526429999999999954e+00 -5.354269999999999863e-01 7.504144364188847227e-02 1.373870354403066152e-01 -7.034099999999999797e-01 1.326810292560001159e-01 nan nan 5.205071155926714876e-01 1.376245680400000060e-01 7.147416226920000337e-02 1.160328984910000000e-01 1.356419999999999959e+01 2.649869999999999948e+01 3.339950000000000330e+01 4.335640000000000072e+01 6.138164820819472789e-01 7.790743469864823689e-01
-5.285079999999999778e-01 -1.638660000000000005e+00 -1.169880000000000031e+00 -1.308710000000000040e+00 -1.498909999999999965e+00 -5.347229999999999484e-01 8.684025661983418853e-02 1.468846620932139357e-01 -7.034099999999999797e-01 1.533210256971744290e-01 nan nan 5.044832163575228012e-01 1.965470179230000003e-01 5.814169993429999655e-02 1.360082171710000065e-01 1.600459999999999994e+01 4.441640000000000299e+01 5.382249999999999801e+01 5.547890000000000299e+01 6.138164820819472789e-01 7.790743469864823689e-01
-5.288380000000000303e-01 -1.867750000000000021e+00 -1.466099999999999959e+00 -1.391990000000000061e+00 -1.534710000000000019e+00 -5.348589999999999733e-01 1.002407701972110043e-01 1.585821472360331441e-01 -5.051330000000000542e-01 1.757852168189899533e-01 nan nan 4.863793480289155813e-01 1.965470179230000003e-01 5.814169993429999655e-02 1.360082171710000065e-01 1.600459999999999994e+01 4.441640000000000299e+01 5.382249999999999801e+01 5.547890000000000299e+01 4.704594264538679571e-01 7.323978554731171986e-01
-5.280970000000000386e-01 -1.374600000000000044e+00 -1.110989999999999922e+00 -1.360170000000000101e+00 -1.600149999999999961e+00 -5.343759999999999621e-01 1.153104809074013692e-01 1.725111178465278394e-01 -5.051330000000000542e-01 2.000477481897074972e-01 nan nan 4.664006346689517635e-01 2.823883384549999986e-01 4.218956865469999928e-02 1.520914894959999875e-01 3.292549999999999955e+01 6.376740000000000208e+01 6.787250000000000227e+01 6.854789999999999850e+01 4.704594264538679571e-01 7.323978554731171986e-01
-5.234579999999999789e-01 -7.022589999999999666e-01 -5.394579999999999931e-01 -1.305970000000000075e+00 -1.494229999999999947e+00 -5.338460000000000427e-01 1.320996899572320915e-01 1.886779172804564642e-01 -7.883850000000000025e-01 2.260623894639877118e-01 nan nan 4.447734430830884156e-01 2.823883384549999986e-01 4.218956865469999928e-02 1.520914894959999875e-01 3.292549999999999955e+01 6.376740000000000208e+01 6.787250000000000227e+01 6.854789999999999850e+01 2.373941971617468116e-01 6.799566775078768055e-01
-5.278909999999999991e-01 -1.300210000000000088e+00 -1.065369999999999928e+00 -1.248350000000000071e+00 -1.372479999999999922e+00 -5.312160000000000215e-01 1.506372877039554581e-01 2.070635333988172233e-01 -6.184340000000000392e-01 2.537630581911760608e-01 nan nan 4.217428179937806609e-01 3.049571662280000095e-01 2.681919345079999961e-02 1.701622209670000108e-01 2.379159999999999897e+01 7.028069999999999595e+01 7.824500000000000455e+01 7.731189999999999429e+01 2.373941971617468116e-01 6.799566775078768055e-01
-5.029979999999999452e-01 -2.198990000000000111e-01 -2.166079999999999950e-01 1.293269999999999975e-01 5.887550000000000283e-01 -5.292860000000000342e-01 1.709302184894428978e-01 2.276238139829791507e-01 -3.351819999999999800e-01 2.830645685558741409e-01 nan nan 3.975697055858615769e-01 3.049571662280000095e-01 2.681919345079999961e-02 1.701622209670000108e-01 2.379159999999999897e+01 7.028069999999999595e+01 7.824500000000000455e+01 7.731189999999999429e+01 3.147471259527518939e-01 6.919402378290475664e-01
-3.790709999999999913e-01 4.764129999999999754e-01 7.230350000000000665e-02 1.129099999999999993e+00 1.728699999999999903e+00 -5.272660000000000124e-01 1.929675144279836552e-01 2.502899669969623764e-01 -2.360440000000000108e-02 3.138635965672669226e-01 nan nan 3.725279968819978915e-01 2.769099195410000269e-01 2.746014434910000121e-02 1.636664074460000007e-01 4.112239999999999895e+01 9.136629999999999541e+01 9.543040000000000589e+01 8.917119999999999891e+01 3.147471259527518939e-01 6.919402378290475664e-01
-5.091400000000000370e-01 -2.612140000000000017e-01 -3.851029999999999731e-01 6.714280000000000248e-01 6.833360000000000545e-01 -5.219780000000000530e-01 2.167188153624697300e-01 2.749693400286928879e-01 1.746719999999999939e-01 3.460398507612244545e-01 nan nan 3.469014244479640130e-01 2.769099195410000269e-01 2.746014434910000121e-02 1.636664074460000007e-01 4.112239999999999895e+01 9.136629999999999541e+01 9.543040000000000589e+01 8.917119999999999891e+01 5.076683370531014372e-01 7.982899684927330375e-01
-5.081679999999999531e-01 -2.289069999999999994e-01 -3.512489999999999779e-01 9.923699999999999743e-01 4.405419999999999892e-01 -5.258840000000000181e-01 2.421340383406220820e-01 3.015464700788539343e-01 7.128510000000000124e-01 3.794574351506566634e-01 nan nan 3.209803475892960556e-01 2.092435338839999936e-01 4.289407004899999792e-02 1.535078692659999910e-01 3.739500000000000313e+01 9.749120000000000630e+01 1.018340000000000032e+02 9.940550000000000352e+01 5.076683370531014372e-01 7.982899684927330375e-01
-5.034710000000000019e-01 -1.958070000000000088e-01 -5.320629999999999526e-01 1.190790000000000015e+00 4.007569999999999744e-01 -5.270059999999999745e-01 2.691450641636642382e-01 3.298843918028043776e-01 1.477629999999999999e+00 4.139663889813485209e-01 nan nan 2.950584624643395326e-01 2.092435338839999936e-01 4.289407004899999792e-02 1.535078692659999910e-01 3.739500000000000313e+01 9.749120000000000630e+01 1.018340000000000032e+02 9.940550000000000352e+01 1.000000000000000000e+00 1.000000000000000000e+00
-5.222109999999999808e-01 -7.324819999999999665e-01 -1.147410000000000041e+00 7.837150000000000505e-01 2.332770000000000121e-01 -5.285480000000000178e-01 2.976668859602307204e-01 3.598261893826628643e-01 1.817539999999999933e+00 4.494043858472263064e-01 nan nan 2.694294743894199984e-01 2.136244373520000128e-01 6.340441376630000236e-02 1.528808118330000076e-01 4.111639999999999873e+01 9.883190000000000452e+01 1.051910000000000025e+02 9.940040000000000475e+01 1.000000000000000000e+00 1.000000000000000000e+00
-5.231230000000000047e-01 -7.955200000000000049e-01 -1.352950000000000097e+00 7.684729999999999617e-01 2.355359999999999954e-01 -5.306060000000000221e-01 3.275967019602661345e-01 3.911967744462238050e-01 1.307679999999999954e+00 4.855985729134008055e-01 nan nan 2.443837700402503588e-01 2.136244373520000128e-01 6.340441376630000236e-02 1.528808118330000076e-01 4.111639999999999873e+01 9.883190000000000452e+01 1.051910000000000025e+02 9.940040000000000475e+01 7.626479134206426425e-01 8.921320764305316064e-01
-5.195720000000000338e-01 -5.219660000000000410e-01 -4.627399999999999847e-01 4.358730000000000104e-01 2.133020000000000055e-02 -5.299869999999999859e-01 3.588156492690136590e-01 4.238048698881771159e-01 6.137129999999999669e-02 5.223675294078553577e-01 nan nan 2.202051272548621874e-01 2.909537926549999876e-01 7.875271584550000425e-02 1.714552923150000074e-01 3.823689999999999856e+01 9.984600000000000364e+01 1.116710000000000065e+02 1.032710000000000008e+02 7.626479134206426425e-01 8.921320764305316064e-01
-5.179669999999999552e-01 -4.627939999999999832e-01 -3.093259999999999899e-01 2.992289999999999880e-03 -2.036370000000000124e-01 -4.654730000000000256e-01 3.911907981557046776e-01 4.574451771161415214e-01 -3.068569999999999909e-01 5.595233221912845334e-01 nan nan 1.971674997173098465e-01 2.909537926549999876e-01 7.875271584550000425e-02 1.714552923150000074e-01 3.823689999999999856e+01 9.984600000000000364e+01 1.116710000000000065e+02 1.032710000000000008e+02 1.027161325641133827e-01 7.568096351255209076e-01
-5.238110000000000266e-01 -8.476240000000000441e-01 -5.188749999999999751e-01 -9.920710000000000639e-02 -1.315260000000000040e-01 -2.581620000000000026e-01 4.245774030131849175e-01 4.919007021657489931e-01 -2.502059999999999840e-01 5.968736351146570751e-01 nan nan 1.755319129529621103e-01 4.300162577739999881e-01 9.618490774769999918e-02 1.866384699770000100e-01 3.368189999999999884e+01 9.005880000000000507e+01 1.027990000000000066e+02 9.948099999999999454e+01 1.027161325641133827e-01 7.568096351255209076e-01
-4.928960000000000008e-01 -9.519640000000000046e-02 2.107950000000000101e-01 -2.288509999999999989e-01 -3.508990000000000165e-01 2.660520000000000107e-01 4.588197734535669481e-01 5.269452143289681256e-01 -5.617839999999999501e-01 6.342239480380296168e-01 nan nan 1.555435068050011749e-01 4.300162577739999881e-01 9.618490774769999918e-02 1.866384699770000100e-01 3.368189999999999884e+01 9.005880000000000507e+01 1.027990000000000066e+02 9.948099999999999454e+01 1.100181075504275130e-01 6.156367517024088354e-01
-1.810720000000000107e-01 8.111080000000000512e-01 9.815139999999999976e-01 -1.323129999999999862e-01 2.367299999999999960e-01 9.848890000000000144e-01 4.937503163288773367e-01 5.623458094384226058e-01 -6.467589999999999728e-01 6.713797408214587925e-01 nan nan 1.374287579020453398e-01 5.284870720919999654e-01 8.593726618699999709e-02 2.087434899289999923e-01 2.232329999999999970e+01 6.160589999999999833e+01 7.940330000000000155e+01 8.193680000000000518e+01 1.100181075504275130e-01 6.156367517024088354e-01
1.251409999999999911e+00 1.463999999999999968e+00 1.524299999999999988e+00 8.404799999999999771e-02 4.426709999999999673e-02 1.559900000000000064e+00 5.291943946177590785e-01 5.978655487646722388e-01 -6.750850000000000461e-01 7.081486973159133447e-01 nan nan 1.213929135874513010e-01 5.284870720919999654e-01 8.593726618699999709e-02 2.087434899289999923e-01 2.232329999999999970e+01 6.160589999999999833e+01 7.940330000000000155e+01 8.193680000000000518e+01 1.263443803427800605e-01 5.197047464173187858e-01
1.834699999999999998e+00 1.576659999999999950e+00 1.686520000000000019e+00 4.604869999999999797e-01 6.523360000000000269e-01 1.923899999999999944e+00 5.649705274177774239e-01 6.340484090529877603e-01 -6.467589999999999728e-01 7.443428843820880658e-01 nan nan 1.021631381531196148e-01 5.840102905059999516e-01 7.291906739700000639e-02 2.169428814590000087e-01 1.711929999999999907e+01 4.316910000000000025e+01 5.708679999999999666e+01 6.603249999999999886e+01 1.263443803427800605e-01 5.197047464173187858e-01
1.890959999999999974e+00 1.585879999999999956e+00 1.682420000000000027e+00 3.326120000000000188e-01 4.891579999999999817e-01 2.339409999999999989e+00 6.008850332152886331e-01 6.699489415048007768e-01 -6.467589999999999728e-01 7.767909068704346165e-01 nan nan 8.483576246633250939e-02 5.840102905059999516e-01 7.291906739700000639e-02 2.169428814590000087e-01 1.711929999999999907e+01 4.316910000000000025e+01 5.708679999999999666e+01 6.603249999999999886e+01 1.499852612961637410e-01 8.172102093708709658e-01
1.989719999999999933e+00 1.601890000000000036e+00 1.690209999999999990e+00 2.626189999999999913e-01 4.470489999999999742e-01 2.256759999999999877e+00 6.360615927842230288e-01 7.053824833118296223e-01 -6.750850000000000461e-01 8.082124882108574493e-01 nan nan 6.920310958071862473e-02 6.566522558680000232e-01 5.686016869359999948e-02 1.783381585799999891e-01 8.376670000000000726e+00 3.092389999999999972e+01 4.371659999999999968e+01 5.115310000000000201e+01 1.499852612961637410e-01 8.172102093708709658e-01
2.140010000000000190e+00 1.625129999999999963e+00 1.706669999999999909e+00 2.371679999999999899e-01 5.078139999999999876e-01 2.233810000000000073e+00 6.709270720336311111e-01 7.401696628563974034e-01 -6.750850000000000461e-01 8.382516093313425731e-01 nan nan 5.503830066339254756e-02 6.566522558680000232e-01 5.686016869359999948e-02 1.783381585799999891e-01 8.376670000000000726e+00 3.092389999999999972e+01 4.371659999999999968e+01 5.115310000000000201e+01 1.627447677601381315e-01 8.223396686655147780e-01
2.248279999999999834e+00 1.641080000000000094e+00 1.702939999999999898e+00 2.952239999999999864e-01 4.836670000000000136e-01 2.322299999999999809e+00 7.059188444737689583e-01 7.741384320635350536e-01 -6.750850000000000461e-01 8.665679149865712638e-01 nan nan 4.209782562278685525e-02 7.556454497069999832e-01 3.980624381009999907e-02 1.227199547680000030e-01 7.515819999999999723e+00 1.713870000000000005e+01 2.618220000000000169e+01 3.614670000000000272e+01 1.627447677601381315e-01 8.223396686655147780e-01
2.438919999999999977e+00 1.667829999999999924e+00 1.703999999999999959e+00 2.351659999999999862e-01 4.633519999999999861e-01 2.316640000000000033e+00 7.401695758149768878e-01 8.056739779470970531e-01 -6.467589999999999728e-01 8.928405701188480981e-01 nan nan 3.557883040707465749e-02 7.556454497069999832e-01 3.980624381009999907e-02 1.227199547680000030e-01 7.515819999999999723e+00 1.713870000000000005e+01 2.618220000000000169e+01 3.614670000000000272e+01 1.680591232576745808e-01 8.327637463156825071e-01
2.662970000000000059e+00 1.696949999999999958e+00 1.715700000000000003e+00 4.006750000000000034e-01 8.578350000000000142e-01 2.531419999999999781e+00 7.735067427062897183e-01 8.345773387834053425e-01 -6.467589999999999728e-01 9.167718950475038930e-01 nan nan 3.027272497255428796e-02 7.863730675810000070e-01 3.380280952769999792e-02 1.095471156489999931e-01 4.062299999999999578e+00 1.003359999999999985e+01 1.442179999999999929e+01 2.251589999999999847e+01 1.680591232576745808e-01 8.327637463156825071e-01
2.787679999999999936e+00 1.712110000000000021e+00 1.727249999999999952e+00 2.208630000000000038e-01 7.291940000000000088e-01 2.697169999999999845e+00 8.053429132773496368e-01 8.620203696847851260e-01 -6.750850000000000461e-01 9.380907382986248821e-01 nan nan 2.623962961401105076e-02 7.863730675810000070e-01 3.380280952769999792e-02 1.095471156489999931e-01 4.062299999999999578e+00 1.003359999999999985e+01 1.442179999999999929e+01 2.251589999999999847e+01 1.595780519644587336e-01 8.006085476166275861e-01
2.754550000000000054e+00 1.708120000000000083e+00 1.723300000000000054e+00 1.683759999999999979e-01 7.494889999999999608e-01 2.635069999999999801e+00 8.346548227352551530e-01 8.876921301454455682e-01 -6.750850000000000461e-01 9.565555488595982592e-01 nan nan 2.352524091340035817e-02 7.805858787149999589e-01 3.810467274769999829e-02 1.080367945470000063e-01 4.202130000000000365e+00 9.239349999999999952e+00 1.146320000000000050e+01 1.711560000000000059e+01 1.595780519644587336e-01 8.006085476166275861e-01
2.709649999999999892e+00 1.702539999999999942e+00 1.730189999999999895e+00 6.854430000000000245e-02 5.640530000000000266e-01 2.646720000000000184e+00 8.616781320934168154e-01 9.113017488614518768e-01 -6.467589999999999728e-01 9.719571130486043264e-01 nan nan 1.670578574753256440e-02 7.805858787149999589e-01 3.810467274769999829e-02 1.080367945470000063e-01 4.202130000000000365e+00 9.239349999999999952e+00 1.146320000000000050e+01 1.711560000000000059e+01 1.529709015875689859e-01 6.590100619981705821e-01
2.505529999999999813e+00 1.676539999999999919e+00 1.731680000000000108e+00 2.306189999999999907e-01 5.295330000000000314e-01 2.683530000000000193e+00 8.870067002394704803e-01 9.325817194188270598e-01 -6.750850000000000461e-01 9.841209249892287625e-01 nan nan 1.073698109613618890e-02 7.815186843160000230e-01 3.840807108799999814e-02 1.048033544849999998e-01 3.782259999999999955e+00 8.478519999999999612e+00 1.240569999999999951e+01 1.561040000000000028e+01 1.529709015875689859e-01 6.590100619981705821e-01
2.418769999999999865e+00 1.664979999999999905e+00 1.735670000000000046e+00 1.850279999999999980e-01 4.952759999999999940e-01 2.420209999999999972e+00 9.103535443755388368e-01 9.512909312481112600e-01 -6.750850000000000461e-01 9.929091638317716351e-01 nan nan 5.282452864353914812e-03 7.815186843160000230e-01 3.840807108799999814e-02 1.048033544849999998e-01 3.782259999999999955e+00 8.478519999999999612e+00 1.240569999999999951e+01 1.561040000000000028e+01 1.462795300459005521e-01 2.890537656265880218e-01
2.295799999999999841e+00 1.647950000000000026e+00 1.728099999999999969e+00 2.904680000000000040e-01 5.221839999999999815e-01 2.275259999999999838e+00 9.314541354286350883e-01 9.672174015034566974e-01 -6.750850000000000461e-01 9.982222553185450264e-01 nan nan 0.000000000000000000e+00 7.782276993129999543e-01 3.896827916759999788e-02 1.073611575750000047e-01 5.322519999999999918e+00 1.094110000000000049e+01 1.361500000000000021e+01 1.660480000000000089e+01 1.462795300459005521e-01 2.890537656265880218e-01
2.315209999999999990e+00 1.650709999999999900e+00 1.724690000000000056e+00 2.496869999999999923e-01 4.266980000000000217e-01 2.183619999999999894e+00 9.500693952707588430e-01 9.801806769129759456e-01 -6.750850000000000461e-01 1.000000000000000000e+00 nan nan 0.000000000000000000e+00 7.782276993129999543e-01 3.896827916759999788e-02 1.073611575750000047e-01 5.322519999999999918e+00 1.094110000000000049e+01 1.361500000000000021e+01 1.660480000000000089e+01 1.461784646481661953e-01 2.201633804248398496e-01
2.248889999999999834e+00 1.641100000000000003e+00 1.701910000000000034e+00 4.037689999999999890e-01 4.607899999999999774e-01 2.072670000000000012e+00 9.659884055696188465e-01 9.900338783864167658e-01 -6.467589999999999728e-01 9.982222553185451375e-01 nan nan 0.000000000000000000e+00 7.854709505429999794e-01 4.190062234470000313e-02 9.714690809730000542e-02 4.696900000000000297e+00 1.351019999999999932e+01 1.763510000000000133e+01 1.835999999999999943e+01 1.461784646481661953e-01 2.201633804248398496e-01
2.278859999999999886e+00 1.645550000000000068e+00 1.698939999999999895e+00 2.190670000000000117e-01 6.781169999999999698e-01 2.035620000000000207e+00 9.790307975776149085e-01 9.966653652139462194e-01 -6.467589999999999728e-01 9.929091638317717461e-01 nan nan 0.000000000000000000e+00 7.854709505429999794e-01 4.190062234470000313e-02 9.714690809730000542e-02 4.696900000000000297e+00 1.351019999999999932e+01 1.763510000000000133e+01 1.835999999999999943e+01 1.436097191224154912e-01 3.989321831486939418e-01
2.096680000000000099e+00 1.618789999999999951e+00 1.672949999999999937e+00 1.478770000000000084e-01 5.270319999999999450e-01 1.939370000000000038e+00 9.890487957818212550e-01 1.000000000000000000e+00 -6.750850000000000461e-01 9.841209249892287625e-01 nan nan 0.000000000000000000e+00 7.537116987459999695e-01 5.403058826650000007e-02 1.024887913739999934e-01 9.049979999999999691e+00 1.415489999999999959e+01 1.818900000000000006e+01 2.197240000000000038e+01 1.436097191224154912e-01 3.989321831486939418e-01
1.896050000000000013e+00 1.586880000000000068e+00 1.651049999999999907e+00 3.263420000000000210e-02 5.836449999999999694e-01 1.761060000000000070e+00 9.959288922595950222e-01 1.000000000000000000e+00 -6.467589999999999728e-01 9.719571130486043264e-01 nan nan 0.000000000000000000e+00 7.537116987459999695e-01 5.403058826650000007e-02 1.024887913739999934e-01 9.049979999999999691e+00 1.415489999999999959e+01 1.818900000000000006e+01 2.197240000000000038e+01 1.435676085400261481e-01 6.997694125419249289e-01
1.653170000000000028e+00 1.544480000000000075e+00 1.624219999999999997e+00 -8.161749999999999561e-02 3.274759999999999893e-01 1.695230000000000015e+00 9.995931327686958801e-01 9.966653652139461084e-01 -6.467589999999999728e-01 9.565555488595982592e-01 nan nan 0.000000000000000000e+00 7.627796966030000458e-01 5.428372977859999976e-02 9.235351012930000103e-02 4.736580000000000013e+00 1.518030000000000079e+01 2.082359999999999900e+01 2.783549999999999969e+01 1.435676085400261481e-01 6.997694125419249289e-01
1.441019999999999968e+00 1.503579999999999917e+00 1.607850000000000001e+00 -1.773639999999999939e-01 1.059670000000000056e-01 1.549120000000000053e+00 1.000000000000000000e+00 9.900338783864169878e-01 -6.750850000000000461e-01 9.380907382986248821e-01 nan nan 0.000000000000000000e+00 7.627796966030000458e-01 5.428372977859999976e-02 9.235351012930000103e-02 4.736580000000000013e+00 1.518030000000000079e+01 2.082359999999999900e+01 2.783549999999999969e+01 1.389101781277635173e-01 6.288590049801809911e-01
1.283910000000000107e+00 1.470310000000000006e+00 1.591499999999999915e+00 -8.530440000000000245e-02 2.007889999999999953e-01 1.299500000000000099e+00 9.971448839852002921e-01 9.801806769129759456e-01 -6.750850000000000461e-01 9.167718950475038930e-01 nan nan 0.000000000000000000e+00 7.734863962260000170e-01 4.913235671169999957e-02 7.817264482999999875e-02 1.283159999999999989e+01 1.986599999999999966e+01 2.974249999999999972e+01 3.655290000000000106e+01 1.389101781277635173e-01 6.288590049801809911e-01
1.159899999999999931e+00 1.443259999999999987e+00 1.566289999999999960e+00 -1.022279999999999994e-01 1.028260000000000007e-01 1.129210000000000047e+00 9.910601343295910581e-01 9.672174015034568084e-01 -6.750850000000000461e-01 8.928405701188480981e-01 nan nan 0.000000000000000000e+00 7.734863962260000170e-01 4.913235671169999957e-02 7.817264482999999875e-02 1.283159999999999989e+01 1.986599999999999966e+01 2.974249999999999972e+01 3.655290000000000106e+01 1.345475217922265099e-01 6.510474895822746522e-01
1.087329999999999908e+00 1.425850000000000062e+00 1.541690000000000005e+00 -1.543370000000000020e-01 3.974079999999999974e-02 1.020769999999999955e+00 9.818146936781132483e-01 9.512909312481112600e-01 -6.467589999999999728e-01 8.665679149865712638e-01 nan nan 0.000000000000000000e+00 7.674068058930000324e-01 4.259936931779999963e-02 7.892050255259999703e-02 1.052169999999999916e+01 3.229460000000000264e+01 4.037850000000000250e+01 4.728430000000000177e+01 1.345475217922265099e-01 6.510474895822746522e-01
1.028410000000000046e+00 1.409909999999999997e+00 1.521730000000000027e+00 -1.193550000000000028e-01 2.809880000000000155e-01 8.777540000000000342e-01 9.695133165676383946e-01 9.325817194188271708e-01 -6.467589999999999728e-01 8.382516093313426842e-01 nan nan 0.000000000000000000e+00 7.674068058930000324e-01 4.259936931779999963e-02 7.892050255259999703e-02 1.052169999999999916e+01 3.229460000000000264e+01 4.037850000000000250e+01 4.728430000000000177e+01 1.290647239651323552e-01 5.950871531659720493e-01
9.021989999999999732e-01 1.375669999999999948e+00 1.485549999999999926e+00 -3.003310000000000146e-01 1.477360000000000062e-01 6.469110000000000138e-01 9.542953825162094894e-01 9.113017488614519879e-01 -6.750850000000000461e-01 8.082124882108575603e-01 nan nan 0.000000000000000000e+00 7.187166883600000222e-01 3.296300290229999680e-02 7.973214991999999501e-02 1.701010000000000133e+01 3.405389999999999873e+01 4.791179999999999950e+01 5.674949999999999761e+01 1.290647239651323552e-01 5.950871531659720493e-01
8.092570000000000041e-01 1.348950000000000093e+00 1.463759999999999950e+00 -2.547369999999999912e-01 3.021400000000000197e-01 4.106179999999999830e-01 9.363333167974063898e-01 8.876921301454455682e-01 -6.467589999999999728e-01 7.767909068704346165e-01 nan nan 0.000000000000000000e+00 7.187166883600000222e-01 3.296300290229999680e-02 7.973214991999999501e-02 1.701010000000000133e+01 3.405389999999999873e+01 4.791179999999999950e+01 5.674949999999999761e+01 1.211016128353055166e-01 5.934101534708811077e-01
5.044349999999999667e-01 1.245290000000000008e+00 1.369839999999999947e+00 -3.807070000000000176e-01 1.658850000000000047e-01 1.639269999999999894e-01 9.158306367931008385e-01 8.620203696847853481e-01 -6.467589999999999728e-01 7.443428843820880658e-01 nan nan 0.000000000000000000e+00 5.928204203169999964e-01 3.472773374480000314e-02 9.124028731870000020e-02 1.409590000000000032e+01 3.900520000000000209e+01 5.601530000000000342e+01 6.615080000000000382e+01 1.211016128353055166e-01 5.934101534708811077e-01
1.194120000000000043e-01 1.058710000000000040e+00 1.251400000000000068e+00 -1.911069999999999991e-01 2.530279999999999752e-01 -1.241109999999999991e-01 8.930196460601973474e-01 8.345773387834054535e-01 -6.184340000000000392e-01 7.081486973159134557e-01 nan nan 0.000000000000000000e+00 5.928204203169999964e-01 3.472773374480000314e-02 9.124028731870000020e-02 1.409590000000000032e+01 3.900520000000000209e+01 5.601530000000000342e+01 6.615080000000000382e+01 1.070408893755000479e-01 5.829289053765626116e-01
-1.949940000000000007e-01 7.936609999999999498e-01 1.027679999999999927e+00 -1.690840000000000051e-02 3.480579999999999785e-01 -3.525039999999999840e-01 8.681588022385082759e-01 8.056739779470972751e-01 -6.184340000000000392e-01 6.713797408214590146e-01 nan nan 0.000000000000000000e+00 4.409459625109999892e-01 3.488122451779999966e-02 9.652922644950000242e-02 1.703630000000000067e+01 4.514280000000000115e+01 6.599349999999999739e+01 7.886899999999999977e+01 1.070408893755000479e-01 5.829289053765626116e-01
-3.273300000000000098e-01 6.005190000000000250e-01 8.164000000000000146e-01 2.250570000000000070e-01 6.654569999999999652e-01 -4.512260000000000160e-01 8.415297886224231139e-01 7.741384320635351646e-01 -6.184340000000000392e-01 6.342239480380296168e-01 nan nan 0.000000000000000000e+00 4.409459625109999892e-01 3.488122451779999966e-02 9.652922644950000242e-02 1.703630000000000067e+01 4.514280000000000115e+01 6.599349999999999739e+01 7.886899999999999977e+01 2.838421695372047582e-01 6.383747077955077565e-01
-3.922089999999999743e-01 5.126829999999999998e-01 5.512590000000000545e-01 4.443210000000000215e-01 7.064780000000000504e-01 -4.413329999999999753e-01 8.132865766495555038e-01 7.401696628563976255e-01 -4.484830000000000205e-01 5.968736351146571861e-01 nan nan 0.000000000000000000e+00 3.098308162269999833e-01 3.551343664380000181e-02 9.863944513759999311e-02 1.722779999999999845e+01 5.219639999999999702e+01 7.775780000000000314e+01 8.914220000000000255e+01 2.838421695372047582e-01 6.383747077955077565e-01
-4.045699999999999852e-01 5.228610000000000202e-01 4.750739999999999963e-01 6.089869999999999450e-01 8.430560000000000276e-01 -4.279789999999999983e-01 7.825325494147303829e-01 7.053824833118296223e-01 -4.201570000000000027e-01 5.595233221912847554e-01 nan nan 0.000000000000000000e+00 3.098308162269999833e-01 3.551343664380000181e-02 9.863944513759999311e-02 1.722779999999999845e+01 5.219639999999999702e+01 7.775780000000000314e+01 8.914220000000000255e+01 7.464858718996084663e-01 8.329987803638581045e-01
-4.487450000000000050e-01 3.323840000000000128e-01 2.901090000000000058e-01 9.174999999999999822e-01 1.087539999999999951e+00 -4.751179999999999848e-01 7.493634331836065421e-01 6.699489415048007768e-01 -2.785309999999999730e-01 5.223675294078555797e-01 nan nan 0.000000000000000000e+00 2.257335633789999962e-01 3.770891329349999876e-02 9.615895700700000104e-02 2.193730000000000047e+01 5.804769999999999897e+01 8.413779999999999859e+01 9.451059999999999661e+01 7.464858718996084663e-01 8.329987803638581045e-01
-4.898500000000000076e-01 7.175199999999999634e-03 -1.468770000000000076e-01 9.004440000000000222e-01 1.040370000000000017e+00 -4.743399999999999839e-01 7.150920728982910202e-01 6.340484090529878713e-01 3.446239999999999859e-01 4.855985729134009166e-01 nan nan 0.000000000000000000e+00 2.257335633789999962e-01 3.770891329349999876e-02 9.615895700700000104e-02 2.193730000000000047e+01 5.804769999999999897e+01 8.413779999999999859e+01 9.451059999999999661e+01 7.400345306775593102e-01 9.066247840227664723e-01
-4.819069999999999743e-01 9.664319999999999855e-02 7.457350000000000090e-02 1.084910000000000041e+00 1.199920000000000098e+00 -3.577690000000000037e-01 6.801511781770810394e-01 5.978655487646724609e-01 6.562010000000000343e-01 4.494043858472264175e-01 nan nan 0.000000000000000000e+00 1.994211127949999940e-01 3.790198149369999880e-02 9.113706642829999538e-02 1.907969999999999899e+01 5.877729999999999677e+01 8.148489999999999611e+01 8.831059999999999377e+01 7.400345306775593102e-01 9.066247840227664723e-01
-4.938219999999999832e-01 -8.249990000000000101e-02 -6.746620000000000394e-02 1.174180000000000001e+00 1.242380000000000040e+00 -2.205689999999999873e-01 6.447518560324912995e-01 5.615882223353365621e-01 7.128510000000000124e-01 4.139663889813486319e-01 nan nan 0.000000000000000000e+00 1.994211127949999940e-01 3.790198149369999880e-02 9.113706642829999538e-02 1.907969999999999899e+01 5.877729999999999677e+01 8.148489999999999611e+01 8.831059999999999377e+01 7.368257042994905692e-01 9.317607226344141180e-01
-3.732440000000000202e-01 6.030189999999999717e-01 5.868470000000000075e-01 1.159310000000000063e+00 1.311299999999999910e+00 -3.206350000000000172e-02 6.090379244877683895e-01 5.254053617995867453e-01 -2.360440000000000108e-02 3.794574351506567744e-01 nan nan 0.000000000000000000e+00 1.773057828240000022e-01 2.997878336190000145e-02 7.706767322020000033e-02 1.781960000000000122e+01 4.639240000000000208e+01 6.739879999999999427e+01 7.870300000000000296e+01 7.368257042994905692e-01 9.317607226344141180e-01
-1.945919999999999941e-02 1.104919999999999902e+00 1.003370000000000095e+00 1.117830000000000101e+00 1.083530000000000104e+00 1.486020000000000049e-02 5.731513862428605499e-01 4.895048288557085625e-01 -7.883850000000000025e-01 3.460398507612245655e-01 nan nan 0.000000000000000000e+00 1.773057828240000022e-01 2.997878336190000145e-02 7.706767322020000033e-02 1.781960000000000122e+01 4.639240000000000208e+01 6.739879999999999427e+01 7.870300000000000296e+01 7.503474123047122468e-01 9.768142087610529600e-01
4.295460000000000077e-03 1.122449999999999948e+00 1.013220000000000010e+00 1.253849999999999909e+00 1.096500000000000030e+00 -1.950919999999999876e-01 5.372781647179543096e-01 4.540712863175591085e-01 -7.883850000000000025e-01 3.138635965672669226e-01 nan nan 0.000000000000000000e+00 1.666570018719999990e-01 2.051420995220000140e-02 6.563199295690000379e-02 1.184099999999999930e+01 3.321520000000000294e+01 5.734590000000000032e+01 6.526980000000000359e+01 7.503474123047122468e-01 9.768142087610529600e-01
-2.855300000000000060e-01 7.945969999999999978e-01 7.235380000000000145e-01 1.315190000000000081e+00 1.168800000000000061e+00 -4.086850000000000205e-01 5.016050085256221758e-01 4.192841058110989838e-01 -5.617839999999999501e-01 2.830645685558742519e-01 nan nan 0.000000000000000000e+00 1.666570018719999990e-01 2.051420995220000140e-02 6.563199295690000379e-02 1.184099999999999930e+01 3.321520000000000294e+01 5.734590000000000032e+01 6.526980000000000359e+01 7.804312123636669707e-01 9.673461479825186116e-01
-4.969750000000000001e-01 -4.739689999999999875e-02 -8.109579999999999567e-02 9.997380000000000155e-01 9.677310000000000079e-01 -4.724450000000000038e-01 4.663115100273441671e-01 3.853153354221960925e-01 4.295990000000000086e-01 2.537630581911760608e-01 nan nan 0.000000000000000000e+00 1.706458785019999980e-01 2.014327158059999942e-02 6.749809534619999329e-02 1.279870000000000019e+01 3.378439999999999799e+01 4.966190000000000282e+01 6.038110000000000355e+01 7.804312123636669707e-01 9.673461479825186116e-01
-5.063819999999999988e-01 -2.793689999999999785e-01 -8.617259999999999920e-01 1.234329999999999927e+00 1.086119999999999974e+00 -5.018740000000000423e-01 4.315743165712658813e-01 3.523277503230668461e-01 1.959160000000000013e+00 2.260623894639877118e-01 nan nan 0.000000000000000000e+00 1.706458785019999980e-01 2.014327158059999942e-02 6.749809534619999329e-02 1.279870000000000019e+01 3.378439999999999799e+01 4.966190000000000282e+01 6.038110000000000355e+01 7.762033098917758833e-01 9.535331334485210864e-01
-4.930939999999999768e-01 -4.174490000000000145e-02 -1.778649999999999953e-01 1.230469999999999953e+00 1.129259999999999931e+00 -5.024650000000000505e-01 3.975650370800374311e-01 3.204730084645325272e-01 1.420979999999999910e+00 2.000477481897074972e-01 nan nan 0.000000000000000000e+00 1.715918750150000061e-01 1.383857211199999993e-02 6.284246714430000158e-02 1.315549999999999997e+01 2.881080000000000041e+01 4.824710000000000321e+01 5.377850000000000108e+01 7.762033098917758833e-01 9.535331334485210864e-01
-4.128800000000000248e-01 4.755130000000000190e-01 3.789290000000000158e-01 1.395499999999999963e+00 1.091339999999999977e+00 -4.946780000000000066e-01 3.644485323933263077e-01 2.898899322308372550e-01 -1.652299999999999880e-01 1.757852168189899533e-01 nan nan 5.282452864353914812e-03 1.715918750150000061e-01 1.383857211199999993e-02 6.284246714430000158e-02 1.315549999999999997e+01 2.881080000000000041e+01 4.824710000000000321e+01 5.377850000000000108e+01 6.024803133027329949e-01 8.308580648439882754e-01
-4.655949999999999811e-01 2.223910000000000053e-01 1.425800000000000123e-01 1.253509999999999902e+00 1.172619999999999996e+00 -5.014260000000000383e-01 3.323805990110542119e-01 2.607029355265639836e-01 6.278759999999999897e-01 1.533210256971744290e-01 nan nan 1.073698109613618890e-02 1.461426471279999861e-01 1.112504404579999981e-02 5.186786005340000144e-02 9.957829999999999515e+00 2.925110000000000099e+01 3.848910000000000053e+01 4.287870000000000203e+01 6.024803133027329949e-01 8.308580648439882754e-01
-4.969689999999999941e-01 -1.431350000000000122e-01 -5.770880000000000454e-01 1.334610000000000074e+00 1.210220000000000073e+00 -5.257030000000000314e-01 3.015033303529299769e-01 2.330206141173822854e-01 1.874190000000000023e+00 1.326810292560002269e-01 nan nan 1.670578574753256440e-02 1.461426471279999861e-01 1.112504404579999981e-02 5.186786005340000144e-02 9.957829999999999515e+00 2.925110000000000099e+01 3.848910000000000053e+01 4.287870000000000203e+01 2.313934391712637595e-01 6.238534149811972851e-01
-4.798370000000000135e-01 8.488880000000000037e-02 -9.097059999999999869e-02 1.326319999999999943e+00 1.242699999999999916e+00 -5.180129999999999457e-01 2.719471712742658198e-01 2.069345151966305307e-01 1.392660000000000009e+00 1.138704130725635144e-01 nan nan 2.352524091340035817e-02 1.462624993190000111e-01 1.058863138470000041e-02 4.943124444569999693e-02 1.762249999999999872e+01 2.588200000000000145e+01 3.074889999999999901e+01 3.393549999999999756e+01 2.313934391712637595e-01 6.238534149811972851e-01
-4.970559999999999978e-01 -1.044719999999999954e-01 -4.875809999999999866e-01 1.282950000000000035e+00 1.137890000000000068e+00 -5.189000000000000279e-01 2.438297995265261697e-01 1.825181001190350205e-01 1.222709999999999964e+00 9.687363511465718613e-02 nan nan 3.152208247836496557e-02 1.462624993190000111e-01 1.058863138470000041e-02 4.943124444569999693e-02 1.762249999999999872e+01 2.588200000000000145e+01 3.074889999999999901e+01 3.393549999999999756e+01 2.883901124352550305e-01 6.471471948368736626e-01
-5.018019999999999703e-01 -1.682829999999999881e-01 -5.370629999999999571e-01 1.226390000000000091e+00 1.011949999999999905e+00 -5.291730000000000045e-01 2.172507043124382031e-01 1.598259120542073752e-01 1.845860000000000056e+00 8.165460183820594242e-02 nan nan 4.100970606869047685e-02 1.387485659730000043e-01 9.215959479180000496e-03 3.747873082719999777e-02 1.195930000000000071e+01 2.395349999999999824e+01 2.651389999999999958e+01 2.686779999999999902e+01 2.883901124352550305e-01 6.471471948368736626e-01
-4.924700000000000188e-01 -5.940170000000000172e-02 -5.441909999999999803e-01 1.347669999999999924e+00 1.182569999999999899e+00 -5.315509999999999957e-01 1.922915999252500230e-01 1.388929579907381973e-01 1.789209999999999967e+00 6.815707714154251029e-02 nan nan 5.228461615460722189e-02 1.387485659730000043e-01 9.215959479180000496e-03 3.747873082719999777e-02 1.195930000000000071e+01 2.395349999999999824e+01 2.651389999999999958e+01 2.686779999999999902e+01 2.911273002905631069e-01 6.240820967578006861e-01
-4.960609999999999742e-01 -1.132009999999999961e-01 -6.790479999999999849e-01 1.328030000000000044e+00 1.150449999999999973e+00 -5.324510000000000076e-01 1.690161811299042416e-01 1.197343120930287608e-01 2.072459999999999969e+00 5.630531954291129182e-02 nan nan 6.562306653618710239e-02 1.396491956139999935e-01 7.942394681069999199e-03 3.950069253989999668e-02 9.443400000000000460e+00 1.857140000000000057e+01 1.973420000000000130e+01 2.403040000000000020e+01 2.911273002905631069e-01 6.240820967578006861e-01
-4.898600000000000176e-01 -6.327349999999999641e-02 -1.371289999999999898e+00 1.414560000000000040e+00 1.261020000000000030e+00 -5.318800000000000194e-01 1.474682723066648160e-01 1.023449449049844695e-01 2.667289999999999939e+00 4.600494036172009249e-02 nan nan 8.127793027740359832e-02 1.396491956139999935e-01 7.942394681069999199e-03 3.950069253989999668e-02 9.443400000000000460e+00 1.857140000000000057e+01 1.973420000000000130e+01 2.403040000000000020e+01 3.187560533962184861e-01 6.183745807500762304e-01
-4.837919999999999998e-01 -5.625279999999999864e-03 -1.333639999999999937e+00 1.472469999999999946e+00 1.174870000000000081e+00 -5.309970000000000523e-01 1.276708932446519729e-01 8.669978033576242193e-02 2.582320000000000171e+00 3.714397318000861592e-02 nan nan 9.947583455327291269e-02 1.171423170419999965e-01 7.747238133189999869e-03 3.892226134679999811e-02 8.982290000000000774e+00 1.448320000000000007e+01 1.889379999999999882e+01 2.275580000000000069e+01 3.187560533962184861e-01 6.183745807500762304e-01
-4.991340000000000221e-01 -1.593700000000000117e-01 -8.884630000000000027e-01 1.315229999999999899e+00 1.123289999999999900e+00 -5.301930000000000254e-01 1.096278573658779898e-01 7.275397978190056847e-02 2.440690000000000026e+00 2.959414246670166726e-02 nan nan 1.204145928734070559e-01 1.171423170419999965e-01 7.747238133189999869e-03 3.892226134679999811e-02 8.982290000000000774e+00 1.448320000000000007e+01 1.889379999999999882e+01 2.275580000000000069e+01 2.910851897081736528e-01 5.673499593454618406e-01
-4.955370000000000053e-01 -1.159739999999999938e-01 -8.031439999999999690e-01 1.356789999999999941e+00 9.867340000000000000e-01 -5.311129999999999463e-01 9.332319397024191332e-02 6.044345016661112346e-02 2.270739999999999981e+00 2.321231699063441845e-02 nan nan 1.442609637759062480e-01 1.282132935879999880e-01 9.438924212959999907e-03 4.122223301390000316e-02 7.542810000000000237e+00 1.262470000000000070e+01 1.305279999999999951e+01 2.368019999999999925e+01 2.910851897081736528e-01 5.673499593454618406e-01
-4.906510000000000038e-01 -6.486160000000000536e-02 -7.019069999999999476e-01 1.381820000000000048e+00 1.157510000000000039e+00 -5.307500000000000551e-01 7.872067872522214849e-02 4.968557013995134053e-02 2.242410000000000014e+00 1.784213155459213329e-02 nan nan 1.711487613864897117e-01 1.282132935879999880e-01 9.438924212959999907e-03 4.122223301390000316e-02 7.542810000000000237e+00 1.262470000000000070e+01 1.305279999999999951e+01 2.368019999999999925e+01 3.096012127847728168e-01 5.892240065047260611e-01
-4.874339999999999784e-01 2.726389999999999977e-03 -2.878310000000000035e-01 1.326820000000000110e+00 1.183189999999999964e+00 -5.239639999999999853e-01 6.576345224740443030e-02 4.038012621173203698e-02 1.647580000000000044e+00 1.331575867547618586e-02 nan nan 2.011773392509815794e-01 1.016862684250000037e-01 1.082776742979999970e-02 4.321003899559999750e-02 6.588510000000000311e+00 1.166729999999999912e+01 1.541559999999999953e+01 2.184450000000000003e+01 3.096012127847728168e-01 5.892240065047260611e-01
-5.023440000000000127e-01 -1.930520000000000014e-01 -7.433459999999999512e-01 1.225889999999999924e+00 1.202690000000000037e+00 -5.184959999999999569e-01 5.437539043012828976e-02 3.241044821040450774e-02 1.534280000000000088e+00 9.455810136747233585e-03 nan nan 2.344104646199371977e-01 1.016862684250000037e-01 1.082776742979999970e-02 4.321003899559999750e-02 6.588510000000000311e+00 1.166729999999999912e+01 1.541559999999999953e+01 2.184450000000000003e+01 3.247441782119847575e-01 6.416620083341803005e-01
-4.988819999999999921e-01 -1.613290000000000002e-01 -1.101900000000000102e+00 1.326189999999999980e+00 1.052529999999999966e+00 -5.243309999999999915e-01 4.446476667695598017e-02 2.564473120272381390e-02 2.044140000000000068e+00 6.077346867800259567e-03 nan nan 2.708755959402137092e-01 8.349401840770000194e-02 1.344207496760000016e-02 5.324413076529999761e-02 9.327439999999999287e+00 1.546630000000000038e+01 1.831719999999999970e+01 2.594129999999999825e+01 3.247441782119847575e-01 6.416620083341803005e-01
-4.959589999999999832e-01 -8.885750000000000592e-02 -4.492249999999999854e-01 1.270410000000000039e+00 1.038310000000000066e+00 -5.280759999999999899e-01 3.592240597443274730e-02 1.993752889630795444e-02 1.392660000000000009e+00 2.989974377531123828e-03 nan nan 3.052811188754422922e-01 8.349401840770000194e-02 1.344207496760000016e-02 5.324413076529999761e-02 9.327439999999999287e+00 1.546630000000000038e+01 1.831719999999999970e+01 2.594129999999999825e+01 3.920032004042616203e-01 6.983052139445065087e-01
-4.909769999999999968e-01 -5.553810000000000170e-03 -1.660339999999999872e-01 1.221309999999999896e+00 1.046100000000000030e+00 -5.263029999999999653e-01 2.862473588502256749e-02 1.513140160424919500e-02 1.279360000000000053e+00 0.000000000000000000e+00 nan nan 3.426917333347996308e-01 8.650842015300000409e-02 1.566885911330000158e-02 6.012344386900000254e-02 1.057499999999999929e+01 2.622090000000000032e+01 2.973770000000000024e+01 2.955730000000000146e+01 3.920032004042616203e-01 6.983052139445065087e-01
-4.926429999999999976e-01 -7.113780000000000103e-02 -4.020569999999999977e-01 1.338189999999999991e+00 9.311329999999999885e-01 -5.257290000000000019e-01 2.244292936732072974e-02 1.105870009967535594e-02 2.044140000000000068e+00 0.000000000000000000e+00 nan nan 3.826835621079381911e-01 8.650842015300000409e-02 1.566885911330000158e-02 6.012344386900000254e-02 1.057499999999999929e+01 2.622090000000000032e+01 2.973770000000000024e+01 2.955730000000000146e+01 6.873920916326272668e-01 8.822733509502999061e-01
-5.029869999999999619e-01 -2.030969999999999998e-01 -5.930569999999999453e-01 1.239919999999999911e+00 9.943579999999999641e-01 -5.292930000000000135e-01 1.723750118633604611e-02 7.543465148480255067e-03 1.760880000000000001e+00 0.000000000000000000e+00 nan nan 4.248034817949342123e-01 1.109882017650000025e-01 2.344654150709999871e-02 5.231723776250000318e-02 1.137490000000000023e+01 2.539480000000000004e+01 3.021699999999999875e+01 3.370470000000000255e+01 6.873920916326272668e-01 8.822733509502999061e-01
-5.139259999999999939e-01 -3.958900000000000197e-01 -3.963559999999999861e-01 9.079749999999999766e-01 7.426190000000000291e-01 -5.302210000000000534e-01 1.285139961530101793e-02 4.403421197755497118e-03 1.392660000000000009e+00 0.000000000000000000e+00 nan nan 4.685742568754681647e-01 1.109882017650000025e-01 2.344654150709999871e-02 5.231723776250000318e-02 1.137490000000000023e+01 2.539480000000000004e+01 3.021699999999999875e+01 3.370470000000000255e+01 6.979660588705942637e-01 9.186750431954466833e-01
-5.075739999999999696e-01 -2.589730000000000087e-01 -4.232489999999999863e-01 1.109469999999999956e+00 7.237799999999999789e-01 -5.321580000000000199e-01 9.133401384577743976e-03 1.452041630638722935e-03 1.279360000000000053e+00 0.000000000000000000e+00 nan nan 5.134999469779633063e-01 1.750558528660000057e-01 4.640558176000000173e-02 6.146219727439999891e-02 1.432729999999999926e+01 3.343419999999999703e+01 4.245660000000000167e+01 3.859100000000000108e+01 6.979660588705942637e-01 9.186750431954466833e-01
-5.087359999999999660e-01 -2.664039999999999742e-01 -2.992969999999999797e-01 9.989000000000000101e-01 6.872660000000000435e-01 -5.295199999999999907e-01 5.941653763230858587e-03 0.000000000000000000e+00 1.222709999999999964e+00 0.000000000000000000e+00 nan nan 5.590715260821632615e-01 1.750558528660000057e-01 4.640558176000000173e-02 6.146219727439999891e-02 1.432729999999999926e+01 3.343419999999999703e+01 4.245660000000000167e+01 3.859100000000000108e+01 6.909335916115719733e-01 9.286385811566216786e-01
-5.126739999999999631e-01 -4.052319999999999811e-01 -7.606969999999999565e-01 1.116700000000000026e+00 6.241790000000000393e-01 -5.280529999999999946e-01 3.101149350080656397e-03 0.000000000000000000e+00 1.874190000000000023e+00 0.000000000000000000e+00 nan nan 6.047726499873387063e-01 2.278086988920000056e-01 5.163342000860000197e-02 6.437195851080000641e-02 1.853729999999999833e+01 4.704930000000000234e+01 5.008760000000000190e+01 4.811220000000000141e+01 6.909335916115719733e-01 9.286385811566216786e-01
-5.189019999999999744e-01 -5.876470000000000304e-01 -1.009149999999999991e+00 9.623099999999999987e-01 6.515900000000000025e-01 -5.278340000000000254e-01 8.716498741969669339e-04 0.000000000000000000e+00 1.845860000000000056e+00 0.000000000000000000e+00 nan nan 6.500855066984010389e-01 2.278086988920000056e-01 5.163342000860000197e-02 6.437195851080000641e-02 1.853729999999999833e+01 4.704930000000000234e+01 5.008760000000000190e+01 4.811220000000000141e+01 6.399797869204530976e-01 8.506390385201747506e-01
-5.117289999999999894e-01 -3.228460000000000218e-01 -4.531879999999999797e-01 9.882109999999999506e-01 6.364980000000000082e-01 -5.283579999999999943e-01 0.000000000000000000e+00 0.000000000000000000e+00 9.677780000000000271e-01 0.000000000000000000e+00 nan nan 6.944966834427153124e-01 2.590834662090000240e-01 5.965054496560000252e-02 8.241837952449999893e-02 1.605740000000000123e+01 3.525900000000000034e+01 4.447200000000000131e+01 4.367830000000000013e+01 6.399797869204530976e-01 8.506390385201747506e-01
-5.062820000000000098e-01 -2.786100000000000243e-01 -7.422650000000000081e-02 8.600539999999999852e-01 9.066419999999999479e-01 -5.261090000000000488e-01 0.000000000000000000e+00 0.000000000000000000e+00 6.278759999999999897e-01 0.000000000000000000e+00 nan nan 7.375029838419626671e-01 2.590834662090000240e-01 5.965054496560000252e-02 8.241837952449999893e-02 1.605740000000000123e+01 3.525900000000000034e+01 4.447200000000000131e+01 4.367830000000000013e+01 5.318987661599359207e-01 8.435626079886167084e-01
-4.109829999999999872e-01 3.772639999999999882e-01 6.685389999999999944e-01 6.738730000000000553e-01 7.601689999999999836e-01 -5.266330000000000178e-01 0.000000000000000000e+00 0.000000000000000000e+00 5.145750000000000046e-01 0.000000000000000000e+00 nan nan 7.786171293281737293e-01 1.918906800940000101e-01 6.782008535050000619e-02 9.617775326440000661e-02 1.540210000000000079e+01 3.577609999999999957e+01 4.104370000000000118e+01 4.249410000000000309e+01 5.318987661599359207e-01 8.435626079886167084e-01
-5.189610000000000056e-01 -5.020820000000000283e-01 -5.354830000000000423e-01 5.378300000000000303e-01 4.860530000000000128e-01 -5.223670000000000258e-01 0.000000000000000000e+00 0.000000000000000000e+00 3.162980000000000236e-01 0.000000000000000000e+00 nan nan 8.173732802046108636e-01 1.918906800940000101e-01 6.782008535050000619e-02 9.617775326440000661e-02 1.540210000000000079e+01 3.577609999999999957e+01 4.104370000000000118e+01 4.249410000000000309e+01 5.537794247694445282e-01 8.233528559812989256e-01
-5.248629999999999685e-01 -8.656470000000000553e-01 -8.372300000000000297e-01 3.754480000000000040e-01 3.086550000000000127e-01 -5.304159999999999986e-01 0.000000000000000000e+00 0.000000000000000000e+00 8.969649999999999845e-02 0.000000000000000000e+00 nan nan 8.533323137956718707e-01 1.323977419950000123e-01 7.072749729440000466e-02 1.069677284259999972e-01 1.774459999999999837e+01 4.303260000000000218e+01 4.874399999999999977e+01 5.187010000000000076e+01 5.537794247694445282e-01 8.233528559812989256e-01
-5.196220000000000283e-01 -5.053579999999999739e-01 -4.537320000000000242e-01 3.433840000000000225e-01 2.022420000000000051e-01 -5.332360000000000433e-01 0.000000000000000000e+00 0.000000000000000000e+00 -3.918320000000000136e-01 0.000000000000000000e+00 nan nan 8.860867998822692382e-01 1.323977419950000123e-01 7.072749729440000466e-02 1.069677284259999972e-01 1.774459999999999837e+01 4.303260000000000218e+01 4.874399999999999977e+01 5.187010000000000076e+01 5.130669137154167947e-01 7.087515245451772028e-01
-5.207749999999999879e-01 -5.793369999999999909e-01 -4.239310000000000023e-01 1.074119999999999936e-01 1.363340000000000107e-01 -5.342989999999999684e-01 0.000000000000000000e+00 0.000000000000000000e+00 2.029970000000000108e-01 0.000000000000000000e+00 nan nan 9.152656170490134357e-01 1.221387230999999990e-01 8.312948426730000506e-02 1.110822016659999967e-01 2.288380000000000081e+01 4.357900000000000063e+01 4.594910000000000139e+01 4.312500000000000000e+01 5.130669137154167947e-01 7.087515245451772028e-01
-5.275389999999999802e-01 -1.327909999999999924e+00 -1.189049999999999940e+00 7.701679999999999637e-02 -1.380179999999999949e-03 -5.359479999999999800e-01 0.000000000000000000e+00 0.000000000000000000e+00 8.261519999999999975e-01 0.000000000000000000e+00 nan nan 9.405381576381413034e-01 1.221387230999999990e-01 8.312948426730000506e-02 1.110822016659999967e-01 2.288380000000000081e+01 4.357900000000000063e+01 4.594910000000000139e+01 4.312500000000000000e+01 4.541710531856655297e-01 5.037891299928854982e-01
-5.282059999999999533e-01 -1.537409999999999943e+00 -1.629269999999999996e+00 1.269370000000000047e-02 -1.588370000000000060e-01 -5.364520000000000399e-01 0.000000000000000000e+00 0.000000000000000000e+00 7.411769999999999747e-01 0.000000000000000000e+00 nan nan 9.616180736663831885e-01 1.663012928089999953e-01 7.532491664670000475e-02 9.963136595709999599e-02 1.868730000000000047e+01 4.505789999999999651e+01 4.154160000000000252e+01 4.215200000000000102e+01 4.541710531856655297e-01 5.037891299928854982e-01
-5.276309999999999611e-01 -1.284049999999999914e+00 -1.129780000000000006e+00 -4.742700000000000249e-01 -4.270200000000000107e-01 -5.357420000000000515e-01 0.000000000000000000e+00 7.575871030861547339e-04 2.313230000000000008e-01 0.000000000000000000e+00 nan nan 9.782665212620319517e-01 1.663012928089999953e-01 7.532491664670000475e-02 9.963136595709999599e-02 1.868730000000000047e+01 4.505789999999999651e+01 4.154160000000000252e+01 4.215200000000000102e+01 4.594643533920074185e-01 5.938357556662262615e-01
-5.281090000000000506e-01 -1.403480000000000061e+00 -1.250890000000000057e+00 -5.299380000000000202e-01 -5.987139999999999684e-01 -5.356670000000000043e-01 0.000000000000000000e+00 1.539852529381380286e-03 -1.935560000000000058e-01 0.000000000000000000e+00 nan nan 9.902948668614469652e-01 1.844469876529999941e-01 7.815834688559999965e-02 1.465444715529999886e-01 3.750939999999999941e+01 4.740820000000000078e+01 4.079260000000000019e+01 4.034040000000000248e+01 4.594643533920074185e-01 5.938357556662262615e-01
-5.284879999999999578e-01 -1.637110000000000065e+00 -1.429659999999999931e+00 -4.237330000000000263e-01 -4.999689999999999968e-01 -5.358880000000000310e-01 0.000000000000000000e+00 2.395873310040541604e-03 -1.935560000000000058e-01 0.000000000000000000e+00 nan nan 9.975668245027037306e-01 1.844469876529999941e-01 7.815834688559999965e-02 1.465444715529999886e-01 3.750939999999999941e+01 4.740820000000000078e+01 4.079260000000000019e+01 4.034040000000000248e+01 5.320166757906262811e-01 8.096001880272385431e-01
-5.230380000000000029e-01 -8.050030000000000241e-01 -4.758069999999999800e-01 -2.124099999999999877e-01 1.258269999999999944e-01 -5.352989999999999693e-01 0.000000000000000000e+00 3.373890798582412920e-03 -4.768080000000000096e-01 0.000000000000000000e+00 nan nan 1.000000000000000000e+00 1.902466506740000118e-01 8.213535245120000272e-02 1.847843394289999941e-01 2.430890000000000128e+01 4.257970000000000255e+01 3.936730000000000018e+01 3.851919999999999789e+01 5.320166757906262811e-01 8.096001880272385431e-01
-5.224689999999999612e-01 -7.400569999999999649e-01 -3.889340000000000019e-01 -6.935839999999999783e-01 -5.265720000000000400e-01 -5.331080000000000263e-01 0.000000000000000000e+00 4.520764077078354148e-03 -4.201570000000000027e-01 0.000000000000000000e+00 nan nan 9.975668245027037306e-01 1.902466506740000118e-01 8.213535245120000272e-02 1.847843394289999941e-01 2.430890000000000128e+01 4.257970000000000255e+01 3.936730000000000018e+01 3.851919999999999789e+01 5.231439760811892326e-01 7.789536538266084165e-01
-5.283809999999999896e-01 -1.577739999999999920e+00 -1.223600000000000021e+00 -1.298149999999999915e+00 -1.271740000000000093e+00 -5.295119999999999827e-01 0.000000000000000000e+00 5.881439024027823592e-03 -3.635070000000000245e-01 0.000000000000000000e+00 nan nan 9.902948668614469652e-01 2.118800974560000050e-01 9.926258292560000140e-02 1.762570969210000005e-01 2.192299999999999827e+01 4.071770000000000067e+01 3.736639999999999873e+01 3.941360000000000241e+01 5.231439760811892326e-01 7.789536538266084165e-01
-5.279700000000000504e-01 -1.373650000000000038e+00 -1.027169999999999916e+00 -1.230469999999999953e+00 -1.188099999999999934e+00 -5.179129999999999567e-01 0.000000000000000000e+00 7.498439059596018197e-03 -5.334579999999999878e-01 0.000000000000000000e+00 nan nan 9.782665212620319517e-01 2.118800974560000050e-01 9.926258292560000140e-02 1.762570969210000005e-01 2.192299999999999827e+01 4.071770000000000067e+01 3.736639999999999873e+01 3.941360000000000241e+01 4.613888070072009739e-01 7.540972151641427423e-01
-5.174710000000000143e-01 -4.103140000000000120e-01 -3.039450000000000207e-01 -1.250790000000000068e+00 -1.151909999999999989e+00 -4.945399999999999796e-01 0.000000000000000000e+00 9.411383338271961385e-03 -7.600599999999999579e-01 0.000000000000000000e+00 nan nan 9.616180736663831885e-01 1.854875099420000006e-01 1.349875750660000095e-01 1.660443266739999868e-01 2.343609999999999971e+01 2.850860000000000127e+01 2.933709999999999951e+01 3.323380000000000223e+01 4.613888070072009739e-01 7.540972151641427423e-01
-5.112900000000000222e-01 -2.392600000000000005e-01 -1.539179999999999993e-01 -1.265849999999999920e+00 -1.180809999999999915e+00 -4.911099999999999910e-01 0.000000000000000000e+00 1.165653784801667925e-02 -7.883850000000000025e-01 0.000000000000000000e+00 nan nan 9.405381576381413034e-01 1.854875099420000006e-01 1.349875750660000095e-01 1.660443266739999868e-01 2.343609999999999971e+01 2.850860000000000127e+01 2.933709999999999951e+01 3.323380000000000223e+01 4.699583105234346192e-01 7.925157536334992425e-01
-5.086039999999999450e-01 -1.722349999999999992e-01 -1.314670000000000005e-01 -1.283679999999999932e+00 -1.197540000000000049e+00 -5.055279999999999774e-01 0.000000000000000000e+00 1.426640450212890432e-02 -7.883850000000000025e-01 0.000000000000000000e+00 nan nan 9.152656170490135468e-01 1.257400512819999983e-01 1.619953726549999973e-01 1.599053791030000116e-01 1.083520000000000039e+01 2.337790000000000035e+01 2.429889999999999972e+01 2.698059999999999903e+01 4.699583105234346192e-01 7.925157536334992425e-01
-4.908620000000000205e-01 7.145079999999999487e-02 1.032430000000000014e-01 -1.209359999999999991e+00 -1.170199999999999907e+00 -5.140139999999999709e-01 0.000000000000000000e+00 1.726935287958009102e-02 -7.883850000000000025e-01 0.000000000000000000e+00 nan nan 8.860867998822694602e-01 1.257400512819999983e-01 1.619953726549999973e-01 1.599053791030000116e-01 1.083520000000000039e+01 2.337790000000000035e+01 2.429889999999999972e+01 2.698059999999999903e+01 5.049437823725102525e-01 8.001607124707794672e-01
-5.151109999999999856e-01 -3.495949999999999891e-01 -2.105160000000000087e-01 -1.329059999999999908e+00 -1.272950000000000026e+00 -5.182489999999999597e-01 0.000000000000000000e+00 2.068929878634873099e-02 -7.883850000000000025e-01 0.000000000000000000e+00 nan nan 8.533323137956719817e-01 1.495357110989999905e-01 1.325791892929999993e-01 2.422432270219999906e-01 1.798969999999999914e+01 2.631609999999999872e+01 2.568359999999999843e+01 2.404279999999999973e+01 5.049437823725102525e-01 8.001607124707794672e-01
-5.279439999999999689e-01 -1.415089999999999959e+00 -9.447999999999999732e-01 -1.320300000000000029e+00 -1.427429999999999977e+00 -5.297380000000000422e-01 0.000000000000000000e+00 2.454543327978231382e-02 -7.317350000000000243e-01 0.000000000000000000e+00 nan nan 8.173732802046109747e-01 1.495357110989999905e-01 1.325791892929999993e-01 2.422432270219999906e-01 1.798969999999999914e+01 2.631609999999999872e+01 2.568359999999999843e+01 2.404279999999999973e+01 5.215185076009601906e-01 7.869511637361519263e-01
-5.270759999999999890e-01 -1.153820000000000068e+00 -8.154850000000000154e-01 -1.172409999999999952e+00 -1.270070000000000032e+00 -5.310049999999999493e-01 0.000000000000000000e+00 2.885200522624919994e-02 -7.317350000000000243e-01 0.000000000000000000e+00 nan nan 7.786171293281737293e-01 1.980595090889999965e-01 1.184952405289999983e-01 2.079201864369999986e-01 1.200520000000000032e+01 1.959530000000000172e+01 2.019660000000000011e+01 1.953810000000000002e+01 5.215185076009601906e-01 7.869511637361519263e-01
-5.167929999999999469e-01 -4.078410000000000091e-01 -2.416879999999999862e-01 -1.010159999999999947e+00 -1.132549999999999946e+00 -5.128270000000000328e-01 0.000000000000000000e+00 3.361815985578964217e-02 -7.883850000000000025e-01 0.000000000000000000e+00 nan nan 7.375029838419626671e-01 1.980595090889999965e-01 1.184952405289999983e-01 2.079201864369999986e-01 1.200520000000000032e+01 1.959530000000000172e+01 2.019660000000000011e+01 1.953810000000000002e+01 4.226386490925169159e-01 7.262837940847647333e-01
-5.245900000000000007e-01 -8.056600000000000428e-01 -5.970969999999999889e-01 -1.304310000000000080e+00 -1.278080000000000105e+00 -4.945280000000000231e-01 0.000000000000000000e+00 3.884783514300449436e-02 -6.750850000000000461e-01 0.000000000000000000e+00 nan nan 6.944966834427153124e-01 2.068248767139999889e-01 1.078731420429999976e-01 1.813895155630000089e-01 9.041689999999999117e+00 1.704200000000000159e+01 1.676879999999999882e+01 1.547889999999999944e+01 4.226386490925169159e-01 7.262837940847647333e-01
-5.199869999999999770e-01 -5.300700000000000411e-01 -3.412410000000000165e-01 -1.289509999999999934e+00 -1.287230000000000096e+00 -4.390120000000000133e-01 0.000000000000000000e+00 4.453971718822946624e-02 -6.750850000000000461e-01 0.000000000000000000e+00 nan nan 6.500855066984010389e-01 2.068248767139999889e-01 1.078731420429999976e-01 1.813895155630000089e-01 9.041689999999999117e+00 1.704200000000000159e+01 1.676879999999999882e+01 1.547889999999999944e+01 4.688002695077273518e-01 7.821297896127654692e-01
-4.737109999999999932e-01 2.134949999999999903e-01 2.473039999999999961e-01 -1.239309999999999912e+00 -1.192970000000000086e+00 -3.738489999999999869e-01 0.000000000000000000e+00 5.068725510454397121e-02 -7.883850000000000025e-01 0.000000000000000000e+00 nan nan 6.047726499873387063e-01 1.764427157169999871e-01 1.066304511580000031e-01 2.559756405890000197e-01 1.101870000000000083e+01 1.665170000000000172e+01 2.000600000000000023e+01 1.764849999999999852e+01 4.688002695077273518e-01 7.821297896127654692e-01
-4.476749999999999896e-01 3.803429999999999866e-01 3.541860000000000008e-01 -1.232969999999999899e+00 -1.172840000000000105e+00 -3.690700000000000092e-01 0.000000000000000000e+00 5.727873524193693999e-02 -7.883850000000000025e-01 0.000000000000000000e+00 nan nan 5.590715260821632615e-01 1.764427157169999871e-01 1.066304511580000031e-01 2.559756405890000197e-01 1.101870000000000083e+01 1.665170000000000172e+01 2.000600000000000023e+01 1.764849999999999852e+01 5.178843643407589070e-01 7.779087051529627317e-01
-4.210749999999999771e-01 4.909319999999999795e-01 4.597350000000000048e-01 -1.226809999999999956e+00 -1.161880000000000024e+00 -4.114880000000000204e-01 0.000000000000000000e+00 6.429741390764209807e-02 -7.883850000000000025e-01 0.000000000000000000e+00 nan nan 5.134999469779633063e-01 1.620104250470000007e-01 1.117080228609999976e-01 2.528609348270000057e-01 7.438119999999999621e+00 1.567179999999999929e+01 1.605450000000000088e+01 1.604810000000000159e+01 5.178843643407589070e-01 7.779087051529627317e-01
-4.445919999999999872e-01 3.861020000000000008e-01 3.880810000000000093e-01 -1.144130000000000091e+00 -1.098349999999999937e+00 -4.742080000000000184e-01 0.000000000000000000e+00 7.172170707886771357e-02 -7.883850000000000025e-01 0.000000000000000000e+00 nan nan 4.685742568754682758e-01 1.620104250470000007e-01 1.117080228609999976e-01 2.528609348270000057e-01 7.438119999999999621e+00 1.567179999999999929e+01 1.605450000000000088e+01 1.604810000000000159e+01 4.597296500610603687e-01 7.286881288748856544e-01
-5.030700000000000172e-01 -7.899309999999999665e-02 -3.924169999999999742e-02 -1.260259999999999936e+00 -1.302079999999999904e+00 -5.085199999999999720e-01 0.000000000000000000e+00 7.952543495839892174e-02 -7.883850000000000025e-01 0.000000000000000000e+00 nan nan 4.248034817949343234e-01 1.500510592759999873e-01 1.188108061150000005e-01 2.305782569910000135e-01 9.662430000000000518e+00 1.043570000000000064e+01 1.216230000000000011e+01 1.152299999999999969e+01 4.597296500610603687e-01 7.286881288748856544e-01
-5.178000000000000380e-01 -4.319890000000000119e-01 -2.876830000000000220e-01 -1.321110000000000007e+00 -1.364170000000000105e+00 -5.173189999999999733e-01 0.000000000000000000e+00 8.767811860216156994e-02 -7.600599999999999579e-01 0.000000000000000000e+00 nan nan 3.826835621079383021e-01 1.500510592759999873e-01 1.188108061150000005e-01 2.305782569910000135e-01 9.662430000000000518e+00 1.043570000000000064e+01 1.216230000000000011e+01 1.152299999999999969e+01 4.710194971996463087e-01 7.346370312023579041e-01
-5.282970000000000166e-01 -1.573639999999999928e+00 -1.040019999999999945e+00 -1.280450000000000088e+00 -1.338740000000000041e+00 -5.230820000000000469e-01 0.000000000000000000e+00 9.614532525783703321e-02 -6.467589999999999728e-01 0.000000000000000000e+00 nan nan 3.426917333347997419e-01 1.486501254429999919e-01 1.092034294900000035e-01 2.297181895340000002e-01 6.369209999999999816e+00 9.685670000000000002e+00 9.372769999999999158e+00 -1.000000000000000000e+00 4.710194971996463087e-01 7.346370312023579041e-01
-5.251040000000000152e-01 -9.034590000000000121e-01 -5.579769999999999452e-01 -1.208150000000000057e+00 -1.264199999999999990e+00 -5.290040000000000298e-01 0.000000000000000000e+00 1.048890585017047128e-01 -6.750850000000000461e-01 0.000000000000000000e+00 nan nan 3.052811188754424032e-01 1.486501254429999919e-01 1.092034294900000035e-01 2.297181895340000002e-01 6.369209999999999816e+00 9.685670000000000002e+00 9.372769999999999158e+00 -1.000000000000000000e+00 4.968417063207983819e-01 7.528871074296167309e-01
-5.042159999999999975e-01 -1.046929999999999944e-01 -3.750690000000000274e-02 -1.282510000000000039e+00 -1.316089999999999982e+00 -5.266129999999999978e-01 0.000000000000000000e+00 1.138681887533052883e-01 -7.883850000000000025e-01 0.000000000000000000e+00 nan nan 2.708755959402138203e-01 1.335544478210000108e-01 9.686337977839999669e-02 2.171858951470000132e-01 5.269630000000000258e+00 8.218849999999999767e+00 -1.000000000000000000e+00 -1.000000000000000000e+00 4.968417063207983819e-01 7.528871074296167309e-01
-5.163969999999999949e-01 -3.901419999999999888e-01 -2.383679999999999966e-01 -1.362910000000000066e+00 -1.404560000000000031e+00 -5.256849999999999579e-01 0.000000000000000000e+00 1.230389192900220863e-01 -6.467589999999999728e-01 0.000000000000000000e+00 nan nan 2.344104646199373088e-01 1.335544478210000108e-01 9.686337977839999669e-02 2.171858951470000132e-01 5.269630000000000258e+00 8.218849999999999767e+00 -1.000000000000000000e+00 -1.000000000000000000e+00 5.508695835263401896e-01 7.956791848765117914e-01
-5.284259999999999513e-01 -1.607250000000000068e+00 -1.120500000000000052e+00 -1.372649999999999926e+00 -1.443330000000000002e+00 -5.254680000000000462e-01 0.000000000000000000e+00 1.323552824814483442e-01 -6.467589999999999728e-01 0.000000000000000000e+00 nan nan 2.011773392509816905e-01 1.529525133519999969e-01 9.069281179839999707e-02 1.678650526640000085e-01 4.220320000000000071e+00 -1.000000000000000000e+00 -1.000000000000000000e+00 -1.000000000000000000e+00 5.508695835263401896e-01 7.956791848765117914e-01
-5.275549999999999962e-01 -1.186220000000000052e+00 -1.033039999999999958e+00 -1.375110000000000054e+00 -1.512440000000000007e+00 -5.025460000000000482e-01 0.000000000000000000e+00 1.417696606210077093e-01 -7.883850000000000025e-01 0.000000000000000000e+00 nan nan 1.711487613864898227e-01 1.529525133519999969e-01 9.069281179839999707e-02 1.678650526640000085e-01 4.220320000000000071e+00 -1.000000000000000000e+00 -1.000000000000000000e+00 -1.000000000000000000e+00 0.000000000000000000e+00 0.000000000000000000e+00
