-4.124470000000000081e-01 -1.085380000000000011e+00 -1.115119999999999889e+00 -9.437539999999999818e-01 -9.518429999999999946e-01 -3.936310000000000087e-01 2.348368157371794052e-02 1.302416166772026873e-01 4.072730000000000100e-03 3.550292821674849719e-03 8.655664776465676891e-02 nan 2.001829767085534506e-01 1.331820378159999929e-01 3.082849124640000063e-02 5.420533978889999910e-02 -1.000000000000000000e+00 -1.000000000000000000e+00 -1.000000000000000000e+00 -1.000000000000000000e+00 0.000000000000000000e+00 0.000000000000000000e+00
-4.126560000000000228e-01 -1.451999999999999957e+00 -1.262180000000000080e+00 -7.888610000000000344e-01 -9.293780000000000374e-01 -3.935969999999999747e-01 2.377777172475314948e-02 1.266613250754058395e-01 3.364070000000000116e-01 7.216236072696946557e-03 9.689894462900727756e-02 nan 2.140538995821367196e-01 1.458300486569999999e-01 2.056854333989999867e-02 5.929016259819999690e-02 3.577900000000000347e+01 -1.000000000000000000e+00 -1.000000000000000000e+00 -1.000000000000000000e+00 0.000000000000000000e+00 0.000000000000000000e+00
-4.126199999999999868e-01 -1.354850000000000110e+00 -1.257220000000000004e+00 -8.637909999999999755e-01 -8.245430000000000259e-01 -3.934949999999999837e-01 2.415875269623424249e-02 1.234061620625487299e-01 3.364070000000000116e-01 1.122782024618385055e-02 1.122657450695280223e-01 nan 2.269237272164759123e-01 1.458300486569999999e-01 2.056854333989999867e-02 5.929016259819999690e-02 3.577900000000000347e+01 -1.000000000000000000e+00 -1.000000000000000000e+00 -1.000000000000000000e+00 0.000000000000000000e+00 0.000000000000000000e+00
-2.512559999999999794e-01 8.418830000000000480e-01 -2.821020000000000194e-01 2.167250000000000121e+00 1.863110000000000044e+00 -3.934840000000000004e-01 2.640905470097221208e-02 1.207975730377134349e-01 1.001079999999999970e+00 1.581111958549108465e-02 1.324829370969659026e-01 nan 2.386466393219520699e-01 1.453514047879999882e-01 2.583422161269999934e-02 7.098298133930000531e-02 1.857290000000000063e+01 6.505639999999999645e+01 -1.000000000000000000e+00 -1.000000000000000000e+00 0.000000000000000000e+00 0.000000000000000000e+00
-4.089240000000000097e-01 -4.042270000000000030e-01 -9.791490000000000471e-01 8.645639999999999992e-01 4.325579999999999981e-01 -3.934730000000000172e-01 3.073696856630359076e-02 1.191496774583394869e-01 1.887299999999999978e+00 2.118573057269923510e-02 1.573214518472698664e-01 nan 2.490898106201721030e-01 1.453514047879999882e-01 2.583422161269999934e-02 7.098298133930000531e-02 1.857290000000000063e+01 6.505639999999999645e+01 -1.000000000000000000e+00 -1.000000000000000000e+00 6.518513055859678218e-01 7.463161108751061867e-01
-4.121000000000000218e-01 -9.310180000000000122e-01 -8.025390000000000024e-01 -5.215520000000000156e-01 -4.570219999999999838e-01 -3.952860000000000262e-01 3.557721120498735790e-02 1.187657097412561091e-01 1.148509999999999948e-01 2.756228381272640693e-02 1.864998590233524212e-01 nan 2.581349158074475181e-01 1.308931322340000092e-01 4.668103853399999809e-02 6.791834538610000416e-02 4.674020000000000152e+01 9.837120000000000175e+01 1.053769999999999953e+02 -1.000000000000000000e+00 6.518513055859678218e-01 7.463161108751061867e-01
-4.123060000000000058e-01 -9.681819999999999871e-01 -1.033339999999999925e+00 -7.770799999999999930e-01 -6.932150000000000256e-01 -3.933119999999999949e-01 4.086387315632700190e-02 1.199345834955727330e-01 -9.929310000000000080e-01 3.514005750441018261e-02 2.196875556128081719e-01 nan 2.656794702277659459e-01 1.308931322340000092e-01 4.668103853399999809e-02 6.791834538610000416e-02 4.674020000000000152e+01 9.837120000000000175e+01 1.053769999999999953e+02 -1.000000000000000000e+00 7.092823389928579747e-01 8.099212776125743751e-01
-4.125539999999999763e-01 -1.244639999999999969e+00 -1.168220000000000036e+00 -7.541740000000000110e-01 -8.077170000000000183e-01 -3.942300000000000249e-01 4.686810501552818309e-02 1.229276180160437937e-01 5.579640000000000155e-01 4.410471953888783769e-02 2.565085117521481717e-01 nan 2.716379910648941687e-01 9.245875680970000454e-02 4.510417247859999784e-02 5.276958310549999948e-02 2.983459999999999823e+01 9.396339999999999293e+01 1.073130000000000024e+02 9.801470000000000482e+01 7.092823389928579747e-01 8.099212776125743751e-01
-4.125099999999999878e-01 -1.162290000000000045e+00 -1.148700000000000054e+00 -8.283390000000000475e-01 -8.484650000000000247e-01 -3.949090000000000100e-01 5.388561506727496120e-02 1.279954641270455440e-01 5.579640000000000155e-01 5.462622380819992518e-02 2.965455312954061728e-01 nan 2.759429658968433063e-01 9.245875680970000454e-02 4.510417247859999784e-02 5.276958310549999948e-02 2.983459999999999823e+01 9.396339999999999293e+01 1.073130000000000024e+02 9.801470000000000482e+01 7.298858073189964379e-01 8.014682455395072402e-01
-4.106000000000000205e-01 -4.940080000000000027e-01 -4.349319999999999853e-01 -7.759220000000000006e-01 -8.569259999999999655e-01 -3.950350000000000250e-01 6.216194567186195119e-02 1.353652642085808600e-01 -9.929310000000000080e-01 6.685688455978422429e-02 3.393449788131754907e-01 nan 2.785456176385869842e-01 1.175622796420000005e-01 3.464059740989999803e-02 4.878263623560000206e-02 3.376080000000000325e+01 7.377360000000000184e+01 8.755580000000000496e+01 8.069840000000000657e+01 7.298858073189964379e-01 8.014682455395072402e-01
-4.125340000000000118e-01 -1.192180000000000017e+00 -1.180919999999999970e+00 -7.832839999999999803e-01 -8.683899999999999952e-01 -3.954610000000000070e-01 7.189966110972489943e-02 1.452380785823523812e-01 4.072730000000000100e-03 8.092965061518986314e-02 3.844219194632886305e-01 nan 2.794164572059241181e-01 1.175622796420000005e-01 3.464059740989999803e-02 4.878263623560000206e-02 3.376080000000000325e+01 7.377360000000000184e+01 8.755580000000000496e+01 8.069840000000000657e+01 7.131171254984938201e-01 7.635839262956669593e-01
-4.127190000000000025e-01 -1.595080000000000053e+00 -1.527239999999999931e+00 -7.994019999999999460e-01 -8.105989999999999585e-01 -3.958380000000000232e-01 8.332218251871092995e-02 1.577866074179780087e-01 1.887299999999999978e+00 9.695659900680531074e-02 4.312656134963480659e-01 nan 2.785456176385869842e-01 1.627349338330000006e-01 3.217031652639999739e-02 4.354796643830000091e-02 1.838329999999999842e+01 7.583540000000000703e+01 9.220199999999999818e+01 8.747289999999999566e+01 7.131171254984938201e-01 7.635839262956669593e-01
-4.127700000000000258e-01 -1.851329999999999920e+00 -1.767749999999999932e+00 -8.351920000000000455e-01 -8.709109999999999907e-01 -3.904650000000000065e-01 9.663750845700436187e-02 1.731532339710614155e-01 1.776520000000000099e+00 1.150276651002989370e-01 4.793453031411688547e-01 nan 2.759429658968434174e-01 1.627349338330000006e-01 3.217031652639999739e-02 4.354796643830000091e-02 1.838329999999999842e+01 7.583540000000000703e+01 9.220199999999999818e+01 8.747289999999999566e+01 4.964743789744783253e-01 6.669000902718776880e-01
-4.126929999999999765e-01 -1.545449999999999990e+00 -1.371359999999999912e+00 -8.996840000000000392e-01 -1.007600000000000051e+00 -3.446819999999999884e-01 1.120187487065650300e-01 1.914484113240131347e-01 1.333409999999999984e+00 1.352096235909882038e-01 5.281162263024058445e-01 nan 2.716379910648942797e-01 2.746525259450000034e-01 3.450742559980000262e-02 5.647562999840000098e-02 4.719590000000000174e+01 9.111929999999999552e+01 1.062810000000000059e+02 9.327960000000000207e+01 4.964743789744783253e-01 6.669000902718776880e-01
-4.126739999999999853e-01 -1.447349999999999914e+00 -1.449300000000000033e+00 -7.281379999999999519e-01 -6.881899999999999684e-01 -2.914649999999999741e-01 1.296074813327613429e-01 2.127494109084910878e-01 8.902989999999999515e-01 1.575453319198607538e-01 5.770257889327703449e-01 nan 2.656794702277659459e-01 2.746525259450000034e-01 3.450742559980000262e-02 5.647562999840000098e-02 4.719590000000000174e+01 9.111929999999999552e+01 1.062810000000000059e+02 9.327960000000000207e+01 3.035437738610514691e-01 5.747962245114699442e-01
-3.830479999999999996e-01 3.360460000000000114e-01 3.119439999999999991e-01 1.340659999999999963e+00 1.399440000000000017e+00 -1.651910000000000045e-01 1.495208678944791592e-01 2.370994469892047096e-01 1.148509999999999948e-01 1.820532446816431893e-01 6.255198261443906116e-01 nan 2.581349158074475181e-01 3.087961877879999983e-01 3.092064856639999831e-02 8.147023432119999964e-02 2.033630000000000138e+01 8.089749999999999375e+01 9.495459999999999923e+01 8.706929999999999836e+01 3.035437738610514691e-01 5.747962245114699442e-01
2.339380000000000071e-01 1.335029999999999939e+00 1.562720000000000109e+00 2.175089999999999968e+00 2.072909999999999808e+00 -6.336609999999999465e-02 1.718371522395658602e-01 2.645071870290280902e-01 8.902989999999999515e-01 2.087272045268677712e-01 6.730488811184247577e-01 nan 2.490898106201722140e-01 3.087961877879999983e-01 3.092064856639999831e-02 8.147023432119999964e-02 2.033630000000000138e+01 8.089749999999999375e+01 9.495459999999999923e+01 8.706929999999999836e+01 3.280103924983407415e-01 5.709530320730671349e-01
2.958410000000000206e-01 1.337490000000000068e+00 1.342189999999999994e+00 2.148330000000000073e+00 2.245270000000000099e+00 -4.853650000000000325e-02 1.966302694197533674e-01 2.949466534831818310e-01 1.222630000000000106e+00 2.375365119271031222e-01 7.190744306703704680e-01 nan 2.386466393219521809e-01 2.767005981230000189e-01 1.910605286839999958e-02 9.197084499070000418e-02 3.798149999999999693e+01 7.120969999999999800e+01 8.556019999999999470e+01 8.443280000000000030e+01 3.280103924983407415e-01 5.709530320730671349e-01
8.962910000000000321e-02 1.229640000000000066e+00 1.164690000000000003e+00 2.108579999999999899e+00 2.105809999999999960e+00 -1.597159999999999969e-01 2.239038859240786161e-01 3.283575181351957584e-01 1.001079999999999970e+00 2.684262730128782470e-01 7.630749869329274127e-01 nan 2.269237272164759123e-01 2.767005981230000189e-01 1.910605286839999958e-02 9.197084499070000418e-02 3.798149999999999693e+01 7.120969999999999800e+01 8.556019999999999470e+01 8.443280000000000030e+01 3.224227228118741184e-01 5.938130575615973017e-01
-8.584940000000000626e-02 1.096389999999999976e+00 1.151920000000000055e+00 1.607180000000000053e+00 1.621890000000000054e+00 -2.902100000000000235e-01 2.531786011087883148e-01 3.646457856397076203e-01 8.902989999999999515e-01 3.013180215431575659e-01 8.045520060219109038e-01 nan 2.140538995821367196e-01 2.053044612669999991e-01 2.386263766580000098e-02 9.938391345279999622e-02 3.929800000000000182e+01 8.268829999999999814e+01 9.853770000000000095e+01 9.362369999999999948e+01 3.224227228118741184e-01 5.938130575615973017e-01
-2.758249999999999869e-01 8.713640000000000274e-01 9.874720000000000164e-01 1.512760000000000105e+00 1.475309999999999899e+00 -2.339310000000000000e-01 2.830879955449444596e-01 4.015037247997457204e-01 4.072730000000000100e-03 3.361106079592057760e-01 8.430355367376668463e-01 nan 2.001829767085535616e-01 2.053044612669999991e-01 2.386263766580000098e-02 9.938391345279999622e-02 3.929800000000000182e+01 8.268829999999999814e+01 9.853770000000000095e+01 9.362369999999999948e+01 4.120069661506344794e-01 5.859939199235344454e-01
-3.245839999999999836e-01 7.492849999999999788e-01 7.420379999999999754e-01 1.136020000000000030e+00 1.218779999999999974e+00 -1.463669999999999971e-01 3.146086898171365220e-01 4.387025400722837087e-01 -5.498180000000000289e-01 3.726813454495055966e-01 8.780895452999468720e-01 nan 1.854681216944238376e-01 1.836896431180000122e-01 3.964648407739999880e-02 9.432818711090000530e-02 3.000300000000000011e+01 8.062120000000000175e+01 9.848619999999999663e+01 9.961109999999999332e+01 4.120069661506344794e-01 5.859939199235344454e-01
-3.232829999999999870e-01 7.370949999999999447e-01 7.901359999999999495e-01 1.055109999999999992e+00 1.072619999999999907e+00 -2.462830000000000019e-01 3.497306643951487715e-01 4.780238549917761315e-01 3.364070000000000116e-01 4.108874000403550664e-01 9.093168557848694267e-01 nan 1.700760597268152763e-01 1.836896431180000122e-01 3.964648407739999880e-02 9.432818711090000530e-02 3.000300000000000011e+01 8.062120000000000175e+01 9.848619999999999663e+01 9.961109999999999332e+01 5.502237904255138368e-01 5.267695943075616505e-01
-3.436620000000000230e-01 6.284290000000000154e-01 5.959929999999999950e-01 1.152979999999999894e+00 1.174560000000000048e+00 -3.336180000000000256e-01 3.875081339343097175e-01 5.189730808935637540e-01 1.111860000000000070e+00 4.505674089618638689e-01 9.363636502868400990e-01 nan 1.541811890181769007e-01 2.351865728689999935e-01 4.707606792789999911e-02 9.560735066620000555e-02 3.366320000000000334e+01 7.841509999999999536e+01 1.007609999999999957e+02 9.787309999999999377e+01 5.502237904255138368e-01 5.267695943075616505e-01
-3.818520000000000247e-01 3.502700000000000258e-01 2.195590000000000042e-01 1.180439999999999934e+00 1.032319999999999904e+00 -3.503229999999999955e-01 4.268309235455260975e-01 5.610371842310777346e-01 1.001079999999999970e+00 4.915433089526128896e-01 9.589234778168007622e-01 nan 1.379636048049055486e-01 2.351865728689999935e-01 4.707606792789999911e-02 9.560735066620000555e-02 3.366320000000000334e+01 7.841509999999999536e+01 1.007609999999999957e+02 9.787309999999999377e+01 6.017778433296838703e-01 4.852179800339847526e-01
-3.526480000000000170e-01 5.498319999999999874e-01 7.186749999999999527e-01 1.233239999999999892e+00 1.073350000000000026e+00 -3.538589999999999791e-01 4.674969879525889827e-01 6.036904994509197930e-01 1.444190000000000085e+00 5.336223537875566247e-01 9.767407265143872586e-01 nan 1.216070587963553606e-01 3.048870773169999882e-01 5.259769839640000139e-02 1.070537048430000027e-01 2.797560000000000002e+01 7.648869999999999436e+01 9.574309999999999832e+01 1.005600000000000023e+02 6.017778433296838703e-01 4.852179800339847526e-01
-3.603180000000000271e-01 4.971820000000000128e-01 3.347040000000000015e-01 1.244350000000000067e+00 1.154079999999999995e+00 -2.191379999999999995e-01 5.092611224980239104e-01 6.464006849936276833e-01 1.665750000000000064e+00 5.730490053480953305e-01 9.896135198324447213e-01 nan 1.052968771945476112e-01 3.048870773169999882e-01 5.259769839640000139e-02 1.070537048430000027e-01 2.797560000000000002e+01 7.648869999999999436e+01 9.574309999999999832e+01 1.005600000000000023e+02 7.284903080876555803e-01 6.202939146134239801e-01
-3.568569999999999798e-01 5.139970000000000372e-01 1.937109999999999943e-01 1.279840000000000089e+00 1.148390000000000022e+00 3.110809999999999964e-01 5.518856469231439021e-01 6.886347549362573650e-01 1.554969999999999963e+00 6.130424871689797994e-01 9.973960038789723148e-01 nan 8.921786087424843359e-02 4.281150329499999740e-01 8.324908914869999510e-02 1.364311570110000038e-01 3.885849999999999937e+01 9.177899999999999636e+01 1.008100000000000023e+02 9.991150000000000375e+01 7.284903080876555803e-01 6.202939146134239801e-01
-3.461629999999999985e-01 5.925010000000000554e-01 6.189900000000000402e-01 1.107660000000000089e+00 1.071110000000000007e+00 1.442329999999999890e+00 5.934913639330856583e-01 7.298651179358592866e-01 7.795199999999999907e-01 6.531496571205948065e-01 1.000000000000000000e+00 nan 7.635484746834664271e-02 4.281150329499999740e-01 8.324908914869999510e-02 1.364311570110000038e-01 3.885849999999999937e+01 9.177899999999999636e+01 1.008100000000000023e+02 9.991150000000000375e+01 5.504847374362523693e-01 6.157670454545455252e-01
1.299949999999999994e-01 1.249989999999999934e+00 1.662290000000000045e+00 9.157570000000000432e-01 1.107820000000000027e+00 3.436449999999999783e+00 6.337995202525510408e-01 7.695755550502094700e-01 -1.067059999999999953e-01 6.929160849413765755e-01 9.973960038789723148e-01 nan 6.417397555125425868e-02 5.320041084259999886e-01 8.069530997080000267e-02 1.827843977489999883e-01 2.284189999999999898e+01 6.857970000000000255e+01 8.767470000000000141e+01 8.750100000000000477e+01 5.504847374362523693e-01 6.157670454545455252e-01
2.235700000000000021e+00 1.778739999999999988e+00 2.171650000000000080e+00 7.613440000000000207e-01 1.087550000000000017e+00 4.598989999999999689e+00 6.740666026092974050e-01 8.072670687046957783e-01 -5.498180000000000289e-01 7.318912011142574281e-01 9.896135198324448323e-01 nan 5.302760694889752102e-02 5.320041084259999886e-01 8.069530997080000267e-02 1.827843977489999883e-01 2.284189999999999898e+01 6.857970000000000255e+01 8.767470000000000141e+01 8.750100000000000477e+01 2.694448068708482635e-01 4.397468404842820311e-01
3.633799999999999919e+00 1.920690000000000008e+00 2.300570000000000004e+00 1.207379999999999898e+00 1.442180000000000017e+00 4.849870000000000125e+00 7.138363688703126542e-01 8.431259388421985523e-01 -2.174840000000000106e-01 7.696334019993321673e-01 9.767407265143873696e-01 nan 4.325638215127969310e-02 5.767689145100000081e-01 7.578554306599999402e-02 1.728165695870000074e-01 2.090630000000000166e+01 5.027550000000000097e+01 6.296719999999999828e+01 7.236289999999999623e+01 2.694448068708482635e-01 4.397468404842820311e-01
3.451319999999999943e+00 1.905080000000000107e+00 2.253239999999999910e+00 8.891780000000000239e-01 1.406479999999999952e+00 4.798079999999999679e+00 7.525371350082586952e-01 8.761043647990236494e-01 2.256289999999999962e-01 8.057150533795549574e-01 9.589234778168007622e-01 nan 3.238270476648663632e-02 5.767689145100000081e-01 7.578554306599999402e-02 1.728165695870000074e-01 2.090630000000000166e+01 5.027550000000000097e+01 6.296719999999999828e+01 7.236289999999999623e+01 3.273750432548033773e-01 4.349776975361088205e-01
3.128719999999999946e+00 1.875399999999999956e+00 2.163180000000000103e+00 7.617850000000000454e-01 1.361050000000000093e+00 3.571899999999999853e+00 7.889676755390032659e-01 9.058286878315693347e-01 1.148509999999999948e-01 8.397273357272909688e-01 9.363636502868400990e-01 nan 2.342373009134079975e-02 6.258290741090000164e-01 5.335904100779999965e-02 1.618862227429999912e-01 1.141949999999999932e+01 3.314110000000000156e+01 5.032350000000000279e+01 6.103900000000000148e+01 3.273750432548033773e-01 4.349776975361088205e-01
3.342340000000000089e+00 1.895010000000000083e+00 2.105049999999999866e+00 1.045109999999999983e+00 1.497670000000000057e+00 2.345120000000000093e+00 8.236063542152537442e-01 9.319621194826404054e-01 -1.067059999999999953e-01 8.712848762929225055e-01 9.093168557848695377e-01 nan 1.648096688873645910e-02 6.258290741090000164e-01 5.335904100779999965e-02 1.618862227429999912e-01 1.141949999999999932e+01 3.314110000000000156e+01 5.032350000000000279e+01 6.103900000000000148e+01 3.562437245080297687e-01 4.617273789294817909e-01
3.578860000000000152e+00 1.915480000000000071e+00 2.034600000000000186e+00 1.361159999999999926e+00 1.567860000000000031e+00 2.084480000000000111e+00 8.567499484645942909e-01 9.542085575292404975e-01 -1.067059999999999953e-01 9.000301155320872271e-01 8.780895452999469830e-01 nan 1.163307943994607019e-02 6.572361881760000468e-01 4.281955901929999919e-02 1.333534607890000112e-01 7.244679999999999787e+00 2.426160000000000139e+01 4.042519999999999669e+01 5.397370000000000090e+01 3.562437245080297687e-01 4.617273789294817909e-01
3.298000000000000043e+00 1.890980000000000105e+00 1.955489999999999950e+00 1.592850000000000099e+00 1.640290000000000026e+00 1.871669999999999945e+00 8.871793872540748582e-01 9.723159409390761398e-01 -1.067059999999999953e-01 9.256373583981905018e-01 8.430355367376670683e-01 nan 6.041044059730604765e-03 6.572361881760000468e-01 4.281955901929999919e-02 1.333534607890000112e-01 7.244679999999999787e+00 2.426160000000000139e+01 4.042519999999999669e+01 5.397370000000000090e+01 3.529138137405618547e-01 4.580567650807136904e-01
2.536820000000000075e+00 1.814240000000000075e+00 1.838640000000000052e+00 1.680490000000000039e+00 1.611539999999999973e+00 1.593599999999999905e+00 9.145498928832237473e-01 9.860791058227703632e-01 3.364070000000000116e-01 9.478164645974245239e-01 8.045520060219111258e-01 nan 2.356529016666275567e-03 6.666588089270000239e-01 3.921208734969999776e-02 1.064701280950000051e-01 5.510220000000000340e+00 1.589680000000000071e+01 3.003340000000000032e+01 4.940409999999999968e+01 3.529138137405618547e-01 4.580567650807136904e-01
1.804959999999999898e+00 1.718660000000000077e+00 1.741980000000000084e+00 1.570820000000000105e+00 1.515079999999999982e+00 1.553520000000000012e+00 9.385513465865636951e-01 9.953421100227097806e-01 7.795199999999999907e-01 9.663161359942308293e-01 7.630749869329276347e-01 nan 4.069336585728056122e-04 6.666588089270000239e-01 3.921208734969999776e-02 1.064701280950000051e-01 5.510220000000000340e+00 1.589680000000000071e+01 3.003340000000000032e+01 4.940409999999999968e+01 3.361224408756473547e-01 4.519567757009346209e-01
1.440469999999999917e+00 1.658439999999999914e+00 1.562990000000000101e+00 1.410050000000000026e+00 1.367569999999999952e+00 1.417049999999999921e+00 9.589118023031415472e-01 1.000000000000000000e+00 7.795199999999999907e-01 9.809267639195897726e-01 7.190744306703704680e-01 nan 0.000000000000000000e+00 6.657929078880000517e-01 3.487843667189999969e-02 8.811405085769999368e-02 3.576039999999999885e+00 1.193019999999999925e+01 2.780349999999999966e+01 4.064909999999999712e+01 3.361224408756473547e-01 4.519567757009346209e-01
1.154779999999999918e+00 1.602379999999999916e+00 1.473430000000000017e+00 1.442749999999999977e+00 1.419680000000000053e+00 3.739689999999999959e-01 9.754005679340631563e-01 1.000000000000000000e+00 4.471859999999999724e-01 9.914828041209964304e-01 6.730488811184249798e-01 nan 3.728647035156962275e-03 6.657929078880000517e-01 3.487843667189999969e-02 8.811405085769999368e-02 3.576039999999999885e+00 1.193019999999999925e+01 2.780349999999999966e+01 4.064909999999999712e+01 3.219802474458394181e-01 4.390764390399320982e-01
1.033369999999999900e+00 1.575490000000000057e+00 1.500450000000000061e+00 1.335080000000000044e+00 1.303730000000000055e+00 1.138360000000000039e+00 9.878308191761535628e-01 9.953421100227097806e-01 1.148509999999999948e-01 9.978646524449891198e-01 6.255198261443907226e-01 nan 8.656675516091616451e-03 6.929999916610000144e-01 3.009681188340000008e-02 9.644947596790000299e-02 3.699660000000000171e+00 1.370529999999999937e+01 2.193270000000000053e+01 3.225970000000000226e+01 3.219802474458394181e-01 4.390764390399320982e-01
1.973770000000000024e+00 1.743149999999999977e+00 1.580480000000000107e+00 1.438430000000000097e+00 1.373620000000000063e+00 1.030780000000000030e+00 9.960617163159638521e-01 9.860791058227705852e-01 1.148509999999999948e-01 1.000000000000000000e+00 5.770257889327705669e-01 nan 1.472824891097468392e-02 6.929999916610000144e-01 3.009681188340000008e-02 9.644947596790000299e-02 3.699660000000000171e+00 1.370529999999999937e+01 2.193270000000000053e+01 3.225970000000000226e+01 3.205110023201592773e-01 4.297737892948173544e-01
2.867160000000000264e-01 1.332819999999999894e+00 1.524559999999999915e+00 8.532509999999999817e-01 1.179529999999999967e+00 9.968569999999999931e-01 1.000000000000000000e+00 9.723159409390762509e-01 -1.067059999999999953e-01 9.978646524449891198e-01 5.281162263024060666e-01 nan 2.187457386716451513e-02 7.133014561320000224e-01 2.338236497369999833e-02 1.112768055170000048e-01 8.399810000000000443e+00 1.468810000000000038e+01 2.093090000000000117e+01 2.590510000000000090e+01 3.205110023201592773e-01 4.297737892948173544e-01
4.664760000000000240e+00 1.996159999999999934e+00 1.667329999999999979e+00 1.832060000000000022e+00 1.624679999999999902e+00 5.217150000000000398e-01 9.996010479004638904e-01 9.542085575292404975e-01 4.072730000000000100e-03 9.914828041209964304e-01 4.793453031411690768e-01 nan 3.001467966738091686e-02 7.133014561320000224e-01 2.338236497369999833e-02 1.112768055170000048e-01 8.399810000000000443e+00 1.468810000000000038e+01 2.093090000000000117e+01 2.590510000000000090e+01 3.112644017222503390e-01 4.178625477909940766e-01
1.234490000000000032e-01 1.251379999999999937e+00 6.858450000000000379e-01 7.260980000000000212e-01 9.822520000000000140e-01 6.718490000000000295e-01 9.948693803040562500e-01 9.319621194826404054e-01 2.256289999999999962e-01 9.809267639195897726e-01 4.312656134963481769e-01 nan 3.905633566028632320e-02 7.165300645309999883e-01 1.714583847389999915e-02 1.444626536520000060e-01 6.754030000000000200e+00 1.593420000000000059e+01 2.084929999999999950e+01 2.374080000000000013e+01 3.112644017222503390e-01 4.178625477909940766e-01
1.217260000000000009e+00 1.616700000000000026e+00 1.511949999999999905e+00 1.126179999999999959e+00 1.108219999999999983e+00 7.239100000000000534e-01 9.858586088953227300e-01 9.058286878315694457e-01 1.148509999999999948e-01 9.663161359942308293e-01 3.844219194632887415e-01 nan 5.179104845777038335e-02 7.165300645309999883e-01 1.714583847389999915e-02 1.444626536520000060e-01 6.754030000000000200e+00 1.593420000000000059e+01 2.084929999999999950e+01 2.374080000000000013e+01 2.929413833595226890e-01 4.042454333050127246e-01
4.514500000000000179e-01 1.403219999999999912e+00 1.421580000000000066e+00 1.064419999999999922e+00 1.139359999999999928e+00 6.329409999999999759e-01 9.726708293148460527e-01 8.761043647990237604e-01 4.072730000000000100e-03 9.478164645974245239e-01 3.393449788131757128e-01 nan 6.548622040204976624e-02 7.055174582290000274e-01 1.907601502829999948e-02 1.524542569800000080e-01 7.766610000000000014e+00 1.748100000000000165e+01 2.157669999999999888e+01 2.724480000000000146e+01 2.929413833595226890e-01 4.042454333050127246e-01
3.222119999999999984e-01 1.349210000000000020e+00 1.179999999999999938e+00 9.627559999999999452e-01 8.283549999999999525e-01 1.982299999999999895e-01 9.554554643748420784e-01 8.431259388421987744e-01 4.072730000000000100e-03 9.256373583981905018e-01 2.965455312954062839e-01 nan 7.739837144942829372e-02 7.055174582290000274e-01 1.907601502829999948e-02 1.524542569800000080e-01 7.766610000000000014e+00 1.748100000000000165e+01 2.157669999999999888e+01 2.724480000000000146e+01 2.805066910217209886e-01 3.968311915887851038e-01
5.580279999999999685e-01 1.442530000000000090e+00 1.153280000000000083e+00 9.278210000000000068e-01 8.037860000000000005e-01 1.602719999999999978e-01 9.344075710389921907e-01 8.072670687046958893e-01 1.148509999999999948e-01 9.000301155320872271e-01 2.565085117521482827e-01 nan 9.028648435583674914e-02 6.683694295419999598e-01 2.107223989970000155e-02 1.514681700889999871e-01 7.086850000000000094e+00 1.681030000000000157e+01 2.306500000000000128e+01 3.637859999999999872e+01 2.805066910217209886e-01 3.968311915887851038e-01
1.795650000000000024e-01 1.276480000000000059e+00 1.259989999999999943e+00 5.114919999999999467e-01 6.691030000000000033e-01 -1.155619999999999981e-01 9.097656303491028496e-01 7.689340497136503139e-01 4.471859999999999724e-01 8.712848762929226165e-01 2.196875556128082829e-01 nan 1.040045316522169028e-01 6.683694295419999598e-01 2.107223989970000155e-02 1.514681700889999871e-01 7.086850000000000094e+00 1.681030000000000157e+01 2.306500000000000128e+01 3.637859999999999872e+01 2.800188335668619688e-01 3.902732051826678372e-01
9.172540000000000138e-01 1.547779999999999934e+00 1.325010000000000021e+00 1.138779999999999903e+00 9.867219999999999880e-01 -2.032700000000000062e-01 8.818088453396105697e-01 7.285612102913279209e-01 3.364070000000000116e-01 8.397273357272911909e-01 1.864998590233523101e-01 nan 1.183970823812472428e-01 6.192363893369999817e-01 2.269582658800000166e-02 1.202928052889999933e-01 1.213419999999999987e+01 1.869879999999999853e+01 2.973140000000000072e+01 4.660240000000000293e+01 2.800188335668619688e-01 3.902732051826678372e-01
-1.551069999999999949e-01 1.005540000000000100e+00 4.019519999999999760e-01 2.120330000000000131e-02 2.064640000000000086e-01 -3.711699999999999722e-02 8.508539775556369644e-01 6.866059908405518497e-01 4.072730000000000100e-03 8.057150533795549574e-01 1.573214518472699774e-01 nan 1.333010631921963673e-01 6.192363893369999817e-01 2.269582658800000166e-02 1.202928052889999933e-01 1.213419999999999987e+01 1.869879999999999853e+01 2.973140000000000072e+01 4.660240000000000293e+01 2.652696546990316318e-01 3.861280002124044541e-01
-3.924699999999999855e-01 1.474350000000000105e-01 -3.939570000000000016e-01 -3.688100000000000267e-01 -1.108399999999999941e-01 -2.513329999999999731e-01 8.172517580181124508e-01 6.435437607621542488e-01 6.687419999999999476e-01 7.696334019993322784e-01 1.324829370969660136e-01 nan 1.485476060271476717e-01 5.125974823290000426e-01 2.820380015019999936e-02 1.121010133419999971e-01 1.689949999999999974e+01 3.649869999999999948e+01 4.510229999999999961e+01 5.489589999999999748e+01 2.652696546990316318e-01 3.861280002124044541e-01
-2.292470000000000063e-01 8.878859999999999530e-01 1.131010000000000071e+00 -9.342300000000000604e-02 3.598600000000000132e-01 -2.977810000000000179e-01 7.813829133011627182e-01 5.998624323297175875e-01 4.471859999999999724e-01 7.318912011142575391e-01 1.122657450695280223e-01 nan 1.639639614635716169e-01 5.125974823290000426e-01 2.820380015019999936e-02 1.121010133419999971e-01 1.689949999999999974e+01 3.649869999999999948e+01 4.510229999999999961e+01 5.489589999999999748e+01 2.540999880872016892e-01 3.851223980458794438e-01
4.971019999999999883e-01 1.420989999999999975e+00 1.313499999999999890e+00 1.051709999999999923e+00 7.871669999999999501e-01 -2.933600000000000096e-01 7.436538517478938903e-01 5.560569324485545861e-01 -1.067059999999999953e-01 6.929160849413766865e-01 9.689894462900738858e-02 nan 1.793754560343107096e-01 3.331032253460000092e-01 3.582196645019999903e-02 9.743674969410000275e-02 3.502000000000000313e+01 5.679140000000000299e+01 6.148420000000000130e+01 6.427370000000000516e+01 2.540999880872016892e-01 3.851223980458794438e-01
-2.703400000000000247e-01 8.114989999999999704e-01 2.144600000000000117e-01 3.333880000000000177e-02 2.659219999999999917e-01 -2.607079999999999953e-01 7.044920587014724678e-01 5.126235949361084288e-01 4.072730000000000100e-03 6.531496571205949175e-01 8.655664776465687993e-02 nan 1.946074713477576879e-01 3.331032253460000092e-01 3.582196645019999903e-02 9.743674969410000275e-02 3.502000000000000313e+01 5.679140000000000299e+01 6.148420000000000130e+01 6.427370000000000516e+01 2.565960029725268265e-01 3.947038285896347087e-01
-4.033160000000000078e-01 -1.069210000000000022e-01 -5.755569999999999853e-01 -7.059649999999999537e-01 -4.791409999999999836e-01 -3.800270000000000037e-01 6.643412529253733823e-01 4.700545368614763575e-01 -2.174840000000000106e-01 6.130424871689799105e-01 8.135603683252157214e-02 nan 2.094874225840064330e-01 2.311935308239999876e-01 4.529934671730000140e-02 1.015982272949999959e-01 2.577469999999999928e+01 6.223049999999999926e+01 6.573810000000000286e+01 6.523720000000000141e+01 2.565960029725268265e-01 3.947038285896347087e-01
-3.985989999999999811e-01 8.994689999999999630e-02 4.442039999999999877e-02 -6.394050000000000011e-01 -3.384360000000000146e-01 -3.818360000000000087e-01 6.236563590924871781e-01 4.288320826623762683e-01 -6.605969999999999898e-01 5.730490053480954415e-01 4.002609541271262561e-02 nan 2.238467139498236946e-01 2.311935308239999876e-01 4.529934671730000140e-02 1.015982272949999959e-01 2.577469999999999928e+01 6.223049999999999926e+01 6.573810000000000286e+01 6.523720000000000141e+01 4.220137167363470221e-01 6.102412117672048053e-01
-4.025000000000000244e-01 2.910079999999999958e-02 9.029600000000000126e-02 -6.534649999999999626e-01 -4.581620000000000137e-01 -3.747340000000000115e-01 5.828983533067996214e-01 3.894232992165409524e-01 -9.929310000000000080e-01 5.336223537875566247e-01 0.000000000000000000e+00 nan 2.375226489363527760e-01 1.858990962329999941e-01 5.222234644079999655e-02 9.150395973000000072e-02 3.151089999999999947e+01 7.251479999999999393e+01 7.980029999999999291e+01 7.241870000000000118e+01 4.220137167363470221e-01 6.102412117672048053e-01
-4.113049999999999762e-01 -6.188029999999999919e-01 -6.752259999999999929e-01 -6.672590000000000465e-01 -6.579270000000000396e-01 -3.797530000000000072e-01 5.425290400599351859e-01 3.500225403573562488e-01 -4.390399999999999858e-01 4.915433089526130006e-01 0.000000000000000000e+00 nan 2.531629296887005776e-01 1.858990962329999941e-01 5.222234644079999655e-02 9.150395973000000072e-02 3.151089999999999947e+01 7.251479999999999393e+01 7.980029999999999291e+01 7.241870000000000118e+01 7.000470839171549775e-01 8.508489539082413344e-01
-4.107910000000000172e-01 -5.273790000000000422e-01 -5.044030000000000458e-01 -6.702630000000000532e-01 -6.333349999999999813e-01 -3.883769999999999722e-01 5.030058198017398619e-01 3.108383503364782197e-01 -4.390399999999999858e-01 4.505674089618640910e-01 0.000000000000000000e+00 nan 2.679107410691281554e-01 1.751025976230000114e-01 6.620384413640000021e-02 8.390414861150000125e-02 3.061659999999999826e+01 6.431959999999999411e+01 7.338899999999999579e+01 7.542419999999999902e+01 7.000470839171549775e-01 8.508489539082413344e-01
-4.097439999999999971e-01 -3.586260000000000003e-01 -4.107290000000000108e-01 -6.969840000000000479e-01 -5.363229999999999942e-01 -3.835839999999999805e-01 4.645603488165210848e-01 2.741622098555193121e-01 -9.929310000000000080e-01 4.108874000403552884e-01 0.000000000000000000e+00 nan 2.818133321616449471e-01 1.751025976230000114e-01 6.620384413640000021e-02 8.390414861150000125e-02 3.061659999999999826e+01 6.431959999999999411e+01 7.338899999999999579e+01 7.542419999999999902e+01 4.865754108497228891e-01 7.152884717502123735e-01
-3.862800000000000122e-01 2.855699999999999905e-01 5.351810000000000178e-01 -7.200050000000000061e-01 -4.548220000000000041e-01 -3.844609999999999972e-01 4.257699407169497352e-01 2.400760486851005737e-01 -8.821529999999999649e-01 3.726813454495055966e-01 0.000000000000000000e+00 nan 2.949275287338545271e-01 2.026735447009999913e-01 7.053815053169999738e-02 8.218515753539999691e-02 1.314869999999999983e+01 4.304039999999999822e+01 5.706920000000000215e+01 6.148559999999999803e+01 4.865754108497228891e-01 7.152884717502123735e-01
-4.090030000000000054e-01 -3.844940000000000024e-01 -1.808420000000000027e-01 -7.351419999999999622e-01 -5.624719999999999720e-01 -3.883369999999999878e-01 3.867066205218910868e-01 2.086324510953515565e-01 -7.713750000000000329e-01 3.361106079592058871e-01 0.000000000000000000e+00 nan 3.073190893783031008e-01 2.026735447009999913e-01 7.053815053169999738e-02 8.218515753539999691e-02 1.314869999999999983e+01 4.304039999999999822e+01 5.706920000000000215e+01 6.148559999999999803e+01 6.309074715936489053e-01 8.232662489379778403e-01
-4.079740000000000033e-01 -2.287730000000000041e-01 -1.665250000000000064e-01 -7.610500000000000043e-01 -8.176900000000000279e-01 -3.885259999999999825e-01 3.492491782894708852e-01 1.798540600551176150e-01 -8.821529999999999649e-01 3.013180215431576769e-01 0.000000000000000000e+00 nan 3.190619604413482691e-01 1.748151028640000104e-01 6.480337724840000424e-02 9.489796507790000668e-02 1.484340000000000082e+01 3.211509999999999820e+01 4.481839999999999691e+01 5.152810000000000201e+01 6.309074715936489053e-01 8.232662489379778403e-01
-4.077859999999999818e-01 -2.350990000000000024e-01 -1.015640000000000015e-01 -8.408799999999999608e-01 -9.413179999999999881e-01 -3.877610000000000223e-01 3.138225157718376179e-01 1.537333206780758799e-01 -6.605969999999999898e-01 2.684262730128782470e-01 0.000000000000000000e+00 nan 3.302374381815085247e-01 1.748151028640000104e-01 6.480337724840000424e-02 9.489796507790000668e-02 1.484340000000000082e+01 3.211509999999999820e+01 4.481839999999999691e+01 5.152810000000000201e+01 9.985761369631440676e-01 1.000000000000000000e+00
-4.114070000000000227e-01 -6.850309999999999455e-01 -5.304140000000000521e-01 -8.042040000000000299e-01 -8.061739999999999462e-01 -3.891339999999999799e-01 2.804987891107572073e-01 1.302325658226157756e-01 -6.605969999999999898e-01 2.375365119271031222e-01 0.000000000000000000e+00 nan 3.409332476503695863e-01 1.400833665250000026e-01 5.854146831240000098e-02 1.389840638710000131e-01 1.288390000000000057e+01 3.567110000000000269e+01 4.155140000000000100e+01 4.963450000000000273e+01 9.985761369631440676e-01 1.000000000000000000e+00
-4.077740000000000253e-01 -2.235679999999999890e-01 -1.247710000000000069e-01 -8.653870000000000173e-01 -7.992179999999999840e-01 -3.900230000000000086e-01 2.492940771594319704e-01 1.092844428756044595e-01 -9.929310000000000080e-01 2.087272045268677712e-01 0.000000000000000000e+00 nan 3.512425487326962248e-01 1.400833665250000026e-01 5.854146831240000098e-02 1.389840638710000131e-01 1.288390000000000057e+01 3.567110000000000269e+01 4.155140000000000100e+01 4.963450000000000273e+01 1.000000000000000000e+00 9.300658453695838102e-01
-4.113660000000000094e-01 -7.282429999999999737e-01 -4.434589999999999921e-01 -7.625859999999999861e-01 -7.741080000000000183e-01 -3.861720000000000153e-01 2.202396102385408838e-01 9.079267688440639805e-02 -9.929310000000000080e-01 1.820532446816431893e-01 0.000000000000000000e+00 nan 3.612628806077140542e-01 1.088925744400000006e-01 5.124795916399999679e-02 1.293705707839999941e-01 1.652270000000000039e+01 2.609809999999999874e+01 3.935840000000000316e+01 4.535360000000000014e+01 1.000000000000000000e+00 9.300658453695838102e-01
-4.094559999999999866e-01 -3.334960000000000147e-01 -3.342450000000000143e-01 -9.451180000000000136e-01 -1.016710000000000003e+00 -3.886080000000000090e-01 1.933734492163875496e-01 7.463316139056608289e-02 -9.929310000000000080e-01 1.575453319198608648e-01 0.000000000000000000e+00 nan 3.710950565912335408e-01 1.088925744400000006e-01 5.124795916399999679e-02 1.293705707839999941e-01 1.652270000000000039e+01 2.609809999999999874e+01 3.935840000000000316e+01 4.535360000000000014e+01 9.553610428804011345e-01 9.022309101529313313e-01
-4.115559999999999774e-01 -7.730099999999999749e-01 -4.978460000000000107e-01 -8.093989999999999796e-01 -7.571269999999999945e-01 -3.909139999999999837e-01 1.686733237960157394e-01 6.065536460557330312e-02 -8.821529999999999649e-01 1.352096235909882038e-01 0.000000000000000000e+00 nan 3.808420218804993151e-01 7.353337193799999727e-02 4.686338885050000264e-02 9.441400080030000475e-02 8.927350000000000563e+00 2.483650000000000091e+01 3.449000000000000199e+01 4.769200000000000017e+01 9.553610428804011345e-01 9.022309101529313313e-01
-4.063720000000000110e-01 -1.273080000000000045e-01 -6.641819999999999669e-02 -8.147090000000000165e-01 -7.832860000000000378e-01 -3.874270000000000214e-01 1.460888143943351869e-01 4.868403499617568464e-02 -8.821529999999999649e-01 1.150276651002989370e-01 0.000000000000000000e+00 nan 3.906076871439696507e-01 7.353337193799999727e-02 4.686338885050000264e-02 9.441400080030000475e-02 8.927350000000000563e+00 2.483650000000000091e+01 3.449000000000000199e+01 4.769200000000000017e+01 7.565421117420483288e-01 8.245340378079863974e-01
-4.093399999999999817e-01 -3.419630000000000170e-01 -2.718209999999999793e-01 -8.766230000000000411e-01 -7.707039999999999447e-01 -3.840489999999999737e-01 1.255588073425931706e-01 3.852118695427808603e-02 -9.929310000000000080e-01 9.695659900680542176e-02 0.000000000000000000e+00 nan 4.004957511719240415e-01 8.012528108430000406e-02 2.861711276040000002e-02 7.099196955959999333e-02 1.883399999999999963e+01 3.275480000000000302e+01 4.738989999999999725e+01 5.164909999999999712e+01 7.565421117420483288e-01 8.245340378079863974e-01
-4.124959999999999738e-01 -1.107299999999999951e+00 -1.237309999999999910e+00 -7.743120000000000003e-01 -9.155159999999999965e-01 -3.901910000000000101e-01 1.070070327311570813e-01 2.994834405299284796e-02 -9.929310000000000080e-01 8.092965061518986314e-02 0.000000000000000000e+00 nan 4.106085259277316712e-01 8.012528108430000406e-02 2.861711276040000002e-02 7.099196955959999333e-02 1.883399999999999963e+01 3.275480000000000302e+01 4.738989999999999725e+01 5.164909999999999712e+01 7.310373778229077857e-01 7.958461661002549370e-01
-4.109570000000000167e-01 -5.352310000000000123e-01 -5.404010000000000202e-01 -9.303949999999999720e-01 -9.859510000000000218e-01 -3.927880000000000260e-01 9.033392130694040123e-02 2.272901447185515789e-02 -9.929310000000000080e-01 6.685688455978433531e-02 0.000000000000000000e+00 nan 4.210457773124250958e-01 1.575889541830000073e-01 2.656139045259999984e-02 7.354011261529999621e-02 1.678920000000000101e+01 5.000840000000000174e+01 5.882549999999999812e+01 6.225319999999999965e+01 7.310373778229077857e-01 7.958461661002549370e-01
-4.095790000000000264e-01 -3.492379999999999929e-01 -3.390429999999999833e-01 -8.830959999999999921e-01 -8.748120000000000340e-01 -3.931749999999999967e-01 7.543077631947514572e-02 1.661137054364669741e-02 -9.929310000000000080e-01 5.462622380819992518e-02 0.000000000000000000e+00 nan 4.319035947771777684e-01 1.575889541830000073e-01 2.656139045259999984e-02 7.354011261529999621e-02 1.678920000000000101e+01 5.000840000000000174e+01 5.882549999999999812e+01 6.225319999999999965e+01 5.998377590324539543e-01 6.900953164825829322e-01
-4.121529999999999916e-01 -9.034959999999999658e-01 -8.662760000000000460e-01 -7.614210000000000145e-01 -8.726490000000000080e-01 -3.936259999999999759e-01 6.214468037257081523e-02 1.133110206249043905e-02 -6.605969999999999898e-01 4.410471953888783769e-02 0.000000000000000000e+00 nan 4.432733025914261660e-01 2.615640033400000175e-01 2.668835504490000080e-02 7.279859533080000611e-02 3.756369999999999720e+01 6.436060000000000514e+01 7.270279999999999632e+01 6.645820000000000505e+01 5.998377590324539543e-01 6.900953164825829322e-01
-4.119659999999999989e-01 -8.250800000000000356e-01 -7.611400000000000388e-01 -8.194150000000000045e-01 -8.601039999999999797e-01 -3.837769999999999793e-01 5.034555442626187372e-02 6.614411024095323555e-03 -6.605969999999999898e-01 3.514005750441018261e-02 0.000000000000000000e+00 nan 4.552404251024061432e-01 2.615640033400000175e-01 2.668835504490000080e-02 7.279859533080000611e-02 3.756369999999999720e+01 6.436060000000000514e+01 7.270279999999999632e+01 6.645820000000000505e+01 4.558574094769147766e-01 6.882732848343244836e-01
-3.353650000000000242e-01 5.968219999999999636e-01 3.634049999999999780e-01 1.240329999999999933e+00 1.435159999999999991e+00 -3.720319999999999738e-01 4.035624643760682417e-02 2.181113866550288272e-03 1.222630000000000106e+00 2.756228381272640693e-02 0.000000000000000000e+00 nan 4.678837177101244915e-01 2.343561551020000022e-01 1.915460318500000064e-02 6.851016668489999517e-02 2.718669999999999831e+01 6.375509999999999877e+01 6.949699999999999989e+01 6.480469999999999686e+01 4.558574094769147766e-01 6.882732848343244836e-01
-4.045819999999999972e-01 -1.511019999999999863e-01 -6.428490000000000038e-01 1.322559999999999958e+00 1.167740000000000000e+00 -3.679399999999999893e-01 3.340027939988099437e-02 0.000000000000000000e+00 4.989090000000000025e+00 2.118573057269923510e-02 0.000000000000000000e+00 nan 4.812742745372083908e-01 2.343561551020000022e-01 1.915460318500000064e-02 6.851016668489999517e-02 2.718669999999999831e+01 6.375509999999999877e+01 6.949699999999999989e+01 6.480469999999999686e+01 3.965033100561036195e-01 7.094407126168225108e-01
-2.523739999999999872e-01 8.582880000000000509e-01 8.225479999999999459e-01 1.929079999999999906e+00 1.934010000000000007e+00 -3.656840000000000090e-01 2.832107740734057799e-02 0.000000000000000000e+00 4.213650000000000340e+00 1.581111958549108465e-02 0.000000000000000000e+00 nan 4.954747229040877832e-01 2.261905096719999952e-01 1.560522010379999935e-02 7.041576271560000266e-02 2.404210000000000136e+01 5.799839999999999662e+01 6.603919999999999391e+01 6.259949999999999903e+01 3.965033100561036195e-01 7.094407126168225108e-01
-3.539120000000000044e-01 5.251740000000000297e-01 6.176749999999999741e-01 1.947130000000000027e+00 1.552119999999999944e+00 -3.688489999999999824e-01 2.279754072767636863e-02 0.000000000000000000e+00 6.687419999999999476e-01 1.122782024618385055e-02 0.000000000000000000e+00 nan 5.105385137364304438e-01 2.261905096719999952e-01 1.560522010379999935e-02 7.041576271560000266e-02 2.404210000000000136e+01 5.799839999999999662e+01 6.603919999999999391e+01 6.259949999999999903e+01 5.883107084711340917e-01 7.182953217926932865e-01
-3.694819999999999771e-01 4.963719999999999799e-01 5.431829999999999714e-01 1.634390000000000009e+00 1.181980000000000031e+00 -3.566230000000000233e-01 1.735639590798365717e-02 0.000000000000000000e+00 1.148509999999999948e-01 7.216236072696946557e-03 0.000000000000000000e+00 nan 5.265093159447968851e-01 2.381675595849999938e-01 3.030298339180000078e-02 6.490991052330000177e-02 2.907730000000000103e+01 6.129890000000000327e+01 7.423139999999999361e+01 6.763920000000000243e+01 5.883107084711340917e-01 7.182953217926932865e-01
-4.058359999999999745e-01 -1.287000000000000088e-01 -2.179159999999999986e-01 1.026629999999999932e+00 7.190760000000000485e-01 -3.836990000000000123e-01 1.270894726607141312e-02 0.000000000000000000e+00 2.219640000000000057e+00 3.550292821674849719e-03 0.000000000000000000e+00 nan 5.434205216384329074e-01 2.381675595849999938e-01 3.030298339180000078e-02 6.490991052330000177e-02 2.907730000000000103e+01 6.129890000000000327e+01 7.423139999999999361e+01 6.763920000000000243e+01 8.157373738519749784e-01 8.063203589634664326e-01
-4.111609999999999987e-01 -6.809060000000000112e-01 -1.253460000000000019e+00 5.607490000000000530e-01 3.660860000000000225e-01 -3.924670000000000103e-01 8.661452139997360966e-03 0.000000000000000000e+00 2.884310000000000151e+00 0.000000000000000000e+00 0.000000000000000000e+00 nan 5.612948677793309082e-01 1.867114822539999996e-01 6.412222099469999659e-02 6.625773102920000379e-02 2.337879999999999825e+01 6.987430000000000518e+01 7.769029999999999347e+01 7.679500000000000171e+01 8.157373738519749784e-01 8.063203589634664326e-01
-4.101460000000000106e-01 -4.591740000000000266e-01 -4.936909999999999910e-01 1.523319999999999952e-01 -2.687089999999999965e-02 -3.907999999999999807e-01 5.042837555734203114e-03 0.000000000000000000e+00 8.902989999999999515e-01 0.000000000000000000e+00 0.000000000000000000e+00 nan 5.801441785633640880e-01 1.867114822539999996e-01 6.412222099469999659e-02 6.625773102920000379e-02 2.337879999999999825e+01 6.987430000000000518e+01 7.769029999999999347e+01 7.679500000000000171e+01 7.922181063188886707e-01 8.170036374256585132e-01
-4.118229999999999946e-01 -8.248079999999999856e-01 -6.784799999999999720e-01 -3.374349999999999850e-01 -4.374930000000000208e-01 -3.899960000000000093e-01 1.659147677503414187e-03 0.000000000000000000e+00 2.256289999999999962e-01 0.000000000000000000e+00 0.000000000000000000e+00 nan 5.999692314474225352e-01 1.556180081590000097e-01 8.944982431780000576e-02 6.089346208029999818e-02 3.236610000000000298e+01 5.549260000000000304e+01 6.355160000000000053e+01 6.218930000000000291e+01 7.922181063188886707e-01 8.170036374256585132e-01
-4.079349999999999921e-01 -2.271330000000000016e-01 -1.652150000000000007e-01 -6.419550000000000534e-01 -4.844089999999999785e-01 -3.912939999999999752e-01 0.000000000000000000e+00 0.000000000000000000e+00 4.072730000000000100e-03 0.000000000000000000e+00 0.000000000000000000e+00 nan 6.178657961533651211e-01 1.556180081590000097e-01 8.944982431780000576e-02 6.089346208029999818e-02 3.236610000000000298e+01 5.549260000000000304e+01 6.355160000000000053e+01 6.218930000000000291e+01 7.945269200878143367e-01 8.830580926083263504e-01
-4.071500000000000119e-01 -1.856980000000000020e-01 -8.011179999999999690e-02 -7.720500000000000140e-01 -6.664409999999999501e-01 -3.846959999999999824e-01 0.000000000000000000e+00 0.000000000000000000e+00 -6.605969999999999898e-01 0.000000000000000000e+00 0.000000000000000000e+00 nan 6.364337534050994449e-01 1.634805190760000027e-01 8.276083431710000438e-02 7.597284391859999986e-02 1.488230000000000075e+01 4.455570000000000164e+01 4.851749999999999829e+01 5.235280000000000200e+01 7.945269200878143367e-01 8.830580926083263504e-01
-4.122449999999999726e-01 -9.999470000000000303e-01 -8.444829999999999837e-01 -7.136540000000000106e-01 -7.118210000000000370e-01 -3.878619999999999846e-01 0.000000000000000000e+00 0.000000000000000000e+00 -3.282619999999999982e-01 0.000000000000000000e+00 0.000000000000000000e+00 nan 6.554627208275842776e-01 1.634805190760000027e-01 8.276083431710000438e-02 7.597284391859999986e-02 1.488230000000000075e+01 4.455570000000000164e+01 4.851749999999999829e+01 5.235280000000000200e+01 7.808669113517622273e-01 9.097579917162277319e-01
-4.114659999999999984e-01 -7.211600000000000232e-01 -5.077589999999999604e-01 -6.923909999999999787e-01 -7.454490000000000283e-01 -3.907530000000000170e-01 0.000000000000000000e+00 0.000000000000000000e+00 -6.605969999999999898e-01 0.000000000000000000e+00 0.000000000000000000e+00 nan 6.747370926163329674e-01 1.821160317030000031e-01 8.985540016019999410e-02 7.470245533229999402e-02 2.486370000000000147e+01 4.756190000000000140e+01 5.169109999999999872e+01 4.951080000000000325e+01 7.808669113517622273e-01 9.097579917162277319e-01
-4.034150000000000236e-01 -4.060590000000000098e-04 7.223659999999999803e-02 -9.580750000000000099e-01 -9.551039999999999530e-01 -3.877700000000000036e-01 0.000000000000000000e+00 0.000000000000000000e+00 -9.929310000000000080e-01 0.000000000000000000e+00 0.000000000000000000e+00 nan 6.969324346244829549e-01 1.821160317030000031e-01 8.985540016019999410e-02 7.470245533229999402e-02 2.486370000000000147e+01 4.756190000000000140e+01 5.169109999999999872e+01 4.951080000000000325e+01 8.427226984190014925e-01 7.092183517417163241e-01
-4.092149999999999954e-01 -3.234060000000000268e-01 -2.774659999999999904e-01 -7.196850000000000191e-01 -7.765269999999999673e-01 -3.915489999999999804e-01 0.000000000000000000e+00 0.000000000000000000e+00 -2.174840000000000106e-01 0.000000000000000000e+00 0.000000000000000000e+00 nan 7.192089564850183692e-01 1.499510190860000036e-01 9.049362246540000598e-02 6.766714162039999536e-02 1.573770000000000024e+01 3.647710000000000008e+01 4.147180000000000177e+01 4.288230000000000075e+01 8.427226984190014925e-01 7.092183517417163241e-01
-4.127140000000000253e-01 -1.490399999999999947e+00 -1.734059999999999935e+00 -8.024750000000000494e-01 -8.564669999999999783e-01 -3.934050000000000047e-01 0.000000000000000000e+00 0.000000000000000000e+00 4.471859999999999724e-01 0.000000000000000000e+00 0.000000000000000000e+00 nan 7.415286039838886456e-01 1.499510190860000036e-01 9.049362246540000598e-02 6.766714162039999536e-02 1.573770000000000024e+01 3.647710000000000008e+01 4.147180000000000177e+01 4.288230000000000075e+01 8.825341358399374503e-01 6.543383602378929353e-01
-4.123359999999999803e-01 -1.016580000000000039e+00 -9.788820000000000299e-01 -8.218320000000000070e-01 -8.702280000000000015e-01 -3.937329999999999997e-01 0.000000000000000000e+00 0.000000000000000000e+00 4.471859999999999724e-01 0.000000000000000000e+00 0.000000000000000000e+00 nan 7.638528342763293288e-01 1.148139152730000001e-01 8.999716146300000552e-02 6.374961558250000215e-02 1.906960000000000122e+01 3.434120000000000061e+01 3.928699999999999903e+01 3.900520000000000209e+01 8.825341358399374503e-01 6.543383602378929353e-01
-4.124390000000000001e-01 -1.130270000000000108e+00 -1.009609999999999896e+00 -6.057099999999999707e-01 -6.476119999999999655e-01 -3.929420000000000135e-01 0.000000000000000000e+00 0.000000000000000000e+00 -2.174840000000000106e-01 0.000000000000000000e+00 0.000000000000000000e+00 nan 7.861430525926926816e-01 1.148139152730000001e-01 8.999716146300000552e-02 6.374961558250000215e-02 1.906960000000000122e+01 3.434120000000000061e+01 3.928699999999999903e+01 3.900520000000000209e+01 7.560542542871891980e-01 7.649612361937128124e-01
-4.092379999999999907e-01 -3.364469999999999961e-01 -2.517659999999999898e-01 -8.112669999999999604e-01 -8.614610000000000323e-01 -3.935969999999999747e-01 0.000000000000000000e+00 0.000000000000000000e+00 -6.605969999999999898e-01 0.000000000000000000e+00 0.000000000000000000e+00 nan 8.083610495326106760e-01 1.120164329940000064e-01 9.833051273520000690e-02 7.822888035720000632e-02 2.078190000000000026e+01 4.696529999999999916e+01 5.037680000000000291e+01 4.484060000000000201e+01 7.560542542871891980e-01 7.649612361937128124e-01
-4.119010000000000171e-01 -8.675610000000000266e-01 -6.264769999999999506e-01 -8.260220000000000340e-01 -8.074679999999999636e-01 -3.944880000000000053e-01 0.000000000000000000e+00 0.000000000000000000e+00 -6.605969999999999898e-01 0.000000000000000000e+00 0.000000000000000000e+00 nan 8.304694339927694013e-01 1.120164329940000064e-01 9.833051273520000690e-02 7.822888035720000632e-02 2.078190000000000026e+01 4.696529999999999916e+01 5.037680000000000291e+01 4.484060000000000201e+01 8.374300123098916693e-01 7.805032657179269417e-01
-4.115610000000000102e-01 -6.739610000000000323e-01 -6.791730000000000267e-01 -7.078750000000000320e-01 -8.300260000000000415e-01 -3.943999999999999728e-01 0.000000000000000000e+00 0.000000000000000000e+00 -6.605969999999999898e-01 0.000000000000000000e+00 0.000000000000000000e+00 nan 8.524320568230489004e-01 1.118750250390000006e-01 1.001820985530000041e-01 7.204187376249999997e-02 2.579410000000000025e+01 4.781499999999999773e+01 4.464489999999999981e+01 3.980890000000000128e+01 8.374300123098916693e-01 7.805032657179269417e-01
-4.125550000000000050e-01 -1.199400000000000022e+00 -1.249209999999999932e+00 -8.010819999999999608e-01 -9.403979999999999562e-01 -3.933800000000000074e-01 0.000000000000000000e+00 0.000000000000000000e+00 4.072730000000000100e-03 0.000000000000000000e+00 0.000000000000000000e+00 nan 8.713204682236869170e-01 1.118750250390000006e-01 1.001820985530000041e-01 7.204187376249999997e-02 2.579410000000000025e+01 4.781499999999999773e+01 4.464489999999999981e+01 3.980890000000000128e+01 9.516964392078557378e-01 8.027194403143586010e-01
-4.125369999999999870e-01 -1.193170000000000064e+00 -1.207840000000000025e+00 -7.519500000000000073e-01 -7.730949999999999767e-01 -3.940609999999999946e-01 0.000000000000000000e+00 0.000000000000000000e+00 8.902989999999999515e-01 0.000000000000000000e+00 0.000000000000000000e+00 nan 8.897233108992188555e-01 9.856294408990000366e-02 8.508809683729999518e-02 9.140443140470000394e-02 2.158559999999999945e+01 3.810199999999999676e+01 3.969489999999999696e+01 3.399230000000000018e+01 9.516964392078557378e-01 8.027194403143586010e-01
-4.117450000000000276e-01 -7.728009999999999602e-01 -7.475500000000000478e-01 3.092880000000000074e-01 -1.521740000000000037e-01 -3.914739999999999887e-01 0.000000000000000000e+00 0.000000000000000000e+00 4.471859999999999724e-01 0.000000000000000000e+00 0.000000000000000000e+00 nan 9.074320732887283247e-01 9.856294408990000366e-02 8.508809683729999518e-02 9.140443140470000394e-02 2.158559999999999945e+01 3.810199999999999676e+01 3.969489999999999696e+01 3.399230000000000018e+01 9.550206772142204592e-01 7.750006637638062745e-01
-4.100099999999999856e-01 -3.986779999999999768e-01 -3.925629999999999953e-01 -6.233490000000000419e-01 -6.556039999999999646e-01 -3.890759999999999774e-01 0.000000000000000000e+00 0.000000000000000000e+00 -8.821529999999999649e-01 0.000000000000000000e+00 0.000000000000000000e+00 nan 9.242461080382795569e-01 7.333211074180000233e-02 7.582153788829999741e-02 1.040377922449999964e-01 2.510089999999999932e+01 5.860199999999999676e+01 5.302279999999999660e+01 4.565899999999999892e+01 9.550206772142204592e-01 7.750006637638062745e-01
-4.122449999999999726e-01 -9.317739999999999911e-01 -9.705799999999999983e-01 -7.958790000000000031e-01 -8.645540000000000447e-01 -3.904400000000000093e-01 0.000000000000000000e+00 0.000000000000000000e+00 -7.713750000000000329e-01 0.000000000000000000e+00 0.000000000000000000e+00 nan 9.399749054156125716e-01 7.333211074180000233e-02 7.582153788829999741e-02 1.040377922449999964e-01 2.510089999999999932e+01 5.860199999999999676e+01 5.302279999999999660e+01 4.565899999999999892e+01 8.481118214668625921e-01 7.647986140611724437e-01
-4.100340000000000096e-01 -4.182319999999999927e-01 -3.494689999999999741e-01 -7.851979999999999515e-01 -8.441359999999999975e-01 -3.901479999999999948e-01 0.000000000000000000e+00 0.000000000000000000e+00 -7.713750000000000329e-01 0.000000000000000000e+00 0.000000000000000000e+00 nan 9.544402518615339170e-01 9.083455192219999641e-02 7.883449958509999855e-02 9.580509706619999566e-02 2.649040000000000106e+01 5.374090000000000344e+01 5.676639999999999731e+01 4.761350000000000193e+01 8.481118214668625921e-01 7.647986140611724437e-01
-4.109880000000000200e-01 -5.567419999999999591e-01 -5.065760000000000263e-01 -9.252280000000000504e-01 -9.306079999999999908e-01 -3.862470000000000070e-01 0.000000000000000000e+00 6.415053365592671142e-04 -7.713750000000000329e-01 0.000000000000000000e+00 0.000000000000000000e+00 nan 9.646755932676213119e-01 9.083455192219999641e-02 7.883449958509999855e-02 9.580509706619999566e-02 2.649040000000000106e+01 5.374090000000000344e+01 5.676639999999999731e+01 4.761350000000000193e+01 6.576545401943487690e-01 8.001938190314358268e-01
-4.125849999999999795e-01 -1.267300000000000093e+00 -1.267730000000000024e+00 -9.648039999999999949e-01 -9.031240000000000379e-01 -3.877990000000000048e-01 0.000000000000000000e+00 1.303907644531365762e-03 -7.713750000000000329e-01 0.000000000000000000e+00 0.000000000000000000e+00 nan 9.732445636331850114e-01 1.194739904480000003e-01 8.311943411760000511e-02 9.223040338089999457e-02 1.956099999999999994e+01 3.805169999999999675e+01 4.071629999999999683e+01 4.057090000000000174e+01 6.576545401943487690e-01 8.001938190314358268e-01
-4.101099999999999746e-01 -4.138899999999999801e-01 -3.940020000000000189e-01 -7.984780000000000211e-01 -8.042200000000000459e-01 -3.907160000000000077e-01 0.000000000000000000e+00 2.028764095705515302e-03 -9.929310000000000080e-01 0.000000000000000000e+00 0.000000000000000000e+00 nan 9.827296776072721451e-01 1.194739904480000003e-01 8.311943411760000511e-02 9.223040338089999457e-02 1.956099999999999994e+01 3.805169999999999675e+01 4.071629999999999683e+01 4.057090000000000174e+01 6.496446015168964028e-01 8.147534781223448874e-01
-4.093060000000000032e-01 -3.120379999999999820e-01 -3.399190000000000267e-01 -8.611900000000000110e-01 -9.461969999999999548e-01 -3.870850000000000124e-01 0.000000000000000000e+00 2.856924231473545461e-03 -9.929310000000000080e-01 0.000000000000000000e+00 0.000000000000000000e+00 nan 9.902208091053664729e-01 1.557614746129999950e-01 6.999642394089999886e-02 9.332400459640000090e-02 2.033160000000000167e+01 5.017540000000000333e+01 5.040570000000000306e+01 4.527020000000000266e+01 6.496446015168964028e-01 8.147534781223448874e-01
-4.091580000000000217e-01 -3.305910000000000237e-01 -2.410829999999999917e-01 -7.300900000000000167e-01 -7.867490000000000316e-01 -3.884250000000000203e-01 0.000000000000000000e+00 3.828067121202205492e-03 -6.605969999999999898e-01 0.000000000000000000e+00 0.000000000000000000e+00 nan 9.956330806142903445e-01 1.557614746129999950e-01 6.999642394089999886e-02 9.332400459640000090e-02 2.033160000000000167e+01 5.017540000000000333e+01 5.040570000000000306e+01 4.527020000000000266e+01 6.636846852468503144e-01 8.148862308836023471e-01
-4.109039999999999915e-01 -5.724120000000000319e-01 -4.294660000000000144e-01 -8.641149999999999665e-01 -8.340840000000000476e-01 -3.910129999999999995e-01 0.000000000000000000e+00 4.980251782523259507e-03 -6.605969999999999898e-01 0.000000000000000000e+00 0.000000000000000000e+00 nan 9.989051689352136387e-01 1.904422731060000096e-01 7.878782764979999631e-02 1.037807053859999967e-01 3.494080000000000297e+01 5.188419999999999987e+01 5.237510000000000332e+01 4.838649999999999807e+01 6.636846852468503144e-01 8.148862308836023471e-01
-4.088649999999999785e-01 -2.812450000000000228e-01 -2.695379999999999998e-01 -7.580569999999999808e-01 -8.613229999999999498e-01 -3.810520000000000018e-01 0.000000000000000000e+00 6.349485957455436314e-03 -9.929310000000000080e-01 0.000000000000000000e+00 0.000000000000000000e+00 nan 1.000000000000000000e+00 1.904422731060000096e-01 7.878782764979999631e-02 1.037807053859999967e-01 3.494080000000000297e+01 5.188419999999999987e+01 5.237510000000000332e+01 4.838649999999999807e+01 6.232889534323040603e-01 6.836734016567543870e-01
-4.110710000000000197e-01 -5.468950000000000200e-01 -5.966759999999999842e-01 -7.633410000000000473e-01 -8.072019999999999751e-01 -3.734609999999999874e-01 0.000000000000000000e+00 7.969318130299996028e-03 -9.929310000000000080e-01 0.000000000000000000e+00 0.000000000000000000e+00 nan 9.989051689352136387e-01 1.841674034509999947e-01 5.534561961469999791e-02 9.581502158700000438e-02 1.034280000000000044e+01 4.397310000000000230e+01 4.636630000000000251e+01 4.206389999999999674e+01 6.232889534323040603e-01 6.836734016567543870e-01
-4.098600000000000021e-01 -4.240160000000000040e-01 -3.574419999999999820e-01 -3.166459999999999830e-01 -8.137840000000000351e-02 -3.785240000000000271e-01 0.000000000000000000e+00 9.870457409907662516e-03 -8.821529999999999649e-01 0.000000000000000000e+00 0.000000000000000000e+00 nan 9.956330806142903445e-01 1.841674034509999947e-01 5.534561961469999791e-02 9.581502158700000438e-02 1.034280000000000044e+01 4.397310000000000230e+01 4.636630000000000251e+01 4.206389999999999674e+01 5.810609197814852189e-01 6.519089847068819665e-01
-3.931990000000000207e-01 1.547159999999999924e-01 2.958720000000000239e-01 6.028559999999999475e-01 8.143259999999999943e-01 -3.786120000000000041e-01 0.000000000000000000e+00 1.208042558320487903e-02 -7.713750000000000329e-01 0.000000000000000000e+00 0.000000000000000000e+00 nan 9.902208091053664729e-01 1.921660656889999930e-01 6.315384144270000388e-02 9.349594578780000276e-02 2.967289999999999850e+01 5.107390000000000185e+01 4.688580000000000325e+01 4.167190000000000083e+01 5.810609197814852189e-01 6.519089847068819665e-01
-3.923110000000000208e-01 2.594910000000000272e-01 3.504140000000000033e-01 -9.681889999999999941e-02 -1.863039999999999974e-01 -3.700910000000000033e-01 0.000000000000000000e+00 1.462324528235137144e-02 -9.929310000000000080e-01 0.000000000000000000e+00 0.000000000000000000e+00 nan 9.827296776072720341e-01 1.921660656889999930e-01 6.315384144270000388e-02 9.349594578780000276e-02 2.967289999999999850e+01 5.107390000000000185e+01 4.688580000000000325e+01 4.167190000000000083e+01 6.044610593314083680e-01 7.804003823279525021e-01
-4.105630000000000113e-01 -4.994239999999999791e-01 -4.390140000000000153e-01 -1.796889999999999876e-01 -2.863600000000000034e-01 -3.723569999999999935e-01 0.000000000000000000e+00 1.751916779871764973e-02 7.795199999999999907e-01 0.000000000000000000e+00 0.000000000000000000e+00 nan 9.732445636331850114e-01 1.700737130220000004e-01 8.054359200050000001e-02 1.070586398889999957e-01 2.268830000000000169e+01 5.181850000000000023e+01 4.990610000000000213e+01 4.343160000000000309e+01 6.044610593314083680e-01 7.804003823279525021e-01
-4.119090000000000251e-01 -7.917469999999999786e-01 -8.572030000000000483e-01 -7.340829999999999578e-03 -3.873039999999999816e-01 -3.881919999999999815e-01 0.000000000000000000e+00 2.078444362766251885e-02 7.795199999999999907e-01 0.000000000000000000e+00 0.000000000000000000e+00 nan 9.618729373144906392e-01 1.700737130220000004e-01 8.054359200050000001e-02 1.070586398889999957e-01 2.268830000000000169e+01 5.181850000000000023e+01 4.990610000000000213e+01 4.343160000000000309e+01 6.580743245159716981e-01 8.132400966440102019e-01
-4.023840000000000194e-01 3.359249999999999736e-02 1.107800000000000035e-01 -7.484410000000000229e-01 -6.700679999999999970e-01 -3.784009999999999874e-01 0.000000000000000000e+00 2.443113834392762751e-02 -9.929310000000000080e-01 0.000000000000000000e+00 0.000000000000000000e+00 nan 9.487436437212514173e-01 1.506151448639999890e-01 9.395542728229999696e-02 9.460511372700000643e-02 1.547070000000000078e+01 3.846470000000000056e+01 3.905490000000000350e+01 3.661129999999999995e+01 6.580743245159716981e-01 8.132400966440102019e-01
-4.059570000000000123e-01 -1.040620000000000017e-01 -4.896330000000000127e-02 -6.212010000000000032e-01 -6.795269999999999921e-01 -3.766820000000000168e-01 0.000000000000000000e+00 2.846699589385326412e-02 -8.821529999999999649e-01 0.000000000000000000e+00 0.000000000000000000e+00 nan 9.311114908089263009e-01 1.506151448639999890e-01 9.395542728229999696e-02 9.460511372700000643e-02 1.547070000000000078e+01 3.846470000000000056e+01 3.905490000000000350e+01 3.661129999999999995e+01 6.752457723747880003e-01 8.080992459643161485e-01
-4.098919999999999786e-01 -4.549489999999999923e-01 -2.383180000000000021e-01 -6.115789999999999837e-01 -6.099869999999999459e-01 -3.877630000000000243e-01 0.000000000000000000e+00 3.289535085337358389e-02 -8.821529999999999649e-01 0.000000000000000000e+00 0.000000000000000000e+00 nan 9.117645661887173736e-01 1.141726170379999961e-01 8.859418861499999964e-02 9.043723108789999965e-02 1.783459999999999823e+01 2.801180000000000092e+01 3.339770000000000039e+01 3.558089999999999975e+01 6.752457723747880003e-01 8.080992459643161485e-01
-4.029289999999999816e-01 2.373640000000000125e-02 7.121929999999999927e-02 -5.901849999999999596e-01 -6.392360000000000264e-01 -3.804960000000000009e-01 0.000000000000000000e+00 3.771509064593736582e-02 -9.929310000000000080e-01 0.000000000000000000e+00 0.000000000000000000e+00 nan 8.907077305673346546e-01 1.141726170379999961e-01 8.859418861499999964e-02 9.043723108789999965e-02 1.783459999999999823e+01 2.801180000000000092e+01 3.339770000000000039e+01 3.558089999999999975e+01 7.073082181290099024e-01 7.634378982582837869e-01
-4.079849999999999866e-01 -2.120799999999999907e-01 -2.035490000000000077e-01 -8.005430000000000046e-01 -7.176770000000000094e-01 -3.773850000000000260e-01 0.000000000000000000e+00 4.292066814844563982e-02 -7.713750000000000329e-01 0.000000000000000000e+00 0.000000000000000000e+00 nan 8.679652186263770997e-01 6.814523536809999338e-02 7.922061221829999889e-02 6.076737861969999654e-02 5.713309999999999889e+00 2.487269999999999825e+01 3.364159999999999684e+01 3.653580000000000183e+01 7.073082181290099024e-01 7.634378982582837869e-01
-4.122509999999999786e-01 -9.622950000000000115e-01 -9.212479999999999558e-01 -8.728770000000000140e-01 -8.118980000000000086e-01 -3.806720000000000104e-01 0.000000000000000000e+00 4.850216454237354924e-02 1.148509999999999948e-01 0.000000000000000000e+00 0.000000000000000000e+00 nan 8.435803644337064311e-01 6.814523536809999338e-02 7.922061221829999889e-02 6.076737861969999654e-02 5.713309999999999889e+00 2.487269999999999825e+01 3.364159999999999684e+01 3.653580000000000183e+01 7.280024506327964495e-01 7.635175499150382850e-01
-4.109800000000000120e-01 -5.538680000000000270e-01 -5.103680000000000438e-01 -9.019470000000000542e-01 -8.633210000000000051e-01 -3.845109999999999917e-01 0.000000000000000000e+00 5.444540169794609419e-02 -1.067059999999999953e-01 0.000000000000000000e+00 0.000000000000000000e+00 nan 8.176151104511432122e-01 7.108656923070000300e-02 1.094125658949999941e-01 5.060740734079999942e-02 1.114889999999999937e+01 1.523349999999999937e+01 2.482260000000000133e+01 3.112069999999999936e+01 7.280024506327964495e-01 7.635175499150382850e-01
-4.061219999999999830e-01 -1.075220000000000065e-01 -6.896610000000000240e-02 -8.091580000000000439e-01 -7.883769999999999945e-01 -3.812820000000000098e-01 0.000000000000000000e+00 6.073210281801477706e-02 -9.929310000000000080e-01 0.000000000000000000e+00 0.000000000000000000e+00 nan 7.901493057016228949e-01 7.108656923070000300e-02 1.094125658949999941e-01 5.060740734079999942e-02 1.114889999999999937e+01 1.523349999999999937e+01 2.482260000000000133e+01 3.112069999999999936e+01 6.653184404445176003e-01 7.395722706032286098e-01
-4.067209999999999992e-01 -1.354760000000000131e-01 -1.136790000000000023e-01 -7.331159999999999899e-01 -7.541259999999999630e-01 -3.809600000000000208e-01 0.000000000000000000e+00 6.734009952147212985e-02 -9.929310000000000080e-01 0.000000000000000000e+00 0.000000000000000000e+00 nan 7.612798010478605271e-01 8.481530928989999829e-02 1.193674229939999942e-01 4.794424013129999773e-02 5.274790000000000312e+00 1.334989999999999988e+01 1.897009999999999863e+01 2.366029999999999944e+01 6.653184404445176003e-01 7.395722706032286098e-01
-4.118029999999999746e-01 -7.271969999999999823e-01 -8.173289999999999722e-01 -8.065069999999999739e-01 -8.306419999999999915e-01 -3.896419999999999884e-01 0.000000000000000000e+00 7.424358301986810904e-02 -9.929310000000000080e-01 0.000000000000000000e+00 0.000000000000000000e+00 nan 7.311193518333759522e-01 8.481530928989999829e-02 1.193674229939999942e-01 4.794424013129999773e-02 5.274790000000000312e+00 1.334989999999999988e+01 1.897009999999999863e+01 2.366029999999999944e+01 5.893318054696763397e-01 6.954220210280372960e-01
-4.117629999999999901e-01 -7.123450000000000060e-01 -8.001300000000000079e-01 -7.302359999999999962e-01 -7.782480000000000508e-01 -3.937820000000000209e-01 0.000000000000000000e+00 8.141339654129464698e-02 -9.929310000000000080e-01 0.000000000000000000e+00 0.000000000000000000e+00 nan 6.997953403193974964e-01 6.372367047780000404e-02 1.347151143900000014e-01 4.803740737500000052e-02 1.279840000000000089e+01 1.386829999999999963e+01 1.529759999999999920e+01 -1.000000000000000000e+00 5.893318054696763397e-01 6.954220210280372960e-01
-4.087310000000000110e-01 -2.900110000000000188e-01 -2.084809999999999997e-01 -8.023160000000000291e-01 -8.568839999999999790e-01 -3.936569999999999792e-01 0.000000000000000000e+00 8.881736568826326117e-02 -9.929310000000000080e-01 0.000000000000000000e+00 0.000000000000000000e+00 nan 6.674483323929427669e-01 6.372367047780000404e-02 1.347151143900000014e-01 4.803740737500000052e-02 1.279840000000000089e+01 1.386829999999999963e+01 1.529759999999999920e+01 -1.000000000000000000e+00 6.922300191172049422e-01 8.342083952846219841e-01
-4.124820000000000153e-01 -1.199219999999999953e+00 -1.021160000000000068e+00 -7.447770000000000223e-01 -7.885670000000000179e-01 -3.943030000000000146e-01 0.000000000000000000e+00 9.642066298648444000e-02 -8.821529999999999649e-01 0.000000000000000000e+00 0.000000000000000000e+00 nan 6.342304848991506816e-01 5.974330809020000216e-02 1.115580606750000009e-01 5.087692627760000141e-02 4.700879999999999725e+00 1.258089999999999975e+01 -1.000000000000000000e+00 -1.000000000000000000e+00 6.922300191172049422e-01 8.342083952846219841e-01
-4.123450000000000171e-01 -1.031979999999999897e+00 -9.599419999999999620e-01 -9.562929999999999486e-01 -9.911119999999999930e-01 -3.951060000000000128e-01 0.000000000000000000e+00 1.041862024940666265e-01 3.364070000000000116e-01 0.000000000000000000e+00 0.000000000000000000e+00 nan 6.003038216434286589e-01 5.974330809020000216e-02 1.115580606750000009e-01 5.087692627760000141e-02 4.700879999999999725e+00 1.258089999999999975e+01 -1.000000000000000000e+00 -1.000000000000000000e+00 8.427510622245164562e-01 9.546284250212404565e-01
-4.125409999999999910e-01 -1.248590000000000089e+00 -1.106600000000000028e+00 -9.106760000000000410e-01 -8.643969999999999709e-01 -3.952060000000000017e-01 0.000000000000000000e+00 1.120750600000585129e-01 2.256289999999999962e-01 0.000000000000000000e+00 0.000000000000000000e+00 nan 5.658383975969949464e-01 5.356922059449999857e-02 1.046225559410000061e-01 5.329047889699999735e-02 5.727319999999999744e+00 -1.000000000000000000e+00 -1.000000000000000000e+00 -1.000000000000000000e+00 8.427510622245164562e-01 9.546284250212404565e-01
-4.121340000000000003e-01 -9.109519999999999840e-01 -8.478369999999999518e-01 -8.523530000000000273e-01 -8.663990000000000302e-01 -3.953909999999999925e-01 0.000000000000000000e+00 1.200469140513105160e-01 -4.390399999999999858e-01 0.000000000000000000e+00 0.000000000000000000e+00 nan 5.310103721061042448e-01 5.356922059449999857e-02 1.046225559410000061e-01 5.329047889699999735e-02 5.727319999999999744e+00 -1.000000000000000000e+00 -1.000000000000000000e+00 -1.000000000000000000e+00 0.000000000000000000e+00 0.000000000000000000e+00
