-5.138000000000000345e-01 -8.686089999999999645e-01 -7.880610000000000115e-01 -1.980010000000000048e+00 -1.980779999999999985e+00 -6.488920000000000243e-01 0.000000000000000000e+00 1.726767588816195964e-01 -7.303020000000000067e-01 0.000000000000000000e+00 0.000000000000000000e+00 nan 0.000000000000000000e+00 1.571676314780000028e-01 8.551441083399999310e-02 1.191764469360000051e-01 -1.000000000000000000e+00 -1.000000000000000000e+00 -1.000000000000000000e+00 -1.000000000000000000e+00 0.000000000000000000e+00 0.000000000000000000e+00
-5.154130000000000100e-01 -8.868200000000000527e-01 -9.359750000000000014e-01 -1.838300000000000045e+00 -1.969459999999999988e+00 -6.095380000000000242e-01 6.601948162288096000e-05 1.646708564789944873e-01 -7.303020000000000067e-01 0.000000000000000000e+00 0.000000000000000000e+00 nan 0.000000000000000000e+00 2.018640643060000128e-01 7.170202458730000339e-02 1.352134397950000011e-01 7.711850000000000094e+00 -1.000000000000000000e+00 -1.000000000000000000e+00 -1.000000000000000000e+00 0.000000000000000000e+00 0.000000000000000000e+00
-5.047620000000000440e-01 -6.031480000000000175e-01 -6.450270000000000170e-01 -1.818659999999999999e-01 -6.159090000000000398e-01 -5.954059999999999908e-01 1.397633830617306394e-03 1.568944115707378018e-01 -7.303020000000000067e-01 0.000000000000000000e+00 0.000000000000000000e+00 nan 0.000000000000000000e+00 2.018640643060000128e-01 7.170202458730000339e-02 1.352134397950000011e-01 7.711850000000000094e+00 -1.000000000000000000e+00 -1.000000000000000000e+00 -1.000000000000000000e+00 0.000000000000000000e+00 0.000000000000000000e+00
-4.823620000000000130e-01 -2.928660000000000152e-01 -3.464610000000000190e-01 -4.288270000000000137e-01 -8.872210000000000374e-01 -6.000640000000000418e-01 4.100064565872640898e-03 1.495742818870295920e-01 -7.303020000000000067e-01 0.000000000000000000e+00 0.000000000000000000e+00 nan 0.000000000000000000e+00 2.189378311959999934e-01 6.299907942160000440e-02 1.723930680080000000e-01 1.790579999999999927e+01 2.793199999999999861e+01 -1.000000000000000000e+00 -1.000000000000000000e+00 0.000000000000000000e+00 0.000000000000000000e+00
-4.647629999999999817e-01 -1.494510000000000005e-01 -1.927159999999999984e-01 -1.493959999999999955e+00 -1.549989999999999979e+00 -6.340510000000000312e-01 7.123972414406543052e-03 1.429321549242212885e-01 -7.303020000000000067e-01 0.000000000000000000e+00 0.000000000000000000e+00 nan 0.000000000000000000e+00 2.189378311959999934e-01 6.299907942160000440e-02 1.723930680080000000e-01 1.790579999999999927e+01 2.793199999999999861e+01 -1.000000000000000000e+00 -1.000000000000000000e+00 5.397997980000952545e-01 6.263044376892856757e-01
-4.915430000000000077e-01 -3.875299999999999856e-01 -4.637109999999999843e-01 -1.352500000000000036e+00 -1.240310000000000024e+00 -6.704649999999999777e-01 1.050566699947563798e-02 1.371820361369205932e-01 -7.303020000000000067e-01 0.000000000000000000e+00 0.000000000000000000e+00 nan 0.000000000000000000e+00 2.453423585760000081e-01 4.984078484070000176e-02 1.944148417500000114e-01 1.247519999999999918e+01 3.335739999999999839e+01 3.543679999999999808e+01 -1.000000000000000000e+00 5.397997980000952545e-01 6.263044376892856757e-01
-5.089280000000000470e-01 -7.176540000000000141e-01 -6.888760000000000439e-01 -1.173280000000000101e+00 -1.048419999999999908e+00 -6.862260000000000026e-01 1.437641550653323552e-02 1.325278241706783211e-01 -2.846389999999999754e-01 4.031666262284683278e-03 0.000000000000000000e+00 nan 0.000000000000000000e+00 2.453423585760000081e-01 4.984078484070000176e-02 1.944148417500000114e-01 1.247519999999999918e+01 3.335739999999999839e+01 3.543679999999999808e+01 -1.000000000000000000e+00 4.526225615914631906e-01 6.194908510093837251e-01
-5.253949999999999454e-01 -1.937780000000000058e+00 -1.778499999999999970e+00 -9.871290000000000342e-01 -9.913389999999999702e-01 -6.938400000000000123e-01 1.888952064809690246e-02 1.291610006088601548e-01 2.724400000000000155e-01 8.194663645025301868e-03 0.000000000000000000e+00 nan 0.000000000000000000e+00 2.157260053289999924e-01 4.616145209229999963e-02 1.888002109440000131e-01 1.586589999999999989e+01 2.654970000000000141e+01 3.487519999999999953e+01 3.647180000000000177e+01 4.526225615914631906e-01 6.194908510093837251e-01
-5.236969999999999681e-01 -1.499160000000000048e+00 -1.454979999999999940e+00 -8.040749999999999842e-01 -7.294850000000000501e-01 -6.802449999999999886e-01 2.423792858947360074e-02 1.272584604097959371e-01 4.960849999999999982e-02 1.275016635506154294e-02 0.000000000000000000e+00 nan 0.000000000000000000e+00 2.157260053289999924e-01 4.616145209229999963e-02 1.888002109440000131e-01 1.586589999999999989e+01 2.654970000000000141e+01 3.487519999999999953e+01 3.647180000000000177e+01 5.108270891390679358e-01 6.449314282661207098e-01
-5.234280000000000044e-01 -1.512969999999999926e+00 -1.655040000000000067e+00 -2.793820000000000192e-01 -4.736989999999999812e-01 -6.492660000000000098e-01 3.058066743601961512e-02 1.269805076162170421e-01 6.066869999999999763e-01 1.795490135703781132e-02 0.000000000000000000e+00 nan 0.000000000000000000e+00 1.824133698759999866e-01 4.496064223030000334e-02 1.473190362279999943e-01 7.507419999999999760e+00 2.634290000000000020e+01 3.628029999999999688e+01 4.171730000000000160e+01 5.108270891390679358e-01 6.449314282661207098e-01
-5.176669999999999883e-01 -1.049809999999999910e+00 -1.004129999999999967e+00 4.262080000000000035e-02 5.455269999999999911e-03 -6.092539999999999623e-01 3.803221787447219615e-02 1.284690390463990584e-01 3.838559999999999750e-01 2.405823955431052319e-02 0.000000000000000000e+00 nan 0.000000000000000000e+00 1.824133698759999866e-01 4.496064223030000334e-02 1.473190362279999943e-01 7.507419999999999760e+00 2.634290000000000020e+01 3.628029999999999688e+01 4.171730000000000160e+01 5.499896884865342894e-01 6.717527199511829084e-01
-4.837119999999999753e-01 -3.232119999999999993e-01 -3.564930000000000043e-01 3.056249999999999800e-01 2.822660000000000169e-01 -5.572380000000000111e-01 4.672968886220951745e-02 1.318459365465106670e-01 -7.303020000000000067e-01 3.129937031696994332e-02 0.000000000000000000e+00 nan 0.000000000000000000e+00 1.696034667790000117e-01 3.509042665789999932e-02 1.336802847140000083e-01 1.261239999999999917e+01 2.345009999999999906e+01 3.476890000000000214e+01 4.076100000000000279e+01 5.499896884865342894e-01 6.717527199511829084e-01
-4.739829999999999877e-01 -2.195179999999999909e-01 -2.899789999999999868e-01 4.781750000000000167e-01 3.044399999999999884e-01 -5.439439999999999831e-01 5.678715506822729076e-02 1.372116860205951916e-01 -7.303020000000000067e-01 3.990459137070168083e-02 0.000000000000000000e+00 nan 0.000000000000000000e+00 1.696034667790000117e-01 3.509042665789999932e-02 1.336802847140000083e-01 1.261239999999999917e+01 2.345009999999999906e+01 3.476890000000000214e+01 4.076100000000000279e+01 5.781639160484164375e-01 6.525183275077119927e-01
-4.427389999999999937e-01 -1.373500000000000068e-02 -8.617909999999999460e-02 8.505329999999999835e-01 4.852319999999999967e-01 -5.618149999999999533e-01 6.828894476080293874e-02 1.446442388851266747e-01 -7.303020000000000067e-01 5.008474475313096086e-02 0.000000000000000000e+00 nan 0.000000000000000000e+00 2.039333380810000040e-01 3.015162203509999875e-02 1.217168092709999955e-01 1.022330000000000005e+01 2.254210000000000136e+01 3.271229999999999905e+01 4.093139999999999645e+01 5.781639160484164375e-01 6.525183275077119927e-01
-4.506660000000000110e-01 -6.732420000000000071e-02 -1.205230000000000051e-01 8.161530000000000173e-01 7.637639999999999985e-01 -6.163669999999999982e-01 8.130632790004077570e-02 1.541981288483120771e-01 -7.303020000000000067e-01 6.203282788928687896e-02 0.000000000000000000e+00 nan 0.000000000000000000e+00 2.039333380810000040e-01 3.015162203509999875e-02 1.217168092709999955e-01 1.022330000000000005e+01 2.254210000000000136e+01 3.271229999999999905e+01 4.093139999999999645e+01 4.377211026445065878e-01 6.208771895290667864e-01
-4.921369999999999911e-01 -4.167109999999999981e-01 -5.255260000000000487e-01 8.829740000000000366e-01 7.957859999999999934e-01 -6.635450000000000514e-01 9.589589468544301720e-02 1.659038540213876312e-01 -1.732229999999999881e-01 7.592180685366090032e-02 0.000000000000000000e+00 nan 0.000000000000000000e+00 1.707956779049999985e-01 3.152617450879999922e-02 1.387303000510000106e-01 1.017300000000000004e+01 2.426399999999999935e+01 3.493130000000000024e+01 4.017840000000000344e+01 4.377211026445065878e-01 6.208771895290667864e-01
-5.005190000000000472e-01 -5.782270000000000465e-01 -7.472839999999999483e-01 1.135180000000000078e+00 8.033839999999999870e-01 -6.890039999999999498e-01 1.120953548093202023e-01 1.797675313628315230e-01 1.052349999999999897e+00 9.190265659546814625e-02 0.000000000000000000e+00 nan 0.000000000000000000e+00 1.707956779049999985e-01 3.152617450879999922e-02 1.387303000510000106e-01 1.017300000000000004e+01 2.426399999999999935e+01 3.493130000000000024e+01 4.017840000000000344e+01 4.682008788582245895e-01 6.102589050456534991e-01
-5.161210000000000520e-01 -1.051449999999999996e+00 -1.109019999999999895e+00 1.122230000000000061e+00 7.335359999999999658e-01 -6.967769999999999797e-01 1.299224182436430342e-01 1.957708273707806645e-01 2.389339999999999797e+00 1.101026503321452799e-01 0.000000000000000000e+00 nan 0.000000000000000000e+00 1.915504250610000070e-01 3.350471681239999833e-02 1.631770992799999875e-01 1.834580000000000055e+01 3.624759999999999849e+01 4.217799999999999727e+01 4.934349999999999881e+01 4.682008788582245895e-01 6.102589050456534991e-01
-5.186290000000000067e-01 -1.210949999999999971e+00 -1.724310000000000009e+00 9.529910000000000325e-01 6.777999999999999581e-01 -6.979859999999999953e-01 1.493773104614339875e-01 2.138711658089317291e-01 3.280670000000000197e+00 1.306239174929433311e-01 0.000000000000000000e+00 nan 0.000000000000000000e+00 1.915504250610000070e-01 3.350471681239999833e-02 1.631770992799999875e-01 1.834580000000000055e+01 3.624759999999999849e+01 4.217799999999999727e+01 4.934349999999999881e+01 4.783801934334167560e-01 6.327018416087150099e-01
-5.196870000000000100e-01 -1.268350000000000088e+00 -1.641329999999999956e+00 1.075269999999999948e+00 7.619550000000000489e-01 -6.982359999999999678e-01 1.704422802550846772e-01 2.340022101123123699e-01 3.057830000000000048e+00 1.535422865516833379e-01 0.000000000000000000e+00 nan 0.000000000000000000e+00 2.039407446510000110e-01 3.336172606619999814e-02 1.465973591380000107e-01 2.244950000000000045e+01 4.714869999999999806e+01 5.143560000000000088e+01 5.417699999999999960e+01 4.783801934334167560e-01 6.327018416087150099e-01
-5.170379999999999976e-01 -1.133019999999999916e+00 -1.407529999999999948e+00 8.096790000000000376e-01 7.406530000000000058e-01 -6.981359999999999788e-01 1.930801395867696169e-01 2.560746150070676297e-01 3.280670000000000197e+00 1.789064258598497270e-01 0.000000000000000000e+00 nan 0.000000000000000000e+00 2.039407446510000110e-01 3.336172606619999814e-02 1.465973591380000107e-01 2.244950000000000045e+01 4.714869999999999806e+01 5.143560000000000088e+01 5.417699999999999960e+01 4.830071546039585995e-01 6.288605872113786077e-01
-5.195610000000000506e-01 -1.261460000000000026e+00 -1.921850000000000058e+00 8.690330000000000554e-01 7.332119999999999749e-01 -6.978029999999999511e-01 2.172365508203820683e-01 2.799770388281141997e-01 4.060579999999999856e+00 2.067372922147211467e-01 0.000000000000000000e+00 nan 0.000000000000000000e+00 1.883200173519999909e-01 3.715048561179999653e-02 1.614565689459999953e-01 2.128610000000000113e+01 5.409579999999999700e+01 5.873440000000000083e+01 5.975569999999999737e+01 4.830071546039585995e-01 6.288605872113786077e-01
-5.212740000000000151e-01 -1.381070000000000020e+00 -1.961260000000000003e+00 7.744469999999999965e-01 5.162330000000000529e-01 -6.973679999999999879e-01 2.428415325527779611e-01 3.055774050646953288e-01 3.280670000000000197e+00 2.370278934104820268e-01 0.000000000000000000e+00 nan 0.000000000000000000e+00 1.883200173519999909e-01 3.715048561179999653e-02 1.614565689459999953e-01 2.128610000000000113e+01 5.409579999999999700e+01 5.873440000000000083e+01 5.975569999999999737e+01 4.585133441560158563e-01 6.250643255449040980e-01
-5.162980000000000347e-01 -1.068130000000000024e+00 -1.441449999999999898e+00 1.013660000000000005e+00 6.793000000000000149e-01 -6.979210000000000136e-01 2.698067615322574664e-01 3.327243988400230279e-01 2.277919999999999945e+00 2.697433674627098821e-01 0.000000000000000000e+00 nan 0.000000000000000000e+00 1.818845240749999981e-01 5.029463242570000187e-02 1.858981874020000091e-01 2.696640000000000015e+01 6.308859999999999957e+01 6.206230000000000047e+01 6.044590000000000174e+01 4.585133441560158563e-01 6.250643255449040980e-01
-5.192660000000000053e-01 -1.197289999999999965e+00 -1.561080000000000023e+00 1.000739999999999963e+00 5.473850000000000104e-01 -6.971680000000000099e-01 2.980291264641224958e-01 3.612491813692940701e-01 2.055089999999999861e+00 3.048213776085886284e-01 0.000000000000000000e+00 nan 0.000000000000000000e+00 1.818845240749999981e-01 5.029463242570000187e-02 1.858981874020000091e-01 2.696640000000000015e+01 6.308859999999999957e+01 6.206230000000000047e+01 6.044590000000000174e+01 4.541613566778947009e-01 5.995815676029840890e-01
-5.154609999999999470e-01 -1.049790000000000001e+00 -1.694399999999999906e+00 8.293270000000000364e-01 6.498880000000000212e-01 -6.974420000000000064e-01 3.273930366032925532e-01 3.909673029705869052e-01 2.834999999999999964e+00 3.421728186073391687e-01 0.000000000000000000e+00 nan 0.000000000000000000e+00 2.370497405900000021e-01 5.905145225030000028e-02 1.894023483660000062e-01 4.141870000000000118e+01 8.302360000000000184e+01 8.150039999999999907e+01 6.803740000000000521e+01 4.541613566778947009e-01 5.995815676029840890e-01
-5.153259999999999508e-01 -1.057490000000000041e+00 -1.752599999999999936e+00 6.943390000000000395e-01 5.130029999999999868e-01 -6.799119999999999608e-01 3.577675713208513519e-01 4.216807929534597266e-01 3.280670000000000197e+00 3.816828263382026076e-01 0.000000000000000000e+00 nan 0.000000000000000000e+00 2.370497405900000021e-01 5.905145225030000028e-02 1.894023483660000062e-01 4.141870000000000118e+01 8.302360000000000184e+01 8.150039999999999907e+01 6.803740000000000521e+01 4.431148173804525525e-01 6.041539538768266882e-01
-5.113630000000000120e-01 -9.056499999999999551e-01 -1.176630000000000065e+00 9.283050000000000468e-01 4.362380000000000146e-01 -6.242900000000000116e-01 3.890110980087266856e-01 4.531804027059784801e-01 2.166510000000000158e+00 4.232120792568258016e-01 0.000000000000000000e+00 nan 0.000000000000000000e+00 3.908945327389999891e-01 5.840129873319999804e-02 1.590657806720000012e-01 2.692960000000000065e+01 7.823340000000000316e+01 7.748730000000000473e+01 6.833329999999999416e+01 4.431148173804525525e-01 6.041539538768266882e-01
-5.098430000000000462e-01 -8.822619999999999907e-01 -7.622679999999999456e-01 8.809909999999999686e-01 5.741349999999999509e-01 -4.926730000000000276e-01 4.209740307923309777e-01 4.852479765651012134e-01 9.409349999999999659e-01 4.625667107017441548e-01 0.000000000000000000e+00 nan 0.000000000000000000e+00 3.908945327389999891e-01 5.840129873319999804e-02 1.590657806720000012e-01 2.692960000000000065e+01 7.823340000000000316e+01 7.748730000000000473e+01 6.833329999999999416e+01 3.959092375296786592e-01 6.213355529747225381e-01
-4.388389999999999791e-01 -1.514550000000000063e-01 6.356439999999999313e-02 8.034029999999999783e-01 7.593330000000000357e-01 -3.102550000000000030e-01 4.534968587238462634e-01 5.176589236075113121e-01 1.610240000000000005e-01 5.034638143561143142e-01 0.000000000000000000e+00 nan 0.000000000000000000e+00 5.189366627979999924e-01 7.285810641449999570e-02 1.593609825969999894e-01 2.269399999999999906e+01 4.963470000000000226e+01 6.329149999999999920e+01 6.117920000000000158e+01 3.959092375296786592e-01 6.213355529747225381e-01
-1.840549999999999964e-01 4.598800000000000110e-01 6.263589999999999991e-01 9.101839999999999931e-01 9.879949999999999566e-01 -1.656670000000000087e-01 4.864103449560988057e-01 5.501847623545210730e-01 -2.846389999999999754e-01 5.454400096938791798e-01 0.000000000000000000e+00 nan 8.391149428892519246e-03 5.189366627979999924e-01 7.285810641449999570e-02 1.593609825969999894e-01 2.269399999999999906e+01 4.963470000000000226e+01 6.329149999999999920e+01 6.117920000000000158e+01 4.135551454452194298e-01 6.072078354840795278e-01
8.113239999999999341e-02 7.175099999999999811e-01 7.877399999999999958e-01 8.558529999999999749e-01 1.011919999999999931e+00 -1.266519999999999868e-01 5.195332569697805880e-01 5.834819809329256923e-01 3.838559999999999750e-01 5.880196896490250680e-01 0.000000000000000000e+00 nan 1.705563970117729422e-02 5.198910672800000077e-01 9.055880364929999593e-02 1.828257782820000010e-01 1.184909999999999997e+01 3.538150000000000261e+01 4.526250000000000284e+01 5.316720000000000113e+01 4.135551454452194298e-01 6.072078354840795278e-01
1.245880000000000043e-01 7.484060000000000157e-01 8.221749999999999892e-01 1.265079999999999982e+00 1.401089999999999947e+00 -3.138719999999999705e-02 5.526768982883067949e-01 6.165193879710066938e-01 7.181030000000000468e-01 6.307204094336831268e-01 0.000000000000000000e+00 nan 2.653705544266182770e-02 5.198910672800000077e-01 9.055880364929999593e-02 1.828257782820000010e-01 1.184909999999999997e+01 3.538150000000000261e+01 4.526250000000000284e+01 5.316720000000000113e+01 4.199482837940025082e-01 6.021798978102599342e-01
7.707949999999999524e-02 7.144760000000000000e-01 7.934609999999999719e-01 1.167829999999999924e+00 1.263160000000000061e+00 -5.370409999999999767e-02 5.856594980284801633e-01 6.491270478151311973e-01 2.724400000000000155e-01 6.730583528303515362e-01 0.000000000000000000e+00 nan 3.736972518716086267e-02 5.398368323509999955e-01 9.273774152140000504e-02 1.771485813329999881e-01 9.540409999999999613e+00 2.188360000000000127e+01 3.358760000000000190e+01 4.163459999999999894e+01 4.199482837940025082e-01 6.021798978102599342e-01
8.303359999999999908e-02 7.181769999999999543e-01 8.026590000000000114e-01 1.205729999999999968e+00 1.325730000000000075e+00 -4.847719999999999807e-02 6.183005571696389424e-01 6.811398940190915852e-01 1.610240000000000005e-01 7.145538140229621416e-01 0.000000000000000000e+00 nan 5.007266722070091713e-02 5.398368323509999955e-01 9.273774152140000504e-02 1.771485813329999881e-01 9.540409999999999613e+00 2.188360000000000127e+01 3.358760000000000190e+01 4.163459999999999894e+01 3.949203898280886360e-01 6.099664522950509760e-01
1.006780000000000036e-01 7.303439999999999932e-01 8.063320000000000487e-01 1.130540000000000100e+00 1.227470000000000061e+00 -1.680090000000000056e-02 6.504243422119795337e-01 7.123995996128993369e-01 4.960849999999999982e-02 7.547366328554576675e-01 0.000000000000000000e+00 nan 6.514370889695142441e-02 5.519802377929999837e-01 8.725702987500000285e-02 1.607254941390000025e-01 3.787030000000000118e+00 1.053720000000000034e+01 1.918309999999999960e+01 2.778190000000000026e+01 3.949203898280886360e-01 6.099664522950509760e-01
1.375860000000000138e-01 7.560810000000000031e-01 8.096729999999999761e-01 1.196960000000000024e+00 1.396390000000000020e+00 1.583559999999999916e-03 6.818845180751321733e-01 7.427563710106181993e-01 1.610240000000000005e-01 7.931515219342262224e-01 2.006529766363962519e-02 nan 7.466269662549196440e-02 5.519802377929999837e-01 8.725702987500000285e-02 1.607254941390000025e-01 3.787030000000000118e+00 1.053720000000000034e+01 1.918309999999999960e+01 2.778190000000000026e+01 3.700246947527616737e-01 5.975090899376569453e-01
1.656650000000000067e-01 7.750920000000000032e-01 8.121289999999999898e-01 1.233449999999999935e+00 1.467049999999999965e+00 5.220890000000000253e-02 7.125454582634433986e-01 7.720706452315477808e-01 4.960849999999999982e-02 8.293632252161944329e-01 4.078422036789797200e-02 nan 8.718626674404894583e-02 5.479411430210000544e-01 8.981586559180000651e-02 1.453086166460000050e-01 4.525050000000000239e+00 8.119659999999999656e+00 1.226730000000000054e+01 1.928170000000000073e+01 3.700246947527616737e-01 5.975090899376569453e-01
1.490869999999999973e-01 7.636249999999999982e-01 8.147670000000000190e-01 1.379320000000000102e+00 1.484690000000000065e+00 5.733579999999999927e-02 7.422567851457001487e-01 8.002146712045616894e-01 -2.846389999999999754e-01 8.629614496337152385e-01 6.345661236112654091e-02 nan 1.025725221990139158e-01 5.479411430210000544e-01 8.981586559180000651e-02 1.453086166460000050e-01 4.525050000000000239e+00 8.119659999999999656e+00 1.226730000000000054e+01 1.928170000000000073e+01 3.607496205891840280e-01 6.217208032327277145e-01
1.445200000000000096e-01 7.602940000000000254e-01 8.182450000000000001e-01 1.326880000000000059e+00 1.553819999999999979e+00 4.047610000000000097e-02 7.708784805309875088e-01 8.270739572387898475e-01 -2.846389999999999754e-01 8.935655138789688756e-01 8.936018430406655888e-02 nan 1.206471305680464345e-01 5.690338326120000234e-01 7.396361831049999558e-02 1.221632786760000061e-01 2.795129999999999892e+00 5.709410000000000096e+00 9.187409999999999854e+00 1.247879999999999967e+01 3.607496205891840280e-01 6.217208032327277145e-01
1.400019999999999876e-01 7.572649999999999659e-01 8.351690000000000502e-01 1.183789999999999898e+00 1.233700000000000019e+00 5.037799999999999917e-02 7.982858435440244316e-01 8.525485682602247373e-01 -2.846389999999999754e-01 9.208286616752928699e-01 9.967073863387498900e-02 nan 1.495964487449713554e-01 5.690338326120000234e-01 7.396361831049999558e-02 1.221632786760000061e-01 2.795129999999999892e+00 5.709410000000000096e+00 9.187409999999999854e+00 1.247879999999999967e+01 3.424057025313443914e-01 6.076971314322030526e-01
1.445750000000000091e-01 7.605439999999999978e-01 8.363199999999999523e-01 1.680350000000000010e+00 1.647340000000000027e+00 4.352319999999999800e-02 8.243585336533172381e-01 8.765542581160414848e-01 -1.732229999999999881e-01 9.444419906643541918e-01 1.149903753543648488e-01 nan 1.810697358777452193e-01 5.832363357509999791e-01 6.614536059440000171e-02 1.162140787609999976e-01 4.298939999999999984e+00 5.363069999999999560e+00 6.337220000000000297e+00 1.001120000000000054e+01 3.424057025313443914e-01 6.076971314322030526e-01
1.674630000000000007e-01 7.759099999999999886e-01 8.460750000000000215e-01 1.426399999999999890e+00 1.405909999999999993e+00 1.695099999999999949e-03 8.489894094913427169e-01 8.990234241171731755e-01 -1.732229999999999881e-01 9.641379523932984696e-01 1.351455168600769197e-01 nan 2.069609943809211927e-01 5.832363357509999791e-01 6.614536059440000171e-02 1.162140787609999976e-01 4.298939999999999984e+00 5.363069999999999560e+00 6.337220000000000297e+00 1.001120000000000054e+01 3.396771174296304707e-01 6.156495966120473229e-01
2.169379999999999920e-01 8.071580000000000421e-01 8.459569999999999590e-01 1.816270000000000051e+00 1.898349999999999982e+00 1.544479999999999985e-02 8.720839974574234876e-01 9.199058730037902309e-01 -2.846389999999999754e-01 9.796933837456301974e-01 1.599077973441652700e-01 nan 2.356413562223210745e-01 6.388265439320000016e-01 5.202108666340000270e-02 9.915774521509999884e-02 2.563930000000000042e+00 4.573450000000000237e+00 6.402739999999999654e+00 9.561310000000000642e+00 3.396771174296304707e-01 6.156495966120473229e-01
2.528059999999999752e-01 8.276689999999999880e-01 8.401690000000000547e-01 1.385599999999999943e+00 1.610749999999999904e+00 4.892069999999999752e-02 8.935649763716001504e-01 9.378331512120421376e-01 1.610240000000000005e-01 9.909320354684926224e-01 1.889966502742403964e-01 nan 2.667858614421906305e-01 6.388265439320000016e-01 5.202108666340000270e-02 9.915774521509999884e-02 2.563930000000000042e+00 4.573450000000000237e+00 6.402739999999999654e+00 9.561310000000000642e+00 3.334214659270579029e-01 6.037152747509230144e-01
3.155180000000000207e-01 8.628010000000000401e-01 8.428430000000000089e-01 1.715999999999999970e+00 1.789369999999999905e+00 3.960129999999999900e-02 9.133871972299832942e-01 9.527478614218989339e-01 4.952719999999999900e-01 9.977265691471280951e-01 2.220824873232882801e-01 nan 3.000416303516759697e-01 6.779036229079999920e-01 4.334504891229999657e-02 8.809523134770000374e-02 2.095740000000000158e+00 5.433360000000000412e+00 9.972390000000000754e+00 1.637389999999999901e+01 3.334214659270579029e-01 6.037152747509230144e-01
3.163290000000000268e-01 8.629689999999999861e-01 8.437329999999999552e-01 1.737919999999999909e+00 1.880779999999999896e+00 7.358190000000000563e-02 9.315273693677502687e-01 9.658607777173533471e-01 2.724400000000000155e-01 1.000000000000000000e+00 2.587904327371136626e-01 nan 3.350318618007015470e-01 6.779036229079999920e-01 4.334504891229999657e-02 8.809523134770000374e-02 2.095740000000000158e+00 5.433360000000000412e+00 9.972390000000000754e+00 1.637389999999999901e+01 3.284983792416014126e-01 6.032062944830475226e-01
3.422350000000000114e-01 8.765260000000000273e-01 8.387449999999999628e-01 1.774429999999999952e+00 1.646079999999999988e+00 6.904200000000000614e-02 9.479512511844854217e-01 9.770233255171223430e-01 1.610240000000000005e-01 9.977265691471280951e-01 2.987045708264270960e-01 nan 3.713601024855628374e-01 6.454821608399999855e-01 4.285347176439999878e-02 9.859375670509999690e-02 4.338059999999999583e+00 1.165310000000000024e+01 1.962010000000000076e+01 2.867899999999999849e+01 3.284983792416014126e-01 6.032062944830475226e-01
3.355210000000000137e-01 8.728780000000000427e-01 8.185989999999999656e-01 1.601369999999999960e+00 1.697659999999999947e+00 -7.420129999999999608e-03 9.623280757832024523e-01 9.861090286943071659e-01 2.724400000000000155e-01 9.909320354684926224e-01 3.413726584577964074e-01 nan 4.086147389232719362e-01 6.454821608399999855e-01 4.285347176439999878e-02 9.859375670509999690e-02 4.338059999999999583e+00 1.165310000000000024e+01 1.962010000000000076e+01 2.867899999999999849e+01 3.342622508711907692e-01 5.940980785291876121e-01
3.361379999999999924e-01 8.734699999999999687e-01 8.072840000000000016e-01 1.387880000000000003e+00 1.390700000000000047e+00 -4.599140000000000172e-02 9.737962090450389407e-01 9.930149426014471814e-01 3.838559999999999750e-01 9.796933837456301974e-01 3.863112491490553468e-01 nan 4.463736611967922263e-01 5.951398703000000401e-01 4.351699982499999952e-02 1.150755648370000023e-01 7.675130000000000230e+00 2.050609999999999999e+01 3.280680000000000263e+01 4.380949999999999989e+01 3.342622508711907692e-01 5.940980785291876121e-01
3.250879999999999881e-01 8.674079999999999568e-01 7.950399999999999689e-01 1.371729999999999894e+00 1.247600000000000042e+00 -7.372689999999999799e-02 9.826797676416109129e-01 9.976628204745112694e-01 2.724400000000000155e-01 9.641379523932984696e-01 4.330111707111221619e-01 nan 4.842090456290646383e-01 5.951398703000000401e-01 4.351699982499999952e-02 1.150755648370000023e-01 7.675130000000000230e+00 2.050609999999999999e+01 3.280680000000000263e+01 4.380949999999999989e+01 3.323744507136096038e-01 5.899840557010007647e-01
3.354349999999999832e-01 8.731240000000000112e-01 7.789629999999999610e-01 1.325120000000000076e+00 1.448579999999999979e+00 -1.390560000000000129e-01 9.898122945929884731e-01 1.000000000000000000e+00 2.724400000000000155e-01 9.444419906643541918e-01 4.809432943723567222e-01 nan 5.216922021962193678e-01 5.409396117520000047e-01 4.737789715850000000e-02 1.135386099390000014e-01 1.086209999999999987e+01 3.446110000000000184e+01 4.927920000000000300e+01 5.763490000000000180e+01 3.323744507136096038e-01 5.899840557010007647e-01
3.279909999999999770e-01 8.691590000000000149e-01 7.712980000000000391e-01 1.242450000000000054e+00 1.225019999999999998e+00 -1.742299999999999960e-01 9.951129755187997361e-01 1.000000000000000000e+00 1.610240000000000005e-01 9.208286616752930920e-01 5.295645300189727456e-01 nan 5.667895811857334154e-01 5.409396117520000047e-01 4.737789715850000000e-02 1.135386099390000014e-01 1.086209999999999987e+01 3.446110000000000184e+01 4.927920000000000300e+01 5.763490000000000180e+01 3.258173857404987883e-01 5.891657504084496511e-01
3.085530000000000217e-01 8.585720000000000018e-01 7.523109999999999520e-01 1.120600000000000041e+00 1.282569999999999988e+00 -1.750760000000000094e-01 9.985217515861104509e-01 9.976628204745111583e-01 1.610240000000000005e-01 8.935655138789690977e-01 5.783239796230337237e-01 nan 6.109674777641195265e-01 4.737420340240000027e-01 4.776380517519999980e-02 1.222778374479999985e-01 1.906830000000000069e+01 5.362219999999999942e+01 6.749120000000000630e+01 6.996949999999999648e+01 3.258173857404987883e-01 5.891657504084496511e-01
2.177840000000000054e-01 8.068959999999999466e-01 7.202319999999999833e-01 1.521589999999999998e+00 1.369990000000000041e+00 -2.290780000000000038e-01 1.000000000000000000e+00 9.930149426014471814e-01 2.724400000000000155e-01 8.629614496337155716e-01 6.266691791372385190e-01 nan 6.543670954733000755e-01 4.737420340240000027e-01 4.776380517519999980e-02 1.222778374479999985e-01 1.906830000000000069e+01 5.362219999999999942e+01 6.749120000000000630e+01 6.996949999999999648e+01 2.912976114304449693e-01 5.755329529572879022e-01
1.837239999999999984e-01 7.859059999999999935e-01 7.113249999999999851e-01 9.007760000000000211e-01 1.181669999999999998e+00 -2.657430000000000070e-01 9.995309716152611657e-01 9.861090286943071659e-01 2.724400000000000155e-01 8.293632252161946550e-01 6.740523581333291991e-01 nan 6.971384560657698515e-01 3.859920137799999762e-01 5.141250753240000221e-02 1.416188972940000124e-01 2.948839999999999861e+01 7.763859999999999673e+01 8.939419999999999789e+01 8.315049999999999386e+01 2.912976114304449693e-01 5.755329529572879022e-01
1.369039999999999979e-01 7.558610000000000051e-01 6.911129999999999773e-01 1.066449999999999898e+00 9.531870000000000065e-01 -3.336270000000000069e-01 9.971199807109069058e-01 9.770233255171224540e-01 1.610240000000000005e-01 7.931515219342263334e-01 7.199366462599225969e-01 nan 7.310475502693023486e-01 3.859920137799999762e-01 5.141250753240000221e-02 1.416188972940000124e-01 2.948839999999999861e+01 7.763859999999999673e+01 8.939419999999999789e+01 8.315049999999999386e+01 2.159178040177887059e-01 5.656598605787752643e-01
-2.320430000000000062e-02 6.321069999999999744e-01 6.024950000000000028e-01 1.164819999999999967e+00 1.040780000000000038e+00 -3.700049999999999728e-01 9.927943447772669128e-01 9.658607777173533471e-01 1.610240000000000005e-01 7.547366328554576675e-01 7.638021561981132024e-01 nan 7.643746647694695806e-01 2.828274641869999995e-01 8.394526125409999817e-02 1.519833669310000079e-01 3.761780000000000257e+01 9.083199999999999363e+01 1.007489999999999952e+02 9.759959999999999525e+01 2.159178040177887059e-01 5.656598605787752643e-01
-3.367459999999999898e-01 1.930759999999999976e-01 4.280880000000000241e-01 5.908860000000000223e-01 4.885709999999999775e-01 -3.427899999999999836e-01 9.866030749979062264e-01 9.527478614218989339e-01 1.610240000000000005e-01 7.145538140229621416e-01 8.051518741925326461e-01 nan 7.967421900421455261e-01 2.828274641869999995e-01 8.394526125409999817e-02 1.519833669310000079e-01 3.761780000000000257e+01 9.083199999999999363e+01 1.007489999999999952e+02 9.759959999999999525e+01 1.323786810781083512e-01 5.359618461642290388e-01
-3.126659999999999995e-01 2.557470000000000021e-01 4.961490000000000067e-01 4.380729999999999902e-01 9.407329999999999859e-02 -3.406790000000000096e-01 9.786163209333299529e-01 9.378331512120422486e-01 -6.180730000000000252e-02 6.730583528303516472e-01 8.435172914157954560e-01 nan 8.277833890925838656e-01 2.359721309139999890e-01 1.122960932229999931e-01 1.583045184830000063e-01 3.756600000000000250e+01 7.950990000000000180e+01 9.840000000000000568e+01 1.050739999999999981e+02 1.323786810781083512e-01 5.359618461642290388e-01
-2.305079999999999907e-01 3.955529999999999879e-01 6.440200000000000369e-01 -1.365990000000000038e+00 -1.214129999999999932e+00 -3.256569999999999743e-01 9.689245756984351532e-01 9.199058730037903420e-01 -2.846389999999999754e-01 6.307204094336833489e-01 8.784637123607189624e-01 nan 8.571465527321091571e-01 2.359721309139999890e-01 1.122960932229999931e-01 1.583045184830000063e-01 3.756600000000000250e+01 7.950990000000000180e+01 9.840000000000000568e+01 1.050739999999999981e+02 1.124695281557197557e-01 5.208583488230182912e-01
-2.411570000000000102e-01 3.783119999999999816e-01 6.327770000000000339e-01 -1.447580000000000089e+00 -1.255160000000000053e+00 -3.436000000000000165e-01 9.575694805798032894e-01 8.990234241171732865e-01 -2.846389999999999754e-01 5.880196896490252900e-01 9.095951801141161086e-01 nan 8.844989845837610831e-01 1.976414379589999937e-01 1.712761806070000059e-01 1.511801629889999998e-01 2.276139999999999830e+01 5.618699999999999761e+01 8.274339999999999407e+01 1.052950000000000017e+02 1.124695281557197557e-01 5.208583488230182912e-01
-2.766370000000000218e-01 3.186280000000000223e-01 5.750469999999999748e-01 -9.634500000000000286e-01 -1.000439999999999996e+00 -3.774250000000000105e-01 9.434360627817489631e-01 8.765542581160415958e-01 -1.732229999999999881e-01 5.454400096938794018e-01 9.365589627068373613e-01 nan 9.095307706651829527e-01 1.976414379589999937e-01 1.712761806070000059e-01 1.511801629889999998e-01 2.276139999999999830e+01 5.618699999999999761e+01 8.274339999999999407e+01 1.052950000000000017e+02 1.148015165856727249e-01 5.960102695908191528e-01
-3.104129999999999945e-01 2.518239999999999923e-01 5.133569999999999522e-01 -6.605819999999999748e-02 -3.884540000000000215e-01 -3.920109999999999983e-01 9.264798896008230589e-01 8.525485682602247373e-01 -1.732229999999999881e-01 5.034638143561145363e-01 9.590495497079263298e-01 nan 9.319582908378778452e-01 1.943556497399999972e-01 2.261072426930000046e-01 1.411622518229999901e-01 3.022279999999999944e+01 4.278739999999999810e+01 7.285360000000000014e+01 1.007519999999999953e+02 1.148015165856727249e-01 5.960102695908191528e-01
-3.272689999999999766e-01 2.151599999999999902e-01 4.743009999999999726e-01 -1.180229999999999890e+00 -9.051479999999999526e-01 -4.190360000000000196e-01 9.078639819111179454e-01 8.270739572387899585e-01 -2.846389999999999754e-01 4.625667107017442659e-01 9.768121137798783105e-01 nan 9.515274323367070020e-01 1.943556497399999972e-01 2.261072426930000046e-01 1.411622518229999901e-01 3.022279999999999944e+01 4.278739999999999810e+01 7.285360000000000014e+01 1.007519999999999953e+02 1.187093157914218544e-01 5.749396113190462509e-01
-3.299270000000000258e-01 2.089119999999999866e-01 4.568729999999999736e-01 -1.102570000000000050e+00 -8.900280000000000413e-01 -4.589539999999999731e-01 8.877237809054783213e-01 8.002146712045618004e-01 -2.846389999999999754e-01 4.232120792568259127e-01 9.896453979741973717e-01 nan 9.680164689690566870e-01 2.040852819579999922e-01 2.409261425329999873e-01 1.264375882300000087e-01 6.397289999999999921e+00 4.391890000000000072e+01 7.251260000000000616e+01 9.694729999999999848e+01 1.187093157914218544e-01 5.749396113190462509e-01
-3.318380000000000218e-01 2.063580000000000136e-01 4.631319999999999881e-01 -1.154269999999999907e+00 -9.279110000000000413e-01 -5.042410000000000503e-01 8.661189579767749613e-01 7.720706452315477808e-01 -2.846389999999999754e-01 3.816828263382027187e-01 9.974039960530418636e-01 nan 9.812385733611973526e-01 2.040852819579999922e-01 2.409261425329999873e-01 1.264375882300000087e-01 6.397289999999999921e+00 4.391890000000000072e+01 7.251260000000000616e+01 9.694729999999999848e+01 1.165888455864078077e-01 6.010578915843909353e-01
-3.681980000000000253e-01 1.120939999999999992e-01 3.788599999999999746e-01 -1.220269999999999966e+00 -9.115630000000000122e-01 -5.522000000000000242e-01 8.431001633281232088e-01 7.427563710106181993e-01 -2.846389999999999754e-01 3.421728186073392797e-01 1.000000000000000000e+00 nan 9.910439337870811105e-01 2.452101078299999959e-01 1.927135504320000026e-01 1.070301925989999986e-01 3.362859999999999872e+01 5.092470000000000141e+01 7.909439999999999316e+01 1.011479999999999961e+02 1.165888455864078077e-01 6.010578915843909353e-01
-4.209240000000000204e-01 -6.964900000000000257e-02 2.092630000000000046e-01 -1.559039999999999981e+00 -1.494119999999999893e+00 -6.026380000000000070e-01 8.186865133998910693e-01 7.123995996128995589e-01 -1.732229999999999881e-01 3.048213776085887394e-01 9.974039960530419746e-01 nan 9.973214515950598047e-01 2.452101078299999959e-01 1.927135504320000026e-01 1.070301925989999986e-01 3.362859999999999872e+01 5.092470000000000141e+01 7.909439999999999316e+01 1.011479999999999961e+02 1.163984791839627331e-01 4.961967082193282641e-01
-4.582629999999999759e-01 -2.597169999999999757e-01 2.548250000000000168e-02 -1.781900000000000039e+00 -1.784810000000000008e+00 -6.422179999999999556e-01 7.929358146569323029e-01 6.811398940190918072e-01 -1.732229999999999881e-01 2.697433674627099931e-01 9.896453979741974827e-01 nan 1.000000000000000000e+00 2.720897764319999967e-01 1.190956191700000000e-01 9.726288099219999872e-02 1.754789999999999850e+01 7.789990000000000236e+01 9.453010000000000446e+01 9.746120000000000516e+01 1.163984791839627331e-01 4.961967082193282641e-01
-4.828520000000000034e-01 -4.587760000000000171e-01 -1.554939999999999933e-01 -1.733489999999999975e+00 -1.732979999999999965e+00 -6.678669999999999884e-01 7.659545032170871348e-01 6.491270478151311973e-01 -2.846389999999999754e-01 2.370278934104820268e-01 9.768121137798784215e-01 nan 9.990492299781802421e-01 2.720897764319999967e-01 1.190956191700000000e-01 9.726288099219999872e-02 1.754789999999999850e+01 7.789990000000000236e+01 9.453010000000000446e+01 9.746120000000000516e+01 1.378041235477952542e-01 5.605728699456993258e-01
-5.056739999999999569e-01 -7.890599999999999836e-01 -4.537979999999999792e-01 -1.774340000000000028e+00 -1.846060000000000034e+00 -6.833050000000000512e-01 7.378278325743479193e-01 6.165193879710068048e-01 -2.846389999999999754e-01 2.067372922147212577e-01 9.590495497079265519e-01 nan 9.944799141338560577e-01 2.784761609420000061e-01 5.537629491169999973e-02 1.046717723860000060e-01 4.841779999999999973e+01 7.817870000000000630e+01 8.767430000000000234e+01 9.585890000000000555e+01 1.378041235477952542e-01 5.605728699456993258e-01
-5.158030000000000115e-01 -1.074459999999999971e+00 -7.133530000000000149e-01 -1.795060000000000100e+00 -1.837480000000000002e+00 -6.855740000000000167e-01 7.086620801785450396e-01 5.834819809329256923e-01 -2.846389999999999754e-01 1.789064258598499491e-01 9.365589627068373613e-01 nan 9.863438246413493982e-01 2.784761609420000061e-01 5.537629491169999973e-02 1.046717723860000060e-01 4.841779999999999973e+01 7.817870000000000630e+01 8.767430000000000234e+01 9.585890000000000555e+01 3.598771079113104454e-01 5.785334056966421334e-01
-5.029299999999999882e-01 -7.032249999999999890e-01 -6.168550000000000422e-01 1.221179999999999932e+00 1.262399999999999967e+00 -6.800800000000000178e-01 6.785894758392227999e-01 5.501847623545212951e-01 2.724400000000000155e-01 1.535422865516833379e-01 9.095951801141161086e-01 nan 9.747331466456269355e-01 2.323972539120000014e-01 4.481908650059999999e-02 8.993676822189999864e-02 1.458249999999999957e+01 5.606130000000000280e+01 7.436400000000000432e+01 8.294490000000000407e+01 3.598771079113104454e-01 5.785334056966421334e-01
-4.838419999999999943e-01 -3.913119999999999932e-01 -4.992599999999999816e-01 1.406800000000000050e+00 1.455719999999999903e+00 -6.829380000000000450e-01 6.477494100241756314e-01 5.168006116579938469e-01 3.838559999999999750e-01 1.306239174929433311e-01 8.784637123607190734e-01 nan 9.597794337677719723e-01 2.323972539120000014e-01 4.481908650059999999e-02 8.993676822189999864e-02 1.458249999999999957e+01 5.606130000000000280e+01 7.436400000000000432e+01 8.294490000000000407e+01 3.491214061731594542e-01 5.791014389237738591e-01
-5.167610000000000259e-01 -1.051709999999999923e+00 -8.401340000000000474e-01 6.674460000000000115e-02 -3.483200000000000185e-01 -6.927429999999999977e-01 6.162874670128446475e-01 4.835033932411785251e-01 -3.960549999999999904e-01 1.101026503321455019e-01 8.435172914157955670e-01 nan 9.416521175498907548e-01 2.400518274619999892e-01 4.328225943059999664e-02 8.074887949950000643e-02 2.843019999999999925e+01 4.650119999999999720e+01 6.121059999999999945e+01 8.038559999999999661e+01 3.491214061731594542e-01 5.791014389237738591e-01
-5.062729999999999730e-01 -6.562080000000000135e-01 -6.402449999999999530e-01 -1.615509999999999863e-02 -7.531099999999999461e-01 -6.868220000000000436e-01 5.843572701099077893e-01 4.504659865244451389e-01 -5.074699999999999767e-01 9.190265659546814625e-02 8.051518741925327571e-01 nan 9.205565877280402765e-01 2.400518274619999892e-01 4.328225943059999664e-02 8.074887949950000643e-02 2.843019999999999925e+01 4.650119999999999720e+01 6.121059999999999945e+01 8.038559999999999661e+01 1.000000000000000000e+00 8.897987418907631341e-01
-5.248850000000000460e-01 -1.738850000000000007e+00 -1.540419999999999900e+00 -3.770189999999999930e-01 -8.694809999999999484e-01 -6.929210000000000091e-01 5.521195102142009148e-01 4.178583271577858138e-01 1.052349999999999897e+00 7.592180685366112236e-02 7.638021561981132024e-01 nan 8.967318650844476879e-01 2.772097130339999937e-01 4.889174978880000272e-02 7.133968854189999542e-02 1.478790000000000049e+01 3.663850000000000051e+01 5.310840000000000316e+01 7.172480000000000189e+01 1.000000000000000000e+00 8.897987418907631341e-01
-5.252029999999999754e-01 -1.864679999999999893e+00 -1.621089999999999920e+00 1.435230000000000013e-02 -6.722660000000000302e-01 -6.981340000000000323e-01 5.197374228282360953e-01 3.858454815819978290e-01 1.720839999999999925e+00 6.203282788928687896e-02 7.199366462599227079e-01 nan 8.704478932465414820e-01 2.772097130339999937e-01 4.889174978880000272e-02 7.133968854189999542e-02 1.478790000000000049e+01 3.663850000000000051e+01 5.310840000000000316e+01 7.172480000000000189e+01 2.541338593086526210e-01 5.655361305689048379e-01
-5.243579999999999908e-01 -1.598600000000000021e+00 -1.600030000000000063e+00 4.903180000000000038e-04 -7.723280000000000145e-01 -6.957510000000000083e-01 4.873753683918503610e-01 3.545857767599528421e-01 6.066869999999999763e-01 5.008474475313096086e-02 6.740523581333294212e-01 nan 8.420024801177868889e-01 2.455217827520000118e-01 4.142982451079999656e-02 8.320557019969999912e-02 1.954479999999999862e+01 3.409409999999999741e+01 4.728920000000000101e+01 5.815709999999999980e+01 2.541338593086526210e-01 5.655361305689048379e-01
-5.233809999999999851e-01 -1.481670000000000043e+00 -1.404230000000000089e+00 -1.449600000000000055e-01 -6.177719999999999878e-01 -6.958210000000000228e-01 4.551986429340902918e-01 3.242290062688425456e-01 6.066869999999999763e-01 3.990459137070168083e-02 6.266691791372387410e-01 nan 8.117179235951434979e-01 2.455217827520000118e-01 4.142982451079999656e-02 8.320557019969999912e-02 1.954479999999999862e+01 3.409409999999999741e+01 4.728920000000000101e+01 5.815709999999999980e+01 2.509187822895789788e-01 5.558767536619864114e-01
-5.251670000000000504e-01 -1.839390000000000081e+00 -1.722229999999999928e+00 -8.025649999999999451e-02 -4.806400000000000117e-01 -6.960490000000000288e-01 4.233697470888644343e-01 2.949147330790947708e-01 6.066869999999999763e-01 3.129937031696994332e-02 5.783239796230339458e-01 nan 7.799373598051074774e-01 1.858612334259999999e-01 5.587090817620000288e-02 8.096551033599999614e-02 1.640220000000000056e+01 3.851420000000000243e+01 4.639320000000000022e+01 5.419769999999999754e+01 2.509187822895789788e-01 5.558767536619864114e-01
-5.214440000000000186e-01 -1.262639999999999985e+00 -1.195109999999999895e+00 -1.256390000000000007e-01 -5.638530000000000486e-01 -6.965130000000000488e-01 3.920455747818198944e-01 2.667707082501524773e-01 -1.732229999999999881e-01 2.405823955431052319e-02 5.295645300189729676e-01 nan 7.470208752342889502e-01 1.858612334259999999e-01 5.587090817620000288e-02 8.096551033599999614e-02 1.640220000000000056e+01 3.851420000000000243e+01 4.639320000000000022e+01 5.419769999999999754e+01 3.041632074623630277e-01 5.646053434491988821e-01
-5.248800000000000132e-01 -1.831539999999999946e+00 -1.563690000000000024e+00 -1.179820000000000035e-01 -6.610489999999999977e-01 -6.953169999999999629e-01 3.613791366492674628e-01 2.399114234599228901e-01 -1.732229999999999881e-01 1.795490135703781132e-02 4.809432943723569442e-01 nan 7.133414268056351704e-01 1.210532098880000018e-01 6.464587500769999884e-02 1.089174408250000031e-01 1.284909999999999997e+01 3.238810000000000144e+01 4.535190000000000055e+01 5.009409999999999741e+01 3.041632074623630277e-01 5.646053434491988821e-01
-5.237249999999999961e-01 -1.502610000000000001e+00 -1.469540000000000068e+00 -3.221530000000000227e-01 -6.059010000000000229e-01 -6.951990000000000114e-01 3.315153214250928793e-01 2.144368137683185793e-01 4.960849999999999982e-02 1.275016635506154294e-02 4.330111707111222730e-01 nan 6.792806161274674848e-01 1.210532098880000018e-01 6.464587500769999884e-02 1.089174408250000031e-01 1.284909999999999997e+01 3.238810000000000144e+01 4.535190000000000055e+01 5.009409999999999741e+01 3.871946866621895911e-01 5.357171981901673874e-01
-5.257730000000000459e-01 -2.078009999999999913e+00 -1.739449999999999941e+00 -1.031760000000000038e-01 -6.158150000000000013e-01 -6.937879999999999603e-01 3.025880468489937636e-01 1.904311253130968051e-01 4.952719999999999900e-01 8.194663645025301868e-03 3.863112491490554579e-01 nan 6.452243657947789313e-01 1.045935745410000034e-01 5.912658720720000149e-02 1.394099069249999934e-01 1.980470000000000041e+01 3.074380000000000024e+01 3.628589999999999804e+01 5.025180000000000291e+01 3.871946866621895911e-01 5.357171981901673874e-01
-5.231660000000000199e-01 -1.423240000000000061e+00 -1.431140000000000079e+00 2.247599999999999945e-02 -5.063499999999999668e-01 -6.853339999999999987e-01 2.747229400950130795e-01 1.679619607674552872e-01 4.960849999999999982e-02 4.031666262284683278e-03 3.413726584577964074e-01 nan 6.115585467320260316e-01 1.045935745410000034e-01 5.912658720720000149e-02 1.394099069249999934e-01 1.980470000000000041e+01 3.074380000000000024e+01 3.628589999999999804e+01 5.025180000000000291e+01 5.748483678724967127e-01 5.501542407054860195e-01
-5.209909999999999819e-01 -1.210090000000000110e+00 -1.238969999999999905e+00 -2.100210000000000132e-01 -6.325269999999999504e-01 -6.817819999999999991e-01 2.480328578551337371e-01 1.470795133747323513e-01 -7.303020000000000067e-01 0.000000000000000000e+00 2.987045708264273181e-01 nan 5.786646061213684966e-01 1.099747126730000052e-01 4.424061393050000152e-02 1.695015865360000040e-01 1.378330000000000055e+01 2.920739999999999981e+01 3.674519999999999698e+01 4.648299999999999699e+01 5.748483678724967127e-01 5.501542407054860195e-01
-5.184929999999999817e-01 -1.051590000000000025e+00 -1.028680000000000039e+00 -2.363180000000000003e-01 -6.156810000000000338e-01 -6.880960000000000409e-01 2.226153942875178648e-01 1.278159982389038829e-01 -7.303020000000000067e-01 0.000000000000000000e+00 2.587904327371137736e-01 nan 5.469152454536772012e-01 1.099747126730000052e-01 4.424061393050000152e-02 1.695015865360000040e-01 1.378330000000000055e+01 2.920739999999999981e+01 3.674519999999999698e+01 4.648299999999999699e+01 4.216351416378915085e-01 5.492712583623208245e-01
-5.166589999999999794e-01 -9.648149999999999782e-01 -9.333820000000000450e-01 -7.207090000000000440e-01 -9.131219999999999892e-01 -6.915649999999999853e-01 1.985554667495678105e-01 1.101852873145826583e-01 -7.303020000000000067e-01 0.000000000000000000e+00 2.220824873232882801e-01 nan 5.166701976717175127e-01 1.354113553799999869e-01 4.302408468530000141e-02 2.305605045169999978e-01 1.085319999999999929e+01 3.124459999999999837e+01 3.830440000000000111e+01 4.668209999999999837e+01 4.216351416378915085e-01 5.492712583623208245e-01
-5.217770000000000463e-01 -1.272010000000000085e+00 -1.257819999999999938e+00 -8.541039999999999743e-01 -8.555099999999999927e-01 -6.831089999999999662e-01 1.759261616789781213e-01 9.418275223222938308e-02 -7.303020000000000067e-01 0.000000000000000000e+00 1.889966502742405074e-01 nan 4.796076609798821666e-01 1.354113553799999869e-01 4.302408468530000141e-02 2.305605045169999978e-01 1.085319999999999929e+01 3.124459999999999837e+01 3.830440000000000111e+01 4.668209999999999837e+01 4.861852159336679247e-01 5.554633829471925521e-01
-5.256629999999999914e-01 -2.026580000000000048e+00 -1.632730000000000015e+00 -5.879419999999999646e-01 -1.055500000000000105e+00 -6.319200000000000372e-01 1.547924760833336855e-01 7.978531673942956814e-02 -1.732229999999999881e-01 0.000000000000000000e+00 1.599077973441653810e-01 nan 4.438969613944734327e-01 1.497620345000000019e-01 4.569780658670000162e-02 2.566910171760000137e-01 1.275229999999999997e+01 2.819079999999999941e+01 3.828289999999999793e+01 4.895459999999999923e+01 4.861852159336679247e-01 5.554633829471925521e-01
-5.230599999999999694e-01 -1.394949999999999912e+00 -1.369220000000000104e+00 -7.325209999999999777e-01 -9.111449999999999827e-01 -4.776610000000000023e-01 1.352085111180800769e-01 6.695171816405354193e-02 -1.732229999999999881e-01 0.000000000000000000e+00 1.351455168600770307e-01 nan 4.093009586483182805e-01 1.497620345000000019e-01 4.569780658670000162e-02 2.566910171760000137e-01 1.275229999999999997e+01 2.819079999999999941e+01 3.828289999999999793e+01 4.895459999999999923e+01 6.354271874950425669e-01 5.455171773810294500e-01
-5.029320000000000457e-01 -5.699800000000000422e-01 -6.095310000000000450e-01 -6.743280000000000385e-01 -7.533170000000000144e-01 -2.962110000000000021e-01 1.172044759833035243e-01 5.562297493681989113e-02 -7.303020000000000067e-01 0.000000000000000000e+00 1.149903753543649598e-01 nan 3.755698825136447594e-01 1.961102671949999932e-01 5.588128833750000135e-02 2.391008026249999974e-01 1.621719999999999828e+01 3.326590000000000202e+01 4.970360000000000156e+01 5.274439999999999884e+01 6.354271874950425669e-01 5.455171773810294500e-01
-3.413950000000000040e-01 3.404909999999999881e-01 2.607909999999999950e-01 -5.574890000000000123e-01 -5.985380000000000145e-01 -1.188160000000000084e-02 1.007937119333098819e-01 4.572305487604266805e-02 -7.303020000000000067e-01 4.031666262284683278e-03 9.967073863387498900e-02 nan 3.424441627985658210e-01 1.961102671949999932e-01 5.588128833750000135e-02 2.391008026249999974e-01 1.621719999999999828e+01 3.326590000000000202e+01 4.970360000000000156e+01 5.274439999999999884e+01 6.516612112591151362e-01 5.474771732192018625e-01
-1.766459999999999975e-01 6.315100000000000158e-01 5.113119999999999887e-01 -5.369930000000000536e-01 -5.142349999999999977e-01 4.857290000000000219e-01 8.597090162951315229e-02 3.715973666263205910e-02 -7.303020000000000067e-01 8.194663645025301868e-03 8.936018430406666990e-02 nan 3.096573703810722167e-01 2.401608780130000120e-01 4.815252415070000319e-02 2.308539990569999922e-01 1.507959999999999923e+01 5.058140000000000214e+01 5.618460000000000321e+01 5.328580000000000183e+01 6.516612112591151362e-01 5.474771732192018625e-01
-2.832140000000000213e-01 4.757859999999999867e-01 3.434800000000000075e-01 -5.569520000000000026e-01 -5.606950000000000545e-01 2.206690000000000040e-01 7.268848356410928524e-02 2.982565474448750642e-02 -7.303020000000000067e-01 8.718500092776970689e-03 6.345661236112654091e-02 nan 2.856037262297291823e-01 2.401608780130000120e-01 4.815252415070000319e-02 2.308539990569999922e-01 1.507959999999999923e+01 5.058140000000000214e+01 5.618460000000000321e+01 5.328580000000000183e+01 6.609151336001988231e-01 5.737163714487378829e-01
-2.173599999999999977e-01 5.855150000000000077e-01 4.363790000000000169e-01 -4.961740000000000039e-01 -2.689819999999999989e-01 1.622859999999999969e+00 6.087648198074036010e-02 2.359951583110597717e-02 -7.303020000000000067e-01 9.760237712012398426e-03 4.078422036789797200e-02 nan 2.621646183152276377e-01 2.938292035300000271e-01 4.641870659510000108e-02 2.339556179510000056e-01 3.153300000000000125e+01 4.420620000000000260e+01 4.625469999999999970e+01 4.605830000000000268e+01 6.609151336001988231e-01 5.737163714487378829e-01
2.389280000000000015e-01 9.845770000000000355e-01 8.309959999999999569e-01 -4.033689999999999776e-01 -3.467199999999999727e-01 3.608810000000000073e+00 5.047088259372123353e-02 1.834747319502849638e-02 -7.303020000000000067e-01 1.130807319924886922e-02 2.006529766363962519e-02 nan 2.396056210960308963e-01 2.938292035300000271e-01 4.641870659510000108e-02 2.339556179510000056e-01 3.153300000000000125e+01 4.420620000000000260e+01 4.625469999999999970e+01 4.605830000000000268e+01 9.347836432956655450e-01 9.774473936554625153e-01
1.494719999999999938e-01 8.314340000000000064e-01 9.473249999999999726e-01 2.893129999999999868e-01 7.221440000000000081e-01 3.044649999999999856e+00 4.139176426128743369e-02 1.392464320874542416e-02 -6.188860000000000472e-01 1.334446895993224302e-02 0.000000000000000000e+00 nan 2.181823370247507610e-01 3.779431478120000021e-01 4.316547953699999968e-02 2.090845861060000033e-01 1.141820000000000057e+01 3.268679999999999808e+01 3.630100000000000193e+01 3.493990000000000151e+01 9.347836432956655450e-01 9.774473936554625153e-01
6.443620000000000125e+00 1.946220000000000061e+00 1.808710000000000040e+00 2.091649999999999898e-01 6.960579999999999545e-01 3.637179999999999858e+00 3.354082884150832999e-02 1.017674693408809894e-02 -6.188860000000000472e-01 1.584635181639126866e-02 0.000000000000000000e+00 nan 1.894730101979399395e-01 3.779431478120000021e-01 4.316547953699999968e-02 2.090845861060000033e-01 1.141820000000000057e+01 3.268679999999999808e+01 3.630100000000000193e+01 3.493990000000000151e+01 9.220449581987109067e-01 1.000000000000000000e+00
6.606799999999999784e+00 1.977400000000000047e+00 1.776040000000000063e+00 1.625199999999999978e-01 7.082429999999999559e-01 4.952230000000000132e+00 2.681520231099165930e-02 6.941858164245418017e-03 -7.303020000000000067e-01 1.878537443616090652e-02 0.000000000000000000e+00 nan 1.615523214263563379e-01 4.320736234449999991e-01 4.856729314779999890e-02 1.789803306589999865e-01 1.775069999999999837e+01 3.224249999999999972e+01 3.390370000000000061e+01 3.861209999999999809e+01 9.220449581987109067e-01 1.000000000000000000e+00
1.261410000000000031e-01 8.169760000000000355e-01 9.310380000000000322e-01 1.847449999999999926e-01 6.733909999999999618e-01 2.352809999999999846e+00 2.110161679777411425e-02 4.052238112389416891e-03 -6.188860000000000472e-01 2.212823651858508711e-02 0.000000000000000000e+00 nan 1.427593567798607355e-01 4.320736234449999991e-01 4.856729314779999890e-02 1.789803306589999865e-01 1.775069999999999837e+01 3.224249999999999972e+01 3.390370000000000061e+01 3.861209999999999809e+01 4.665245969255826797e-01 5.249470632400952130e-01
9.138079999999999536e-01 1.252340000000000009e+00 1.128349999999999964e+00 -3.626969999999999916e-01 -4.397079999999999739e-02 1.690909999999999913e+00 1.627972728527349311e-02 1.336235959154996600e-03 -6.188860000000000472e-01 2.583706210053027252e-02 0.000000000000000000e+00 nan 1.249158986282933315e-01 4.582917343089999984e-01 6.589516340470000233e-02 1.454594384179999922e-01 1.191290000000000049e+01 2.382880000000000109e+01 2.907659999999999911e+01 3.152009999999999934e+01 4.665245969255826797e-01 5.249470632400952130e-01
1.320049999999999946e+00 1.362090000000000023e+00 1.234949999999999992e+00 -4.120260000000000034e-01 -7.278149999999999897e-02 1.687589999999999923e+00 1.222024878733241060e-02 0.000000000000000000e+00 -6.188860000000000472e-01 2.986982870618115626e-02 0.000000000000000000e+00 nan 1.082241204823953806e-01 4.582917343089999984e-01 6.589516340470000233e-02 1.454594384179999922e-01 1.191290000000000049e+01 2.382880000000000109e+01 2.907659999999999911e+01 3.152009999999999934e+01 9.123679994077489308e-01 7.526721464063461653e-01
5.548450000000000326e-01 1.033860000000000001e+00 1.152570000000000094e+00 4.319810000000000316e-02 4.615989999999999815e-01 2.111479999999999801e+00 8.771830025532945108e-03 0.000000000000000000e+00 -6.188860000000000472e-01 3.418084347848426852e-02 0.000000000000000000e+00 nan 9.287314685825609484e-02 4.516742154300000256e-01 6.992231160770000231e-02 1.365983484849999929e-01 1.088920000000000066e+01 1.550730000000000075e+01 1.796669999999999945e+01 2.696259999999999835e+01 9.123679994077489308e-01 7.526721464063461653e-01
3.361159999999999926e+00 1.701119999999999965e+00 1.533039999999999958e+00 -6.623689999999999856e-01 -6.160029999999999673e-01 1.398360000000000047e+00 5.772988231954712113e-03 8.583119495174651448e-04 -7.303020000000000067e-01 3.872126089747518485e-02 0.000000000000000000e+00 nan 7.903691042097471531e-02 4.516742154300000256e-01 6.992231160770000231e-02 1.365983484849999929e-01 1.088920000000000066e+01 1.550730000000000075e+01 1.796669999999999945e+01 2.696259999999999835e+01 8.745961323892570416e-01 5.905492768824537331e-01
5.024580000000000019e-02 7.502579999999999805e-01 8.944109999999999561e-01 -4.656849999999999878e-02 4.187569999999999903e-01 1.569129999999999914e+00 3.087827800494657993e-03 1.744583323922355156e-03 -6.188860000000000472e-01 4.343963621953794707e-02 0.000000000000000000e+00 nan 6.687218125806526636e-02 3.987209057830000125e-01 7.463492893999999767e-02 1.843847883549999955e-01 9.956080000000000041e+00 1.650280000000000058e+01 1.910879999999999868e+01 2.204650000000000176e+01 8.745961323892570416e-01 5.905492768824537331e-01
9.600119999999999765e-01 1.267130000000000090e+00 1.139729999999999910e+00 -8.029410000000000158e-01 -5.874319999999999542e-01 4.751600000000000268e-01 9.047259329589829591e-04 2.714416181533230166e-03 -6.188860000000000472e-01 4.828250836690661796e-02 0.000000000000000000e+00 nan 5.651679061172265595e-02 3.987209057830000125e-01 7.463492893999999767e-02 1.843847883549999955e-01 9.956080000000000041e+00 1.650280000000000058e+01 1.910879999999999868e+01 2.204650000000000176e+01 8.995341311095716996e-01 7.192762919240860420e-01
3.916359999999999841e-01 9.568870000000000431e-01 1.089539999999999953e+00 -3.703870000000000218e-01 -1.025299999999999961e-01 1.278189999999999937e+00 0.000000000000000000e+00 3.822465795674023781e-03 -6.188860000000000472e-01 5.319500566303780875e-02 0.000000000000000000e+00 nan 4.808806919577413019e-02 3.244226002999999747e-01 5.796587063590000199e-02 2.831597562059999795e-01 1.077679999999999971e+01 2.149309999999999832e+01 2.204200000000000159e+01 2.369369999999999976e+01 8.995341311095716996e-01 7.192762919240860420e-01
6.694050000000000278e-01 1.153589999999999893e+00 1.081939999999999902e+00 -8.152760000000000007e-01 -6.641519999999999646e-01 4.262630000000000030e-01 0.000000000000000000e+00 5.121821388589076207e-03 -6.188860000000000472e-01 5.812146755063207770e-02 0.000000000000000000e+00 nan 4.168151779180850891e-02 3.244226002999999747e-01 5.796587063590000199e-02 2.831597562059999795e-01 1.077679999999999971e+01 2.149309999999999832e+01 2.204200000000000159e+01 2.369369999999999976e+01 8.814493228772825040e-01 6.567645164828057602e-01
-2.364479999999999915e-01 3.893400000000000194e-01 6.666750000000000176e-01 -1.381809999999999983e-01 2.180400000000000116e-01 3.695570000000000244e-01 0.000000000000000000e+00 6.663404609341339047e-03 -7.303020000000000067e-01 6.300607524798873538e-02 0.000000000000000000e+00 nan 3.736972518716086267e-02 2.459078301650000076e-01 4.874826044120000174e-02 3.324741764560000257e-01 1.160459999999999958e+01 1.768759999999999977e+01 1.961830000000000140e+01 1.868939999999999912e+01 8.814493228772825040e-01 6.567645164828057602e-01
1.754699999999999926e+00 1.458199999999999941e+00 1.319949999999999957e+00 -6.317690000000000250e-01 -3.641650000000000165e-01 1.210210000000000008e+00 0.000000000000000000e+00 8.495392571180482300e-03 -7.303020000000000067e-01 6.779348419810660165e-02 0.000000000000000000e+00 nan 2.653705544266182770e-02 2.459078301650000076e-01 4.874826044120000174e-02 3.324741764560000257e-01 1.160459999999999958e+01 1.768759999999999977e+01 1.961830000000000140e+01 1.868939999999999912e+01 8.081582579358994600e-01 6.653806244428633887e-01
4.330350000000000033e-01 1.085010000000000030e+00 9.268039999999999612e-01 -3.372649999999999815e-01 1.203769999999999979e-01 1.395610000000000017e+00 0.000000000000000000e+00 1.066267198560055807e-02 -7.303020000000000067e-01 7.242945114462917555e-02 0.000000000000000000e+00 nan 1.705563970117729422e-02 2.105058974969999941e-01 4.595914277020000244e-02 3.741219152079999777e-01 7.080599999999999561e+00 1.718599999999999994e+01 2.045210000000000150e+01 2.097619999999999862e+01 8.081582579358994600e-01 6.653806244428633887e-01
-3.834299999999999931e-01 2.425090000000000023e-01 1.113900000000000029e-01 -6.195450000000000124e-01 -4.053689999999999793e-01 1.013110000000000009e-03 0.000000000000000000e+00 1.320633057796183341e-02 -7.303020000000000067e-01 7.686144872961397922e-02 0.000000000000000000e+00 nan 8.391149428892519246e-03 2.105058974969999941e-01 4.595914277020000244e-02 3.741219152079999777e-01 7.080599999999999561e+00 1.718599999999999994e+01 2.045210000000000150e+01 2.097619999999999862e+01 8.405205463515750264e-01 6.810409068284903888e-01
-2.316779999999999881e-02 7.830430000000000446e-01 6.877720000000000500e-01 -7.380679999999999463e-01 -3.911370000000000124e-01 -1.652139999999999859e-02 0.000000000000000000e+00 1.616319154714496165e-02 -7.303020000000000067e-01 8.103926064948674401e-02 0.000000000000000000e+00 nan 0.000000000000000000e+00 2.608238506409999991e-01 4.094676581290000034e-02 2.621364786650000056e-01 1.154739999999999966e+01 1.617279999999999873e+01 1.874630000000000152e+01 1.813469999999999871e+01 8.405205463515750264e-01 6.810409068284903888e-01
3.009820000000000273e-01 9.994960000000000511e-01 9.076929999999999721e-01 -1.047360000000000069e+00 -7.669030000000000014e-01 6.226099999999999968e-01 0.000000000000000000e+00 1.956539634399390160e-02 -6.188860000000000472e-01 8.491555062582623048e-02 0.000000000000000000e+00 nan 0.000000000000000000e+00 2.608238506409999991e-01 4.094676581290000034e-02 2.621364786650000056e-01 1.154739999999999966e+01 1.617279999999999873e+01 1.874630000000000152e+01 1.813469999999999871e+01 8.286543739324939706e-01 6.917688610933796500e-01
-4.614019999999999788e-01 -2.851719999999999811e-01 5.681499999999999745e-02 -6.121579999999999799e-01 -4.265849999999999920e-01 7.786410000000000275e-01 0.000000000000000000e+00 2.344004049583492399e-02 -6.188860000000000472e-01 8.844639874431403648e-02 0.000000000000000000e+00 nan 0.000000000000000000e+00 3.478619387379999761e-01 4.731942016960000164e-02 1.832374313529999965e-01 9.209590000000000387e+00 1.937800000000000011e+01 2.348110000000000142e+01 2.181980000000000075e+01 8.286543739324939706e-01 6.917688610933796500e-01
1.096669999999999937e-02 8.184850000000000181e-01 7.018659999999999899e-01 -6.345210000000000017e-01 -2.792310000000000070e-01 1.628689999999999971e+00 0.000000000000000000e+00 2.780886660332526628e-02 -7.303020000000000067e-01 9.159179908491199562e-02 0.000000000000000000e+00 nan 0.000000000000000000e+00 3.478619387379999761e-01 4.731942016960000164e-02 1.832374313529999965e-01 9.209590000000000387e+00 1.937800000000000011e+01 2.348110000000000142e+01 2.181980000000000075e+01 8.394576672712563692e-01 6.737942651140425010e-01
9.451089999999999769e-01 1.279800000000000049e+00 1.097229999999999928e+00 -3.528999999999999915e-01 -6.550630000000000341e-02 9.088669999999999805e-01 0.000000000000000000e+00 3.268801798809917170e-02 -7.303020000000000067e-01 9.431611300492293015e-02 0.000000000000000000e+00 nan 0.000000000000000000e+00 4.166850978319999732e-01 4.743346864539999680e-02 1.605362137009999912e-01 9.149670000000000414e+00 2.365690000000000026e+01 2.446610000000000085e+01 2.231200000000000117e+01 8.394576672712563692e-01 6.737942651140425010e-01
1.543449999999999989e+00 1.428760000000000030e+00 1.248429999999999929e+00 -3.858599999999999808e-01 -1.842810000000000004e-01 1.905299999999999994e+00 0.000000000000000000e+00 3.808785578248374826e-02 -7.303020000000000067e-01 9.658847293905292730e-02 0.000000000000000000e+00 nan 0.000000000000000000e+00 4.166850978319999732e-01 4.743346864539999680e-02 1.605362137009999912e-01 9.149670000000000414e+00 2.365690000000000026e+01 2.446610000000000085e+01 2.231200000000000117e+01 8.507633163942487364e-01 6.588623025592428295e-01
2.900670000000000193e-01 9.966199999999999504e-01 8.955340000000000522e-01 -4.239729999999999888e-01 -6.269120000000000421e-03 2.103000000000000203e+00 0.000000000000000000e+00 4.401284153372952979e-02 -6.188860000000000472e-01 9.838313214125860018e-02 0.000000000000000000e+00 nan 0.000000000000000000e+00 4.491626030959999794e-01 4.378376650069999709e-02 1.382235502789999904e-01 1.806579999999999941e+01 2.536980000000000146e+01 2.519150000000000134e+01 2.334120000000000061e+01 8.507633163942487364e-01 6.588623025592428295e-01
-1.853829999999999922e-01 5.329139999999999988e-01 6.543619999999999992e-01 -2.567369999999999930e-01 1.281239999999999879e-01 1.024499999999999966e+00 0.000000000000000000e+00 5.046148665289718060e-02 -6.188860000000000472e-01 9.967975640567039441e-02 0.000000000000000000e+00 nan 0.000000000000000000e+00 4.491626030959999794e-01 4.378376650069999709e-02 1.382235502789999904e-01 1.806579999999999941e+01 2.536980000000000146e+01 2.519150000000000134e+01 2.334120000000000061e+01 7.898302037449302926e-01 6.944909213105256995e-01
1.977640000000000065e+00 1.506639999999999979e+00 1.344340000000000090e+00 -3.309190000000000187e-01 1.658949999999999869e-01 1.111399999999999944e+00 0.000000000000000000e+00 5.742636928116551243e-02 -7.303020000000000067e-01 1.004636544612669269e-01 0.000000000000000000e+00 nan 0.000000000000000000e+00 5.024946639420000416e-01 4.107224436629999809e-02 1.368943938799999926e-01 1.102399999999999913e+01 2.236210000000000164e+01 2.447240000000000038e+01 2.570520000000000138e+01 7.898302037449302926e-01 6.944909213105256995e-01
2.165020000000000167e+00 1.547069999999999945e+00 1.356109999999999927e+00 -2.981519999999999726e-01 1.735780000000000101e-01 1.661699999999999955e+00 0.000000000000000000e+00 6.489421838245690299e-02 -7.303020000000000067e-01 1.007259444298492790e-01 0.000000000000000000e+00 nan 0.000000000000000000e+00 5.024946639420000416e-01 4.107224436629999809e-02 1.368943938799999926e-01 1.102399999999999913e+01 2.236210000000000164e+01 2.447240000000000038e+01 2.570520000000000138e+01 7.817026159516469175e-01 7.166104726205172470e-01
1.496270000000000100e-01 8.813469999999999915e-01 8.750269999999999992e-01 -3.282930000000000015e-01 1.327029999999999876e-01 9.198030000000000372e-01 0.000000000000000000e+00 7.284606410957916722e-02 -6.188860000000000472e-01 1.004636544612669269e-01 0.000000000000000000e+00 nan 0.000000000000000000e+00 4.147135493820000018e-01 5.459912214120000301e-02 1.498567546360000113e-01 1.046909999999999918e+01 2.368290000000000006e+01 2.922510000000000119e+01 3.021430000000000149e+01 7.817026159516469175e-01 7.166104726205172470e-01
-3.270810000000000106e-01 3.547089999999999965e-01 3.315670000000000006e-01 -5.461399999999999588e-01 -1.986860000000000015e-01 -5.372640000000000055e-02 0.000000000000000000e+00 8.125745274017426301e-02 -6.188860000000000472e-01 9.967975640567039441e-02 0.000000000000000000e+00 nan 0.000000000000000000e+00 4.147135493820000018e-01 5.459912214120000301e-02 1.498567546360000113e-01 1.046909999999999918e+01 2.368290000000000006e+01 2.922510000000000119e+01 3.021430000000000149e+01 8.032351712504428587e-01 6.963665557783320637e-01
7.031260000000000288e-01 1.186160000000000103e+00 1.052789999999999893e+00 -9.123980000000000423e-01 -6.336789999999999923e-01 2.186639999999999973e-01 0.000000000000000000e+00 9.009872374716376697e-02 -7.303020000000000067e-01 9.838313214125860018e-02 0.000000000000000000e+00 nan 0.000000000000000000e+00 3.313244066839999835e-01 6.181134878539999711e-02 1.523256983700000122e-01 1.396589999999999954e+01 2.782730000000000103e+01 3.328759999999999764e+01 3.429740000000000322e+01 8.032351712504428587e-01 6.963665557783320637e-01
1.721139999999999892e-01 9.441300000000000248e-01 7.919389999999999485e-01 -6.093509999999999760e-01 -2.776580000000000159e-01 2.560279999999999778e-01 0.000000000000000000e+00 9.933534586437253733e-02 -7.303020000000000067e-01 9.658847293905292730e-02 0.000000000000000000e+00 nan 0.000000000000000000e+00 3.313244066839999835e-01 6.181134878539999711e-02 1.523256983700000122e-01 1.396589999999999954e+01 2.782730000000000103e+01 3.328759999999999764e+01 3.429740000000000322e+01 6.413867134827004879e-01 6.512444708151838846e-01
-4.029380000000000184e-01 1.259460000000000024e-01 1.616900000000000004e-01 -9.757109999999999950e-01 -6.877729999999999677e-01 -2.595939999999999914e-01 0.000000000000000000e+00 1.089283083395722329e-01 -6.188860000000000472e-01 9.431611300492293015e-02 0.000000000000000000e+00 nan 0.000000000000000000e+00 2.921885100309999928e-01 6.436887892430000202e-02 1.146025488099999962e-01 1.300779999999999959e+01 2.738879999999999981e+01 3.201359999999999673e+01 -1.000000000000000000e+00 6.413867134827004879e-01 6.512444708151838846e-01
-5.017089999999999606e-01 -6.423969999999999958e-01 -4.163229999999999986e-01 -1.076959999999999917e+00 -9.060249999999999693e-01 -5.250029999999999974e-01 0.000000000000000000e+00 1.188345629418919858e-01 -5.074699999999999767e-01 9.159179908491199562e-02 0.000000000000000000e+00 nan 0.000000000000000000e+00 2.921885100309999928e-01 6.436887892430000202e-02 1.146025488099999962e-01 1.300779999999999959e+01 2.738879999999999981e+01 3.201359999999999673e+01 -1.000000000000000000e+00 8.121718162541180508e-01 8.099310205194971690e-01
-1.604269999999999863e-01 6.341949999999999532e-01 5.693200000000000482e-01 -1.578480000000000105e+00 -1.539039999999999964e+00 -5.448570000000000357e-01 0.000000000000000000e+00 1.290075117154758644e-01 -6.188860000000000472e-01 8.844639874431403648e-02 0.000000000000000000e+00 nan 0.000000000000000000e+00 2.646439369029999766e-01 6.510864301730000248e-02 9.053489709529999319e-02 9.128819999999999268e+00 2.427959999999999852e+01 -1.000000000000000000e+00 -1.000000000000000000e+00 8.121718162541180508e-01 8.099310205194971690e-01
-3.951509999999999745e-01 1.798379999999999979e-01 1.345860000000000112e-01 -3.956149999999999944e-01 -4.542780000000000151e-01 -5.512920000000000043e-01 0.000000000000000000e+00 1.393975349529414931e-01 -7.303020000000000067e-01 8.491555062582623048e-02 0.000000000000000000e+00 nan 0.000000000000000000e+00 2.646439369029999766e-01 6.510864301730000248e-02 9.053489709529999319e-02 9.128819999999999268e+00 2.427959999999999852e+01 -1.000000000000000000e+00 -1.000000000000000000e+00 8.353383498405682062e-01 8.161259571500478760e-01
-5.104729999999999546e-01 -8.378609999999999669e-01 -5.870079999999999742e-01 -7.102119999999999544e-01 -9.235179999999999501e-01 -6.634539999999999882e-01 0.000000000000000000e+00 1.499525534064922727e-01 -6.188860000000000472e-01 8.103926064948674401e-02 0.000000000000000000e+00 nan 0.000000000000000000e+00 2.577520711330000269e-01 6.059532645400000223e-02 8.078583571859999923e-02 1.344239999999999924e+01 -1.000000000000000000e+00 -1.000000000000000000e+00 -1.000000000000000000e+00 8.353383498405682062e-01 8.161259571500478760e-01
-4.736330000000000262e-01 -2.482729999999999937e-01 -1.956900000000000028e-01 -1.396980000000000111e+00 -1.370900000000000007e+00 -6.824390000000000178e-01 0.000000000000000000e+00 1.606186183666049594e-01 -6.188860000000000472e-01 7.686144872961397922e-02 0.000000000000000000e+00 nan 0.000000000000000000e+00 2.577520711330000269e-01 6.059532645400000223e-02 8.078583571859999923e-02 1.344239999999999924e+01 -1.000000000000000000e+00 -1.000000000000000000e+00 -1.000000000000000000e+00 0.000000000000000000e+00 0.000000000000000000e+00
