-4.022620000000000084e-01 -3.961129999999999929e-01 -3.368769999999999820e-01 -1.040119999999999933e+00 -1.237170000000000103e+00 -4.165650000000000186e-01 6.044191011254174128e-02 2.424347397633187517e-01 -8.190509999999999735e-01 0.000000000000000000e+00 nan nan 2.363927336949912528e-01 1.352098659369999900e-01 5.067651579529999784e-02 6.405898598140000177e-02 -1.000000000000000000e+00 -1.000000000000000000e+00 -1.000000000000000000e+00 -1.000000000000000000e+00 0.000000000000000000e+00 0.000000000000000000e+00
-4.052350000000000119e-01 -1.018299999999999983e+00 -9.033170000000000366e-01 -8.358360000000000234e-01 -9.448729999999999629e-01 -4.199200000000000155e-01 7.401593797191496904e-02 2.546104896801345552e-01 2.520999999999999908e-01 0.000000000000000000e+00 nan nan 2.404012701481865744e-01 1.019786859760000025e-01 6.597447063250000410e-02 7.370786393839999506e-02 8.664979999999999905e+00 -1.000000000000000000e+00 -1.000000000000000000e+00 -1.000000000000000000e+00 0.000000000000000000e+00 0.000000000000000000e+00
-4.054159999999999986e-01 -1.107820000000000027e+00 -9.962929999999999842e-01 -8.791170000000000373e-01 -1.034899999999999931e+00 -4.204010000000000247e-01 8.963124744403083710e-02 2.690922980927179520e-01 2.520999999999999908e-01 4.031666262284683278e-03 nan nan 2.430991300020310941e-01 1.019786859760000025e-01 6.597447063250000410e-02 7.370786393839999506e-02 8.664979999999999905e+00 -1.000000000000000000e+00 -1.000000000000000000e+00 -1.000000000000000000e+00 0.000000000000000000e+00 0.000000000000000000e+00
-4.051199999999999801e-01 -9.559220000000000494e-01 -8.397799999999999709e-01 -1.047900000000000054e+00 -1.178539999999999921e+00 -4.176520000000000232e-01 1.074103876536952606e-01 2.859545682311396275e-01 -2.935670000000000033e-03 8.194663645025301868e-03 nan nan 2.444557454263701635e-01 9.552023482030000401e-02 7.948768456400000237e-02 9.081234984550000389e-02 4.314680000000000071e+00 1.452769999999999939e+01 -1.000000000000000000e+00 -1.000000000000000000e+00 0.000000000000000000e+00 0.000000000000000000e+00
-4.058490000000000153e-01 -1.606729999999999992e+00 -1.438690000000000024e+00 -1.025579999999999936e+00 -1.085509999999999975e+00 -4.205780000000000074e-01 1.274453223460175755e-01 3.052447317429327622e-01 2.520999999999999908e-01 1.275016635506154294e-02 nan nan 2.444557454263701635e-01 9.552023482030000401e-02 7.948768456400000237e-02 9.081234984550000389e-02 4.314680000000000071e+00 1.452769999999999939e+01 -1.000000000000000000e+00 -1.000000000000000000e+00 8.876853312087660264e-01 8.722005443158342697e-01
-4.042459999999999942e-01 -6.843270000000000186e-01 -6.223450000000000371e-01 -1.110840000000000050e+00 -1.167799999999999949e+00 -4.205599999999999894e-01 1.497891104885062941e-01 3.269827112735727015e-01 -5.640150000000000441e-01 1.795490135703781132e-02 nan nan 2.430991300020310941e-01 9.644665715939999828e-02 9.458259944310000444e-02 1.107887166849999966e-01 1.076520000000000010e+01 1.631180000000000163e+01 2.120949999999999847e+01 -1.000000000000000000e+00 8.876853312087660264e-01 8.722005443158342697e-01
-4.039849999999999830e-01 -6.617349999999999621e-01 -4.991380000000000261e-01 -9.002580000000000027e-01 -1.072270000000000056e+00 -4.188859999999999806e-01 1.744642877618267640e-01 3.511606947349439345e-01 -2.579719999999999791e-01 2.405823955431052319e-02 nan nan 2.404012701481867964e-01 9.644665715939999828e-02 9.458259944310000444e-02 1.107887166849999966e-01 1.076520000000000010e+01 1.631180000000000163e+01 2.120949999999999847e+01 -1.000000000000000000e+00 7.217289757875723355e-01 7.110404302062498516e-01
-4.054800000000000071e-01 -1.190080000000000027e+00 -9.771279999999999966e-01 -7.345399999999999707e-01 -9.363970000000000349e-01 -4.172080000000000233e-01 2.014557577713187442e-01 3.777432238194193825e-01 1.500859999999999972e-01 3.129937031696994332e-02 nan nan 2.363927336949912528e-01 9.060462395009999392e-02 7.931893259739999924e-02 1.739543929759999885e-01 9.855259999999999465e+00 2.068349999999999866e+01 2.296580000000000155e+01 2.626030000000000086e+01 7.217289757875723355e-01 7.110404302062498516e-01
-4.057180000000000231e-01 -1.419659999999999922e+00 -1.216949999999999976e+00 -8.703959999999999475e-01 -9.067549999999999777e-01 -4.185559999999999836e-01 2.307208604896230364e-01 4.066675957566547872e-01 -1.559570000000000123e-01 3.990459137070168083e-02 nan nan 2.311189389621891577e-01 9.060462395009999392e-02 7.931893259739999924e-02 1.739543929759999885e-01 9.855259999999999465e+00 2.068349999999999866e+01 2.296580000000000155e+01 2.626030000000000086e+01 4.166371082601648679e-01 5.607305636619995814e-01
-4.039179999999999993e-01 -6.234849999999999559e-01 -5.468429999999999680e-01 -8.704159999999999675e-01 -1.004420000000000091e+00 -4.178200000000000247e-01 2.622113925889401065e-01 4.378445737610310307e-01 -6.150219999999999576e-01 5.008474475313096086e-02 nan nan 2.246396401514046959e-01 8.760698783329999573e-02 6.721719052100000313e-02 1.675572956090000121e-01 9.518110000000000070e+00 1.950570000000000093e+01 2.180770000000000053e+01 3.371690000000000254e+01 4.166371082601648679e-01 5.607305636619995814e-01
-4.023320000000000229e-01 -4.195220000000000060e-01 -3.104729999999999990e-01 -9.830179999999999474e-01 -9.391350000000000531e-01 -4.166199999999999903e-01 2.958461445383564481e-01 4.711593981200926651e-01 -8.190509999999999735e-01 6.203282788928687896e-02 nan nan 2.170282503071602198e-01 8.760698783329999573e-02 6.721719052100000313e-02 1.675572956090000121e-01 9.518110000000000070e+00 1.950570000000000093e+01 2.180770000000000053e+01 3.371690000000000254e+01 7.257507380506731387e-01 6.996425877955207984e-01
-4.050349999999999784e-01 -9.507409999999999473e-01 -7.786260000000000403e-01 -9.029770000000000296e-01 -9.769370000000000553e-01 -4.148060000000000080e-01 3.315085368417036715e-01 5.064730864679456435e-01 -5.640150000000000441e-01 7.592180685366090032e-02 nan nan 2.083710095177484511e-01 9.568476930430000471e-02 8.543086787390000159e-02 1.555990534889999943e-01 1.553069999999999951e+01 2.766619999999999990e+01 3.949909999999999854e+01 4.621039999999999992e+01 7.257507380506731387e-01 6.996425877955207984e-01
-4.044980000000000242e-01 -7.723659999999999970e-01 -6.153929999999999678e-01 -8.314460000000000184e-01 -9.370110000000000383e-01 -4.170099999999999918e-01 3.690857016544881741e-01 5.417394726303160768e-01 -5.640150000000000441e-01 9.190265659546814625e-02 nan nan 1.987660077805711856e-01 9.568476930430000471e-02 8.543086787390000159e-02 1.555990534889999943e-01 1.553069999999999951e+01 2.766619999999999990e+01 3.949909999999999854e+01 4.621039999999999992e+01 7.861972246020528798e-01 9.292881267009871493e-01
-4.048390000000000044e-01 -8.738089999999999469e-01 -7.537719999999999976e-01 -9.656059999999999643e-01 -9.588090000000000224e-01 -4.168910000000000116e-01 4.084139143600288291e-01 5.767147211561409748e-01 -6.660289999999999822e-01 1.101026503321452799e-01 nan nan 1.883220736032744647e-01 1.165914175350000054e-01 6.777190246129999318e-02 1.884019994829999878e-01 1.458629999999999960e+01 5.421399999999999864e+01 6.051639999999999731e+01 7.069929999999999382e+01 7.861972246020528798e-01 9.292881267009871493e-01
-4.022600000000000064e-01 -4.552240000000000175e-01 -2.236029999999999962e-01 -9.643610000000000237e-01 -8.963219999999999521e-01 -4.182400000000000007e-01 4.492762519865635129e-01 6.128987015050775256e-01 -6.660289999999999822e-01 1.306239174929433311e-01 nan nan 1.771575409332716289e-01 1.165914175350000054e-01 6.777190246129999318e-02 1.884019994829999878e-01 1.458629999999999960e+01 5.421399999999999864e+01 6.051639999999999731e+01 7.069929999999999382e+01 6.115370553278800525e-01 8.066268813325900844e-01
-4.019449999999999967e-01 -3.808449999999999891e-01 -2.814809999999999812e-01 -9.184080000000000021e-01 -8.968800000000000106e-01 -4.143080000000000096e-01 4.914519108663299995e-01 6.498316632759786327e-01 -8.190509999999999735e-01 1.535422865516833379e-01 nan nan 1.653989083868345755e-01 2.032779474389999896e-01 7.365715322730000125e-02 2.066048350809999989e-01 3.369550000000000267e+01 5.981410000000000338e+01 7.631359999999999388e+01 7.840510000000000446e+01 6.115370553278800525e-01 8.066268813325900844e-01
-4.039499999999999758e-01 -7.328029999999999822e-01 -4.232670000000000043e-01 -9.872990000000000377e-01 -9.183940000000000436e-01 -3.982180000000000164e-01 5.334259799201268581e-01 6.870453698089087347e-01 -6.660289999999999822e-01 1.789064258598497270e-01 nan nan 1.531794059692255239e-01 2.032779474389999896e-01 7.365715322730000125e-02 2.066048350809999989e-01 3.369550000000000267e+01 5.981410000000000338e+01 7.631359999999999388e+01 7.840510000000000446e+01 1.374820603209770953e-01 5.262714365347411771e-01
-4.027080000000000104e-01 -5.708320000000000061e-01 -2.464129999999999932e-01 -8.510469999999999979e-01 -8.615319999999999645e-01 -3.587949999999999751e-01 5.746106798513668235e-01 7.240684034935982449e-01 -6.150219999999999576e-01 2.067372922147211467e-01 nan nan 1.406374855255018153e-01 2.524264430200000020e-01 9.051256600389999407e-02 2.043796060829999872e-01 2.724490000000000123e+01 7.680660000000000309e+01 9.082179999999999609e+01 9.231289999999999907e+01 1.374820603209770953e-01 5.262714365347411771e-01
-3.993030000000000190e-01 -2.946619999999999795e-01 1.950419999999999932e-02 -8.234890000000000265e-01 -7.785210000000000186e-01 -1.733870000000000133e-01 6.159046345824276125e-01 7.604315071193377129e-01 -6.150219999999999576e-01 2.370278934104820268e-01 nan nan 1.279152520257873515e-01 2.524264430200000020e-01 9.051256600389999407e-02 2.043796060829999872e-01 2.724490000000000123e+01 7.680660000000000309e+01 9.082179999999999609e+01 9.231289999999999907e+01 1.385461629550404083e-01 4.614650621372593520e-01
-3.897059999999999969e-01 2.186509999999999843e-02 3.961049999999999849e-01 -8.854840000000000488e-01 -7.535589999999999788e-01 3.790819999999999745e-01 6.571539250814923960e-01 7.956729007466797343e-01 -5.640150000000000441e-01 2.697433674627098821e-01 nan nan 1.151568534591809190e-01 3.146760976469999971e-01 7.912532017829999875e-02 2.837805464939999744e-01 3.846560000000000201e+01 9.532170000000000698e+01 1.122960000000000065e+02 1.101970000000000027e+02 1.385461629550404083e-01 4.614650621372593520e-01
-3.374229999999999730e-01 5.636830000000000451e-01 9.816249999999999698e-01 -7.306390000000000384e-01 -4.706219999999999848e-01 1.031120000000000037e+00 6.978911804048266720e-01 8.293435138586715549e-01 -5.640150000000000441e-01 3.048213776085886284e-01 nan nan 1.025068475794395084e-01 3.146760976469999971e-01 7.912532017829999875e-02 2.837805464939999744e-01 3.846560000000000201e+01 9.532170000000000698e+01 1.122960000000000065e+02 1.101970000000000027e+02 1.741581311083583161e-01 3.354428304423385798e-01
-7.950619999999999910e-02 1.129680000000000017e+00 1.591669999999999918e+00 -8.637899999999999467e-01 -5.144229999999999636e-01 1.516820000000000057e+00 7.376548311718358342e-01 8.610120735092513522e-01 -6.150219999999999576e-01 3.421728186073391687e-01 nan nan 9.010856400786637632e-02 3.344996649390000187e-01 7.389041981489999356e-02 3.218720766340000261e-01 2.884250000000000114e+01 8.607869999999999777e+01 1.158190000000000026e+02 1.231299999999999955e+02 1.741581311083583161e-01 3.354428304423385798e-01
1.020710000000000006e+00 1.676600000000000090e+00 2.099720000000000031e+00 -1.421769999999999978e-01 3.316859999999999808e-01 2.557179999999999787e+00 7.759943393305808179e-01 8.902699908180549127e-01 -5.640150000000000441e-01 3.816828263382026076e-01 nan nan 7.810248025143018413e-02 3.344996649390000187e-01 7.389041981489999356e-02 3.218720766340000261e-01 2.884250000000000114e+01 8.607869999999999777e+01 1.158190000000000026e+02 1.231299999999999955e+02 2.064631956912029720e-01 3.524313866937731632e-01
1.213130000000000042e+00 1.723629999999999995e+00 2.127229999999999954e+00 2.712399999999999811e-01 8.354059999999999819e-01 3.090899999999999981e+00 8.124753029339328858e-01 9.167359904456945374e-01 -5.640150000000000441e-01 4.232120792568258016e-01 nan nan 6.662463003647922655e-02 4.017927798800000061e-01 7.622739981699999667e-02 2.823509459949999911e-01 2.612569999999999837e+01 8.184969999999999857e+01 1.160480000000000018e+02 1.287150000000000034e+02 2.064631956912029720e-01 3.524313866937731632e-01
1.211589999999999945e+00 1.723840000000000039e+00 2.115800000000000125e+00 4.470259999999999789e-01 9.933969999999999745e-01 2.942579999999999973e+00 8.466843780872129743e-01 9.400604305957036555e-01 -6.150219999999999576e-01 4.625667107017441548e-01 nan nan 5.580506199226464847e-02 4.017927798800000061e-01 7.622739981699999667e-02 2.823509459949999911e-01 2.612569999999999837e+01 8.184969999999999857e+01 1.160480000000000018e+02 1.287150000000000034e+02 2.109760822469483044e-01 3.484277142013968431e-01
1.662139999999999951e+00 1.815110000000000001e+00 2.181649999999999867e+00 3.566639999999999810e-01 9.760929999999999884e-01 3.178500000000000103e+00 8.782339622996810924e-01 9.599292645958001913e-01 -6.150219999999999576e-01 5.034638143561143142e-01 nan nan 4.576636614800799752e-02 4.396639014479999941e-01 6.695427991810000423e-02 2.635468181639999963e-01 2.482509999999999906e+01 8.243909999999999627e+01 1.164879999999999995e+02 1.270310000000000059e+02 2.109760822469483044e-01 3.484277142013968431e-01
1.907229999999999981e+00 1.856179999999999941e+00 2.198789999999999800e+00 4.612120000000000108e-01 1.083420000000000050e+00 3.515029999999999877e+00 9.067665861756362133e-01 9.760675991721717848e-01 -6.150219999999999576e-01 5.454400096938791798e-01 nan nan 3.662228493888364245e-02 4.396639014479999941e-01 6.695427991810000423e-02 2.635468181639999963e-01 2.482509999999999906e+01 8.243909999999999627e+01 1.164879999999999995e+02 1.270310000000000059e+02 2.273468920017681638e-01 3.951208315572023455e-01
2.062199999999999811e+00 1.880600000000000049e+00 2.193099999999999827e+00 2.092660000000000076e-01 6.155119999999999481e-01 3.182620000000000005e+00 9.319589636855052373e-01 9.882428091001078663e-01 -5.130080000000000195e-01 5.880196896490250680e-01 nan nan 2.847642445878073580e-02 5.008520313040000227e-01 5.022930616250000091e-02 2.158424019640000080e-01 2.541959999999999908e+01 7.691339999999999577e+01 1.059159999999999968e+02 1.134270000000000067e+02 2.273468920017681638e-01 3.951208315572023455e-01
2.449040000000000106e+00 1.934409999999999963e+00 2.171839999999999993e+00 4.642939999999999845e-01 7.159119999999999928e-01 2.704180000000000028e+00 9.535256551257383917e-01 9.962671729407492904e-01 -3.089790000000000036e-01 6.307204094336831268e-01 nan nan 2.142108056185931808e-02 5.008520313040000227e-01 5.022930616250000091e-02 2.158424019640000080e-01 2.541959999999999908e+01 7.691339999999999577e+01 1.059159999999999968e+02 1.134270000000000067e+02 2.620912072380806590e-01 4.445715972062825871e-01
2.292349999999999888e+00 1.913470000000000004e+00 2.152379999999999960e+00 6.175049999999999706e-01 1.151529999999999943e+00 3.268400000000000194e+00 9.712223012647051013e-01 1.000000000000000000e+00 -3.089790000000000036e-01 6.730583528303515362e-01 nan nan 1.553619311364373701e-02 5.670462139659999679e-01 3.926160654520000071e-02 1.876770937209999990e-01 2.229070000000000107e+01 7.312909999999999400e+01 9.634310000000000684e+01 1.013960000000000008e+02 2.620912072380806590e-01 4.445715972062825871e-01
3.233849999999999891e+00 2.024869999999999948e+00 2.057960000000000012e+00 9.643620000000000525e-01 1.123150000000000093e+00 3.906779999999999919e+00 9.848483920304297312e-01 9.993492244103079347e-01 -3.089790000000000036e-01 7.145538140229621416e-01 nan nan 1.088844024040436231e-02 5.670462139659999679e-01 3.926160654520000071e-02 1.876770937209999990e-01 2.229070000000000107e+01 7.312909999999999400e+01 9.634310000000000684e+01 1.013960000000000008e+02 3.000933136156025416e-01 4.917401711643768492e-01
4.224079999999999835e+00 2.114030000000000076e+00 1.958169999999999966e+00 9.756340000000000012e-01 1.375150000000000095e+00 3.362039999999999917e+00 9.942495383698274347e-01 9.949444228123949241e-01 -2.579719999999999791e-01 7.547366328554576675e-01 nan nan 4.383597651354098623e-03 6.290992855329999855e-01 3.383650431699999905e-02 1.668628060869999929e-01 2.111580000000000013e+01 6.584629999999999939e+01 8.677259999999999707e+01 8.965340000000000487e+01 3.000933136156025416e-01 4.917401711643768492e-01
4.876380000000000159e+00 2.162980000000000125e+00 1.936800000000000077e+00 1.333879999999999955e+00 1.847499999999999920e+00 2.198570000000000135e+00 9.993192215383648325e-01 9.861847277787425536e-01 -2.069640000000000091e-01 7.931515219342262224e-01 nan nan 1.957505254688740592e-03 6.290992855329999855e-01 3.383650431699999905e-02 1.668628060869999929e-01 2.111580000000000013e+01 6.584629999999999939e+01 8.677259999999999707e+01 8.965340000000000487e+01 3.244694493405293478e-01 5.110994524051546417e-01
3.918670000000000098e+00 2.089150000000000063e+00 1.960050000000000070e+00 1.246620000000000061e+00 1.376689999999999969e+00 2.329689999999999817e+00 1.000000000000000000e+00 9.731693901542788350e-01 -3.089790000000000036e-01 8.293632252161944329e-01 nan nan 4.907664586916160587e-04 6.601994879710000319e-01 2.893240638860000019e-02 1.592358831929999996e-01 1.573850000000000016e+01 5.038649999999999807e+01 6.824349999999999739e+01 7.290569999999999595e+01 3.244694493405293478e-01 5.110994524051546417e-01
2.085409999999999986e+00 1.884840000000000071e+00 1.870200000000000085e+00 1.115189999999999904e+00 1.791700000000000070e+00 1.780049999999999910e+00 9.962841602627376947e-01 9.560458789149538505e-01 -2.579719999999999791e-01 8.629614496337152385e-01 nan nan 0.000000000000000000e+00 6.601994879710000319e-01 2.893240638860000019e-02 1.592358831929999996e-01 1.573850000000000016e+01 5.038649999999999807e+01 6.824349999999999739e+01 7.290569999999999595e+01 3.761411818633255688e-01 5.421746401285372219e-01
1.183720000000000105e+00 1.716800000000000104e+00 1.631410000000000027e+00 8.873400000000000176e-01 1.248199999999999976e+00 6.726769999999999694e-01 9.882138042755748142e-01 9.350082102853171095e-01 -2.069640000000000091e-01 8.935655138789688756e-01 nan nan 4.907664586916160587e-04 7.076755944120000086e-01 2.504313804460000029e-02 1.288049484709999915e-01 1.049310000000000009e+01 3.343919999999999959e+01 4.810900000000000176e+01 5.745349999999999824e+01 3.761411818633255688e-01 5.421746401285372219e-01
8.122920000000000140e-01 1.618689999999999962e+00 1.492369999999999974e+00 7.848030000000000284e-01 1.119119999999999893e+00 2.463380000000000014e-01 9.758803723965966403e-01 9.102947494571683729e-01 -1.559570000000000123e-01 9.208286616752928699e-01 nan nan 1.957505254688740592e-03 7.076755944120000086e-01 2.504313804460000029e-02 1.288049484709999915e-01 1.049310000000000009e+01 3.343919999999999959e+01 4.810900000000000176e+01 5.745349999999999824e+01 4.240803697620230128e-01 5.450929599632750033e-01
9.418929999999999803e-01 1.655640000000000001e+00 1.356670000000000043e+00 7.597749999999999782e-01 1.375150000000000095e+00 2.009589999999999987e-01 9.594236073371814610e-01 8.821855098166881959e-01 -1.559570000000000123e-01 9.444419906643541918e-01 nan nan 4.383597651354098623e-03 7.285468519809999988e-01 2.391910686599999988e-02 9.820026039910000060e-02 8.383340000000000458e+00 2.356040000000000134e+01 3.425889999999999702e+01 4.452709999999999724e+01 4.240803697620230128e-01 5.450929599632750033e-01
1.179550000000000098e+00 1.715850000000000097e+00 1.461649999999999894e+00 6.503100000000000547e-01 1.300429999999999975e+00 4.210659999999999958e-01 9.390299708212420660e-01 8.509989802808857196e-01 -1.049500000000000016e-01 9.641379523932984696e-01 nan nan 1.088844024040436231e-02 7.285468519809999988e-01 2.391910686599999988e-02 9.820026039910000060e-02 8.383340000000000458e+00 2.356040000000000134e+01 3.425889999999999702e+01 4.452709999999999724e+01 4.731982559630674157e-01 5.447224317145948902e-01
2.519340000000000135e+00 1.943449999999999900e+00 1.513179999999999970e+00 1.137720000000000065e+00 1.791639999999999899e+00 2.110180000000000111e-01 9.149305308993878061e-01 8.170885166909063191e-01 9.907870000000000565e-02 9.796933837456301974e-01 nan nan 1.858380272692317092e-02 7.431724528540000207e-01 2.753369799729999887e-02 8.286435884659999751e-02 7.350889999999999702e+00 1.725619999999999976e+01 2.582219999999999871e+01 3.222760000000000247e+01 4.731982559630674157e-01 5.447224317145948902e-01
-2.963299999999999823e-01 7.356489999999999974e-01 6.092689999999999495e-01 2.630529999999999813e-01 7.571940000000000337e-01 7.791869999999999630e-01 8.873983438555808068e-01 7.808383381491583730e-01 -2.935670000000000033e-03 9.909320354684926224e-01 nan nan 2.761557536312708727e-02 7.431724528540000207e-01 2.753369799729999887e-02 8.286435884659999751e-02 7.350889999999999702e+00 1.725619999999999976e+01 2.582219999999999871e+01 3.222760000000000247e+01 4.889142333276945696e-01 5.598091615568745461e-01
1.238329999999999931e+00 1.729500000000000037e+00 1.408239999999999936e+00 1.030080000000000107e+00 1.577760000000000051e+00 2.630460000000000020e-01 8.567453603703309994e-01 7.426591736633562091e-01 -1.049500000000000016e-01 9.977265691471280951e-01 nan nan 3.811450634023483275e-02 7.387340082129999486e-01 3.204646508470000016e-02 8.295085089669999856e-02 4.731230000000000047e+00 1.673250000000000171e+01 2.117449999999999832e+01 2.548100000000000165e+01 4.889142333276945696e-01 5.598091615568745461e-01
-1.911859999999999948e-01 9.732060000000000155e-01 1.057320000000000038e+00 6.785839999999999650e-01 1.290610000000000035e+00 2.969809999999999950e-01 8.233188909948373491e-01 7.029836084227439885e-01 4.807150000000000312e-02 1.000000000000000000e+00 nan nan 5.019472035921568320e-02 7.387340082129999486e-01 3.204646508470000016e-02 8.295085089669999856e-02 4.731230000000000047e+00 1.673250000000000171e+01 2.117449999999999832e+01 2.548100000000000165e+01 4.967285665173285514e-01 5.670197068564121201e-01
3.139949999999999797e+00 2.015169999999999906e+00 1.475780000000000092e+00 1.423049999999999926e+00 1.780210000000000070e+00 -1.923549999999999913e-02 7.874976709836631894e-01 6.622611824350495002e-01 4.807150000000000312e-02 9.977265691471280951e-01 nan nan 6.395242555232572013e-02 7.250731135339999467e-01 4.968173766859999840e-02 6.918263863909999978e-02 1.107409999999999961e+01 1.589899999999999913e+01 2.014610000000000056e+01 2.324159999999999826e+01 4.967285665173285514e-01 5.670197068564121201e-01
-1.972800000000000109e-01 9.937080000000000357e-01 7.567319999999999602e-01 6.598319999999999741e-01 1.180449999999999999e+00 1.711759999999999948e-01 7.496875690729690733e-01 6.209532970585689426e-01 -1.049500000000000016e-01 9.909320354684926224e-01 nan nan 7.946482340652716303e-02 7.250731135339999467e-01 4.968173766859999840e-02 6.918263863909999978e-02 1.107409999999999961e+01 1.589899999999999913e+01 2.014610000000000056e+01 2.324159999999999826e+01 4.871680136205137623e-01 5.715873692494344294e-01
-3.540929999999999911e-01 4.803560000000000052e-01 5.636520000000000419e-01 9.079520000000000646e-02 4.585310000000000219e-01 -2.888290000000000024e-01 7.103169888255524977e-01 5.795279871404115379e-01 -1.049500000000000016e-01 9.796933837456301974e-01 nan nan 9.678923403979189377e-02 6.810969836219999962e-01 4.571246948240000052e-02 8.553858476990000570e-02 8.484930000000000305e+00 1.819650000000000034e+01 1.897180000000000177e+01 2.166809999999999903e+01 4.871680136205137623e-01 5.715873692494344294e-01
-1.939400000000000152e-02 1.191540000000000044e+00 1.079050000000000065e+00 3.518510000000000248e-01 9.066130000000000022e-01 -3.125249999999999972e-01 6.698320146473031311e-01 5.384546179946636535e-01 -2.935670000000000033e-03 9.641379523932984696e-01 nan nan 1.159624467412615489e-01 6.810969836219999962e-01 4.571246948240000052e-02 8.553858476990000570e-02 8.484930000000000305e+00 1.819650000000000034e+01 1.897180000000000177e+01 2.166809999999999903e+01 5.066492772287494173e-01 5.827392858313933388e-01
4.558180000000000009e-01 1.491670000000000051e+00 1.076259999999999994e+00 6.718640000000000168e-01 1.274250000000000105e+00 -2.943830000000000058e-01 6.286913574726348264e-01 4.981985673058325625e-01 -1.559570000000000123e-01 9.444419906643541918e-01 nan nan 1.370003031339018795e-01 6.522675118999999855e-01 3.442114347019999826e-02 8.459649417869999355e-02 1.054359999999999964e+01 2.089410000000000167e+01 2.285210000000000008e+01 2.690390000000000015e+01 5.066492772287494173e-01 5.827392858313933388e-01
-3.235370000000000190e-01 7.112619999999999498e-01 7.941489999999999938e-01 -3.978829999999999867e-01 1.458379999999999954e-01 -9.881130000000000468e-02 5.873611573863093405e-01 4.572700277674606184e-01 -3.599859999999999727e-01 9.208286616752930920e-01 nan nan 1.598975176825827571e-01 6.522675118999999855e-01 3.442114347019999826e-02 8.459649417869999355e-02 1.054359999999999964e+01 2.089410000000000167e+01 2.285210000000000008e+01 2.690390000000000015e+01 4.909551276104621165e-01 5.822310391186018563e-01
-3.971890000000000143e-01 -1.992760000000000087e-01 -3.358480000000000059e-03 -3.148369999999999780e-01 2.225359999999999838e-02 -2.326799999999999979e-01 5.463097020700147244e-01 4.159272178454341828e-01 -3.599859999999999727e-01 8.935655138789690977e-01 nan nan 1.846277375813050181e-01 6.592231801429999649e-01 1.810857634270000155e-02 9.537725042670000541e-02 2.485950000000000060e+01 2.875560000000000116e+01 2.960470000000000113e+01 3.652250000000000085e+01 4.909551276104621165e-01 5.822310391186018563e-01
-3.534379999999999744e-01 5.040660000000000140e-01 5.506130000000000191e-01 -2.012760000000000105e-01 3.369829999999999770e-01 -2.265429999999999944e-01 5.060021209158139799e-01 3.762348446251684297e-01 -3.599859999999999727e-01 8.629614496337155716e-01 nan nan 2.080962317277422757e-01 6.592231801429999649e-01 1.810857634270000155e-02 9.537725042670000541e-02 2.485950000000000060e+01 2.875560000000000116e+01 2.960470000000000113e+01 3.652250000000000085e+01 4.815855674941201814e-01 5.799062202839624369e-01
8.067159999999999886e-01 1.622370000000000090e+00 1.446590000000000042e+00 1.213109999999999911e+00 1.503659999999999997e+00 -2.069239999999999968e-01 4.665819219750674263e-01 3.383543792040856202e-01 -2.069640000000000091e-01 8.293632252161946550e-01 nan nan 2.331839778936692920e-01 4.996422666149999969e-01 2.183875781890000020e-02 1.060039475309999951e-01 1.910879999999999868e+01 3.436939999999999884e+01 4.171730000000000160e+01 4.538110000000000355e+01 4.815855674941201814e-01 5.799062202839624369e-01
1.524249999999999997e-03 1.213209999999999900e+00 4.092740000000000267e-01 6.610859999999999514e-01 8.034759999999999680e-01 -2.709900000000000087e-01 4.266264997339261900e-01 3.024267630402416307e-01 -5.394290000000000196e-02 7.931515219342263334e-01 nan nan 2.596067218904716256e-01 4.996422666149999969e-01 2.183875781890000020e-02 1.060039475309999951e-01 1.910879999999999868e+01 3.436939999999999884e+01 4.171730000000000160e+01 4.538110000000000355e+01 4.720522992802300699e-01 5.788339836705249652e-01
-3.619080000000000075e-01 4.987579999999999791e-01 6.234429999999999694e-01 -6.109379999999999811e-01 -2.180030000000000023e-01 -3.488919999999999799e-01 3.866090441509113518e-01 2.685708110292887030e-01 -5.130080000000000195e-01 7.547366328554576675e-01 nan nan 2.870650834706726107e-01 2.926589010799999779e-01 3.413959654769999769e-02 1.343545749600000005e-01 2.425150000000000006e+01 5.225769999999999982e+01 5.460329999999999728e+01 5.684499999999999886e+01 4.720522992802300699e-01 5.788339836705249652e-01
-3.554490000000000149e-01 5.659769999999999524e-01 7.188860000000000250e-01 -7.678899999999999615e-01 -5.146960000000000424e-01 -3.337729999999999864e-01 3.484195829376344200e-01 2.368818652842318295e-01 -8.190509999999999735e-01 7.145538140229621416e-01 nan nan 3.152479484257639797e-01 2.926589010799999779e-01 3.413959654769999769e-02 1.343545749600000005e-01 2.425150000000000006e+01 5.225769999999999982e+01 5.460329999999999728e+01 5.684499999999999886e+01 4.097231696070461338e-01 5.679279929173361996e-01
-3.965110000000000023e-01 -9.035920000000000063e-02 8.999379999999999880e-02 -5.783150000000000235e-01 -3.322470000000000145e-01 -3.771390000000000020e-01 3.121433609383099661e-01 2.074307148711920235e-01 -5.640150000000000441e-01 6.730583528303516472e-01 nan nan 3.438359936345030121e-01 2.187809517640000034e-01 5.527618162580000272e-02 1.467200361300000089e-01 2.505300000000000082e+01 4.276659999999999684e+01 5.421719999999999828e+01 5.693619999999999948e+01 4.097231696070461338e-01 5.679279929173361996e-01
-4.055289999999999728e-01 -1.264909999999999979e+00 -1.406940000000000079e+00 -7.581210000000000448e-01 -6.450310000000000210e-01 -4.102439999999999976e-01 2.779288125561385492e-01 1.802627937410001824e-01 1.500859999999999972e-01 6.307204094336833489e-01 nan nan 3.725053051214717303e-01 2.187809517640000034e-01 5.527618162580000272e-02 1.467200361300000089e-01 2.505300000000000082e+01 4.276659999999999684e+01 5.421719999999999828e+01 5.693619999999999948e+01 4.012594609638041598e-01 5.894973276059940481e-01
-3.996140000000000247e-01 -2.340939999999999965e-01 -8.059550000000000047e-02 -7.863560000000000549e-01 -4.715019999999999767e-01 -3.950429999999999775e-01 2.459697487630524426e-01 1.553976659443812025e-01 -1.049500000000000016e-01 5.880196896490252900e-01 nan nan 4.009310481318467678e-01 2.104770271130000092e-01 7.847830553359999572e-02 1.375531789190000131e-01 1.266220000000000034e+01 4.359980000000000189e+01 5.863889999999999958e+01 6.615149999999999864e+01 4.012594609638041598e-01 5.894973276059940481e-01
-3.987149999999999861e-01 -1.653439999999999910e-01 -5.941099999999999853e-02 -5.901229999999999531e-01 -4.233910000000000173e-01 -3.727199999999999958e-01 2.163063605016984914e-01 1.328288039634404338e-01 -6.660289999999999822e-01 5.454400096938794018e-01 nan nan 4.287911476389703047e-01 2.104770271130000092e-01 7.847830553359999572e-02 1.375531789190000131e-01 1.266220000000000034e+01 4.359980000000000189e+01 5.863889999999999958e+01 6.615149999999999864e+01 3.685778677565988426e-01 5.815883529527494655e-01
-4.005569999999999964e-01 -3.341000000000000081e-01 -5.612980000000000053e-02 -5.143450000000000522e-01 -4.236150000000000193e-01 -3.730859999999999732e-01 1.889128394472190386e-01 1.125236626710507393e-01 -6.660289999999999822e-01 5.034638143561145363e-01 nan nan 4.557699375830954747e-01 2.656967905950000097e-01 8.842613314519999490e-02 1.396223675920000018e-01 3.015619999999999834e+01 6.224600000000000222e+01 7.119809999999999661e+01 7.373659999999999570e+01 3.685778677565988426e-01 5.815883529527494655e-01
-3.864750000000000130e-01 2.117580000000000018e-01 3.252470000000000083e-01 -3.975980000000000070e-01 -2.248259999999999981e-01 -3.610180000000000056e-01 1.637635067649783061e-01 9.442404808014670525e-02 -8.190509999999999735e-01 4.625667107017442659e-01 nan nan 4.815617374939780149e-01 2.656967905950000097e-01 8.842613314519999490e-02 1.396223675920000018e-01 3.015619999999999834e+01 6.224600000000000222e+01 7.119809999999999661e+01 7.373659999999999570e+01 8.232989364430596257e-01 6.157818801849362922e-01
-3.837160000000000015e-01 2.662769999999999859e-01 3.747659999999999880e-01 -5.107869999999999910e-01 -4.363620000000000276e-01 -3.381190000000000029e-01 1.408420905927654232e-01 7.844677670485100673e-02 -8.190509999999999735e-01 4.232120792568259127e-01 nan nan 5.058743159727471239e-01 2.926865144829999821e-01 1.004945732059999985e-01 1.122450285439999945e-01 3.132430000000000092e+01 6.859550000000000125e+01 7.712139999999999418e+01 6.974930000000000518e+01 8.232989364430596257e-01 6.157818801849362922e-01
-3.934000000000000274e-01 5.439460000000000128e-02 1.411419999999999897e-01 -4.723490000000000189e-01 -4.733089999999999797e-01 -3.550079999999999902e-01 1.201240888301114973e-01 6.448461806260874507e-02 -8.190509999999999735e-01 3.816828263382027187e-01 nan nan 5.284322017904250490e-01 2.926865144829999821e-01 1.004945732059999985e-01 1.122450285439999945e-01 3.132430000000000092e+01 6.859550000000000125e+01 7.712139999999999418e+01 6.974930000000000518e+01 1.928808805312873798e-01 5.817129553726596569e-01
-4.017649999999999832e-01 -4.518119999999999914e-01 -1.224350000000000022e-01 -7.048130000000000228e-01 -6.077200000000000379e-01 -3.970830000000000193e-01 1.015486759863108990e-01 5.240750963840068444e-02 -7.170360000000000067e-01 3.421728186073392797e-01 nan nan 5.489798050870235979e-01 2.906933891660000158e-01 9.857191171569999744e-02 9.032897318850000024e-02 2.005110000000000170e+01 5.597409999999999997e+01 5.854670000000000130e+01 5.651989999999999981e+01 1.928808805312873798e-01 5.817129553726596569e-01
-3.809279999999999888e-01 2.151849999999999874e-01 5.278350000000000541e-01 -3.124100000000000210e-01 -4.865760000000000085e-01 -3.976649999999999907e-01 8.503681002665242072e-02 4.206403054500995609e-02 -7.170360000000000067e-01 3.048213776085887394e-01 nan nan 5.672843133067868582e-01 2.906933891660000158e-01 9.857191171569999744e-02 9.032897318850000024e-02 2.005110000000000170e+01 5.597409999999999997e+01 5.854670000000000130e+01 5.651989999999999981e+01 2.634063289550512277e-01 5.911106010427256141e-01
-3.836169999999999858e-01 2.399310000000000054e-01 4.489190000000000125e-01 -7.847530000000000339e-01 -7.843989999999999574e-01 -3.942100000000000048e-01 7.049973925268038233e-02 3.328311718217813464e-02 -7.680439999999999490e-01 2.697433674627099931e-01 nan nan 5.831383290574740919e-01 2.559820023139999789e-01 1.120549549799999961e-01 6.616506329469999670e-02 1.679680000000000106e+01 4.269930000000000092e+01 5.303679999999999950e+01 4.903719999999999857e+01 2.634063289550512277e-01 5.911106010427256141e-01
-4.012939999999999841e-01 -3.785970000000000169e-01 -1.070789999999999936e-01 -8.907629999999999715e-01 -9.765000000000000346e-01 -4.107009999999999827e-01 5.783128955432015328e-02 2.587600145555013498e-02 -7.680439999999999490e-01 2.370278934104820268e-01 nan nan 5.963622200056870604e-01 2.559820023139999789e-01 1.120549549799999961e-01 6.616506329469999670e-02 1.679680000000000106e+01 4.269930000000000092e+01 5.303679999999999950e+01 4.903719999999999857e+01 9.457853350286217209e-01 9.089057940125258028e-01
-4.001339999999999897e-01 -2.416560000000000097e-01 -1.272959999999999925e-01 -1.006639999999999979e+00 -1.128800000000000026e+00 -3.808150000000000146e-01 4.691607933219776871e-02 1.963834959461074892e-02 -7.170360000000000067e-01 2.067372922147212577e-01 nan nan 6.068061541829836703e-01 2.036746058159999984e-01 1.039557867739999975e-01 6.619114630550000655e-02 1.723819999999999908e+01 4.240930000000000177e+01 5.070770000000000266e+01 5.133539999999999992e+01 9.457853350286217209e-01 9.089057940125258028e-01
-4.056370000000000253e-01 -1.217589999999999950e+00 -1.352479999999999905e+00 -9.184870000000000534e-01 -1.069700000000000095e+00 -3.706999999999999740e-01 3.762093668131172297e-02 1.435257733595263208e-02 -1.049500000000000016e-01 1.789064258598499491e-01 nan nan 6.143517976419510251e-01 2.036746058159999984e-01 1.039557867739999975e-01 6.619114630550000655e-02 1.723819999999999908e+01 4.240930000000000177e+01 5.070770000000000266e+01 5.133539999999999992e+01 8.396151768320300190e-01 8.745450372167754560e-01
-4.011989999999999723e-01 -3.058600000000000207e-01 -2.366949999999999887e-01 -9.084900000000000198e-01 -9.339119999999999644e-01 -3.672250000000000236e-01 2.977379704843707842e-02 9.790315239922686708e-03 -2.069640000000000091e-01 1.535422865516833379e-01 nan nan 6.189136552271126135e-01 1.254658212820000118e-01 9.220935820009999728e-02 7.384931848990000658e-02 1.557039999999999935e+01 3.706459999999999866e+01 4.709949999999999903e+01 4.573879999999999768e+01 8.396151768320300190e-01 8.745450372167754560e-01
-3.882349999999999968e-01 1.754769999999999941e-01 3.075879999999999725e-01 -9.760990000000000499e-01 -1.055139999999999967e+00 -3.766570000000000196e-01 2.319278781484046537e-02 5.714996207625722136e-03 -8.190509999999999735e-01 1.306239174929433311e-01 nan nan 6.204400392692027699e-01 1.254658212820000118e-01 9.220935820009999728e-02 7.384931848990000658e-02 1.557039999999999935e+01 3.706459999999999866e+01 4.709949999999999903e+01 4.573879999999999768e+01 9.319410869126290020e-01 8.390071154539791021e-01
-3.906910000000000105e-01 1.266480000000000106e-01 2.284829999999999917e-01 -9.788930000000000131e-01 -1.019949999999999912e+00 -3.954840000000000022e-01 1.769178096098811270e-02 1.884535880681048603e-03 -8.190509999999999735e-01 1.101026503321455019e-01 nan nan 6.189136552271126135e-01 8.931407963180000575e-02 6.013263662869999804e-02 7.236822517079999351e-02 1.072230000000000061e+01 2.341219999999999857e+01 2.978049999999999997e+01 3.549320000000000164e+01 9.319410869126290020e-01 8.390071154539791021e-01
-3.991939999999999933e-01 -1.713770000000000016e-01 -1.065340000000000037e-01 -9.156009999999999982e-01 -1.026839999999999975e+00 -4.075550000000000006e-01 1.304390833509760927e-02 0.000000000000000000e+00 -7.680439999999999490e-01 9.190265659546814625e-02 nan nan 6.143517976419510251e-01 8.931407963180000575e-02 6.013263662869999804e-02 7.236822517079999351e-02 1.072230000000000061e+01 2.341219999999999857e+01 2.978049999999999997e+01 3.549320000000000164e+01 6.423250915401111927e-01 7.769354362724203433e-01
-4.048220000000000152e-01 -9.456780000000000186e-01 -5.810880000000000489e-01 -9.910609999999999697e-01 -1.108370000000000077e+00 -4.184479999999999866e-01 9.039847559037306191e-03 0.000000000000000000e+00 -7.680439999999999490e-01 7.592180685366112236e-02 nan nan 6.068061541829836703e-01 8.179524328600000505e-02 7.214491822040000613e-02 8.321125832669999667e-02 1.423099999999999987e+01 2.240330000000000155e+01 2.732610000000000028e+01 3.005349999999999966e+01 6.423250915401111927e-01 7.769354362724203433e-01
-4.046580000000000177e-01 -7.750280000000000502e-01 -7.411130000000000217e-01 -9.084320000000000173e-01 -1.108430000000000026e+00 -4.190789999999999793e-01 5.496359247907034451e-03 0.000000000000000000e+00 -8.190509999999999735e-01 6.203282788928687896e-02 nan nan 5.994098296189664943e-01 8.179524328600000505e-02 7.214491822040000613e-02 8.321125832669999667e-02 1.423099999999999987e+01 2.240330000000000155e+01 2.732610000000000028e+01 3.005349999999999966e+01 7.376686875521819564e-01 8.497786667541070704e-01
-4.052259999999999751e-01 -9.699539999999999829e-01 -9.783669999999999867e-01 -1.026319999999999899e+00 -1.132889999999999953e+00 -4.150570000000000093e-01 2.212145121767261635e-03 0.000000000000000000e+00 -8.190509999999999735e-01 5.008474475313096086e-02 nan nan 5.893328238587420831e-01 7.916620341589999943e-02 7.003922259950000340e-02 6.903034583959999360e-02 1.080450000000000088e+01 2.611769999999999925e+01 3.127280000000000015e+01 3.348239999999999839e+01 7.376686875521819564e-01 8.497786667541070704e-01
-4.058370000000000033e-01 -1.519589999999999996e+00 -1.504170000000000007e+00 -8.682900000000000063e-01 -1.115450000000000053e+00 -4.080960000000000143e-01 3.040534646742143465e-04 0.000000000000000000e+00 -2.069640000000000091e-01 3.990459137070168083e-02 nan nan 5.769223951882409551e-01 7.916620341589999943e-02 7.003922259950000340e-02 6.903034583959999360e-02 1.080450000000000088e+01 2.611769999999999925e+01 3.127280000000000015e+01 3.348239999999999839e+01 8.360354264323094364e-01 8.898580188215234887e-01
-4.057569999999999788e-01 -1.382910000000000084e+00 -1.408220000000000027e+00 -9.936719999999999997e-01 -1.108910000000000062e+00 -4.021029999999999882e-01 0.000000000000000000e+00 0.000000000000000000e+00 -1.049500000000000016e-01 3.129937031696994332e-02 nan nan 5.625522405073557497e-01 1.200728819900000049e-01 7.876020860709999349e-02 6.163433029379999928e-02 1.516089999999999982e+01 2.832229999999999848e+01 3.510070000000000334e+01 3.652190000000000225e+01 8.360354264323094364e-01 8.898580188215234887e-01
-4.025369999999999782e-01 -4.307750000000000190e-01 -3.509260000000000157e-01 -1.053109999999999991e+00 -1.097029999999999950e+00 -4.045099999999999807e-01 0.000000000000000000e+00 0.000000000000000000e+00 -7.170360000000000067e-01 2.405823955431052319e-02 nan nan 5.466182611947429937e-01 1.200728819900000049e-01 7.876020860709999349e-02 6.163433029379999928e-02 1.516089999999999982e+01 2.832229999999999848e+01 3.510070000000000334e+01 3.652190000000000225e+01 7.293850578162430764e-01 7.654162704528314487e-01
-3.966930000000000178e-01 -6.014239999999999864e-02 3.484600000000000197e-02 -9.259410000000000140e-01 -1.095669999999999922e+00 -4.065639999999999810e-01 0.000000000000000000e+00 0.000000000000000000e+00 -8.190509999999999735e-01 1.795490135703781132e-02 nan nan 5.295340773870097495e-01 2.111410212350000037e-01 7.107817758739999603e-02 6.603056741719999512e-02 1.238560000000000016e+01 2.796239999999999881e+01 3.389959999999999951e+01 3.623810000000000286e+01 7.293850578162430764e-01 7.654162704528314487e-01
-4.000920000000000032e-01 -2.272730000000000028e-01 -1.534339999999999871e-01 -8.650940000000000296e-01 -9.810250000000000359e-01 -4.140490000000000004e-01 0.000000000000000000e+00 0.000000000000000000e+00 -8.190509999999999735e-01 1.275016635506154294e-02 nan nan 5.117263414972907931e-01 2.111410212350000037e-01 7.107817758739999603e-02 6.603056741719999512e-02 1.238560000000000016e+01 2.796239999999999881e+01 3.389959999999999951e+01 3.623810000000000286e+01 6.934893289605081890e-01 7.193461651965766812e-01
-4.053709999999999813e-01 -1.150339999999999918e+00 -8.536089999999999511e-01 -9.783209999999999962e-01 -1.153040000000000065e+00 -4.051810000000000134e-01 0.000000000000000000e+00 0.000000000000000000e+00 -7.680439999999999490e-01 8.194663645025301868e-03 nan nan 4.936299040729270615e-01 2.798841845310000020e-01 3.149303932199999656e-02 6.379888654569999817e-02 2.150059999999999860e+01 3.524539999999999651e+01 3.852839999999999776e+01 3.835150000000000148e+01 6.934893289605081890e-01 7.193461651965766812e-01
-4.058700000000000085e-01 -1.678679999999999950e+00 -1.416120000000000045e+00 -8.162209999999999743e-01 -1.139440000000000008e+00 -4.135599999999999832e-01 0.000000000000000000e+00 0.000000000000000000e+00 -3.599859999999999727e-01 4.031666262284683278e-03 nan nan 4.756828867650059189e-01 2.798841845310000020e-01 3.149303932199999656e-02 6.379888654569999817e-02 2.150059999999999860e+01 3.524539999999999651e+01 3.852839999999999776e+01 3.835150000000000148e+01 4.568601878277572803e-01 6.086664262058563146e-01
-4.059579999999999855e-01 -1.851830000000000087e+00 -2.002050000000000107e+00 -8.593460000000000543e-01 -1.098000000000000087e+00 -3.980580000000000229e-01 0.000000000000000000e+00 0.000000000000000000e+00 1.500859999999999972e-01 0.000000000000000000e+00 nan nan 4.583217182349901275e-01 2.549318866160000252e-01 1.300900506749999921e-02 4.751185406649999915e-02 1.155809999999999960e+01 3.174970000000000070e+01 3.836840000000000117e+01 3.756759999999999877e+01 4.568601878277572803e-01 6.086664262058563146e-01
-2.724719999999999920e-01 8.131969999999999477e-01 7.395019999999999927e-01 2.271510000000000140e+00 2.235430000000000028e+00 -3.920810000000000128e-01 0.000000000000000000e+00 0.000000000000000000e+00 7.621719999999999606e-01 0.000000000000000000e+00 nan nan 4.419761892435958295e-01 2.549318866160000252e-01 1.300900506749999921e-02 4.751185406649999915e-02 1.155809999999999960e+01 3.174970000000000070e+01 3.836840000000000117e+01 3.756759999999999877e+01 5.101853721357904048e-01 6.542905859592746953e-01
-3.184560000000000168e-01 6.433630000000000182e-01 8.105700000000000405e-02 2.570390000000000175e+00 1.962609999999999966e+00 -3.861870000000000025e-01 0.000000000000000000e+00 0.000000000000000000e+00 2.904469999999999885e+00 0.000000000000000000e+00 nan nan 4.270645829497373702e-01 1.888617956529999864e-01 7.938659950279999475e-03 3.065279659639999835e-02 1.663449999999999918e+01 3.041189999999999927e+01 3.815120000000000289e+01 3.860770000000000124e+01 5.101853721357904048e-01 6.542905859592746953e-01
-3.102150000000000185e-01 6.833749999999999547e-01 1.960939999999999905e-01 2.647600000000000176e+00 1.789679999999999938e+00 -3.955029999999999935e-01 0.000000000000000000e+00 0.000000000000000000e+00 3.363539999999999974e+00 0.000000000000000000e+00 nan nan 4.139889355951994476e-01 1.888617956529999864e-01 7.938659950279999475e-03 3.065279659639999835e-02 1.663449999999999918e+01 3.041189999999999927e+01 3.815120000000000289e+01 3.860770000000000124e+01 8.725314183123877854e-01 8.583663966947570056e-01
-3.815890000000000115e-01 1.687019999999999909e-01 2.811759999999999815e-01 1.937840000000000007e+00 1.450139999999999985e+00 -3.933789999999999787e-01 0.000000000000000000e+00 0.000000000000000000e+00 2.037349999999999994e+00 0.000000000000000000e+00 nan nan 4.031304812733728093e-01 1.636516404710000039e-01 1.003552425960000001e-02 3.180735093840000166e-02 1.697210000000000107e+01 3.011530000000000129e+01 3.522910000000000252e+01 3.482900000000000063e+01 8.725314183123877854e-01 8.583663966947570056e-01
-3.495759999999999978e-01 5.288209999999999855e-01 3.497779999999999778e-01 2.266449999999999854e+00 1.516399999999999970e+00 -3.836700000000000110e-01 0.000000000000000000e+00 0.000000000000000000e+00 2.343399999999999928e+00 0.000000000000000000e+00 nan nan 3.948453323946417015e-01 1.636516404710000039e-01 1.003552425960000001e-02 3.180735093840000166e-02 1.697210000000000107e+01 3.011530000000000129e+01 3.522910000000000252e+01 3.482900000000000063e+01 8.950903941545295117e-01 8.524805718595271919e-01
-3.504820000000000157e-01 5.000900000000000345e-01 4.514599999999999863e-02 2.391560000000000130e+00 1.663049999999999917e+00 -3.957700000000000107e-01 0.000000000000000000e+00 0.000000000000000000e+00 2.802459999999999951e+00 0.000000000000000000e+00 nan nan 3.894604447904795874e-01 1.272307689169999978e-01 1.256068510169999937e-02 3.282408563269999940e-02 1.261829999999999963e+01 3.143149999999999977e+01 3.415509999999999735e+01 3.418520000000000181e+01 8.950903941545295117e-01 8.524805718595271919e-01
-3.774379999999999957e-01 2.399630000000000096e-01 -5.335450000000000470e-01 2.130069999999999908e+00 1.561099999999999932e+00 -4.116500000000000159e-01 0.000000000000000000e+00 0.000000000000000000e+00 2.649439999999999795e+00 0.000000000000000000e+00 nan nan 3.872699131732332267e-01 1.272307689169999978e-01 1.256068510169999937e-02 3.282408563269999940e-02 1.261829999999999963e+01 3.143149999999999977e+01 3.415509999999999735e+01 3.418520000000000181e+01 9.398263602778672565e-01 9.015247401383743586e-01
-3.894710000000000116e-01 3.668600000000000333e-02 -7.102870000000000017e-01 1.769900000000000029e+00 1.380179999999999962e+00 -4.116060000000000274e-01 0.000000000000000000e+00 0.000000000000000000e+00 2.904469999999999885e+00 0.000000000000000000e+00 nan nan 3.885316389255184522e-01 9.930692310930000488e-02 1.346833327910000079e-02 3.634799595029999941e-02 1.318520000000000003e+01 2.274980000000000047e+01 2.821120000000000161e+01 3.248460000000000036e+01 9.398263602778672565e-01 9.015247401383743586e-01
-3.937140000000000084e-01 -8.883059999999999568e-02 -9.122430000000000261e-01 1.657440000000000024e+00 1.346940000000000026e+00 -4.153259999999999730e-01 0.000000000000000000e+00 0.000000000000000000e+00 3.108499999999999819e+00 0.000000000000000000e+00 nan nan 3.903175227865126606e-01 9.930692310930000488e-02 1.346833327910000079e-02 3.634799595029999941e-02 1.318520000000000003e+01 2.274980000000000047e+01 2.821120000000000161e+01 3.248460000000000036e+01 9.553458879254363989e-01 9.130143948585107694e-01
-3.918209999999999749e-01 -9.817459999999999208e-04 -2.703320000000000167e-01 1.779269999999999907e+00 1.236760000000000081e+00 -4.137359999999999927e-01 0.000000000000000000e+00 0.000000000000000000e+00 2.394400000000000084e+00 0.000000000000000000e+00 nan nan 3.956549395917474676e-01 1.056535873890000060e-01 1.409118026690000039e-02 4.513597697689999966e-02 1.137310000000000088e+01 2.179850000000000065e+01 2.693880000000000052e+01 3.134949999999999903e+01 9.553458879254363989e-01 9.130143948585107694e-01
-3.884699999999999820e-01 8.437310000000000643e-02 -1.556780000000000108e-01 1.655899999999999928e+00 1.260070000000000023e+00 -4.129079999999999973e-01 0.000000000000000000e+00 0.000000000000000000e+00 2.241379999999999928e+00 0.000000000000000000e+00 nan nan 4.044834142760959095e-01 1.056535873890000060e-01 1.409118026690000039e-02 4.513597697689999966e-02 1.137310000000000088e+01 2.179850000000000065e+01 2.693880000000000052e+01 3.134949999999999903e+01 9.903466791812411962e-01 8.811850345935665629e-01
-3.923409999999999953e-01 -4.947410000000000002e-02 -8.740019999999999456e-01 1.746669999999999945e+00 1.265959999999999974e+00 -4.147689999999999988e-01 0.000000000000000000e+00 0.000000000000000000e+00 2.700450000000000017e+00 0.000000000000000000e+00 nan nan 4.167029166937048501e-01 1.539957683650000075e-01 1.708772843399999908e-02 5.273691013000000177e-02 1.410159999999999947e+01 2.931960000000000122e+01 3.052919999999999945e+01 3.302790000000000248e+01 9.903466791812411962e-01 8.811850345935665629e-01
-3.923289999999999833e-01 -2.323410000000000059e-02 -4.202449999999999797e-01 1.687500000000000000e+00 1.384689999999999976e+00 -4.103870000000000018e-01 0.000000000000000000e+00 0.000000000000000000e+00 2.598430000000000017e+00 0.000000000000000000e+00 nan nan 4.321749949995172813e-01 1.539957683650000075e-01 1.708772843399999908e-02 5.273691013000000177e-02 1.410159999999999947e+01 2.931960000000000122e+01 3.052919999999999945e+01 3.302790000000000248e+01 9.031830311099954267e-01 8.356100600059023220e-01
-3.969770000000000243e-01 -2.019940000000000069e-01 -6.514229999999999743e-01 1.554450000000000109e+00 1.192499999999999893e+00 -4.092359999999999887e-01 0.000000000000000000e+00 0.000000000000000000e+00 2.496420000000000083e+00 0.000000000000000000e+00 nan nan 4.507243443639997738e-01 2.116225118810000083e-01 2.169234705179999903e-02 6.158588070349999694e-02 1.248099999999999987e+01 2.903460000000000107e+01 3.190159999999999840e+01 2.999030000000000129e+01 9.031830311099954267e-01 8.356100600059023220e-01
-3.815160000000000218e-01 1.781750000000000000e-01 -7.143650000000000277e-01 1.645350000000000090e+00 1.308680000000000065e+00 -4.052120000000000166e-01 0.000000000000000000e+00 0.000000000000000000e+00 1.884330000000000060e+00 0.000000000000000000e+00 nan nan 4.721407932469084967e-01 2.116225118810000083e-01 2.169234705179999903e-02 6.158588070349999694e-02 1.248099999999999987e+01 2.903460000000000107e+01 3.190159999999999840e+01 2.999030000000000129e+01 4.712828712217534965e-01 5.830770239695708401e-01
-3.824250000000000149e-01 1.818329999999999946e-01 -2.144280000000000075e-01 1.574899999999999967e+00 1.321989999999999998e+00 -4.051270000000000149e-01 0.000000000000000000e+00 0.000000000000000000e+00 1.578289999999999971e+00 0.000000000000000000e+00 nan nan 4.961816847248214923e-01 2.153778827010000008e-01 3.455488807329999690e-02 5.977876859490000028e-02 2.514420000000000144e+01 3.445280000000000342e+01 3.287870000000000203e+01 3.140380000000000038e+01 4.712828712217534965e-01 5.830770239695708401e-01
-3.963590000000000169e-01 -1.759239999999999970e-01 -4.180409999999999959e-01 1.443650000000000100e+00 1.118540000000000090e+00 -4.086319999999999952e-01 0.000000000000000000e+00 0.000000000000000000e+00 1.935340000000000060e+00 0.000000000000000000e+00 nan nan 5.225746258910413111e-01 2.153778827010000008e-01 3.455488807329999690e-02 5.977876859490000028e-02 2.514420000000000144e+01 3.445280000000000342e+01 3.287870000000000203e+01 3.140380000000000038e+01 3.758083087316442805e-01 5.651539495688100434e-01
-3.840549999999999797e-01 1.975739999999999996e-01 1.829850000000000088e-01 1.267079999999999984e+00 1.029060000000000086e+00 -4.072299999999999809e-01 0.000000000000000000e+00 0.000000000000000000e+00 1.221240000000000103e+00 0.000000000000000000e+00 nan nan 5.510205741760701992e-01 2.964530632829999734e-01 4.303728231960000233e-02 7.523985950580000526e-02 1.011529999999999951e+01 3.057730000000000103e+01 3.302459999999999951e+01 3.432359999999999900e+01 3.758083087316442805e-01 5.651539495688100434e-01
-3.857860000000000178e-01 1.213329999999999964e-01 2.831940000000000013e-01 1.136910000000000087e+00 8.983470000000000066e-01 -4.048800000000000177e-01 0.000000000000000000e+00 0.000000000000000000e+00 1.500859999999999972e-01 0.000000000000000000e+00 nan nan 5.811972256194148923e-01 2.964530632829999734e-01 4.303728231960000233e-02 7.523985950580000526e-02 1.011529999999999951e+01 3.057730000000000103e+01 3.302459999999999951e+01 3.432359999999999900e+01 2.769831871783817734e-01 5.637538118503460094e-01
-3.969900000000000095e-01 -1.958189999999999931e-01 4.522759999999999801e-03 9.125060000000000393e-01 8.025579999999999936e-01 -4.165929999999999911e-01 0.000000000000000000e+00 0.000000000000000000e+00 5.071360000000000312e-01 0.000000000000000000e+00 nan nan 6.127626667022438856e-01 2.694722474790000044e-01 6.657062795309999503e-02 7.846748102339999587e-02 1.743850000000000122e+01 2.877250000000000085e+01 3.511610000000000298e+01 3.431770000000000209e+01 2.769831871783817734e-01 5.637538118503460094e-01
-4.012100000000000111e-01 -3.674729999999999941e-01 -5.018280000000000518e-01 7.859969999999999457e-01 4.872929999999999762e-01 -4.153970000000000162e-01 0.000000000000000000e+00 0.000000000000000000e+00 5.071360000000000312e-01 0.000000000000000000e+00 nan nan 6.453592483641784616e-01 2.694722474790000044e-01 6.657062795309999503e-02 7.846748102339999587e-02 1.743850000000000122e+01 2.877250000000000085e+01 3.511610000000000298e+01 3.431770000000000209e+01 4.228034466011469927e-01 5.588582483522970268e-01
-4.008709999999999773e-01 -3.236350000000000060e-01 -3.301760000000000250e-01 1.438889999999999891e-01 2.272550000000000125e-01 -4.118439999999999879e-01 0.000000000000000000e+00 0.000000000000000000e+00 -1.049500000000000016e-01 0.000000000000000000e+00 nan nan 6.786176383100557263e-01 1.934923636870000130e-01 9.090065111020000088e-02 8.000004682710000481e-02 1.200929999999999964e+01 2.700240000000000151e+01 2.986210000000000164e+01 3.616409999999999769e+01 4.228034466011469927e-01 5.588582483522970268e-01
-4.043010000000000215e-01 -8.167250000000000343e-01 -8.935699999999999754e-01 -6.661019999999999441e-02 -3.129450000000000287e-02 -4.151090000000000058e-01 0.000000000000000000e+00 0.000000000000000000e+00 1.500859999999999972e-01 0.000000000000000000e+00 nan nan 7.121610056924110310e-01 1.934923636870000130e-01 9.090065111020000088e-02 8.000004682710000481e-02 1.200929999999999964e+01 2.700240000000000151e+01 2.986210000000000164e+01 3.616409999999999769e+01 4.476270511260388441e-01 5.367970620060988907e-01
-4.032870000000000066e-01 -5.698490000000000499e-01 -8.140300000000000313e-01 -2.690839999999999899e-01 -2.120100000000000040e-01 -4.116710000000000091e-01 0.000000000000000000e+00 0.000000000000000000e+00 -1.049500000000000016e-01 0.000000000000000000e+00 nan nan 7.456092907555522675e-01 1.402958422729999877e-01 9.380931006140000306e-02 8.848519731609999495e-02 1.107099999999999973e+01 2.036830000000000140e+01 2.790070000000000050e+01 2.981960000000000122e+01 4.476270511260388441e-01 5.367970620060988907e-01
-4.008720000000000061e-01 -3.070919999999999761e-01 -2.845380000000000131e-01 -3.365710000000000091e-01 -2.599759999999999849e-01 -4.077959999999999918e-01 0.000000000000000000e+00 6.507755896919542593e-04 -3.089790000000000036e-01 0.000000000000000000e+00 nan nan 7.755359014511781224e-01 1.402958422729999877e-01 9.380931006140000306e-02 8.848519731609999495e-02 1.107099999999999973e+01 2.036830000000000140e+01 2.790070000000000050e+01 2.981960000000000122e+01 4.603253425591941062e-01 5.381873626914122077e-01
-4.003369999999999984e-01 -2.920329999999999870e-01 -2.327049999999999952e-01 -5.101120000000000099e-01 -3.660370000000000013e-01 -4.084499999999999797e-01 0.000000000000000000e+00 1.322750128354366339e-03 -2.935670000000000033e-03 0.000000000000000000e+00 nan nan 8.045155607259291131e-01 1.078287450030000066e-01 9.019220220279999811e-02 9.087990392750000535e-02 1.437739999999999974e+01 2.298789999999999978e+01 2.612430000000000163e+01 3.035470000000000113e+01 4.603253425591941062e-01 5.381873626914122077e-01
-4.045320000000000027e-01 -8.173080000000000345e-01 -1.307949999999999946e+00 -3.834159999999999791e-01 -3.388570000000000193e-01 -4.163120000000000154e-01 0.000000000000000000e+00 2.058081321365090588e-03 1.500859999999999972e-01 0.000000000000000000e+00 nan nan 8.351337208644266097e-01 1.078287450030000066e-01 9.019220220279999811e-02 9.087990392750000535e-02 1.437739999999999974e+01 2.298789999999999978e+01 2.612430000000000163e+01 3.035470000000000113e+01 4.270107447081357144e-01 5.415188379184838752e-01
-4.038630000000000275e-01 -6.295669999999999877e-01 -6.685069999999999624e-01 -2.669179999999999886e-01 -3.631710000000000216e-01 -4.198620000000000130e-01 0.000000000000000000e+00 2.898209017892838801e-03 -2.579719999999999791e-01 0.000000000000000000e+00 nan nan 8.639958562646261608e-01 9.971708258750000553e-02 9.978016279930000676e-02 9.129411847649999967e-02 8.865560000000000329e+00 2.205829999999999913e+01 2.707479999999999976e+01 2.722109999999999985e+01 4.270107447081357144e-01 5.415188379184838752e-01
-4.027299999999999769e-01 -4.818609999999999838e-01 -3.734270000000000089e-01 -2.755879999999999996e-01 -3.765979999999999883e-01 -4.202250000000000152e-01 0.000000000000000000e+00 3.883385680846340726e-03 -3.599859999999999727e-01 0.000000000000000000e+00 nan nan 8.907749473997190748e-01 9.971708258750000553e-02 9.978016279930000676e-02 9.129411847649999967e-02 8.865560000000000329e+00 2.205829999999999913e+01 2.707479999999999976e+01 2.722109999999999985e+01 5.037516439021462178e-01 5.273600682034298437e-01
-4.047009999999999774e-01 -9.088340000000000307e-01 -9.021050000000000457e-01 -1.580209999999999948e-01 -3.204899999999999971e-01 -4.211670000000000136e-01 0.000000000000000000e+00 5.052220310386323909e-03 4.807150000000000312e-02 0.000000000000000000e+00 nan nan 9.151675764667630553e-01 1.038723805879999962e-01 1.257908571320000002e-01 1.167700944739999969e-01 1.478449999999999953e+01 2.088860000000000028e+01 2.147459999999999880e+01 2.313149999999999906e+01 5.037516439021462178e-01 5.273600682034298437e-01
-4.053700000000000081e-01 -1.159229999999999983e+00 -1.878109999999999946e+00 -4.053559999999999941e-01 -3.991839999999999833e-01 -4.212179999999999813e-01 0.000000000000000000e+00 6.441240988526275579e-03 2.520999999999999908e-01 0.000000000000000000e+00 nan nan 9.368973652316283651e-01 1.038723805879999962e-01 1.257908571320000002e-01 1.167700944739999969e-01 1.478449999999999953e+01 2.088860000000000028e+01 2.147459999999999880e+01 2.313149999999999906e+01 5.876411300224280154e-01 5.053939731776896371e-01
-4.056440000000000046e-01 -1.336149999999999949e+00 -1.381019999999999914e+00 -4.097290000000000099e-01 -5.405550000000000077e-01 -4.215499999999999803e-01 0.000000000000000000e+00 8.084481001366827790e-03 -1.049500000000000016e-01 0.000000000000000000e+00 nan nan 9.557181065048261370e-01 8.981768761830000170e-02 1.589999224270000067e-01 8.813759483319999477e-02 1.001479999999999926e+01 1.572840000000000060e+01 1.734590000000000032e+01 2.270309999999999917e+01 5.876411300224280154e-01 5.053939731776896371e-01
-4.053880000000000261e-01 -1.110130000000000061e+00 -1.088289999999999980e+00 -2.626970000000000138e-01 -4.583349999999999924e-01 -4.199459999999999860e-01 0.000000000000000000e+00 1.001309322836563265e-02 -2.069640000000000091e-01 0.000000000000000000e+00 nan nan 9.714165537673444817e-01 8.981768761830000170e-02 1.589999224270000067e-01 8.813759483319999477e-02 1.001479999999999926e+01 1.572840000000000060e+01 1.734590000000000032e+01 2.270309999999999917e+01 6.319405412189704752e-01 7.341082729448797917e-01
-4.048019999999999952e-01 -8.741970000000000018e-01 -7.432370000000000365e-01 -3.745120000000000116e-01 -5.606299999999999617e-01 -4.196449999999999902e-01 0.000000000000000000e+00 1.225499716776523584e-02 -4.109929999999999972e-01 0.000000000000000000e+00 nan nan 9.838148373389177248e-01 8.674389602239999941e-02 1.279890948880000046e-01 9.363488413989999593e-02 1.100229999999999997e+01 1.466990000000000016e+01 1.665289999999999893e+01 2.098839999999999861e+01 6.319405412189704752e-01 7.341082729448797917e-01
-4.051489999999999814e-01 -1.061039999999999983e+00 -8.458609999999999740e-01 -2.577499999999999791e-01 -4.845949999999999980e-01 -4.150369999999999893e-01 0.000000000000000000e+00 1.483456259752147233e-02 -2.579719999999999791e-01 0.000000000000000000e+00 nan nan 9.927724797125769829e-01 8.674389602239999941e-02 1.279890948880000046e-01 9.363488413989999593e-02 1.100229999999999997e+01 1.466990000000000016e+01 1.665289999999999893e+01 2.098839999999999861e+01 5.897693352905546416e-01 7.466373741679510623e-01
-4.039599999999999858e-01 -6.535069999999999490e-01 -5.534919999999999840e-01 -5.464949999999999530e-01 -5.929269999999999818e-01 -4.116489999999999871e-01 0.000000000000000000e+00 1.777233345598150382e-02 -2.579719999999999791e-01 0.000000000000000000e+00 nan nan 9.981879872209366011e-01 5.976486841970000269e-02 1.580947622580000100e-01 8.531943347850000359e-02 9.453189999999999316e+00 1.397959999999999958e+01 1.794409999999999883e+01 2.106449999999999889e+01 5.897693352905546416e-01 7.466373741679510623e-01
-4.029420000000000224e-01 -4.920459999999999834e-01 -4.283000000000000140e-01 -3.543479999999999963e-01 -5.700479999999999992e-01 -4.051739999999999786e-01 0.000000000000000000e+00 2.108479507085436744e-02 -7.170360000000000067e-01 0.000000000000000000e+00 nan nan 1.000000000000000000e+00 5.976486841970000269e-02 1.580947622580000100e-01 8.531943347850000359e-02 9.453189999999999316e+00 1.397959999999999958e+01 1.794409999999999883e+01 2.106449999999999889e+01 6.116953064888432934e-01 7.176410794504377577e-01
-4.033709999999999796e-01 -5.480099999999999971e-01 -4.461760000000000170e-01 -6.011689999999999534e-01 -7.482649999999999579e-01 -4.083729999999999860e-01 0.000000000000000000e+00 2.478418737385923443e-02 -7.170360000000000067e-01 0.000000000000000000e+00 nan nan 9.981879872209367122e-01 6.761999581670000148e-02 1.173003134730000036e-01 9.291595815179999607e-02 1.173450000000000060e+01 1.600100000000000122e+01 1.733419999999999916e+01 2.327189999999999870e+01 6.116953064888432934e-01 7.176410794504377577e-01
-4.008689999999999753e-01 -3.051249999999999796e-01 -1.551339999999999941e-01 -7.425370000000000026e-01 -6.934810000000000141e-01 -4.081810000000000160e-01 0.000000000000000000e+00 2.887836621740980103e-02 -7.170360000000000067e-01 0.000000000000000000e+00 nan nan 9.927724797125769829e-01 6.761999581670000148e-02 1.173003134730000036e-01 9.291595815179999607e-02 1.173450000000000060e+01 1.600100000000000122e+01 1.733419999999999916e+01 2.327189999999999870e+01 6.487315350908307021e-01 7.602288749713086435e-01
-4.042850000000000055e-01 -6.929140000000000299e-01 -7.077210000000000445e-01 -5.453400000000000469e-01 -6.720770000000000355e-01 -4.090849999999999764e-01 0.000000000000000000e+00 3.337071436466620966e-02 -7.170360000000000067e-01 0.000000000000000000e+00 nan nan 9.838148373389177248e-01 7.483719925560000652e-02 1.288717144429999961e-01 8.675496776619999462e-02 7.423960000000000115e+00 1.426110000000000078e+01 1.991600000000000037e+01 2.477570000000000050e+01 6.487315350908307021e-01 7.602288749713086435e-01
-4.048120000000000052e-01 -8.212800000000000100e-01 -8.251979999999999871e-01 -8.160359999999999836e-01 -8.395099999999999785e-01 -4.167939999999999978e-01 0.000000000000000000e+00 3.826010316147743229e-02 -8.190509999999999735e-01 0.000000000000000000e+00 nan nan 9.714165537673444817e-01 7.483719925560000652e-02 1.288717144429999961e-01 8.675496776619999462e-02 7.423960000000000115e+00 1.426110000000000078e+01 1.991600000000000037e+01 2.477570000000000050e+01 5.506649277228750083e-01 7.683378692986195801e-01
-4.048780000000000157e-01 -8.410459999999999603e-01 -9.403340000000000032e-01 -6.064079999999999471e-01 -7.111319999999999864e-01 -4.194370000000000043e-01 0.000000000000000000e+00 4.354090532448362527e-02 -6.150219999999999576e-01 0.000000000000000000e+00 nan nan 9.557181065048261370e-01 7.964206390799999369e-02 1.767407058390000063e-01 1.026916727459999956e-01 1.397669999999999924e+01 2.167449999999999832e+01 2.612180000000000035e+01 2.740719999999999956e+01 5.506649277228750083e-01 7.683378692986195801e-01
-4.030889999999999751e-01 -5.108239999999999448e-01 -3.996990000000000265e-01 -7.419559999999999489e-01 -8.397980000000000445e-01 -4.192210000000000103e-01 0.000000000000000000e+00 4.920305870048513608e-02 -4.109929999999999972e-01 0.000000000000000000e+00 nan nan 9.368973652316283651e-01 7.964206390799999369e-02 1.767407058390000063e-01 1.026916727459999956e-01 1.397669999999999924e+01 2.167449999999999832e+01 2.612180000000000035e+01 2.740719999999999956e+01 5.928470475244607130e-01 7.598583467226285304e-01
-4.054050000000000153e-01 -1.187929999999999930e+00 -9.043930000000000025e-01 -5.583029999999999937e-01 -7.085949999999999749e-01 -4.202409999999999757e-01 0.000000000000000000e+00 5.523218027465859326e-02 -5.640150000000000441e-01 0.000000000000000000e+00 nan nan 9.151675764667630553e-01 1.329935453099999887e-01 1.855271101980000004e-01 1.337907404539999956e-01 8.981859999999999289e+00 2.665360000000000085e+01 3.248380000000000223e+01 3.583059999999999690e+01 5.928470475244607130e-01 7.598583467226285304e-01
-4.053700000000000081e-01 -1.161810000000000009e+00 -8.913309999999999844e-01 -7.353420000000000512e-01 -7.981230000000000269e-01 -4.203279999999999794e-01 0.000000000000000000e+00 6.160972913586260091e-02 -5.130080000000000195e-01 0.000000000000000000e+00 nan nan 8.907749473997190748e-01 1.329935453099999887e-01 1.855271101980000004e-01 1.337907404539999956e-01 8.981859999999999289e+00 2.665360000000000085e+01 3.248380000000000223e+01 3.583059999999999690e+01 5.974799866850748487e-01 7.478407712233990923e-01
-4.042580000000000062e-01 -7.106000000000000094e-01 -6.031750000000000167e-01 -5.287600000000000078e-01 -7.915119999999999933e-01 -4.156079999999999774e-01 0.000000000000000000e+00 6.831321655256905601e-02 -3.599859999999999727e-01 0.000000000000000000e+00 nan nan 8.639958562646261608e-01 1.995000783700000002e-01 1.361680544780000113e-01 1.332754884879999990e-01 2.161749999999999972e+01 2.955959999999999965e+01 3.546350000000000335e+01 3.259660000000000224e+01 5.974799866850748487e-01 7.478407712233990923e-01
-4.045560000000000267e-01 -8.118859999999999966e-01 -6.139350000000000085e-01 -7.420470000000000121e-01 -8.082340000000000080e-01 -4.127850000000000130e-01 0.000000000000000000e+00 7.531646077917775184e-02 -3.599859999999999727e-01 0.000000000000000000e+00 nan nan 8.351337208644267207e-01 1.995000783700000002e-01 1.361680544780000113e-01 1.332754884879999990e-01 2.161749999999999972e+01 2.955959999999999965e+01 3.546350000000000335e+01 3.259660000000000224e+01 7.361462022449837272e-01 7.249040889267797105e-01
-4.040560000000000263e-01 -6.926320000000000254e-01 -5.166359999999999841e-01 -7.597429999999999461e-01 -7.400750000000000384e-01 -4.091509999999999869e-01 0.000000000000000000e+00 8.258988370565523152e-02 -4.109929999999999972e-01 0.000000000000000000e+00 nan nan 8.045155607259293351e-01 1.973256000190000137e-01 1.020973982700000005e-01 1.209298539560000052e-01 1.042650000000000077e+01 3.550520000000000209e+01 3.515509999999999735e+01 -1.000000000000000000e+00 7.361462022449837272e-01 7.249040889267797105e-01
-4.013490000000000113e-01 -3.940810000000000146e-01 -9.855170000000000596e-02 -4.237639999999999740e-01 -6.524929999999999897e-01 -4.073240000000000194e-01 0.000000000000000000e+00 9.010084598934087197e-02 -6.660289999999999822e-01 0.000000000000000000e+00 nan nan 7.724882918378990215e-01 1.973256000190000137e-01 1.020973982700000005e-01 1.209298539560000052e-01 1.042650000000000077e+01 3.550520000000000209e+01 3.515509999999999735e+01 -1.000000000000000000e+00 1.000000000000000000e+00 1.000000000000000000e+00
-3.967379999999999796e-01 -1.067560000000000037e-01 1.284409999999999996e-01 -5.766719999999999624e-01 -6.786100000000000465e-01 -4.100920000000000121e-01 0.000000000000000000e+00 9.781401687174073878e-02 -5.640150000000000441e-01 0.000000000000000000e+00 nan nan 7.394147959542843873e-01 2.297927956230000068e-01 8.202910169160000653e-02 1.131467496369999992e-01 3.060300000000000153e+01 3.880480000000000018e+01 -1.000000000000000000e+00 -1.000000000000000000e+00 1.000000000000000000e+00 1.000000000000000000e+00
-4.032040000000000068e-01 -5.322210000000000552e-01 -4.158609999999999807e-01 -5.097580000000000444e-01 -7.285249999999999782e-01 -4.174740000000000117e-01 0.000000000000000000e+00 1.056917744901394451e-01 -5.640150000000000441e-01 0.000000000000000000e+00 nan nan 7.025229238109570451e-01 2.297927956230000068e-01 8.202910169160000653e-02 1.131467496369999992e-01 3.060300000000000153e+01 3.880480000000000018e+01 -1.000000000000000000e+00 -1.000000000000000000e+00 9.088364174119932803e-01 8.249434370593828891e-01
-3.996919999999999917e-01 -2.357009999999999939e-01 -2.547039999999999860e-01 9.804399999999999782e-01 3.550389999999999935e-01 -4.131909999999999750e-01 0.000000000000000000e+00 1.136946321483366384e-01 3.541150000000000131e-01 0.000000000000000000e+00 nan nan 6.650452028897240186e-01 1.993915965409999991e-01 9.421539258019999419e-02 1.027713764289999998e-01 1.041539999999999999e+01 -1.000000000000000000e+00 -1.000000000000000000e+00 -1.000000000000000000e+00 9.088364174119932803e-01 8.249434370593828891e-01
-4.002269999999999994e-01 -3.596110000000000140e-01 -6.388179999999999970e-01 1.453009999999999913e+00 5.650889999999999525e-01 -4.077689999999999926e-01 0.000000000000000000e+00 1.217816857166940103e-01 1.323250000000000037e+00 0.000000000000000000e+00 nan nan 6.271731889598606280e-01 1.993915965409999991e-01 9.421539258019999419e-02 1.027713764289999998e-01 1.041539999999999999e+01 -1.000000000000000000e+00 -1.000000000000000000e+00 -1.000000000000000000e+00 0.000000000000000000e+00 0.000000000000000000e+00
