-5.798659999999999926e-01 -7.333710000000000229e-02 -2.073649999999999938e-01 -6.441069999999999851e-01 -7.408820000000000405e-01 -7.289799999999999613e-01 0.000000000000000000e+00 1.693172933921303080e-01 -9.392080000000000428e-01 2.248105799353583567e-02 nan nan nan 1.888478157579999983e-01 5.964366643889999764e-02 9.051675905780000309e-02 -1.000000000000000000e+00 -1.000000000000000000e+00 -1.000000000000000000e+00 -1.000000000000000000e+00 0.000000000000000000e+00 0.000000000000000000e+00
-6.160879999999999690e-01 -2.823120000000000074e-01 -3.795979999999999910e-01 -7.072030000000000260e-01 -7.774659999999999904e-01 -7.770449999999999857e-01 0.000000000000000000e+00 1.587219956281075151e-01 -9.392080000000000428e-01 2.924748328606963099e-02 nan nan nan 2.260241025710000018e-01 5.745492611539999850e-02 8.040621072520000301e-02 3.663790000000000102e+00 -1.000000000000000000e+00 -1.000000000000000000e+00 -1.000000000000000000e+00 0.000000000000000000e+00 0.000000000000000000e+00
-6.815860000000000252e-01 -1.463119999999999976e+00 -1.493549999999999933e+00 -8.949570000000000025e-01 -1.066040000000000099e+00 -7.929819999999999647e-01 0.000000000000000000e+00 1.495002404684889763e-01 -2.861770000000000147e-01 3.728857345475899976e-02 nan nan nan 2.260241025710000018e-01 5.745492611539999850e-02 8.040621072520000301e-02 3.663790000000000102e+00 -1.000000000000000000e+00 -1.000000000000000000e+00 -1.000000000000000000e+00 0.000000000000000000e+00 0.000000000000000000e+00
-6.827339999999999520e-01 -1.578619999999999912e+00 -1.539530000000000065e+00 -6.930790000000000006e-01 -9.190260000000000096e-01 -8.163880000000000026e-01 0.000000000000000000e+00 1.417495235445420665e-01 -2.861770000000000147e-01 4.680134840476468661e-02 nan nan nan 2.446822039100000068e-01 4.841539394700000026e-02 8.396703635249999631e-02 5.398279999999999745e+00 9.190770000000000550e+00 -1.000000000000000000e+00 -1.000000000000000000e+00 0.000000000000000000e+00 0.000000000000000000e+00
-6.857550000000000034e-01 -2.042069999999999830e+00 -1.813409999999999966e+00 -8.768960000000000088e-01 -9.037680000000000158e-01 -7.792639999999999567e-01 1.774539844334732663e-05 1.343331488682271146e-01 -2.861770000000000147e-01 5.796615326461906914e-02 nan nan nan 2.446822039100000068e-01 4.841539394700000026e-02 8.396703635249999631e-02 5.398279999999999745e+00 9.190770000000000550e+00 -1.000000000000000000e+00 -1.000000000000000000e+00 7.960167166571138209e-01 8.622984014329877489e-01
-6.588199999999999612e-01 -7.479519999999999502e-01 -7.557500000000000329e-01 -6.842129999999999601e-01 -9.013099999999999445e-01 -7.401400000000000201e-01 1.483055818790712799e-03 1.274719350530836293e-01 -2.861770000000000147e-01 7.094461500385929043e-02 nan nan nan 2.992465057759999825e-01 3.992651780740000267e-02 9.095030911139999341e-02 6.443529999999999980e+00 1.896369999999999933e+01 2.718449999999999989e+01 -1.000000000000000000e+00 7.960167166571138209e-01 8.622984014329877489e-01
-6.800939999999999763e-01 -1.447130000000000027e+00 -1.262000000000000011e+00 -7.941679999999999851e-01 -8.917490000000000139e-01 -7.394359999999999822e-01 4.446464715854636651e-03 1.213804105182630932e-01 -7.215310000000000334e-01 8.587781113487791274e-02 nan nan nan 2.992465057759999825e-01 3.992651780740000267e-02 9.095030911139999341e-02 6.443529999999999980e+00 1.896369999999999933e+01 2.718449999999999989e+01 -1.000000000000000000e+00 7.507025559123210456e-01 8.178798416670335358e-01
-6.366840000000000277e-01 -4.510390000000000232e-01 -5.324419999999999709e-01 -7.907459999999999489e-01 -8.855889999999999596e-01 -7.048210000000000308e-01 7.602932011926299971e-03 1.162643827958185216e-01 -7.215310000000000334e-01 1.028846712483362236e-01 nan nan nan 3.348579259889999937e-01 3.753996459850000161e-02 7.226175396150000263e-02 1.549559999999999960e+01 3.198870000000000147e+01 3.461440000000000339e+01 3.333749999999999858e+01 7.507025559123210456e-01 8.178798416670335358e-01
-5.612780000000000546e-01 -1.406559999999999928e-02 -8.473540000000000239e-02 -7.338829999999999520e-01 -8.825899999999999856e-01 -6.674379999999999757e-01 1.108744244424908487e-02 1.123186066491300705e-01 -9.392080000000000428e-01 1.220606294933810343e-01 nan nan nan 3.348579259889999937e-01 3.753996459850000161e-02 7.226175396150000263e-02 1.549559999999999960e+01 3.198870000000000147e+01 3.461440000000000339e+01 3.333749999999999858e+01 7.438634175658455083e-01 8.536842212191908530e-01
-6.703040000000000109e-01 -1.108950000000000102e+00 -8.249819999999999931e-01 -6.565480000000000205e-01 -6.683750000000000524e-01 -7.327599999999999669e-01 1.508413035483058273e-02 1.097245774236158544e-01 -2.861770000000000147e-01 1.434765432705999988e-01 nan nan nan 3.238889117859999889e-01 3.989360904190000084e-02 6.526288563279999955e-02 1.298269999999999946e+01 3.184829999999999828e+01 3.412339999999999662e+01 3.193550000000000111e+01 7.438634175658455083e-01 8.536842212191908530e-01
-6.187930000000000375e-01 -3.016269999999999785e-01 -3.976199999999999735e-01 -7.640919999999999934e-01 -8.701020000000000421e-01 -7.526639999999999997e-01 1.978384004153732612e-02 1.086484746319461570e-01 -2.861770000000000147e-01 1.671778903893605950e-01 nan nan nan 3.238889117859999889e-01 3.989360904190000084e-02 6.526288563279999955e-02 1.298269999999999946e+01 3.184829999999999828e+01 3.412339999999999662e+01 3.193550000000000111e+01 1.960200555366971020e-01 6.581179506106789034e-01
-6.332999999999999741e-01 -4.339560000000000084e-01 -4.761259999999999937e-01 -4.040569999999999995e-01 -4.957050000000000067e-01 -7.227109999999999923e-01 2.535383064712337653e-02 1.092392790737632957e-01 -9.392080000000000428e-01 1.931842537860585240e-01 nan nan nan 2.772523946880000034e-01 4.801179529650000111e-02 6.946479040590000653e-02 1.860549999999999926e+01 2.954960000000000164e+01 3.621540000000000248e+01 3.596730000000000160e+01 1.960200555366971020e-01 6.581179506106789034e-01
-6.849300000000000388e-01 -1.930849999999999955e+00 -1.655950000000000033e+00 -7.146839999999999860e-01 -8.706239999999999535e-01 -7.817309999999999537e-01 3.194902949345734822e-02 1.116270848236921021e-01 -7.215310000000000334e-01 2.214890996416214453e-01 nan nan nan 2.772523946880000034e-01 4.801179529650000111e-02 6.946479040590000653e-02 1.860549999999999926e+01 2.954960000000000164e+01 3.621540000000000248e+01 3.596730000000000160e+01 8.229002621020472530e-01 8.562779562992886007e-01
-6.589500000000000357e-01 -7.181920000000000526e-01 -8.303629999999999622e-01 -6.359040000000000248e-01 -7.244329999999999936e-01 -7.918699999999999628e-01 3.971092102651074818e-02 1.159216252134909197e-01 -7.215310000000000334e-01 2.520598514122918132e-01 nan nan nan 1.676984408320000008e-01 4.444729742760000074e-02 8.091252564470000075e-02 1.481259999999999977e+01 4.162749999999999773e+01 4.864829999999999899e+01 4.626319999999999766e+01 8.229002621020472530e-01 8.562779562992886007e-01
-6.402959999999999763e-01 -4.833779999999999744e-01 -5.767060000000000519e-01 -8.477510000000000323e-01 -8.461359999999999992e-01 -7.724400000000000155e-01 4.876556495210193631e-02 1.222110295095558685e-01 -9.392080000000000428e-01 2.848382589348841254e-01 nan nan nan 1.676984408320000008e-01 4.444729742760000074e-02 8.091252564470000075e-02 1.481259999999999977e+01 4.162749999999999773e+01 4.864829999999999899e+01 4.626319999999999766e+01 7.491499769060828706e-01 6.680120679788843496e-01
-6.759380000000000388e-01 -1.167610000000000037e+00 -1.193100000000000049e+00 -7.293500000000000538e-01 -8.051239999999999508e-01 -7.840460000000000207e-01 5.922077726591312707e-02 1.305608243731178897e-01 -7.215310000000000334e-01 3.197410584244083642e-01 nan nan nan 8.923791744850000096e-02 3.814327756090000326e-02 8.464017014180000298e-02 2.379019999999999868e+01 4.369610000000000127e+01 5.505879999999999797e+01 5.402069999999999794e+01 7.491499769060828706e-01 6.680120679788843496e-01
-6.788480000000000070e-01 -1.316049999999999942e+00 -1.289970000000000061e+00 -7.350119999999999987e-01 -9.458790000000000253e-01 -8.021049999999999569e-01 7.116611702744657375e-02 1.410131914169882039e-01 -7.215310000000000334e-01 3.566609158860258866e-01 nan nan nan 8.923791744850000096e-02 3.814327756090000326e-02 8.464017014180000298e-02 2.379019999999999868e+01 4.369610000000000127e+01 5.505879999999999797e+01 5.402069999999999794e+01 1.944396525339313619e-01 6.553345952114097983e-01
-6.728619999999999601e-01 -1.024199999999999999e+00 -1.176449999999999996e+00 -5.449519999999999920e-01 -7.250180000000000513e-01 -7.747720000000000162e-01 8.467263921110113056e-02 1.535864892710295804e-01 -9.392080000000000428e-01 3.954676432520982665e-01 nan nan nan 6.845675708350000555e-02 2.371578216099999928e-02 7.429777216180000199e-02 1.814120000000000132e+01 3.935960000000000036e+01 4.508700000000000330e+01 4.695109999999999673e+01 1.944396525339313619e-01 6.553345952114097983e-01
-6.687840000000000451e-01 -9.018909999999999982e-01 -1.079809999999999937e+00 -7.258090000000000375e-01 -8.287369999999999459e-01 -7.642900000000000249e-01 9.979445839049760902e-02 1.682750455715446014e-01 -9.392080000000000428e-01 4.360096734650148464e-01 nan nan nan 6.845675708350000555e-02 2.371578216099999928e-02 7.429777216180000199e-02 1.814120000000000132e+01 3.935960000000000036e+01 4.508700000000000330e+01 4.695109999999999673e+01 8.280421366603413214e-01 1.000000000000000000e+00
-6.780190000000000383e-01 -1.221729999999999983e+00 -1.370100000000000096e+00 -7.623389999999999889e-01 -9.412500000000000311e-01 -7.825450000000000461e-01 1.165672226615047657e-01 1.850492212314231999e-01 -9.392080000000000428e-01 4.781157777925185703e-01 nan nan nan 7.797413133199999902e-02 2.440784744679999965e-02 7.234217824730000690e-02 2.155859999999999843e+01 4.665990000000000038e+01 5.186780000000000257e+01 5.227020000000000266e+01 8.280421366603413214e-01 1.000000000000000000e+00
-6.801390000000000491e-01 -1.334899999999999975e+00 -1.480169999999999986e+00 -8.101089999999999680e-01 -9.793950000000000156e-01 -8.054740000000000233e-01 1.350076277537192171e-01 2.038557462628421968e-01 -9.392080000000000428e-01 5.178296428548573305e-01 nan nan nan 7.797413133199999902e-02 2.440784744679999965e-02 7.234217824730000690e-02 2.155859999999999843e+01 4.665990000000000038e+01 5.186780000000000257e+01 5.227020000000000266e+01 8.117984874875487922e-01 9.369343134897927250e-01
-6.660749999999999726e-01 -8.620830000000000437e-01 -9.462329999999999908e-01 -8.142819999999999503e-01 -1.042429999999999968e+00 -8.169640000000000235e-01 1.551125381105173950e-01 2.246183233475133045e-01 -9.392080000000000428e-01 5.585913792253063281e-01 nan nan nan 1.416432226409999884e-01 2.818277023050000038e-02 6.255681991139999676e-02 2.567859999999999943e+01 6.205360000000000298e+01 6.699120000000000630e+01 6.723050000000000637e+01 8.117984874875487922e-01 9.369343134897927250e-01
-6.796100000000000474e-01 -1.323260000000000103e+00 -1.398519999999999985e+00 -7.942040000000000211e-01 -9.924739999999999673e-01 -8.193949999999999845e-01 1.768627869665779784e-01 2.472384923157864289e-01 1.237559999999999993e+00 5.999391401432245807e-01 nan nan nan 1.416432226409999884e-01 2.818277023050000038e-02 6.255681991139999676e-02 2.567859999999999943e+01 6.205360000000000298e+01 6.699120000000000630e+01 6.723050000000000637e+01 6.596067912810723577e-01 8.201281968800685496e-01
-6.880990000000000162e-01 -3.138030000000000097e+00 -3.368710000000000093e+00 -9.454219999999999846e-01 -1.029949999999999921e+00 -7.889530000000000154e-01 2.002180338991662589e-01 2.715967457397138185e-01 3.632010000000000183e+00 6.414044389556854409e-01 nan nan nan 2.613354119130000264e-01 3.186309135919999924e-02 7.351537926760000341e-02 2.670220000000000127e+01 6.415409999999999968e+01 7.729049999999999443e+01 7.323120000000000118e+01 6.596067912810723577e-01 8.201281968800685496e-01
-6.880300000000000304e-01 -2.964989999999999792e+00 -3.130160000000000053e+00 -8.074430000000000218e-01 -1.008180000000000076e+00 -6.220539999999999958e-01 2.250994045096829099e-01 2.975538829999621049e-01 2.325950000000000184e+00 6.825174572584509214e-01 nan nan nan 2.613354119130000264e-01 3.186309135919999924e-02 7.351537926760000341e-02 2.670220000000000127e+01 6.415409999999999968e+01 7.729049999999999443e+01 7.323120000000000118e+01 1.968325162353019575e-01 5.665042478337571907e-01
-6.848370000000000291e-01 -1.770059999999999967e+00 -1.879469999999999974e+00 -2.780989999999999851e-01 -4.958810000000000162e-01 -2.428420000000000023e-01 2.514413758747918726e-01 3.249525874844508833e-01 3.668540000000000134e-01 7.228123681262222933e-01 nan nan nan 4.290254785270000149e-01 4.060527244639999811e-02 1.013884505120000029e-01 2.298760000000000048e+01 6.859130000000000393e+01 8.222599999999999909e+01 8.045189999999999486e+01 1.968325162353019575e-01 5.665042478337571907e-01
-5.590150000000000396e-01 -1.335590000000000110e-01 3.422370000000000273e-02 1.640099999999999891e+00 1.519919999999999938e+00 -1.634980000000000044e-01 2.791465404325715882e-01 3.536192090484276962e-01 1.491770000000000040e-01 7.618326141178379807e-01 nan nan nan 4.290254785270000149e-01 4.060527244639999811e-02 1.013884505120000029e-01 2.298760000000000048e+01 6.859130000000000393e+01 8.222599999999999909e+01 8.045189999999999486e+01 2.660307955993567175e-01 5.878500780490778510e-01
8.042430000000000412e-01 1.109299999999999953e+00 1.216679999999999984e+00 1.569909999999999917e+00 1.569320000000000048e+00 2.923479999999999968e-01 3.080597806002743910e-01 3.833657315399960908e-01 8.022080000000000322e-01 7.991360802545137698e-01 nan nan nan 5.700482901219999787e-01 4.575676649490000025e-02 1.345352246400000062e-01 2.999589999999999890e+01 6.871110000000000184e+01 8.542140000000000555e+01 8.475369999999999493e+01 2.660307955993567175e-01 5.878500780490778510e-01
8.252329999999999943e-01 1.114449999999999941e+00 1.226580000000000004e+00 7.362060000000000271e-01 8.844919999999999449e-01 9.830769999999999786e-01 3.380550254842216162e-01 4.139919030982429637e-01 5.845310000000000228e-01 8.343001033592124527e-01 nan nan nan 5.700482901219999787e-01 4.575676649490000025e-02 1.345352246400000062e-01 2.999589999999999890e+01 6.871110000000000184e+01 8.542140000000000555e+01 8.475369999999999493e+01 2.918347699790206917e-01 6.031043555110098264e-01
2.246329999999999938e+00 1.367699999999999916e+00 1.422730000000000050e+00 8.542440000000000033e-01 1.035670000000000091e+00 2.117739999999999956e+00 3.690130177393755595e-01 4.452875050868400075e-01 5.845310000000000228e-01 8.669262609993272362e-01 nan nan nan 6.285623321140000330e-01 4.826289742019999884e-02 1.218706198900000037e-01 1.655239999999999867e+01 5.046889999999999787e+01 7.096389999999999532e+01 7.968349999999999511e+01 2.918347699790206917e-01 6.031043555110098264e-01
2.434909999999999908e+00 1.381159999999999943e+00 1.430109999999999992e+00 2.029160000000000075e+00 1.771279999999999966e+00 3.060130000000000017e+00 4.007853691380318661e-01 4.770347339551923582e-01 8.022080000000000322e-01 8.966448857720442644e-01 nan nan nan 6.285623321140000330e-01 4.826289742019999884e-02 1.218706198900000037e-01 1.655239999999999867e+01 5.046889999999999787e+01 7.096389999999999532e+01 7.968349999999999511e+01 3.461694703980500165e-01 6.229907864841345289e-01
2.310639999999999805e+00 1.362190000000000012e+00 1.340880000000000072e+00 1.932879999999999932e+00 1.635369999999999990e+00 2.609519999999999840e+00 4.331965977859090211e-01 5.098864751115215199e-01 8.022080000000000322e-01 9.231192537837287215e-01 nan nan nan 6.573427088250000105e-01 4.621981185469999781e-02 1.198637831920000008e-01 1.012589999999999968e+01 3.623619999999999663e+01 6.153670000000000329e+01 7.134269999999999357e+01 3.461694703980500165e-01 6.229907864841345289e-01
2.562559999999999949e+00 1.410330000000000084e+00 1.333509999999999973e+00 1.915240000000000054e+00 1.660330000000000084e+00 2.866350000000000176e+00 4.660878585125045603e-01 5.428239852569776147e-01 8.022080000000000322e-01 9.460493998661878567e-01 nan nan nan 6.573427088250000105e-01 4.621981185469999781e-02 1.198637831920000008e-01 1.012589999999999968e+01 3.623619999999999663e+01 6.153670000000000329e+01 7.134269999999999357e+01 3.867145981380182285e-01 5.985636260822748689e-01
2.397229999999999972e+00 1.374800000000000022e+00 1.342030000000000056e+00 1.761169999999999902e+00 1.538470000000000004e+00 2.616530000000000022e+00 4.992943503496168889e-01 5.756757260942508836e-01 8.022080000000000322e-01 9.651755163018856942e-01 nan nan nan 6.848382694500000367e-01 4.494798677080000249e-02 1.127888245110000021e-01 1.178430000000000000e+01 3.210529999999999973e+01 4.639950000000000330e+01 5.728779999999999717e+01 3.867145981380182285e-01 5.985636260822748689e-01
2.513199999999999878e+00 1.406870000000000065e+00 1.378430000000000044e+00 1.812019999999999964e+00 1.726110000000000033e+00 2.693220000000000169e+00 5.326095045817289542e-01 6.082711311265643905e-01 8.022080000000000322e-01 9.802808965491972559e-01 nan nan nan 6.848382694500000367e-01 4.494798677080000249e-02 1.127888245110000021e-01 1.178430000000000000e+01 3.210529999999999973e+01 4.639950000000000330e+01 5.728779999999999717e+01 4.381667325167917237e-01 5.964811886485150705e-01
2.956510000000000193e+00 1.475060000000000038e+00 1.431610000000000049e+00 1.718369999999999953e+00 1.430979999999999919e+00 2.781200000000000117e+00 5.658355514764328298e-01 6.404425382442381354e-01 1.019889999999999963e+00 9.911943906141169602e-01 nan nan nan 7.055054365009999495e-01 4.681163662130000125e-02 1.051849729910000059e-01 7.396460000000000257e+00 2.311690000000000111e+01 3.390999999999999659e+01 4.107110000000000127e+01 4.381667325167917237e-01 5.964811886485150705e-01
2.909759999999999902e+00 1.454409999999999981e+00 1.419999999999999929e+00 2.106139999999999901e+00 1.916309999999999958e+00 2.777820000000000178e+00 5.988116368724151206e-01 6.720270894033859577e-01 1.455240000000000089e+00 9.977923442480782779e-01 nan nan nan 7.055054365009999495e-01 4.681163662130000125e-02 1.051849729910000059e-01 7.396460000000000257e+00 2.311690000000000111e+01 3.390999999999999659e+01 4.107110000000000127e+01 4.510158541132214260e-01 6.154499927199341691e-01
3.094669999999999810e+00 1.473850000000000104e+00 1.403939999999999966e+00 2.226350000000000051e+00 2.098090000000000011e+00 2.519719999999999960e+00 6.313649501787728102e-01 7.028685758726277433e-01 1.672919999999999963e+00 1.000000000000000000e+00 nan nan nan 7.063643767930000150e-01 5.822426550970000170e-02 9.955170419269999960e-02 7.008280000000000065e+00 1.722190000000000154e+01 2.369600000000000151e+01 3.020400000000000063e+01 4.510158541132214260e-01 6.154499927199341691e-01
2.737140000000000128e+00 1.425780000000000047e+00 1.368130000000000068e+00 2.180309999999999970e+00 1.929089999999999971e+00 2.247059999999999835e+00 6.633212702099009483e-01 7.328192081404332203e-01 1.672919999999999963e+00 9.977923442480782779e-01 nan nan nan 7.063643767930000150e-01 5.822426550970000170e-02 9.955170419269999960e-02 7.008280000000000065e+00 1.722190000000000154e+01 2.369600000000000151e+01 3.020400000000000063e+01 4.542935209041686351e-01 6.250393631466137911e-01
2.870569999999999844e+00 1.444169999999999954e+00 1.326200000000000045e+00 2.276429999999999954e+00 2.036849999999999827e+00 2.037879999999999914e+00 6.945251952914319737e-01 7.617412904293419107e-01 1.672919999999999963e+00 9.911943906141169602e-01 nan nan nan 6.860670138600000190e-01 6.616891428979999878e-02 1.043946030770000061e-01 5.359049999999999869e+00 1.540269999999999939e+01 2.077319999999999922e+01 2.673489999999999966e+01 4.542935209041686351e-01 6.250393631466137911e-01
2.351949999999999985e+00 1.367839999999999945e+00 1.259530000000000038e+00 2.336559999999999970e+00 2.069890000000000008e+00 1.918490000000000029e+00 7.248286190651014316e-01 7.895087808441418886e-01 1.672919999999999963e+00 9.802808965491972559e-01 nan nan nan 6.860670138600000190e-01 6.616891428979999878e-02 1.043946030770000061e-01 5.359049999999999869e+00 1.540269999999999939e+01 2.077319999999999922e+01 2.673489999999999966e+01 4.500642734319786342e-01 6.124702448472371108e-01
2.085710000000000175e+00 1.323819999999999997e+00 1.285570000000000102e+00 1.524550000000000072e+00 1.549479999999999968e+00 1.843849999999999989e+00 7.540712069801401851e-01 8.160087194769065633e-01 1.890589999999999993e+00 9.651755163018856942e-01 nan nan nan 6.841722529070000114e-01 5.871146982520000085e-02 1.117743315079999938e-01 6.512690000000000090e+00 1.358559999999999945e+01 1.951630000000000109e+01 2.490780000000000172e+01 4.500642734319786342e-01 6.124702448472371108e-01
1.616800000000000015e+00 1.240629999999999900e+00 1.289379999999999971e+00 1.795630000000000059e+00 1.575860000000000039e+00 1.747560000000000002e+00 7.821141985647420691e-01 8.411425082878875026e-01 1.890589999999999993e+00 9.460493998661879678e-01 nan nan nan 6.841722529070000114e-01 5.871146982520000085e-02 1.117743315079999938e-01 6.512690000000000090e+00 1.358559999999999945e+01 1.951630000000000109e+01 2.490780000000000172e+01 4.410326041591310364e-01 5.724400410392547212e-01
1.772019999999999929e+00 1.268799999999999928e+00 1.262080000000000091e+00 1.895110000000000072e+00 1.713249999999999940e+00 1.718939999999999912e+00 8.088479624800097856e-01 8.648270282607030124e-01 1.672919999999999963e+00 9.231192537837291656e-01 nan nan nan 6.454310238879999995e-01 6.095568400990000052e-02 1.404007054639999919e-01 3.697179999999999911e+00 1.021340000000000003e+01 1.551950000000000074e+01 2.131530000000000058e+01 4.410326041591310364e-01 5.724400410392547212e-01
1.508839999999999959e+00 1.209759999999999946e+00 1.179929999999999923e+00 2.115270000000000206e+00 1.687300000000000022e+00 1.614290000000000003e+00 8.341725524345344756e-01 8.869955811740062313e-01 1.672919999999999963e+00 8.966448857720443755e-01 nan nan nan 6.454310238879999995e-01 6.095568400990000052e-02 1.404007054639999919e-01 3.697179999999999911e+00 1.021340000000000003e+01 1.551950000000000074e+01 2.131530000000000058e+01 4.397081819244188505e-01 5.511517741351112942e-01
1.124200000000000088e+00 1.119359999999999911e+00 1.099609999999999976e+00 1.917089999999999961e+00 1.713759999999999950e+00 1.501949999999999896e+00 8.580072163244858441e-01 9.075986453189841541e-01 1.672919999999999963e+00 8.669262609993273472e-01 nan nan nan 6.197427149259999712e-01 6.491185746489999686e-02 1.580409995150000024e-01 4.820820000000000327e+00 1.185319999999999929e+01 1.484459999999999980e+01 1.980150000000000077e+01 4.397081819244188505e-01 5.511517741351112942e-01
9.096589999999999954e-01 1.055309999999999970e+00 1.074049999999999949e+00 1.907110000000000083e+00 1.654649999999999954e+00 1.363390000000000102e+00 8.802847145371817117e-01 9.266044366001068289e-01 1.672919999999999963e+00 8.343001033592124527e-01 nan nan nan 6.197427149259999712e-01 6.491185746489999686e-02 1.580409995150000024e-01 4.820820000000000327e+00 1.185319999999999929e+01 1.484459999999999980e+01 1.980150000000000077e+01 4.371873278390214779e-01 5.031879916160730826e-01
9.595630000000000548e-01 1.070950000000000069e+00 1.074489999999999945e+00 1.798920000000000075e+00 1.547819999999999974e+00 1.324019999999999975e+00 9.009508760630362545e-01 9.439992686616291984e-01 1.672919999999999963e+00 7.991360802545137698e-01 nan nan nan 6.154085330280000266e-01 6.997671856039999749e-02 1.524177798640000137e-01 4.562359999999999971e+00 1.139250000000000007e+01 1.725840000000000174e+01 1.999930000000000163e+01 4.371873278390214779e-01 5.031879916160730826e-01
8.465740000000000487e-01 1.035830000000000028e+00 1.101960000000000051e+00 1.439570000000000016e+00 1.416979999999999906e+00 1.174430000000000085e+00 9.199721443962640688e-01 9.584693504878400994e-01 1.672919999999999963e+00 7.618326141178379807e-01 nan nan nan 6.154085330280000266e-01 6.997671856039999749e-02 1.524177798640000137e-01 4.562359999999999971e+00 1.139250000000000007e+01 1.725840000000000174e+01 1.999930000000000163e+01 4.316503525300360300e-01 4.898366895001133869e-01
7.642400000000000304e-01 1.011239999999999917e+00 1.064200000000000035e+00 1.364859999999999962e+00 1.333110000000000017e+00 9.752239999999999798e-01 9.373395853844376235e-01 9.699944993411281358e-01 1.672919999999999963e+00 7.228123681262224043e-01 nan nan nan 6.064986357399999584e-01 7.008546686149999538e-02 1.671365618210000070e-01 3.911960000000000104e+00 1.283949999999999925e+01 1.704639999999999844e+01 2.174360000000000070e+01 4.316503525300360300e-01 4.898366895001133869e-01
6.338489999999999958e-01 9.762429999999999719e-01 1.020480000000000054e+00 9.451009999999999689e-01 9.805890000000000439e-01 6.730990000000000029e-01 9.530533598140056295e-01 9.798054385765808671e-01 1.237559999999999993e+00 6.825174572584511434e-01 nan nan nan 6.064986357399999584e-01 7.008546686149999538e-02 1.671365618210000070e-01 3.911960000000000104e+00 1.283949999999999925e+01 1.704639999999999844e+01 2.174360000000000070e+01 4.395356731459479915e-01 4.786423185147311576e-01
5.717680000000000540e-01 9.459079999999999711e-01 9.229150000000000409e-01 9.561490000000000267e-01 1.283770000000000078e+00 4.542559999999999931e-01 9.662402066101175580e-01 9.877910063324082390e-01 1.237559999999999993e+00 6.414044389556856629e-01 nan nan nan 5.943102168930000095e-01 5.867592178489999810e-02 1.957563898780000089e-01 7.690070000000000405e+00 1.316380000000000017e+01 1.873539999999999850e+01 2.418299999999999983e+01 4.395356731459479915e-01 4.786423185147311576e-01
6.293870000000000298e-01 9.614470000000000516e-01 8.965090000000000003e-01 9.440859999999999808e-01 1.237149999999999972e+00 3.701409999999999978e-01 9.765021748321189854e-01 9.938607229350658878e-01 1.672919999999999963e+00 5.999391401432246917e-01 nan nan nan 5.943102168930000095e-01 5.867592178489999810e-02 1.957563898780000089e-01 7.690070000000000405e+00 1.316380000000000017e+01 1.873539999999999850e+01 2.418299999999999983e+01 4.392129147862282590e-01 4.268285663010832343e-01
6.974770000000000136e-01 9.972839999999999483e-01 9.270469999999999544e-01 1.090629999999999988e+00 1.460579999999999989e+00 3.705490000000000173e-01 9.847176606333897242e-01 9.979458160701100145e-01 1.890589999999999993e+00 5.585913792253063281e-01 nan nan nan 5.803983753660000300e-01 5.484955456380000149e-02 2.120628338290000137e-01 4.898789999999999978e+00 1.616610000000000014e+01 2.157839999999999847e+01 2.423570000000000135e+01 4.392129147862282590e-01 4.268285663010832343e-01
9.233160000000000256e-01 1.078910000000000036e+00 1.001039999999999930e+00 1.324549999999999894e+00 1.425259999999999971e+00 3.454900000000000193e-01 9.912389981014663176e-01 1.000000000000000000e+00 1.672919999999999963e+00 5.178296428548574415e-01 nan nan nan 5.803983753660000300e-01 5.484955456380000149e-02 2.120628338290000137e-01 4.898789999999999978e+00 1.616610000000000014e+01 2.157839999999999847e+01 2.423570000000000135e+01 3.776105864741987617e-01 3.725971550179970615e-01
7.858749999999999902e-01 1.027879999999999905e+00 9.560539999999999594e-01 1.082510000000000083e+00 1.260869999999999935e+00 3.333969999999999989e-01 9.959922978770414659e-01 9.999999999999998890e-01 1.455240000000000089e+00 4.781157777925186814e-01 nan nan nan 5.495390361109999677e-01 5.367877903249999860e-02 2.448892294520000068e-01 6.402730000000000032e+00 1.393900000000000006e+01 1.813729999999999976e+01 2.047739999999999938e+01 3.776105864741987617e-01 3.725971550179970615e-01
6.265260000000000273e-01 9.600419999999999510e-01 8.287689999999999779e-01 1.113539999999999974e+00 1.189659999999999940e+00 3.110100000000000087e-01 9.989237031743354311e-01 9.979458160701100145e-01 1.455240000000000089e+00 4.360096734650149575e-01 nan nan nan 5.495390361109999677e-01 5.367877903249999860e-02 2.448892294520000068e-01 6.402730000000000032e+00 1.393900000000000006e+01 1.813729999999999976e+01 2.047739999999999938e+01 3.524020456202247020e-01 3.646940510010936443e-01
5.732429999999999470e-01 9.493610000000000104e-01 7.274500000000000410e-01 1.082489999999999952e+00 1.077360000000000095e+00 3.557190000000000074e-01 1.000000000000000000e+00 9.938607229350658878e-01 1.237559999999999993e+00 3.954676432520982665e-01 nan nan nan 4.772245505709999946e-01 5.958322596139999788e-02 3.118782507689999983e-01 7.689669999999999561e+00 1.349080000000000013e+01 1.521340000000000003e+01 1.934969999999999857e+01 3.524020456202247020e-01 3.646940510010936443e-01
5.187669999999999781e-01 9.214489999999999625e-01 7.635079999999999645e-01 9.379690000000000527e-01 1.029640000000000111e+00 3.438809999999999922e-01 9.992089934809338381e-01 9.877910063324082390e-01 5.845310000000000228e-01 3.566609158860258866e-01 nan nan nan 4.772245505709999946e-01 5.958322596139999788e-02 3.118782507689999983e-01 7.689669999999999561e+00 1.349080000000000013e+01 1.521340000000000003e+01 1.934969999999999857e+01 3.118290938837290360e-01 3.594320871440809251e-01
6.614689999999999737e-01 9.788520000000000554e-01 9.133649999999999824e-01 1.095059999999999922e+00 1.267509999999999915e+00 3.791840000000000210e-01 9.965596460370681475e-01 9.798054385765808671e-01 1.019889999999999963e+00 3.197410584244084752e-01 nan nan nan 4.582201561590000249e-01 6.617146379150000424e-02 3.550578849530000025e-01 4.665409999999999613e+00 9.423679999999999168e+00 1.340419999999999945e+01 1.831469999999999843e+01 3.118290938837290360e-01 3.594320871440809251e-01
7.473800000000000443e-01 1.021649999999999947e+00 1.016960000000000086e+00 1.535060000000000091e+00 1.613080000000000069e+00 4.166409999999999836e-01 9.920819758335674976e-01 9.699944993411281358e-01 1.019889999999999963e+00 2.848382589348841254e-01 nan nan nan 4.582201561590000249e-01 6.617146379150000424e-02 3.550578849530000025e-01 4.665409999999999613e+00 9.423679999999999168e+00 1.340419999999999945e+01 1.831469999999999843e+01 2.895031190700106949e-01 3.445942971689008871e-01
7.881160000000000387e-01 1.031889999999999974e+00 9.929189999999999960e-01 1.004590000000000094e+00 1.327250000000000041e+00 4.588320000000000176e-01 9.858267166630235723e-01 9.584693504878402104e-01 8.022080000000000322e-01 2.520598514122919243e-01 nan nan nan 4.723470933889999945e-01 7.324822633310000553e-02 3.401087211880000072e-01 4.027269999999999683e+00 8.844390000000000640e+00 1.381300000000000061e+01 2.244579999999999842e+01 2.895031190700106949e-01 3.445942971689008871e-01
5.608729999999999549e-01 9.394820000000000393e-01 9.417330000000000423e-01 9.400849999999999485e-01 1.242350000000000065e+00 5.807639999999999469e-01 9.778647431113138833e-01 9.439992686616291984e-01 8.022080000000000322e-01 2.214890996416214453e-01 nan nan nan 4.723470933889999945e-01 7.324822633310000553e-02 3.401087211880000072e-01 4.027269999999999683e+00 8.844390000000000640e+00 1.381300000000000061e+01 2.244579999999999842e+01 2.840663101485244590e-01 3.298580895075627906e-01
5.190829999999999611e-01 9.186349999999999794e-01 8.994659999999999878e-01 7.736319999999999864e-01 1.112519999999999953e+00 6.832939999999999570e-01 9.682862675202220659e-01 9.266044366001068289e-01 8.022080000000000322e-01 1.931842537860585240e-01 nan nan nan 5.046675123039999766e-01 9.307046166059999848e-02 2.740861490729999961e-01 5.462290000000000312e+00 9.014049999999999230e+00 1.493440000000000012e+01 2.409710000000000107e+01 2.840663101485244590e-01 3.298580895075627906e-01
5.047549999999999537e-01 9.129979999999999762e-01 9.587670000000000359e-01 7.658719999999999972e-01 1.103599999999999914e+00 7.090929999999999733e-01 9.571814943925581742e-01 9.075986453189841541e-01 8.022080000000000322e-01 1.671778903893608170e-01 nan nan nan 5.046675123039999766e-01 9.307046166059999848e-02 2.740861490729999961e-01 5.462290000000000312e+00 9.014049999999999230e+00 1.493440000000000012e+01 2.409710000000000107e+01 2.741832265819333925e-01 3.209459345064962221e-01
4.602749999999999897e-01 8.962470000000000159e-01 9.416290000000000493e-01 6.096770000000000245e-01 9.874789999999999957e-01 6.826529999999999543e-01 9.431985110506129200e-01 8.869955811740062313e-01 8.022080000000000322e-01 1.434765432705999988e-01 nan nan nan 4.933168389520000141e-01 1.065368322920000055e-01 2.665322848280000101e-01 5.436480000000000423e+00 1.363189999999999991e+01 1.939320000000000022e+01 2.964780000000000015e+01 2.741832265819333925e-01 3.209459345064962221e-01
2.780290000000000261e-01 8.229440000000000088e-01 9.133040000000000047e-01 6.382250000000000423e-01 9.905629999999999713e-01 6.248930000000000318e-01 9.263342701248080679e-01 8.648270282607030124e-01 8.022080000000000322e-01 1.220606294933810343e-01 nan nan nan 4.933168389520000141e-01 1.065368322920000055e-01 2.665322848280000101e-01 5.436480000000000423e+00 1.363189999999999991e+01 1.939320000000000022e+01 2.964780000000000015e+01 2.261590085753557577e-01 2.982287430543092421e-01
3.161550000000000193e-01 8.460039999999999782e-01 9.336999999999999744e-01 5.723639999999999839e-01 8.956769999999999454e-01 5.596240000000000103e-01 9.080040359250454163e-01 8.411425082878876136e-01 8.022080000000000322e-01 1.028846712483363346e-01 nan nan nan 4.673990622749999990e-01 1.262324577239999912e-01 2.244175134530000115e-01 7.492799999999999905e+00 1.873629999999999995e+01 2.783739999999999881e+01 3.770380000000000109e+01 2.261590085753557577e-01 2.982287430543092421e-01
1.019049999999999956e-01 7.313089999999999868e-01 8.876450000000000173e-01 6.066460000000000186e-01 7.861200000000000410e-01 5.624940000000000495e-01 8.882463110281320073e-01 8.160087194769065633e-01 3.668540000000000134e-01 8.587781113487791274e-02 nan nan nan 4.673990622749999990e-01 1.262324577239999912e-01 2.244175134530000115e-01 7.492799999999999905e+00 1.873629999999999995e+01 2.783739999999999881e+01 3.770380000000000109e+01 1.784575489284979666e-01 2.967625716578572437e-01
1.669400000000000051e-01 7.515119999999999578e-01 9.699280000000000124e-01 1.432759999999999867e-01 4.889800000000000257e-01 5.664789999999999548e-01 8.670645152368696706e-01 7.895087808441419996e-01 3.668540000000000134e-01 7.094461500385951247e-02 nan nan nan 3.966609160880000262e-01 1.577583736260000091e-01 2.022898273519999901e-01 8.330149999999999721e+00 2.641150000000000020e+01 3.980579999999999785e+01 4.758429999999999893e+01 1.784575489284979666e-01 2.967625716578572437e-01
1.399239999999999928e-01 7.380269999999999886e-01 9.951989999999999448e-01 -2.174210000000000031e-01 1.062479999999999952e-01 5.201580000000000092e-01 8.444649802614875300e-01 7.617412904293419107e-01 3.668540000000000134e-01 5.796615326461906914e-02 nan nan nan 3.966609160880000262e-01 1.577583736260000091e-01 2.022898273519999901e-01 8.330149999999999721e+00 2.641150000000000020e+01 3.980579999999999785e+01 4.758429999999999893e+01 1.437777196565406257e-01 3.044184920444118481e-01
5.459680000000000089e-02 6.914029999999999898e-01 9.667999999999999927e-01 -2.536930000000000018e-01 -6.404830000000000245e-02 3.675050000000000261e-01 8.204849005211169999e-01 7.328192081404332203e-01 -6.849969999999999670e-02 4.680134840476468661e-02 nan nan nan 3.292058730519999976e-01 1.784018040460000065e-01 2.093886482539999982e-01 1.746790000000000020e+01 3.917090000000000316e+01 4.976200000000000045e+01 5.503130000000000166e+01 1.437777196565406257e-01 3.044184920444118481e-01
-9.244969999999999577e-02 5.762850000000000472e-01 8.759099999999999664e-01 -3.480599999999999805e-01 -1.193899999999999961e-01 9.677579999999999516e-02 7.951792003150912613e-01 7.028685758726278543e-01 1.491770000000000040e-01 3.728857345475899976e-02 nan nan nan 3.292058730519999976e-01 1.784018040460000065e-01 2.093886482539999982e-01 1.746790000000000020e+01 3.917090000000000316e+01 4.976200000000000045e+01 5.503130000000000166e+01 1.349018647642473701e-01 3.236243215147954766e-01
-2.150269999999999959e-01 4.669559999999999822e-01 7.711080000000000156e-01 -5.130879999999999885e-01 -3.096929999999999961e-01 -2.670640000000000236e-01 7.686192984847215470e-01 6.720270894033860687e-01 1.491770000000000040e-01 2.924748328606963099e-02 nan nan nan 3.266673432669999766e-01 1.540068526410000027e-01 1.866762807890000042e-01 1.403209999999999980e+01 4.463439999999999941e+01 5.399470000000000169e+01 5.420799999999999841e+01 1.349018647642473701e-01 3.236243215147954766e-01
-3.708879999999999955e-01 2.711680000000000201e-01 5.766930000000000112e-01 -3.842729999999999757e-01 -2.745500000000000163e-01 -4.322289999999999743e-01 7.408927286080858599e-01 6.404425382442382464e-01 -6.849969999999999670e-02 2.248105799353583567e-02 nan nan nan 3.266673432669999766e-01 1.540068526410000027e-01 1.866762807890000042e-01 1.403209999999999980e+01 4.463439999999999941e+01 5.399470000000000169e+01 5.420799999999999841e+01 1.781403553680837026e-01 3.799686449257941856e-01
-5.173389999999999933e-01 -3.240700000000000004e-03 2.300740000000000007e-01 -6.775769999999999849e-01 -3.918130000000000224e-01 -6.197770000000000223e-01 7.121036708308388086e-01 6.082711311265645016e-01 -6.849969999999999670e-02 1.677783520961995123e-02 nan nan nan 3.075725391470000014e-01 1.387127038690000036e-01 1.703815447379999903e-01 2.010419999999999874e+01 4.452759999999999962e+01 5.131239999999999668e+01 5.544330000000000069e+01 1.781403553680837026e-01 3.799686449257941856e-01
-5.591949999999999976e-01 -1.423250000000000071e-01 8.967840000000000533e-02 -4.242449999999999832e-01 -2.155040000000000011e-01 -7.426310000000000411e-01 6.823707192097864249e-01 5.756757260942511056e-01 -6.849969999999999670e-02 1.191430605752752392e-02 nan nan nan 3.075725391470000014e-01 1.387127038690000036e-01 1.703815447379999903e-01 2.010419999999999874e+01 4.452759999999999962e+01 5.131239999999999668e+01 5.544330000000000069e+01 4.722511282630591500e-01 6.725290948677229430e-01
-5.129679999999999795e-01 2.573920000000000027e-02 2.588130000000000153e-01 -4.530080000000000218e-01 -3.584510000000000196e-01 -6.376380000000000381e-01 6.518248681923521914e-01 5.428239852569777257e-01 -2.861770000000000147e-01 7.657447596090882769e-03 nan nan nan 3.149875245679999991e-01 9.358652926459999633e-02 1.755185587470000086e-01 2.099859999999999971e+01 4.501619999999999777e+01 5.088660000000000139e+01 5.683870000000000289e+01 4.722511282630591500e-01 6.725290948677229430e-01
-6.091440000000000188e-01 -2.654960000000000098e-01 -3.010340000000000238e-01 -5.422609999999999930e-01 -2.988129999999999953e-01 -5.068660000000000387e-01 6.206056519114204750e-01 5.098864751115215199e-01 -7.215310000000000334e-01 3.767363062804118812e-03 nan nan nan 3.149875245679999991e-01 9.358652926459999633e-02 1.755185587470000086e-01 2.099859999999999971e+01 4.501619999999999777e+01 5.088660000000000139e+01 5.683870000000000289e+01 5.343097701181407366e-01 6.881084357339491975e-01
-6.150799999999999601e-01 -2.930389999999999939e-01 -3.802320000000000144e-01 -5.580150000000000388e-01 -2.689750000000000196e-01 -5.332879999999999843e-01 5.888604148128124827e-01 4.770347339551924692e-01 -9.392080000000000428e-01 0.000000000000000000e+00 nan nan nan 3.292351567210000107e-01 6.845288005489999494e-02 1.676541521849999883e-01 1.191670000000000051e+01 3.305859999999999843e+01 4.573859999999999815e+01 5.515800000000000125e+01 5.343097701181407366e-01 6.881084357339491975e-01
-4.837270000000000181e-01 1.381330000000000058e-01 2.225519999999999998e-01 9.973739999999999828e-01 1.205089999999999995e+00 -5.150099999999999678e-01 5.567426919979099331e-01 4.444393282883823959e-01 -9.392080000000000428e-01 0.000000000000000000e+00 nan nan nan 3.292351567210000107e-01 6.845288005489999494e-02 1.676541521849999883e-01 1.191670000000000051e+01 3.305859999999999843e+01 4.573859999999999815e+01 5.515800000000000125e+01 5.425679322875220922e-01 7.123899948193019860e-01
-3.719330000000000136e-01 4.361410000000000009e-01 3.230279999999999818e-01 2.624620000000000078e-02 1.028619999999999951e-01 -2.270969999999999933e-01 5.244111524979158112e-01 4.122679202279602162e-01 -9.392080000000000428e-01 0.000000000000000000e+00 nan nan nan 3.325777376829999743e-01 5.376653757069999734e-02 2.022036081040000099e-01 3.133380000000000010e+01 3.502720000000000056e+01 3.998899999999999721e+01 4.970559999999999690e+01 5.425679322875220922e-01 7.123899948193019860e-01
-5.917909999999999560e-01 -1.876680000000000015e-01 -1.702770000000000117e-01 -5.192219999999999613e-01 -3.719089999999999896e-01 -4.723649999999999793e-01 4.920239314312457868e-01 3.806833678284939904e-01 -7.215310000000000334e-01 0.000000000000000000e+00 nan nan nan 3.325777376829999743e-01 5.376653757069999734e-02 2.022036081040000099e-01 3.133380000000000010e+01 3.502720000000000056e+01 3.998899999999999721e+01 4.970559999999999690e+01 5.249776016827952807e-01 6.285202504342644048e-01
-5.759560000000000235e-01 -8.913680000000000214e-02 -1.182779999999999943e-01 -5.072969999999999979e-01 -3.749399999999999955e-01 -5.025429999999999620e-01 4.597421507065997393e-01 3.498418798354172576e-01 -7.215310000000000334e-01 0.000000000000000000e+00 nan nan nan 3.517615969149999744e-01 5.053046066320000113e-02 1.781790987059999887e-01 7.228519999999999612e+00 3.057929999999999993e+01 3.666599999999999682e+01 4.191470000000000340e+01 5.249776016827952807e-01 6.285202504342644048e-01
-3.481349999999999723e-01 4.700230000000000241e-01 3.807440000000000269e-01 -5.538629999999999942e-01 -2.766950000000000243e-01 -2.697479999999999878e-01 4.277466305281432124e-01 3.198912457775257012e-01 -9.392080000000000428e-01 0.000000000000000000e+00 nan nan nan 3.517615969149999744e-01 5.053046066320000113e-02 1.781790987059999887e-01 7.228519999999999612e+00 3.057929999999999993e+01 3.666599999999999682e+01 4.191470000000000340e+01 5.136309758988542029e-01 6.272199968170875106e-01
-5.956650000000000000e-01 -2.432620000000000060e-01 -1.203599999999999948e-01 7.315099999999999381e-02 1.231330000000000063e-01 -4.602820000000000245e-01 3.961844697126850612e-01 2.909691614525623526e-01 -7.215310000000000334e-01 0.000000000000000000e+00 nan nan nan 3.471592961619999751e-01 4.543446553819999872e-02 1.630479119319999948e-01 2.213129999999999953e+01 2.653940000000000055e+01 2.924510000000000076e+01 3.255449999999999733e+01 5.136309758988542029e-01 6.272199968170875106e-01
-5.273219999999999574e-01 8.418810000000000182e-02 5.099440000000000087e-05 -4.122049999999999881e-01 -9.171780000000000210e-02 -5.856630000000000447e-01 3.652127900852799591e-01 2.632016687788083509e-01 -7.215310000000000334e-01 0.000000000000000000e+00 nan nan nan 3.471592961619999751e-01 4.543446553819999872e-02 1.630479119319999948e-01 2.213129999999999953e+01 2.653940000000000055e+01 2.924510000000000076e+01 3.255449999999999733e+01 5.164189403509162890e-01 6.267831928675671183e-01
-3.882669999999999733e-01 4.066710000000000047e-01 3.249070000000000014e-01 -6.248820000000000485e-01 -4.171139999999999848e-01 -4.421129999999999782e-01 3.350257050851306317e-01 2.367017276897851463e-01 -9.392080000000000428e-01 0.000000000000000000e+00 nan nan nan 3.159306225829999759e-01 4.780574680250000014e-02 1.772498224429999991e-01 1.468950000000000067e+01 2.707199999999999918e+01 2.831700000000000017e+01 3.301350000000000051e+01 5.164189403509162890e-01 6.267831928675671183e-01
-6.395640000000000214e-01 -5.285910000000000331e-01 -4.866679999999999895e-01 -5.572599999999999776e-01 -3.417749999999999955e-01 -5.829680000000000417e-01 3.057670002680930033e-01 2.115679362530716867e-01 -2.861770000000000147e-01 0.000000000000000000e+00 nan nan nan 3.159306225829999759e-01 4.780574680250000014e-02 1.772498224429999991e-01 1.468950000000000067e+01 2.707199999999999918e+01 2.831700000000000017e+01 3.301350000000000051e+01 5.376987328951980949e-01 6.489112068994707938e-01
-6.321440000000000392e-01 -4.243000000000000105e-01 -4.932810000000000250e-01 -7.267900000000000471e-01 -4.506830000000000003e-01 -7.103279999999999594e-01 2.775499436173594070e-01 1.878834135148000906e-01 -2.861770000000000147e-01 0.000000000000000000e+00 nan nan nan 2.498796769809999985e-01 6.171760946709999723e-02 1.696183022939999896e-01 1.487759999999999927e+01 2.583759999999999835e+01 2.840269999999999939e+01 3.082250000000000156e+01 5.376987328951980949e-01 6.489112068994707938e-01
-5.510429999999999495e-01 3.684690000000000187e-02 -8.458279999999999965e-02 -3.455030000000000046e-01 -3.347229999999999928e-01 -6.162290000000000267e-01 2.504930597987740093e-01 1.657148577276511547e-01 -9.392080000000000428e-01 0.000000000000000000e+00 nan nan nan 2.498796769809999985e-01 6.171760946709999723e-02 1.696183022939999896e-01 1.487759999999999927e+01 2.583759999999999835e+01 2.840269999999999939e+01 3.082250000000000156e+01 6.064184395189787802e-01 8.627690661537887884e-01
-6.228320000000000523e-01 -3.534840000000000204e-01 -3.896600000000000064e-01 -6.661559999999999704e-01 -4.372300000000000075e-01 -6.654550000000000187e-01 2.247194778196004439e-01 1.451117906329993934e-01 -6.849969999999999670e-02 0.000000000000000000e+00 nan nan nan 2.850648860869999801e-01 5.065516838979999825e-02 1.581826906380000008e-01 1.505429999999999957e+01 2.267719999999999914e+01 2.534489999999999910e+01 2.888350000000000151e+01 6.064184395189787802e-01 8.627690661537887884e-01
-6.721350000000000380e-01 -1.084510000000000085e+00 -1.044869999999999965e+00 -6.754200000000000204e-01 -5.127350000000000518e-01 -6.856980000000000297e-01 2.003135120319415874e-01 1.261059963597960243e-01 8.022080000000000322e-01 0.000000000000000000e+00 nan nan nan 2.850648860869999801e-01 5.065516838979999825e-02 1.581826906380000008e-01 1.505429999999999957e+01 2.267719999999999914e+01 2.534489999999999910e+01 2.888350000000000151e+01 5.445490008402846804e-01 7.201915165223633508e-01
-5.775959999999999983e-01 -7.859410000000000007e-02 -1.716600000000000070e-01 -5.665620000000000100e-01 -5.009609999999999896e-01 -5.758069999999999578e-01 1.773432734913769071e-01 1.087111612976873198e-01 -6.849969999999999670e-02 0.000000000000000000e+00 nan nan nan 3.536479918889999796e-01 4.951158322950000024e-02 1.424308146340000081e-01 1.055150000000000077e+01 2.002599999999999980e+01 2.236479999999999890e+01 2.654769999999999897e+01 5.445490008402846804e-01 7.201915165223633508e-01
-6.455899999999999972e-01 -5.951750000000000096e-01 -5.624080000000000190e-01 -6.286230000000000429e-01 -3.997800000000000242e-01 -5.887850000000000028e-01 1.558988405436955160e-01 9.292271902475135459e-02 -2.861770000000000147e-01 0.000000000000000000e+00 nan nan nan 3.536479918889999796e-01 4.951158322950000024e-02 1.424308146340000081e-01 1.055150000000000077e+01 2.002599999999999980e+01 2.236479999999999890e+01 2.654769999999999897e+01 5.375985665076989939e-01 6.971221730488577073e-01
-6.085669999999999691e-01 -2.561240000000000183e-01 -2.927719999999999767e-01 -6.231330000000000480e-01 -4.496080000000000076e-01 -6.578260000000000218e-01 1.360439697039889095e-01 7.871790204688267067e-02 -2.861770000000000147e-01 0.000000000000000000e+00 nan nan nan 3.108375524270000079e-01 6.521192342129999986e-02 1.216593311599999949e-01 1.151110000000000078e+01 2.502359999999999829e+01 2.553950000000000031e+01 2.462160000000000082e+01 5.375985665076989939e-01 6.971221730488577073e-01
-4.752520000000000078e-01 2.466569999999999874e-01 1.446939999999999893e-01 -6.496330000000000160e-01 -6.077019999999999644e-01 -5.331690000000000040e-01 1.177879963523413842e-01 6.605599976259834971e-02 -9.392080000000000428e-01 0.000000000000000000e+00 nan nan nan 3.108375524270000079e-01 6.521192342129999986e-02 1.216593311599999949e-01 1.151110000000000078e+01 2.502359999999999829e+01 2.553950000000000031e+01 2.462160000000000082e+01 5.547437131679846534e-01 7.926298645230540618e-01
-5.994359999999999689e-01 -1.958820000000000006e-01 -2.440769999999999884e-01 -4.841650000000000120e-01 -4.837449999999999806e-01 -5.958099999999999508e-01 1.011357205406057114e-01 5.487881973041963679e-02 -7.215310000000000334e-01 0.000000000000000000e+00 nan nan nan 2.836580421900000148e-01 5.666995414159999717e-02 1.205329176959999971e-01 1.133939999999999948e+01 2.814020000000000010e+01 2.914000000000000057e+01 2.625319999999999965e+01 5.547437131679846534e-01 7.926298645230540618e-01
-6.632719999999999727e-01 -8.647540000000000227e-01 -7.782590000000000341e-01 -6.119280000000000275e-01 -6.380489999999999773e-01 -6.806579999999999853e-01 8.607950291585753089e-02 4.511134701248653567e-02 -7.215310000000000334e-01 0.000000000000000000e+00 nan nan nan 2.836580421900000148e-01 5.666995414159999717e-02 1.205329176959999971e-01 1.133939999999999948e+01 2.814020000000000010e+01 2.914000000000000057e+01 2.625319999999999965e+01 5.918386653385345753e-01 7.941502131535552733e-01
-5.568269999999999609e-01 5.657180000000000368e-03 -7.564189999999999803e-02 -7.648979999999999668e-01 -8.101319999999999633e-01 -5.694399999999999462e-01 7.258101882335088462e-02 3.666259412377803617e-02 -9.392080000000000428e-01 0.000000000000000000e+00 nan nan nan 2.184006585419999980e-01 5.484432300699999818e-02 1.407000851440000089e-01 1.668459999999999965e+01 2.598209999999999908e+01 2.740319999999999823e+01 2.611139999999999972e+01 5.918386653385345753e-01 7.941502131535552733e-01
-6.270750000000000490e-01 -3.887200000000000100e-01 -4.041080000000000227e-01 -6.775710000000000344e-01 -6.519500000000000295e-01 -5.800089999999999968e-01 6.058477849014698435e-02 2.942663195667460929e-02 -7.215310000000000334e-01 0.000000000000000000e+00 nan nan nan 2.184006585419999980e-01 5.484432300699999818e-02 1.407000851440000089e-01 1.668459999999999965e+01 2.598209999999999908e+01 2.740319999999999823e+01 2.611139999999999972e+01 6.801965487114707276e-01 7.880044831661175975e-01
-6.353520000000000278e-01 -4.744789999999999841e-01 -4.462880000000000180e-01 -4.800880000000000147e-01 -5.351989999999999803e-01 -6.735579999999999901e-01 5.004093224220462766e-02 2.328379000007385624e-02 -7.215310000000000334e-01 0.000000000000000000e+00 nan nan nan 2.090531825280000089e-01 6.353236985049999508e-02 1.331679518530000106e-01 8.116979999999999862e+00 1.760770000000000124e+01 1.931540000000000035e+01 2.095329999999999870e+01 6.801965487114707276e-01 7.880044831661175975e-01
-5.009689999999999976e-01 1.825189999999999868e-01 8.890489999999999504e-02 -7.305110000000000214e-01 -7.297289999999999610e-01 -5.412550000000000416e-01 4.087448747405675320e-02 1.810201225410035253e-02 -9.392080000000000428e-01 0.000000000000000000e+00 nan nan nan 2.090531825280000089e-01 6.353236985049999508e-02 1.331679518530000106e-01 8.116979999999999862e+00 1.760770000000000124e+01 1.931540000000000035e+01 2.095329999999999870e+01 7.825332079398557017e-01 8.838507823531204233e-01
-5.988520000000000509e-01 -1.810019999999999962e-01 -2.670069999999999943e-01 -6.684529999999999639e-01 -7.714269999999999738e-01 -5.649509999999999810e-01 3.297953087039651177e-02 1.373835347734997381e-02 -7.215310000000000334e-01 0.000000000000000000e+00 nan nan nan 1.879419912389999892e-01 5.535139461480000078e-02 1.202170155619999986e-01 1.015049999999999919e+01 1.666590000000000060e+01 1.929510000000000147e+01 2.119960000000000022e+01 7.825332079398557017e-01 8.838507823531204233e-01
-6.619369999999999976e-01 -8.783659999999999801e-01 -6.884409999999999696e-01 -5.316819999999999879e-01 -6.685729999999999729e-01 -7.090119999999999756e-01 2.624091097246572524e-02 1.004059881359398165e-02 -7.215310000000000334e-01 0.000000000000000000e+00 nan nan nan 1.879419912389999892e-01 5.535139461480000078e-02 1.202170155619999986e-01 1.015049999999999919e+01 1.666590000000000060e+01 1.929510000000000147e+01 2.119960000000000022e+01 6.639139459435394741e-01 8.379795954992264040e-01
-5.363719999999999599e-01 7.701199999999999712e-02 -5.724909999999999721e-03 -6.577309999999999546e-01 -8.488959999999999839e-01 -7.047809999999999908e-01 2.052735532501415161e-02 6.848988446921167039e-03 -9.392080000000000428e-01 0.000000000000000000e+00 nan nan nan 1.919161669870000086e-01 6.410467851289999852e-02 1.091688695300000039e-01 8.721970000000000667e+00 1.584270000000000067e+01 1.939849999999999852e+01 2.098880000000000123e+01 6.639139459435394741e-01 8.379795954992264040e-01
-6.119649999999999812e-01 -2.542829999999999813e-01 -3.547319999999999918e-01 -7.005679999999999685e-01 -8.298269999999999813e-01 -7.220889999999999809e-01 1.569967587356824179e-02 3.998027744289589513e-03 -7.215310000000000334e-01 0.000000000000000000e+00 nan nan nan 1.919161669870000086e-01 6.410467851289999852e-02 1.091688695300000039e-01 8.721970000000000667e+00 1.584270000000000067e+01 1.939849999999999852e+01 2.098880000000000123e+01 7.237188440798882905e-01 7.908013828738990059e-01
-6.747220000000000439e-01 -1.235640000000000072e+00 -9.721950000000000314e-01 -6.254399999999999959e-01 -8.086659999999999959e-01 -7.590379999999999905e-01 1.161390602938583427e-02 1.318362375847370593e-03 -7.215310000000000334e-01 0.000000000000000000e+00 nan nan nan 2.255756035879999954e-01 4.727640633530000303e-02 1.153748556220000054e-01 9.769069999999999254e+00 1.636499999999999844e+01 1.846709999999999852e+01 2.024269999999999925e+01 7.237188440798882905e-01 7.908013828738990059e-01
-6.673980000000000468e-01 -8.887420000000000320e-01 -9.836529999999999996e-01 -7.418470000000000342e-01 -9.203740000000000254e-01 -7.378710000000000546e-01 8.116126700437820141e-03 0.000000000000000000e+00 -7.215310000000000334e-01 0.000000000000000000e+00 nan nan nan 2.255756035879999954e-01 4.727640633530000303e-02 1.153748556220000054e-01 9.769069999999999254e+00 1.636499999999999844e+01 1.846709999999999852e+01 2.024269999999999925e+01 9.709573124245274300e-01 9.383564658835797934e-01
-6.711479999999999668e-01 -1.085790000000000033e+00 -9.002289999999999459e-01 -9.312249999999999694e-01 -1.033420000000000005e+00 -6.546260000000000412e-01 5.040307692282697261e-03 0.000000000000000000e+00 -7.215310000000000334e-01 0.000000000000000000e+00 nan nan nan 2.759369680309999850e-01 3.706105663160000341e-02 1.113651694619999938e-01 5.421920000000000073e+00 1.312959999999999994e+01 1.808490000000000109e+01 1.950809999999999889e+01 9.709573124245274300e-01 9.383564658835797934e-01
-6.247719999999999940e-01 -3.688290000000000179e-01 -3.878909999999999858e-01 -7.816199999999999815e-01 -8.801520000000000454e-01 -6.389089999999999492e-01 2.225883588656718537e-03 0.000000000000000000e+00 -7.215310000000000334e-01 0.000000000000000000e+00 nan nan nan 2.759369680309999850e-01 3.706105663160000341e-02 1.113651694619999938e-01 5.421920000000000073e+00 1.312959999999999994e+01 1.808490000000000109e+01 1.950809999999999889e+01 6.800462991302218541e-01 7.568999786677140795e-01
-6.184690000000000465e-01 -3.664669999999999872e-01 -2.609850000000000225e-01 -7.861860000000000515e-01 -7.436639999999999917e-01 -4.028990000000000071e-01 4.313670852621465102e-04 0.000000000000000000e+00 -7.215310000000000334e-01 0.000000000000000000e+00 nan nan nan 2.767455535800000255e-01 3.368242584489999913e-02 1.253277687140000041e-01 7.603580000000000005e+00 1.482809999999999917e+01 1.989349999999999952e+01 2.225199999999999889e+01 6.800462991302218541e-01 7.568999786677140795e-01
-4.529360000000000053e-01 2.908419999999999894e-01 2.084439999999999904e-01 -8.528689999999999882e-01 -8.503190000000000470e-01 -8.868560000000000332e-02 0.000000000000000000e+00 8.481767984576116248e-04 -9.392080000000000428e-01 0.000000000000000000e+00 nan nan nan 2.767455535800000255e-01 3.368242584489999913e-02 1.253277687140000041e-01 7.603580000000000005e+00 1.482809999999999917e+01 1.989349999999999952e+01 2.225199999999999889e+01 8.656490503669984626e-01 7.578717828034686743e-01
-6.340179999999999705e-01 -5.741190000000000460e-01 -2.732519999999999949e-01 -6.072579999999999645e-01 -5.416100000000000358e-01 -1.967810000000000115e-01 0.000000000000000000e+00 1.723982870282747548e-03 -7.215310000000000334e-01 0.000000000000000000e+00 nan nan nan 2.510121303510000068e-01 4.196139386429999923e-02 1.227698361779999969e-01 9.463240000000000762e+00 2.349449999999999861e+01 2.935979999999999990e+01 3.002189999999999870e+01 8.656490503669984626e-01 7.578717828034686743e-01
-2.937069999999999959e-01 5.359319999999999640e-01 4.788589999999999791e-01 -5.493489999999999762e-01 -5.166239999999999721e-01 -6.508139999999999759e-02 0.000000000000000000e+00 2.682363711502211423e-03 -7.215310000000000334e-01 0.000000000000000000e+00 nan nan nan 2.510121303510000068e-01 4.196139386429999923e-02 1.227698361779999969e-01 9.463240000000000762e+00 2.349449999999999861e+01 2.935979999999999990e+01 3.002189999999999870e+01 1.000000000000000000e+00 9.873902487750866319e-01
-1.105830000000000007e-01 7.378080000000000194e-01 6.267300000000000093e-01 -4.943449999999999789e-01 -4.968469999999999831e-01 -2.330000000000000127e-01 0.000000000000000000e+00 3.777329213010549580e-03 -9.392080000000000428e-01 0.000000000000000000e+00 nan nan nan 2.505119969849999850e-01 4.074593197830000263e-02 1.039612599569999934e-01 1.813690000000000069e+01 3.263779999999999859e+01 3.541760000000000019e+01 3.283700000000000330e+01 1.000000000000000000e+00 9.873902487750866319e-01
-4.173600000000000088e-01 3.705479999999999885e-01 2.492790000000000006e-01 -4.911389999999999922e-01 -4.791139999999999843e-01 -5.843509999999999538e-01 0.000000000000000000e+00 5.061341706925071016e-03 -9.392080000000000428e-01 0.000000000000000000e+00 nan nan nan 2.505119969849999850e-01 4.074593197830000263e-02 1.039612599569999934e-01 1.813690000000000069e+01 3.263779999999999859e+01 3.541760000000000019e+01 3.283700000000000330e+01 8.723212447343086096e-01 9.269758606561541159e-01
-6.538699999999999513e-01 -7.064620000000000344e-01 -6.177000000000000268e-01 -5.516299999999999537e-01 -5.930969999999999853e-01 -6.949490000000000389e-01 0.000000000000000000e+00 6.584721547399752239e-03 -2.861770000000000147e-01 0.000000000000000000e+00 nan nan nan 2.137476346380000058e-01 4.015050305369999989e-02 9.397510354020000012e-02 1.008719999999999928e+01 3.360710000000000264e+01 3.373819999999999908e+01 2.917490000000000094e+01 8.723212447343086096e-01 9.269758606561541159e-01
-6.734520000000000506e-01 -1.069390000000000063e+00 -1.122440000000000104e+00 -7.320759999999999490e-01 -8.764429999999999721e-01 -7.600909999999999611e-01 0.000000000000000000e+00 8.395076960905578645e-03 -2.861770000000000147e-01 0.000000000000000000e+00 nan nan nan 2.137476346380000058e-01 4.015050305369999989e-02 9.397510354020000012e-02 1.008719999999999928e+01 3.360710000000000264e+01 3.373819999999999908e+01 2.917490000000000094e+01 8.768621209676072947e-01 9.739610668851814701e-01
-6.819319999999999826e-01 -1.599180000000000046e+00 -1.351010000000000044e+00 -8.531440000000000135e-01 -9.729799999999999560e-01 -7.469479999999999453e-01 0.000000000000000000e+00 1.053676462600117159e-02 -7.215310000000000334e-01 0.000000000000000000e+00 nan nan nan 2.160305136710000129e-01 3.903204542150000289e-02 9.671271361510000442e-02 2.277189999999999870e+01 3.530180000000000007e+01 3.782750000000000057e+01 3.342000000000000171e+01 8.768621209676072947e-01 9.739610668851814701e-01
-6.286420000000000341e-01 -3.829850000000000199e-01 -4.559869999999999757e-01 -5.765949999999999687e-01 -7.762940000000000396e-01 -6.041509999999999936e-01 0.000000000000000000e+00 1.305038709444172884e-02 -7.215310000000000334e-01 0.000000000000000000e+00 nan nan nan 2.160305136710000129e-01 3.903204542150000289e-02 9.671271361510000442e-02 2.277189999999999870e+01 3.530180000000000007e+01 3.782750000000000057e+01 3.342000000000000171e+01 7.515484054067589348e-01 9.294578551910255282e-01
-5.775789999999999536e-01 -7.619940000000000047e-02 -1.648729999999999918e-01 -8.191880000000000273e-01 -8.487299999999999844e-01 -2.806939999999999991e-01 0.000000000000000000e+00 1.597233274804210623e-02 -7.215310000000000334e-01 0.000000000000000000e+00 nan nan nan 2.490787794369999919e-01 3.076783206790000003e-02 9.727727237229999435e-02 1.404439999999999955e+01 4.281860000000000355e+01 4.521529999999999916e+01 3.911540000000000106e+01 7.515484054067589348e-01 9.294578551910255282e-01
-6.657199999999999784e-01 -1.015079999999999982e+00 -6.929969999999999741e-01 -6.082659999999999734e-01 -7.375049999999999661e-01 -3.560760000000000036e-01 0.000000000000000000e+00 1.933436350377204516e-02 -7.215310000000000334e-01 0.000000000000000000e+00 nan nan nan 2.490787794369999919e-01 3.076783206790000003e-02 9.727727237229999435e-02 1.404439999999999955e+01 4.281860000000000355e+01 4.521529999999999916e+01 3.911540000000000106e+01 6.789277744698136718e-01 8.746745133360648294e-01
-4.666950000000000265e-01 2.643739999999999979e-01 1.712210000000000121e-01 -5.401620000000000310e-01 -4.949459999999999971e-01 -2.266450000000000131e-01 0.000000000000000000e+00 2.316325493854531903e-02 -9.392080000000000428e-01 0.000000000000000000e+00 nan nan nan 3.345239186910000107e-01 2.807333634000000119e-02 1.015519974419999971e-01 1.768599999999999994e+01 3.782330000000000325e+01 4.314300000000000068e+01 3.693310000000000315e+01 6.789277744698136718e-01 8.746745133360648294e-01
-9.388249999999999373e-02 7.465319999999999734e-01 6.541200000000000347e-01 -5.862039999999999473e-01 -5.699379999999999447e-01 4.118649999999999811e-01 0.000000000000000000e+00 2.748049291123355609e-02 -9.392080000000000428e-01 0.000000000000000000e+00 nan nan nan 3.345239186910000107e-01 2.807333634000000119e-02 1.015519974419999971e-01 1.768599999999999994e+01 3.782330000000000325e+01 4.314300000000000068e+01 3.693310000000000315e+01 6.051774892738492895e-01 8.341736448072814003e-01
-4.282389999999999808e-01 3.130910000000000082e-01 3.162920000000000176e-01 -4.390539999999999998e-01 -4.296849999999999836e-01 2.188029999999999975e-01 0.000000000000000000e+00 3.230203011930088408e-02 -7.215310000000000334e-01 0.000000000000000000e+00 nan nan nan 4.006694399740000079e-01 2.508775742970000000e-02 8.973713852579999484e-02 1.279449999999999932e+01 2.914799999999999969e+01 3.166619999999999990e+01 3.093140000000000001e+01 6.051774892738492895e-01 8.341736448072814003e-01
-4.651250000000000107e-01 2.257429999999999992e-01 2.659279999999999977e-01 -3.552719999999999767e-01 -3.087739999999999929e-01 -2.070879999999999943e-01 0.000000000000000000e+00 3.763810534836653510e-02 -7.215310000000000334e-01 0.000000000000000000e+00 nan nan nan 4.006694399740000079e-01 2.508775742970000000e-02 8.973713852579999484e-02 1.279449999999999932e+01 2.914799999999999969e+01 3.166619999999999990e+01 3.093140000000000001e+01 6.727452824413888699e-01 8.521435561259215197e-01
1.195230000000000042e-01 8.943990000000000551e-01 8.092200000000000504e-01 -6.030809999999999782e-01 -6.059729999999999839e-01 1.231949999999999990e-01 0.000000000000000000e+00 4.349312746267297580e-02 -9.392080000000000428e-01 0.000000000000000000e+00 nan nan nan 3.311992931070000257e-01 3.029133561750000161e-02 9.462341247340000372e-02 1.310210000000000008e+01 2.999510000000000076e+01 3.327349999999999852e+01 3.005640000000000001e+01 6.727452824413888699e-01 8.521435561259215197e-01
-3.835459999999999980e-01 4.030440000000000134e-01 3.673770000000000091e-01 -4.005360000000000031e-01 -3.419400000000000217e-01 -3.317629999999999885e-02 0.000000000000000000e+00 4.986562545089234799e-02 -7.215310000000000334e-01 0.000000000000000000e+00 nan nan nan 3.311992931070000257e-01 3.029133561750000161e-02 9.462341247340000372e-02 1.310210000000000008e+01 2.999510000000000076e+01 3.327349999999999852e+01 3.005640000000000001e+01 6.381767491555416782e-01 7.782796696543152759e-01
-6.036730000000000151e-01 -2.824220000000000064e-01 -1.516770000000000063e-01 -5.739509999999999890e-01 -6.071980000000000155e-01 -5.498729999999999452e-01 0.000000000000000000e+00 5.674826509327224322e-02 -7.215310000000000334e-01 0.000000000000000000e+00 nan nan nan 2.293115966900000080e-01 3.777262953359999953e-02 1.031958639769999936e-01 1.481520000000000081e+01 2.905509999999999948e+01 3.307529999999999859e+01 3.388839999999999719e+01 6.381767491555416782e-01 7.782796696543152759e-01
-3.862869999999999915e-01 4.218470000000000275e-01 3.072550000000000003e-01 -6.950469999999999704e-01 -7.159499999999999753e-01 -5.130850000000000133e-01 0.000000000000000000e+00 6.412793206127676005e-02 -9.392080000000000428e-01 0.000000000000000000e+00 nan nan nan 2.293115966900000080e-01 3.777262953359999953e-02 1.031958639769999936e-01 1.481520000000000081e+01 2.905509999999999948e+01 3.307529999999999859e+01 3.388839999999999719e+01 9.917474026299242240e-01 7.036403715203825016e-01
-4.733890000000000042e-01 2.456349999999999922e-01 1.654140000000000055e-01 -6.682730000000000059e-01 -6.517579999999999485e-01 -6.335269999999999513e-01 0.000000000000000000e+00 7.198588050816800976e-02 -9.392080000000000428e-01 0.000000000000000000e+00 nan nan nan 1.658893048629999922e-01 4.913025463529999831e-02 9.397678806339999913e-02 6.731849999999999667e+00 2.196109999999999829e+01 3.184189999999999898e+01 3.164799999999999969e+01 9.917474026299242240e-01 7.036403715203825016e-01
-6.714179999999999593e-01 -1.014140000000000041e+00 -1.043860000000000010e+00 -7.901059999999999750e-01 -7.186120000000000285e-01 -7.468839999999999923e-01 0.000000000000000000e+00 8.029794546694124513e-02 -2.861770000000000147e-01 0.000000000000000000e+00 nan nan nan 1.658893048629999922e-01 4.913025463529999831e-02 9.397678806339999913e-02 6.731849999999999667e+00 2.196109999999999829e+01 3.184189999999999898e+01 3.164799999999999969e+01 9.049142742666986816e-01 8.955767674476089457e-01
-6.872200000000000530e-01 -2.365629999999999900e+00 -2.362579999999999902e+00 -8.286000000000000032e-01 -1.005279999999999951e+00 -7.897410000000000263e-01 0.000000000000000000e+00 8.903481664905610327e-02 8.022080000000000322e-01 0.000000000000000000e+00 nan nan nan 1.450294982779999908e-01 4.756502394150000090e-02 8.676169615569999383e-02 9.619690000000000296e+00 1.952209999999999823e+01 2.442490000000000094e+01 2.624060000000000059e+01 9.049142742666986816e-01 8.955767674476089457e-01
-6.845839999999999703e-01 -1.820359999999999978e+00 -1.664209999999999967e+00 -7.803609999999999713e-01 -9.675580000000000291e-01 -7.912900000000000489e-01 0.000000000000000000e+00 9.816237054171805809e-02 1.491770000000000040e-01 0.000000000000000000e+00 nan nan nan 1.450294982779999908e-01 4.756502394150000090e-02 8.676169615569999383e-02 9.619690000000000296e+00 1.952209999999999823e+01 2.442490000000000094e+01 2.624060000000000059e+01 7.745922393308886100e-01 8.187906964144829880e-01
-6.490439999999999543e-01 -5.760030000000000427e-01 -6.881760000000000099e-01 -7.406899999999999595e-01 -7.412320000000000020e-01 -7.570649999999999880e-01 0.000000000000000000e+00 1.076420570409128974e-01 -9.392080000000000428e-01 0.000000000000000000e+00 nan nan nan 1.496592487320000109e-01 3.817896658879999655e-02 1.083772482459999936e-01 1.050810000000000066e+01 1.869920000000000115e+01 2.027530000000000143e+01 -1.000000000000000000e+00 7.745922393308886100e-01 8.187906964144829880e-01
-6.420709999999999473e-01 -5.093830000000000302e-01 -5.756019999999999470e-01 -7.648220000000000018e-01 -9.057209999999999983e-01 -6.827990000000000448e-01 0.000000000000000000e+00 1.174313362394895366e-01 -9.392080000000000428e-01 0.000000000000000000e+00 nan nan nan 1.496592487320000109e-01 3.817896658879999655e-02 1.083772482459999936e-01 1.050810000000000066e+01 1.869920000000000115e+01 2.027530000000000143e+01 -1.000000000000000000e+00 9.626657614593130408e-01 9.257568728900507082e-01
-6.844989999999999686e-01 -1.698209999999999997e+00 -1.879189999999999916e+00 -8.426860000000000461e-01 -8.659729999999999928e-01 -6.176789999999999781e-01 0.000000000000000000e+00 1.274841604213058366e-01 -9.392080000000000428e-01 0.000000000000000000e+00 nan nan nan 1.886382438230000125e-01 3.408454204159999668e-02 1.145706107699999976e-01 9.116519999999999513e+00 1.441939999999999955e+01 -1.000000000000000000e+00 -1.000000000000000000e+00 9.626657614593130408e-01 9.257568728900507082e-01
-6.777119999999999811e-01 -1.235600000000000032e+00 -1.288629999999999942e+00 -6.868180000000000396e-01 -7.909720000000000084e-01 -6.301649999999999752e-01 0.000000000000000000e+00 1.377514958002523660e-01 -9.392080000000000428e-01 0.000000000000000000e+00 nan nan nan 1.886382438230000125e-01 3.408454204159999668e-02 1.145706107699999976e-01 9.116519999999999513e+00 1.441939999999999955e+01 -1.000000000000000000e+00 -1.000000000000000000e+00 7.304578160388646157e-01 7.420080114584850506e-01
-6.032149999999999457e-01 -1.968000000000000027e-01 -3.134179999999999744e-01 -7.137569999999999748e-01 -7.643839999999999524e-01 -6.877069999999999572e-01 0.000000000000000000e+00 1.481818780926418277e-01 -9.392080000000000428e-01 0.000000000000000000e+00 nan nan nan 2.037141571030000042e-01 2.652337603119999873e-02 1.051308885840000068e-01 4.128680000000000128e+00 -1.000000000000000000e+00 -1.000000000000000000e+00 -1.000000000000000000e+00 7.304578160388646157e-01 7.420080114584850506e-01
-5.296140000000000292e-01 1.062280000000000030e-01 -4.281550000000000286e-03 -8.858989999999999920e-01 -8.805159999999999654e-01 -5.998069999999999791e-01 0.000000000000000000e+00 1.587219956281074040e-01 -9.392080000000000428e-01 0.000000000000000000e+00 nan nan nan 2.037141571030000042e-01 2.652337603119999873e-02 1.051308885840000068e-01 4.128680000000000128e+00 -1.000000000000000000e+00 -1.000000000000000000e+00 -1.000000000000000000e+00 0.000000000000000000e+00 0.000000000000000000e+00
