-6.549730000000000274e-01 -1.012720000000000065e+00 -9.498520000000000296e-01 -7.235930000000000417e-01 -8.734859999999999847e-01 -6.660070000000000157e-01 2.832188312077765779e-02 2.787053606517828630e-01 1.323020000000000085e+00 1.776574591461566044e-02 2.427125574120614360e-02 nan 3.527450313790269076e-01 5.351628225809999806e-02 3.930901682159999855e-02 7.427452794109999645e-02 -1.000000000000000000e+00 -1.000000000000000000e+00 -1.000000000000000000e+00 -1.000000000000000000e+00 0.000000000000000000e+00 0.000000000000000000e+00
-6.555649999999999533e-01 -1.612540000000000084e+00 -1.656220000000000026e+00 -7.445140000000000091e-01 -9.015539999999999665e-01 -6.651970000000000383e-01 3.544039663883924440e-02 2.746351406378094717e-01 5.885890000000000288e-01 2.311294054095169859e-02 2.877284515813627319e-02 nan 3.637086430906925072e-01 5.914292857259999953e-02 3.495609462529999933e-02 5.716709330179999687e-02 1.466779999999999973e+01 -1.000000000000000000e+00 -1.000000000000000000e+00 -1.000000000000000000e+00 0.000000000000000000e+00 0.000000000000000000e+00
-6.554020000000000401e-01 -1.263859999999999983e+00 -1.342710000000000070e+00 -7.929310000000000525e-01 -9.409870000000000179e-01 -6.659610000000000252e-01 4.378117484608867738e-02 2.720671295443624071e-01 -6.354680000000000328e-01 2.946744417928248705e-02 3.389298015515007645e-02 nan 3.730415662202329896e-01 5.914292857259999953e-02 3.495609462529999933e-02 5.716709330179999687e-02 1.466779999999999973e+01 -1.000000000000000000e+00 -1.000000000000000000e+00 -1.000000000000000000e+00 0.000000000000000000e+00 0.000000000000000000e+00
-6.534940000000000193e-01 -6.316169999999999840e-01 -6.922949999999999937e-01 -7.963360000000000438e-01 -8.881229999999999958e-01 -6.659329999999999972e-01 5.346642489190833736e-02 2.711333833578518648e-01 -1.125089999999999923e+00 3.698495259696088500e-02 3.957364755682946100e-02 nan 3.806380550193438905e-01 6.523130572480000111e-02 4.388578748139999874e-02 7.092393175109999726e-02 5.737639999999999851e+00 1.599460000000000015e+01 -1.000000000000000000e+00 -1.000000000000000000e+00 0.000000000000000000e+00 0.000000000000000000e+00
-6.536180000000000323e-01 -6.712409999999999766e-01 -6.637450000000000294e-01 -7.576939999999999786e-01 -9.008169999999999789e-01 -6.649859999999999660e-01 6.459597367392921896e-02 2.719474411902731426e-01 -8.802790000000000337e-01 4.580798425247611938e-02 4.575048313163376790e-02 nan 3.864120382345285210e-01 6.523130572480000111e-02 4.388578748139999874e-02 7.092393175109999726e-02 5.737639999999999851e+00 1.599460000000000015e+01 -1.000000000000000000e+00 -1.000000000000000000e+00 6.537780050728119186e-01 8.228304784569830943e-01
-6.547439999999999927e-01 -9.169399999999999773e-01 -8.840980000000000505e-01 -7.278139999999999610e-01 -7.605570000000000386e-01 -6.660209999999999742e-01 7.724812707616823815e-02 2.746030388357000307e-01 -6.354680000000000328e-01 5.606426550437282330e-02 5.235350086436230121e-02 nan 3.902980943287919224e-01 6.076044350479999773e-02 4.661813119359999730e-02 9.740483676779999878e-02 1.320299999999999940e+01 1.617729999999999890e+01 1.975890000000000057e+01 -1.000000000000000000e+00 6.537780050728119186e-01 8.228304784569830943e-01
-6.549329999999999874e-01 -1.040399999999999991e+00 -8.739209999999999479e-01 -7.929640000000000022e-01 -1.004450000000000065e+00 -6.651860000000000550e-01 9.149022986035670879e-02 2.791730467062831789e-01 -8.802790000000000337e-01 6.786528342057052132e-02 5.930788592567104445e-02 nan 3.922521927337970782e-01 6.076044350479999773e-02 4.661813119359999730e-02 9.740483676779999878e-02 1.320299999999999940e+01 1.617729999999999890e+01 1.975890000000000057e+01 -1.000000000000000000e+00 7.484050604139869112e-01 8.285483022940477449e-01
-6.538359999999999728e-01 -6.751380000000000159e-01 -7.597479999999999789e-01 -8.062340000000000062e-01 -9.482099999999999973e-01 -6.640930000000000444e-01 1.073681191126962808e-01 2.857086441813625477e-01 -1.125089999999999923e+00 8.130502258533700566e-02 6.653484235398421376e-02 nan 3.922521927337970782e-01 6.413300248679999760e-02 3.400128712929999936e-02 1.158835517429999962e-01 9.445220000000000837e+00 1.619559999999999889e+01 1.979289999999999949e+01 2.889699999999999847e+01 7.484050604139869112e-01 8.285483022940477449e-01
-6.550839999999999996e-01 -1.061360000000000081e+00 -1.016480000000000050e+00 -7.661350000000000104e-01 -9.026370000000000227e-01 -6.643510000000000248e-01 1.249028706499060171e-01 2.942387397246493119e-01 -1.458450000000000024e-01 9.645890021639413892e-02 7.395248584522384760e-02 nan 3.902980943287919224e-01 6.413300248679999760e-02 3.400128712929999936e-02 1.158835517429999962e-01 9.445220000000000837e+00 1.619559999999999889e+01 1.979289999999999949e+01 2.889699999999999847e+01 8.546499914764362771e-01 9.515593436090433732e-01
-6.544689999999999674e-01 -8.232880000000000198e-01 -8.322289999999999965e-01 -8.176409999999999512e-01 -9.467240000000000100e-01 -6.626180000000000403e-01 1.441022344661299082e-01 3.047696433397808491e-01 -1.458450000000000024e-01 1.133829116577058649e-01 8.147677153469401468e-02 nan 3.864120382345285210e-01 6.949688883309999843e-02 3.819709960260000287e-02 1.412192085189999946e-01 1.599729999999999919e+01 2.256719999999999970e+01 2.828770000000000095e+01 3.777839999999999776e+01 8.546499914764362771e-01 9.515593436090433732e-01
-6.518310000000000493e-01 -4.644139999999999935e-01 -5.290369999999999795e-01 -8.802870000000000417e-01 -9.278009999999999868e-01 -6.622160000000000268e-01 1.649573056217761291e-01 3.172849950754583759e-01 -1.125089999999999923e+00 1.321129959298554812e-01 8.902244625898136920e-02 nan 3.806380550193440016e-01 6.949688883309999843e-02 3.819709960260000287e-02 1.412192085189999946e-01 1.599729999999999919e+01 2.256719999999999970e+01 2.828770000000000095e+01 3.777839999999999776e+01 1.000000000000000000e+00 8.934748318897528518e-01
-6.543039999999999967e-01 -7.489729999999999999e-01 -8.987380000000000368e-01 -8.177259999999999529e-01 -8.679449999999999665e-01 -6.645720000000000516e-01 1.874309463473716741e-01 3.317459503902321361e-01 -1.125089999999999923e+00 1.526646285265838010e-01 9.650401450836065820e-02 nan 3.730415662202329896e-01 5.904291260030000016e-02 3.603843256139999812e-02 1.298196877530000126e-01 1.711489999999999867e+01 3.397879999999999967e+01 3.873839999999999861e+01 5.009449999999999648e+01 1.000000000000000000e+00 8.934748318897528518e-01
-6.527269999999999461e-01 -5.418340000000000378e-01 -6.084330000000000016e-01 -6.934399999999999453e-01 -7.472870000000000346e-01 -6.650409999999999933e-01 2.114677602259947831e-01 3.480916202766771717e-01 -1.125089999999999923e+00 1.750326460712600118e-01 1.038367071250837492e-01 nan 3.637086430906926182e-01 5.904291260030000016e-02 3.603843256139999812e-02 1.298196877530000126e-01 1.711489999999999867e+01 3.397879999999999967e+01 3.873839999999999861e+01 5.009449999999999648e+01 6.573269070828232641e-01 8.297693499737111011e-01
-6.547819999999999752e-01 -9.584599999999999786e-01 -8.682750000000000190e-01 -7.916170000000000151e-01 -7.239060000000000494e-01 -6.652740000000000320e-01 2.369949975168454959e-01 3.662397611581780232e-01 -1.458450000000000024e-01 1.991913048200023573e-01 1.109374417718077543e-01 nan 3.527450313790269076e-01 8.412183966670000457e-02 4.554566748899999823e-02 1.444805978639999988e-01 1.656250000000000000e+01 3.729440000000000310e+01 4.907970000000000255e+01 5.638230000000000075e+01 6.573269070828232641e-01 8.297693499737111011e-01
-6.540369999999999795e-01 -7.378909999999999636e-01 -7.375960000000000294e-01 -8.660280000000000200e-01 -8.250100000000000211e-01 -6.662569999999999881e-01 2.639218710183751648e-01 3.860877067415142694e-01 -1.458450000000000024e-01 2.250945723485832106e-01 1.177257642876756716e-01 nan 3.402749531867664823e-01 8.412183966670000457e-02 4.554566748899999823e-02 1.444805978639999988e-01 1.656250000000000000e+01 3.729440000000000310e+01 4.907970000000000255e+01 5.638230000000000075e+01 6.383322743451063097e-01 8.258606137753550236e-01
-6.540289999999999715e-01 -7.714870000000000339e-01 -6.792259999999999964e-01 -8.154109999999999969e-01 -8.449799999999999534e-01 -6.658749999999999947e-01 2.921428397790248876e-01 4.075135312669863064e-01 -3.906560000000000032e-01 2.526766491181889895e-01 1.241247602661067484e-01 nan 3.264396994826199716e-01 1.600076624039999951e-01 4.317880113579999901e-02 1.488367440620000093e-01 2.456180000000000163e+01 4.742540000000000333e+01 6.178490000000000038e+01 7.774609999999999843e+01 6.383322743451063097e-01 8.258606137753550236e-01
-6.550059999999999771e-01 -1.029320000000000013e+00 -9.828869999999999552e-01 -5.891330000000000178e-01 -6.516319999999999890e-01 -6.664520000000000444e-01 3.215362840548179335e-01 4.303774309759914596e-01 5.885890000000000288e-01 2.818527140104872819e-01 1.300619265257560997e-01 nan 3.113960292193420631e-01 1.600076624039999951e-01 4.317880113579999901e-02 1.488367440620000093e-01 2.456180000000000163e+01 4.742540000000000333e+01 6.178490000000000038e+01 7.774609999999999843e+01 5.876299843476373574e-01 7.867455793231313832e-01
-6.551209999999999534e-01 -1.059960000000000013e+00 -1.091839999999999922e+00 -7.428599999999999648e-01 -8.062660000000000382e-01 -6.628309999999999480e-01 3.519663303154901834e-01 4.545233081434721933e-01 9.896629999999999316e-02 3.125198853847901415e-01 1.354699926005308308e-01 nan 2.953143931921614618e-01 2.488579009399999875e-01 5.008237065869999838e-02 1.304723322169999977e-01 2.278509999999999991e+01 6.824880000000000280e+01 8.554110000000000014e+01 9.121760000000000446e+01 5.876299843476373574e-01 7.867455793231313832e-01
-6.544210000000000305e-01 -8.325139999999999763e-01 -8.563990000000000213e-01 -7.196270000000000167e-01 -7.138130000000000308e-01 -6.340200000000000280e-01 3.832849517029515152e-01 4.797805397275138883e-01 -3.906560000000000032e-01 3.445583867681524248e-01 1.402876829408501447e-01 nan 2.783770027631617960e-01 2.488579009399999875e-01 5.008237065869999838e-02 1.304723322169999977e-01 2.278509999999999991e+01 6.824880000000000280e+01 8.554110000000000014e+01 9.121760000000000446e+01 1.300850806639081148e-01 6.991933475385339047e-01
-6.538450000000000095e-01 -7.681559999999999500e-01 -6.566429999999999767e-01 -7.073209999999999775e-01 -6.461430000000000229e-01 -4.404020000000000157e-01 4.153301885003329863e-01 5.059659105965882420e-01 -1.458450000000000024e-01 3.778329039706711523e-01 1.444604111901068855e-01 nan 2.607757653337415826e-01 3.659163102610000218e-01 8.830224700090000267e-02 2.005236837290000074e-01 3.522950000000000159e+01 8.018250000000000455e+01 1.020090000000000003e+02 1.070049999999999955e+02 1.300850806639081148e-01 6.991933475385339047e-01
-6.415600000000000191e-01 -1.811979999999999980e-01 -5.720909999999999884e-02 -6.774310000000000054e-01 -5.455010000000000137e-01 9.092799999999999494e-02 4.479314536532543745e-01 5.328856894302012037e-01 9.896629999999999316e-02 4.121941182493250588e-01 1.479408986698992345e-01 nan 2.427101099570735387e-01 3.659163102610000218e-01 8.830224700090000267e-02 2.005236837290000074e-01 3.522950000000000159e+01 8.018250000000000455e+01 1.020090000000000003e+02 1.070049999999999955e+02 1.497667643002154048e-01 7.163537371668926568e-01
-4.971160000000000023e-01 5.290850000000000275e-01 6.185850000000000515e-01 3.002650000000000041e-01 6.934810000000000141e-01 7.094960000000000155e-01 4.809135924565439701e-01 5.603378237721663435e-01 9.896629999999999316e-02 4.474803981489982041e-01 1.506897100663490141e-01 nan 2.243847277272451590e-01 3.969965841290000186e-01 1.112753276929999979e-01 2.496203250460000134e-01 2.698000000000000043e+01 8.447039999999999793e+01 1.026170000000000044e+02 1.026460000000000008e+02 1.497667643002154048e-01 7.163537371668926568e-01
7.359229999999999938e-01 1.164560000000000040e+00 1.185640000000000027e+00 -9.481050000000000588e-02 1.568219999999999892e-01 1.318440000000000056e+00 5.140938769670977404e-01 5.881142293656691500e-01 9.896629999999999316e-02 4.835196308514509989e-01 1.526757002479649517e-01 nan 2.060072525473715110e-01 3.969965841290000186e-01 1.112753276929999979e-01 2.496203250460000134e-01 2.698000000000000043e+01 8.447039999999999793e+01 1.026170000000000044e+02 1.026460000000000008e+02 1.633734715700404516e-01 4.566787503113152180e-01
1.597029999999999950e+00 1.304659999999999931e+00 1.353900000000000103e+00 5.241970000000000240e-01 1.002750000000000030e+00 2.189039999999999875e+00 5.472863884161898174e-01 6.160031478310425967e-01 9.896629999999999316e-02 5.201311722823238615e-01 1.538763671524283616e-01 nan 1.877859085545069417e-01 3.934306933180000132e-01 1.351920713699999999e-01 2.378473207110000098e-01 2.721669999999999945e+01 6.726909999999999457e+01 8.634510000000000218e+01 9.083650000000000091e+01 1.633734715700404516e-01 4.566787503113152180e-01
1.301800000000000068e+00 1.263439999999999896e+00 1.320459999999999967e+00 6.871479999999999810e-01 9.211589999999999501e-01 2.722350000000000048e+00 5.803043875918170169e-01 6.437915459728240641e-01 -1.458450000000000024e-01 5.571278938806812908e-01 1.542781067439490394e-01 nan 1.699271508569704103e-01 3.934306933180000132e-01 1.351920713699999999e-01 2.378473207110000098e-01 2.721669999999999945e+01 6.726909999999999457e+01 8.634510000000000218e+01 9.083650000000000091e+01 1.702129857785630307e-01 4.943548163931704709e-01
1.462040000000000006e+00 1.286499999999999977e+00 1.355240000000000000e+00 8.085609999999999742e-01 9.786679999999999824e-01 2.752320000000000100e+00 6.129617497911941104e-01 6.712675295309825652e-01 -1.458450000000000024e-01 5.943183028403795642e-01 1.538763671524283616e-01 nan 1.526333263154724396e-01 4.872562923639999766e-01 1.154068666849999980e-01 1.844535450789999975e-01 1.773780000000000001e+01 6.645449999999999591e+01 8.442069999999999652e+01 8.831010000000000559e+01 1.702129857785630307e-01 4.943548163931704709e-01
1.666940000000000088e+00 1.313579999999999970e+00 1.381820000000000048e+00 8.957089999999999774e-01 1.020380000000000065e+00 2.890369999999999884e+00 6.450739088426457046e-01 6.982227440275545760e-01 -1.458450000000000024e-01 6.315087118000779487e-01 1.526757002479649517e-01 nan 1.361003808723298958e-01 4.872562923639999766e-01 1.154068666849999980e-01 1.844535450789999975e-01 1.773780000000000001e+01 6.645449999999999591e+01 8.442069999999999652e+01 8.831010000000000559e+01 1.714734400586834795e-01 5.010688491020283131e-01
1.806059999999999999e+00 1.330559999999999965e+00 1.394290000000000029e+00 9.076640000000000263e-01 1.002739999999999965e+00 2.938619999999999788e+00 6.764633357468403663e-01 7.244547355061325966e-01 -1.458450000000000024e-01 6.685054333984350450e-01 1.506897100663490141e-01 nan 1.205156394056433600e-01 6.168707793950000129e-01 6.329281348390000672e-02 1.439142629329999978e-01 3.024060000000000059e+01 7.006480000000000530e+01 8.719960000000000377e+01 8.843789999999999907e+01 1.714734400586834795e-01 5.010688491020283131e-01
2.140979999999999883e+00 1.367930000000000090e+00 1.420719999999999983e+00 8.662349999999999772e-01 9.884169999999999900e-01 2.778080000000000105e+00 7.069616389481063745e-01 7.497692444160888314e-01 -1.458450000000000024e-01 7.051169748293080186e-01 1.479408986698992345e-01 nan 1.060556832635771718e-01 6.168707793950000129e-01 6.329281348390000672e-02 1.439142629329999978e-01 3.024060000000000059e+01 7.006480000000000530e+01 8.719960000000000377e+01 8.843789999999999907e+01 1.818411930922972930e-01 4.710200071948418277e-01
2.250669999999999948e+00 1.379180000000000073e+00 1.423410000000000064e+00 1.163089999999999957e+00 1.491900000000000004e+00 2.564430000000000209e+00 7.364056319130225514e-01 7.739824066509050082e-01 9.896629999999999316e-02 7.411562075317610354e-01 1.444604111901068855e-01 nan 9.288434952712609771e-02 6.754469933119999769e-01 3.832119752390000106e-02 1.258159909859999925e-01 1.617630000000000123e+01 5.690760000000000218e+01 7.009279999999999688e+01 7.635689999999999600e+01 1.818411930922972930e-01 4.710200071948418277e-01
3.121719999999999828e+00 1.455940000000000012e+00 1.395299999999999985e+00 1.620560000000000000e+00 1.805050000000000043e+00 2.464539999999999953e+00 7.646467001806371844e-01 7.969228368019680708e-01 -1.458450000000000024e-01 7.734653137165168335e-01 1.464628331614761247e-01 nan 8.115087467052228831e-02 6.754469933119999769e-01 3.832119752390000106e-02 1.258159909859999925e-01 1.617630000000000123e+01 5.690760000000000218e+01 7.009279999999999688e+01 7.635689999999999600e+01 2.171339129356703035e-01 5.368701054321055599e-01
3.143580000000000041e+00 1.457629999999999981e+00 1.366630000000000011e+00 1.827630000000000088e+00 1.943929999999999936e+00 2.420319999999999805e+00 7.915529876536644416e-01 8.196568397610901613e-01 3.437779999999999725e-01 8.047523731478045672e-01 1.480214479352432999e-01 nan 6.840191711811860475e-02 7.199812694410000491e-01 3.107838986519999985e-02 1.141031184369999951e-01 1.351030000000000086e+01 3.367730000000000246e+01 4.908010000000000161e+01 5.506110000000000326e+01 2.171339129356703035e-01 5.368701054321055599e-01
2.982330000000000148e+00 1.444930000000000048e+00 1.366200000000000081e+00 1.621580000000000021e+00 1.853909999999999947e+00 2.438600000000000101e+00 8.170052753278669311e-01 8.409357151234961858e-01 1.078209999999999891e+00 8.346628909405930941e-01 1.495908724896162223e-01 nan 5.709506429149757700e-02 7.199812694410000491e-01 3.107838986519999985e-02 1.141031184369999951e-01 1.351030000000000086e+01 3.367730000000000246e+01 4.908010000000000161e+01 5.506110000000000326e+01 2.234516817249626586e-01 5.743974319949082252e-01
3.024960000000000093e+00 1.448399999999999910e+00 1.362910000000000066e+00 1.657920000000000060e+00 1.840230000000000032e+00 2.292559999999999931e+00 8.408992268028777639e-01 8.607119286022835158e-01 1.567830000000000057e+00 8.628579689766537886e-01 1.516256013236692013e-01 nan 4.716686768389022344e-02 7.120933925000000331e-01 2.819628410809999972e-02 1.212831399520000047e-01 9.056760000000000588e+00 2.760960000000000036e+01 3.595219999999999771e+01 4.554529999999999745e+01 2.234516817249626586e-01 5.743974319949082252e-01
2.697509999999999852e+00 1.421200000000000019e+00 1.341550000000000020e+00 1.795970000000000066e+00 1.709279999999999911e+00 2.195300000000000029e+00 8.631510253669405497e-01 8.789549716701242632e-01 1.812650000000000095e+00 8.890181457556564082e-01 1.545748568530613820e-01 nan 3.853825806268251775e-02 7.120933925000000331e-01 2.819628410809999972e-02 1.212831399520000047e-01 9.056760000000000588e+00 2.760960000000000036e+01 3.595219999999999771e+01 4.554529999999999745e+01 2.272950341200841162e-01 5.729653817417051931e-01
2.338979999999999837e+00 1.387969999999999926e+00 1.334969999999999990e+00 1.814910000000000023e+00 1.633869999999999933e+00 1.974939999999999918e+00 8.836894084900110968e-01 8.956517072330703044e-01 1.078209999999999891e+00 9.128470160216185514e-01 1.588774995405677348e-01 nan 3.111544135541632894e-02 7.050945010670000013e-01 2.952078326049999840e-02 1.098667558480000001e-01 7.985949999999999882e+00 2.588309999999999889e+01 3.650930000000000319e+01 3.839739999999999753e+01 2.272950341200841162e-01 5.729653817417051931e-01
2.125340000000000007e+00 1.366279999999999939e+00 1.301090000000000080e+00 1.767269999999999897e+00 1.659620000000000095e+00 1.690940000000000110e+00 9.024589079620420895e-01 9.108065184790772317e-01 1.323020000000000085e+00 9.340745891528934308e-01 1.649570554316756033e-01 nan 2.479096137410796707e-02 7.050945010670000013e-01 2.952078326049999840e-02 1.098667558480000001e-01 7.985949999999999882e+00 2.588309999999999889e+01 3.650930000000000319e+01 3.839739999999999753e+01 2.330032389542362470e-01 5.856601267399064170e-01
1.825050000000000061e+00 1.332880000000000065e+00 1.281919999999999948e+00 1.787590000000000012e+00 1.520219999999999905e+00 1.407089999999999952e+00 9.194341396098621999e-01 9.244412592147329688e-01 2.057459999999999845e+00 9.524603482637959972e-01 1.732169174352569119e-01 nan 1.944491733679565293e-02 6.730671001510000195e-01 3.479724318300000258e-02 1.099540417560000011e-01 9.538529999999999731e+00 2.496010000000000062e+01 2.931660000000000110e+01 3.119470000000000098e+01 2.330032389542362470e-01 5.856601267399064170e-01
1.655790000000000095e+00 1.312119999999999953e+00 1.259689999999999976e+00 1.776820000000000066e+00 1.431740000000000013e+00 1.236019999999999897e+00 9.346116394041567021e-01 9.365950062528975995e-01 2.302270000000000039e+00 9.677959753570231083e-01 1.840357747207232997e-01 nan 1.494632239130877505e-02 6.730671001510000195e-01 3.479724318300000258e-02 1.099540417560000011e-01 9.538529999999999731e+00 2.496010000000000062e+01 2.931660000000000110e+01 3.119470000000000098e+01 2.386287910487083774e-01 5.965319478650690233e-01
1.396230000000000082e+00 1.277239999999999931e+00 1.223859999999999948e+00 1.712849999999999984e+00 1.442600000000000104e+00 1.134339999999999904e+00 9.480035368799114570e-01 9.473236166567982064e-01 2.057459999999999845e+00 9.799077116498026152e-01 1.977633220184196183e-01 nan 1.115458774864319658e-02 6.601579576039999786e-01 3.673772346129999811e-02 1.039522102000000059e-01 6.033929999999999794e+00 1.658630000000000138e+01 2.039069999999999894e+01 2.235589999999999833e+01 2.386287910487083774e-01 5.965319478650690233e-01
1.421259999999999968e+00 1.280790000000000095e+00 1.225889999999999924e+00 1.822629999999999972e+00 1.825390000000000068e+00 1.042569999999999997e+00 9.596426761043804765e-01 9.566990948571841846e-01 1.812650000000000095e+00 9.886583263303332370e-01 2.147162974385995460e-01 nan 7.921115610116435946e-03 6.601579576039999786e-01 3.673772346129999811e-02 1.039522102000000059e-01 6.033929999999999794e+00 1.658630000000000138e+01 2.039069999999999894e+01 2.235589999999999833e+01 2.419090716547594999e-01 5.989221573456567915e-01
1.177990000000000093e+00 1.244329999999999936e+00 1.186739999999999906e+00 1.887769999999999948e+00 1.874309999999999921e+00 9.474519999999999609e-01 9.695841076069220410e-01 9.648087768133548625e-01 1.812650000000000095e+00 9.939486714377163690e-01 2.351748937020721186e-01 nan 5.090982839803914750e-03 6.741736749679999585e-01 3.847485075100000318e-02 9.963593647099999728e-02 7.952300000000000146e+00 1.658640000000000114e+01 1.866920000000000002e+01 1.913070000000000093e+01 2.419090716547594999e-01 5.989221573456567915e-01
1.115599999999999925e+00 1.234290000000000109e+00 1.171389999999999931e+00 1.753300000000000081e+00 1.778319999999999901e+00 8.861369999999999525e-01 9.778946218354928055e-01 9.717543404618429470e-01 1.812650000000000095e+00 9.986959789628880868e-01 2.532044332240916962e-01 nan 2.504696305572928772e-03 6.741736749679999585e-01 3.847485075100000318e-02 9.963593647099999728e-02 7.952300000000000146e+00 1.658640000000000114e+01 1.866920000000000002e+01 1.913070000000000093e+01 2.405194724688889396e-01 5.671576223814926987e-01
1.056009999999999893e+00 1.224220000000000086e+00 1.153370000000000006e+00 1.759830000000000005e+00 1.513689999999999980e+00 8.220499999999999474e-01 9.846562640132421329e-01 9.776506536647655565e-01 1.323020000000000085e+00 1.000000000000000000e+00 2.749769392317219507e-01 nan 0.000000000000000000e+00 6.690089705459999481e-01 4.863060167779999915e-02 1.076808599989999976e-01 5.022230000000000416e+00 1.726050000000000040e+01 2.105580000000000140e+01 2.042729999999999890e+01 2.405194724688889396e-01 5.671576223814926987e-01
9.634629999999999583e-01 1.207869999999999999e+00 1.140290000000000026e+00 1.685380000000000100e+00 1.393450000000000077e+00 7.760070000000000023e-01 9.899750056839898837e-01 9.826244727110468036e-01 8.334000000000000297e-01 9.980736543023468466e-01 3.002457205320441247e-01 nan 0.000000000000000000e+00 6.690089705459999481e-01 4.863060167779999915e-02 1.076808599989999976e-01 5.022230000000000416e+00 1.726050000000000040e+01 2.105580000000000140e+01 2.042729999999999890e+01 2.345891383968466970e-01 5.362198024185738099e-01
1.002340000000000009e+00 1.214960000000000040e+00 1.145469999999999988e+00 1.715789999999999926e+00 1.366689999999999960e+00 7.623320000000000096e-01 9.939821251427539694e-01 9.868130061170158340e-01 1.812650000000000095e+00 9.931664629691181467e-01 3.287244717360331414e-01 nan 0.000000000000000000e+00 6.533159372260000097e-01 5.645158783370000238e-02 1.293469254580000005e-01 5.182760000000000034e+00 1.397969999999999935e+01 1.999230000000000018e+01 2.030209999999999937e+01 2.345891383968466970e-01 5.362198024185738099e-01
9.505109999999999948e-01 1.205570000000000030e+00 1.144139999999999935e+00 1.715519999999999934e+00 1.441580000000000084e+00 7.168210000000000415e-01 9.968272946556543390e-01 9.903623599990908355e-01 1.567830000000000057e+00 9.855617212716386577e-01 3.600905172130162146e-01 nan 0.000000000000000000e+00 6.533159372260000097e-01 5.645158783370000238e-02 1.293469254580000005e-01 5.182760000000000034e+00 1.397969999999999935e+01 1.999230000000000018e+01 2.030209999999999937e+01 2.304410040241552382e-01 5.278004538284859493e-01
9.093670000000000364e-01 1.198050000000000059e+00 1.143990000000000062e+00 1.647839999999999971e+00 1.214099999999999957e+00 6.637960000000000527e-01 9.986660304979870784e-01 9.934258826330985004e-01 3.437779999999999725e-01 9.755732888047476958e-01 3.939884671345030842e-01 nan 0.000000000000000000e+00 6.550308391620000004e-01 5.951568558070000070e-02 1.375170904880000100e-01 2.804590000000000138e+00 9.324510000000000076e+00 1.518970000000000020e+01 1.984850000000000136e+01 2.304410040241552382e-01 5.278004538284859493e-01
8.805009999999999781e-01 1.192779999999999951e+00 1.143240000000000034e+00 1.598759999999999959e+00 1.104309999999999903e+00 6.751380000000000159e-01 9.996647401848846037e-01 9.961624269570349410e-01 -1.458450000000000024e-01 9.605648596172585707e-01 4.362093944035758675e-01 nan 0.000000000000000000e+00 6.550308391620000004e-01 5.951568558070000070e-02 1.375170904880000100e-01 2.804590000000000138e+00 9.324510000000000076e+00 1.518970000000000020e+01 1.984850000000000136e+01 2.276256450788041175e-01 5.153997288098071117e-01
7.728549999999999587e-01 1.171210000000000084e+00 1.117990000000000039e+00 1.542920000000000069e+00 1.060780000000000056e+00 6.290069999999999828e-01 1.000000000000000000e+00 9.987345507038029035e-01 -1.458450000000000024e-01 9.437806400562958054e-01 4.803708906359485109e-01 nan 0.000000000000000000e+00 6.699991659549999756e-01 5.890809542159999856e-02 1.318010882840000009e-01 2.096859999999999946e+00 7.324939999999999785e+00 1.312550000000000061e+01 1.913960000000000150e+01 2.276256450788041175e-01 5.153997288098071117e-01
7.339839999999999698e-01 1.163119999999999932e+00 1.111469999999999958e+00 1.554159999999999986e+00 1.071930000000000049e+00 5.603609999999999980e-01 9.998422875079671091e-01 1.000000000000000000e+00 -1.458450000000000024e-01 9.254108020361189180e-01 5.202697149190291803e-01 nan 2.504696305572928772e-03 6.699991659549999756e-01 5.890809542159999856e-02 1.318010882840000009e-01 2.096859999999999946e+00 7.324939999999999785e+00 1.312550000000000061e+01 1.913960000000000150e+01 2.249342652429732192e-01 5.007644519467582267e-01
7.894299999999999651e-01 1.174719999999999986e+00 1.136879999999999891e+00 1.526699999999999946e+00 1.129070000000000018e+00 4.954660000000000175e-01 9.993606923202851267e-01 1.000000000000000000e+00 -1.458450000000000024e-01 9.056634831617111914e-01 5.618301027450157692e-01 nan 5.090982839803914750e-03 6.834266157689999899e-01 5.542802494509999761e-02 1.209617035100000043e-01 2.424090000000000078e+00 7.506070000000000242e+00 1.309769999999999968e+01 2.114150000000000063e+01 2.249342652429732192e-01 5.007644519467582267e-01
7.021899999999999809e-01 1.156549999999999967e+00 1.110060000000000047e+00 1.430790000000000006e+00 1.103310000000000013e+00 3.938030000000000141e-01 9.987418545885112797e-01 1.000000000000000000e+00 -1.458450000000000024e-01 8.847624284465479549e-01 6.045811583131515121e-01 nan 7.921115610116435946e-03 6.834266157689999899e-01 5.542802494509999761e-02 1.209617035100000043e-01 2.424090000000000078e+00 7.506070000000000242e+00 1.309769999999999968e+01 2.114150000000000063e+01 2.222222222222222099e-01 4.859043362758391771e-01
7.032429999999999515e-01 1.156570000000000098e+00 1.104850000000000110e+00 1.501749999999999918e+00 1.240329999999999933e+00 3.770459999999999923e-01 9.973369682655391921e-01 1.000000000000000000e+00 -1.458450000000000024e-01 8.629444551921898743e-01 6.480384950813944389e-01 nan 1.115458774864319658e-02 6.704444344459999927e-01 5.261724794469999772e-02 1.236952992489999958e-01 3.306000000000000050e+00 1.073600000000000065e+01 1.742000000000000171e+01 2.467749999999999844e+01 2.222222222222222099e-01 4.859043362758391771e-01
7.995020000000000460e-01 1.176619999999999999e+00 1.127040000000000042e+00 1.483999999999999986e+00 1.175810000000000022e+00 4.347779999999999978e-01 9.948705348283962691e-01 1.000000000000000000e+00 -1.458450000000000024e-01 8.404567697536284854e-01 6.853334189454030057e-01 nan 1.494632239130877505e-02 6.704444344459999927e-01 5.261724794469999772e-02 1.236952992489999958e-01 3.306000000000000050e+00 1.073600000000000065e+01 1.742000000000000171e+01 2.467749999999999844e+01 2.191124128917610880e-01 4.891904419293244821e-01
7.075569999999999915e-01 1.157499999999999973e+00 1.104289999999999994e+00 1.401299999999999990e+00 1.265980000000000105e+00 4.858520000000000061e-01 9.919046756501502804e-01 1.000000000000000000e+00 -1.458450000000000024e-01 8.175541665925061263e-01 7.217462370297432761e-01 nan 1.944491733679565293e-02 6.392962991309999454e-01 5.778757492859999678e-02 1.239514787090000014e-01 4.137030000000000207e+00 1.459319999999999951e+01 2.411039999999999850e+01 3.598899999999999721e+01 2.191124128917610880e-01 4.891904419293244821e-01
7.512339999999999574e-01 1.167100000000000026e+00 1.122600000000000042e+00 1.485719999999999930e+00 1.230879999999999974e+00 5.305499999999999661e-01 9.888106816619901540e-01 9.987345507038029035e-01 -3.906560000000000032e-01 7.914219865066876025e-01 7.627684059633963454e-01 nan 2.479096137410796707e-02 6.392962991309999454e-01 5.778757492859999678e-02 1.239514787090000014e-01 4.137030000000000207e+00 1.459319999999999951e+01 2.411039999999999850e+01 3.598899999999999721e+01 2.144012067299992941e-01 4.936180369150732217e-01
9.146689999999999543e-01 1.198970000000000091e+00 1.147529999999999939e+00 1.293800000000000061e+00 1.404279999999999973e+00 6.038409999999999611e-01 9.859161293390297232e-01 9.961624269570349410e-01 -3.906560000000000032e-01 7.651057964206463557e-01 8.017599779600912413e-01 nan 3.111544135541632894e-02 6.065264895699999936e-01 8.914196193699999715e-02 1.130318571449999976e-01 7.422629999999999839e+00 2.185630000000000095e+01 3.542519999999999669e+01 4.867640000000000100e+01 2.144012067299992941e-01 4.936180369150732217e-01
6.696389999999999842e-01 1.149370000000000003e+00 1.120049999999999990e+00 1.310850000000000071e+00 1.437889999999999890e+00 5.941260000000000430e-01 9.826738963483538924e-01 9.934258826330986114e-01 -1.458450000000000024e-01 7.386760744507675502e-01 8.382791629288637303e-01 nan 3.853825806268251775e-02 6.065264895699999936e-01 8.914196193699999715e-02 1.130318571449999976e-01 7.422629999999999839e+00 2.185630000000000095e+01 3.542519999999999669e+01 4.867640000000000100e+01 2.083107329748270509e-01 4.924903838171402759e-01
7.654819999999999958e-01 1.169740000000000002e+00 1.127459999999999907e+00 1.251500000000000057e+00 1.510469999999999979e+00 4.975359999999999783e-01 9.784749864116466522e-01 9.903623599990908355e-01 -1.458450000000000024e-01 7.122045850750449159e-01 8.719121839116915629e-01 nan 4.716686768389011242e-02 5.033609758249999455e-01 1.639005158390000050e-01 1.274469590049999990e-01 1.051079999999999970e+01 4.002799999999999869e+01 5.795940000000000225e+01 6.422920000000000584e+01 2.083107329748270509e-01 4.924903838171402759e-01
5.999719999999999498e-01 1.133429999999999938e+00 1.114980000000000082e+00 1.185200000000000031e+00 1.382360000000000033e+00 4.773549999999999738e-01 9.737930996329791089e-01 9.868130061170158340e-01 -1.458450000000000024e-01 6.857635660128702515e-01 9.022779653417661860e-01 nan 5.709506429149757700e-02 5.033609758249999455e-01 1.639005158390000050e-01 1.274469590049999990e-01 1.051079999999999970e+01 4.002799999999999869e+01 5.795940000000000225e+01 6.422920000000000584e+01 1.973334159860730130e-01 4.953579433821291289e-01
5.952380000000000448e-01 1.132349999999999968e+00 1.122740000000000071e+00 1.024250000000000105e+00 1.390349999999999975e+00 4.477209999999999801e-01 9.690381518456195886e-01 9.826244727110468036e-01 -1.458450000000000024e-01 6.594249097428073192e-01 9.290324507819340827e-01 nan 6.840191711811849373e-02 4.168981984419999898e-01 2.615626588630000082e-01 1.311159578630000100e-01 2.478950000000000031e+01 6.120889999999999986e+01 7.590240000000000009e+01 7.582699999999999818e+01 1.973334159860730130e-01 4.953579433821291289e-01
2.363099999999999923e-01 1.033300000000000107e+00 1.064419999999999922e+00 5.925460000000000171e-01 1.170090000000000074e+00 4.233529999999999793e-01 9.640520825947622718e-01 9.776506536647655565e-01 -3.906560000000000032e-01 6.332593489320829105e-01 9.518725012216083803e-01 nan 8.115087467052228831e-02 4.168981984419999898e-01 2.615626588630000082e-01 1.311159578630000100e-01 2.478950000000000031e+01 6.120889999999999986e+01 7.590240000000000009e+01 7.582699999999999818e+01 1.751204921970648254e-01 4.547970224423720786e-01
2.624279999999999946e-01 1.041740000000000110e+00 1.085979999999999945e+00 -7.952610000000000581e-03 5.455600000000000449e-01 3.859130000000000060e-01 9.586753949740665082e-01 9.717543404618429470e-01 -3.906560000000000032e-01 6.073356550072043225e-01 9.705393297628862603e-01 nan 9.538904583269913751e-02 3.722918980689999824e-01 3.116063827459999991e-01 1.255178850160000026e-01 1.535740000000000016e+01 6.101480000000000103e+01 7.549120000000000630e+01 6.969589999999999463e+01 1.751204921970648254e-01 4.547970224423720786e-01
3.016710000000000225e-01 1.054000000000000048e+00 1.110579999999999901e+00 1.713989999999999958e-01 4.898560000000000136e-01 4.414049999999999918e-01 9.527599403899056352e-01 9.648087768133549735e-01 -1.458450000000000024e-01 5.817198589462173608e-01 9.848214337795090367e-01 nan 1.111466661033809755e-01 3.722918980689999824e-01 3.116063827459999991e-01 1.255178850160000026e-01 1.535740000000000016e+01 6.101480000000000103e+01 7.549120000000000630e+01 6.969589999999999463e+01 1.687820602228524702e-01 3.673001355950964442e-01
2.472590000000000066e-01 1.036920000000000064e+00 1.110100000000000087e+00 1.844999999999999973e-01 4.573670000000000235e-01 4.083530000000000215e-01 9.461689623619051748e-01 9.566990948571842956e-01 -1.458450000000000024e-01 5.564745031213400583e-01 9.945569913261289585e-01 nan 1.284367550157597959e-01 3.789261583010000156e-01 2.551987457329999986e-01 1.266173822349999922e-01 2.805110000000000170e+01 5.720069999999999766e+01 6.747539999999999338e+01 6.583509999999999707e+01 1.687820602228524702e-01 3.673001355950964442e-01
2.010069999999999912e-01 1.021460000000000035e+00 1.107269999999999976e+00 1.795269999999999921e-01 4.567370000000000041e-01 3.617639999999999745e-01 9.387671182635239919e-01 9.473236166567982064e-01 -1.458450000000000024e-01 5.316579326688943841e-01 9.996356946456114168e-01 nan 1.472549686209730924e-01 3.789261583010000156e-01 2.551987457329999986e-01 1.266173822349999922e-01 2.805110000000000170e+01 5.720069999999999766e+01 6.747539999999999338e+01 6.583509999999999707e+01 1.630686895924703395e-01 3.502919445443727353e-01
1.399380000000000068e-01 9.998660000000000325e-01 1.091439999999999966e+00 9.593989999999999463e-02 4.781850000000000267e-01 2.551209999999999867e-01 9.304316550004209097e-01 9.365950062528975995e-01 -1.458450000000000024e-01 5.073236344155993560e-01 1.000000000000000000e+00 nan 1.675796487067812146e-01 3.735174098019999889e-01 2.323451996020000077e-01 1.149696535520000062e-01 1.749159999999999826e+01 7.529319999999999879e+01 8.572910000000000252e+01 7.679389999999999361e+01 1.630686895924703395e-01 3.502919445443727353e-01
8.055610000000000548e-02 9.774979999999999780e-01 1.073099999999999943e+00 2.356499999999999914e-02 4.515330000000000177e-01 1.752710000000000101e-01 9.210568028825207865e-01 9.244412592147330798e-01 -1.458450000000000024e-01 4.835196308514511099e-01 9.956457796640603153e-01 nan 1.893720681937659522e-01 3.735174098019999889e-01 2.323451996020000077e-01 1.149696535520000062e-01 1.749159999999999826e+01 7.529319999999999879e+01 8.572910000000000252e+01 7.679389999999999361e+01 1.562756675500178716e-01 3.273099593214711112e-01
1.355619999999999915e-02 9.498020000000000351e-01 1.050799999999999956e+00 9.357570000000000601e-05 3.596710000000000185e-01 8.668929999999999692e-02 9.105432725063781207e-01 9.108065184790772317e-01 -1.458450000000000024e-01 4.602879360157230426e-01 9.866223686940566173e-01 nan 2.125768699286149088e-01 3.815070698720000042e-01 1.715818382369999895e-01 1.141744221320000058e-01 4.618599999999999994e+01 8.211409999999999343e+01 9.091360000000000241e+01 8.529850000000000421e+01 1.562756675500178716e-01 3.273099593214711112e-01
-1.487330000000000041e-01 8.679329999999999545e-01 9.835420000000000273e-01 -5.580410000000000058e-03 2.846009999999999929e-01 3.992330000000000184e-02 8.988023066427336394e-01 8.956517072330703044e-01 -1.458450000000000024e-01 4.376640794611121876e-01 9.730320059418514633e-01 nan 2.371226939027877290e-01 3.815070698720000042e-01 1.715818382369999895e-01 1.141744221320000058e-01 4.618599999999999994e+01 8.211409999999999343e+01 9.091360000000000241e+01 8.529850000000000421e+01 1.374308429029708067e-01 5.747744693804134331e-01
-2.815340000000000065e-01 7.790049999999999475e-01 9.022310000000000052e-01 5.914789999999999770e-01 8.480429999999999913e-01 -9.618269999999999945e-03 8.857685385824005664e-01 8.789549716701242632e-01 -1.458450000000000024e-01 4.156767036897108802e-01 9.550286756478603145e-01 nan 2.629229857899276768e-01 3.799964405780000276e-01 1.320261617010000110e-01 1.097720532219999962e-01 1.825989999999999824e+01 6.033370000000000033e+01 7.425079999999999814e+01 7.107810000000000628e+01 1.374308429029708067e-01 5.747744693804134331e-01
-1.659009999999999929e-01 8.577420000000000044e-01 9.780269999999999797e-01 8.962449999999999584e-01 1.001759999999999984e+00 -6.588600000000000012e-02 8.713914273894809437e-01 8.607119286022835158e-01 -1.458450000000000024e-01 3.943472396220130127e-01 9.328163627380802181e-01 nan 2.898769776409636512e-01 3.799964405780000276e-01 1.320261617010000110e-01 1.097720532219999962e-01 1.825989999999999824e+01 6.033370000000000033e+01 7.425079999999999814e+01 7.107810000000000628e+01 1.278844514699273294e-01 8.134598887566759640e-01
-2.126810000000000089e-01 8.285059999999999647e-01 9.513899999999999579e-01 1.450749999999999984e+00 1.449699999999999989e+00 -1.665449999999999986e-01 8.556354689955826265e-01 8.409357151234961858e-01 3.437779999999999725e-01 3.736896637760209750e-01 9.066467415933687768e-01 nan 3.178708296252390486e-01 3.746989979800000037e-01 1.253825011430000080e-01 1.078795520559999999e-01 2.554929999999999879e+01 5.094700000000000273e+01 5.927539999999999765e+01 6.446949999999999648e+01 1.278844514699273294e-01 8.134598887566759640e-01
-2.985809999999999853e-01 7.653429999999999955e-01 8.992310000000000025e-01 8.443889999999999452e-01 7.807319999999999816e-01 -2.834240000000000093e-01 8.384820470289615635e-01 8.196568397610901613e-01 3.437779999999999725e-01 3.537103399077127230e-01 8.768163244781456145e-01 nan 3.467789198812802898e-01 3.746989979800000037e-01 1.253825011430000080e-01 1.078795520559999999e-01 2.554929999999999879e+01 5.094700000000000273e+01 5.927539999999999765e+01 6.446949999999999648e+01 1.136423512638120581e-01 7.558976948833605602e-01
-3.989219999999999988e-01 6.687130000000000019e-01 8.070340000000000291e-01 2.101089999999999902e-01 3.787470000000000003e-01 -3.764210000000000056e-01 8.199272937993187238e-01 7.969228368019681819e-01 -1.458450000000000024e-01 3.344079469071428168e-01 8.436631019379561280e-01 nan 3.764652678626837501e-01 3.528274677689999805e-01 1.409311705250000102e-01 1.156489780890000013e-01 1.423010000000000019e+01 4.631819999999999737e+01 6.798510000000000275e+01 6.929040000000000532e+01 1.136423512638120581e-01 7.558976948833605602e-01
-4.781020000000000270e-01 5.607729999999999659e-01 7.043340000000000156e-01 -9.646609999999999907e-02 1.687800000000000133e-01 -4.684880000000000155e-01 7.999845641657338247e-01 7.727977277101427678e-01 -1.458450000000000024e-01 3.157734937671471398e-01 8.075627132315361667e-01 nan 4.067850750520409786e-01 3.528274677689999805e-01 1.409311705250000102e-01 1.156489780890000013e-01 1.423010000000000019e+01 4.631819999999999737e+01 6.798510000000000275e+01 6.929040000000000532e+01 1.121546019495716084e-01 5.850720867808617554e-01
-5.334670000000000245e-01 4.511740000000000195e-01 5.984439999999999760e-01 3.931640000000000135e-02 2.168899999999999995e-01 -5.443219999999999725e-01 7.786838164448824928e-01 7.473612957379682786e-01 -1.458450000000000024e-01 2.977904214550455286e-01 7.689241901879129149e-01 nan 4.375863655860009471e-01 2.865092085279999923e-01 1.532218115210000065e-01 1.077623084270000059e-01 1.759349999999999881e+01 4.363960000000000150e+01 6.246829999999999927e+01 7.198309999999999320e+01 1.121546019495716084e-01 5.850720867808617554e-01
-5.752129999999999743e-01 3.295339999999999936e-01 4.779019999999999935e-01 1.068530000000000035e-01 2.695190000000000086e-01 -5.997360000000000468e-01 7.560706647725600194e-01 7.207081819500111841e-01 -1.458450000000000024e-01 2.804347905330992763e-01 7.281853227123411543e-01 nan 4.687117082025261672e-01 2.865092085279999923e-01 1.532218115210000065e-01 1.077623084270000059e-01 1.759349999999999881e+01 4.363960000000000150e+01 6.246829999999999927e+01 7.198309999999999320e+01 1.190354425279340767e-01 5.869745690013006278e-01
-6.068500000000000005e-01 1.858130000000000059e-01 3.322490000000000165e-01 -2.407199999999999895e-01 -1.136820000000000053e-01 -6.340339999999999865e-01 7.322093752130403033e-01 6.929468129019723532e-01 -1.458450000000000024e-01 2.636755524019066543e-01 6.858076984517441632e-01 nan 4.999999999999998890e-01 1.870336793800000119e-01 1.328366344749999928e-01 8.893743044999999348e-02 1.168529999999999980e+01 4.100699999999999790e+01 6.455480000000000018e+01 7.125140000000000384e+01 1.190354425279340767e-01 5.869745690013006278e-01
-6.274840000000000417e-01 2.611569999999999864e-02 1.625949999999999895e-01 -6.098719999999999697e-01 -3.233590000000000075e-01 -6.528699999999999504e-01 7.071787310851291863e-01 6.641981721244853976e-01 -1.458450000000000024e-01 2.474749010934400584e-01 6.422714728222345126e-01 nan 5.312882917974737218e-01 1.870336793800000119e-01 1.328366344749999928e-01 8.893743044999999348e-02 1.168529999999999980e+01 4.100699999999999790e+01 6.455480000000000018e+01 7.125140000000000384e+01 2.552626549093144348e-01 6.203371890306333958e-01
-6.441679999999999628e-01 -2.387660000000000060e-01 -9.953969999999999485e-02 -4.747549999999999826e-01 -3.804629999999999956e-01 -6.617469999999999741e-01 6.810688986022415126e-01 6.345944293313727780e-01 -3.906560000000000032e-01 2.317887016277699885e-01 5.980699286563875283e-01 nan 5.624136344139989419e-01 1.137051987190000057e-01 1.065932615760000063e-01 8.813491816490000297e-02 1.887300000000000111e+01 4.068460000000000321e+01 5.692940000000000111e+01 6.329339999999999833e+01 2.552626549093144348e-01 6.203371890306333958e-01
-6.515149999999999553e-01 -5.062039999999999873e-01 -4.198419999999999930e-01 -7.150720000000000409e-01 -6.282189999999999719e-01 -6.621879999999999988e-01 6.539853803446380454e-01 6.042774428839751133e-01 -3.906560000000000032e-01 2.165669900800243353e-01 5.537038871116430894e-01 nan 5.932149249479587994e-01 1.137051987190000057e-01 1.065932615760000063e-01 8.813491816490000297e-02 1.887300000000000111e+01 4.068460000000000321e+01 5.692940000000000111e+01 6.329339999999999833e+01 7.347208662007118640e-01 8.992929684257132683e-01
-6.544259999999999522e-01 -8.102080000000000393e-01 -9.003689999999999749e-01 -5.188869999999999871e-01 -5.594949999999999646e-01 -6.602609999999999868e-01 6.260455909215709713e-01 5.733971524792338403e-01 -6.354680000000000328e-01 2.017545396916204936e-01 5.096760331664738075e-01 nan 6.235347321373163609e-01 7.457659268630000005e-02 6.611727100910000376e-02 8.325067682200000541e-02 1.037839999999999918e+01 3.402920000000000300e+01 4.550849999999999795e+01 4.930180000000000007e+01 7.347208662007118640e-01 8.992929684257132683e-01
-6.539319999999999578e-01 -6.887140000000000484e-01 -8.042589999999999462e-01 -5.869870000000000365e-01 -4.959709999999999952e-01 -6.619159999999999489e-01 5.973772696917944991e-01 5.421098802730119903e-01 -1.125089999999999923e+00 1.872914866115080734e-01 4.664852199987165049e-01 nan 6.532210801187194882e-01 7.457659268630000005e-02 6.611727100910000376e-02 8.325067682200000541e-02 1.037839999999999918e+01 3.402920000000000300e+01 4.550849999999999795e+01 4.930180000000000007e+01 1.053874088882690296e-01 4.406321775465589230e-01
-6.508000000000000451e-01 -4.017479999999999940e-01 -4.709789999999999810e-01 -6.358890000000000375e-01 -5.625539999999999985e-01 -6.639699999999999491e-01 5.681177395528573815e-01 5.105765596876048473e-01 -1.125089999999999923e+00 1.731140081775216499e-01 4.246208167797347333e-01 nan 6.821291703747608404e-01 7.104196769319999494e-02 5.337188329809999798e-02 7.775125797290000085e-02 1.466949999999999932e+01 2.617879999999999896e+01 3.683809999999999718e+01 4.068950000000000244e+01 1.053874088882690296e-01 4.406321775465589230e-01
-6.516290000000000138e-01 -4.642229999999999968e-01 -5.283050000000000246e-01 -6.135960000000000303e-01 -4.559440000000000159e-01 -6.648500000000000520e-01 5.384136046449877755e-01 4.789609119717602725e-01 -1.125089999999999923e+00 1.591550460526455213e-01 3.845571639261665675e-01 nan 7.101230223590362378e-01 7.104196769319999494e-02 5.337188329809999798e-02 7.775125797290000085e-02 1.466949999999999932e+01 2.617879999999999896e+01 3.683809999999999718e+01 4.068950000000000244e+01 3.813184145138209802e-01 4.399818745330270620e-01
-6.546990000000000309e-01 -9.052379999999999871e-01 -9.368109999999999493e-01 -5.310960000000000125e-01 -4.890550000000000175e-01 -6.661340000000000039e-01 5.084157169033189927e-01 4.474275911735096090e-01 -6.354680000000000328e-01 1.453450660227667557e-01 3.467481986334663979e-01 nan 7.370770142100724343e-01 8.201274283749999949e-02 4.207342091490000324e-02 1.012380387120000030e-01 1.036580000000000013e+01 2.503960000000000008e+01 3.203190000000000026e+01 3.535220000000000340e+01 3.813184145138209802e-01 4.399818745330270620e-01
-6.545940000000000092e-01 -9.096130000000000049e-01 -8.587780000000000413e-01 -6.406159999999999632e-01 -5.187180000000000124e-01 -6.667689999999999451e-01 4.782772750125861005e-01 4.161403185440121222e-01 2.057459999999999845e+00 1.316128458471064189e-01 3.116223115860965454e-01 nan 7.628773060972122710e-01 8.201274283749999949e-02 4.207342091490000324e-02 1.012380387120000030e-01 1.036580000000000013e+01 2.503960000000000008e+01 3.203190000000000026e+01 3.535220000000000340e+01 3.931945800465955765e-01 5.405090350610177730e-01
-6.548969999999999514e-01 -1.005400000000000071e+00 -1.003039999999999932e+00 -6.106260000000000021e-01 -4.157250000000000112e-01 -6.654889999999999972e-01 4.481580124573264490e-01 3.852600275103592598e-01 3.281509999999999927e+00 1.178862822346654626e-01 2.795774931198957702e-01 nan 7.874231300713852022e-01 9.405060770390000213e-02 3.500110596299999682e-02 1.028669623309999975e-01 8.539410000000000167e+00 1.965210000000000079e+01 2.646979999999999933e+01 2.797289999999999921e+01 3.931945800465955765e-01 5.405090350610177730e-01
-6.550209999999999644e-01 -1.040010000000000101e+00 -1.082920000000000105e+00 -7.057400000000000340e-01 -6.305870000000000086e-01 -6.629049999999999665e-01 4.182148972894976779e-01 3.549430402355399083e-01 2.057459999999999845e+00 1.071673626506897126e-01 2.446005187184594476e-01 nan 8.106279318062340478e-01 9.405060770390000213e-02 3.500110596299999682e-02 1.028669623309999975e-01 8.539410000000000167e+00 1.965210000000000079e+01 2.646979999999999933e+01 2.797289999999999921e+01 4.747366735371756352e-01 4.829779727149459134e-01
-6.552040000000000086e-01 -1.180809999999999915e+00 -1.136980000000000102e+00 -6.689559999999999951e-01 -6.471149999999999958e-01 -6.636189999999999589e-01 3.885996125357003006e-01 3.253392964258702280e-01 1.812650000000000095e+00 9.660036302221119975e-02 2.127905649920863729e-01 nan 8.324203512932187854e-01 1.030017426009999931e-01 3.161642652490000149e-02 1.018128059889999992e-01 9.675670000000000215e+00 1.233140000000000036e+01 1.639999999999999858e+01 2.147240000000000038e+01 4.747366735371756352e-01 4.829779727149459134e-01
-6.516330000000000178e-01 -4.591000000000000081e-01 -5.061379999999999768e-01 -6.412170000000000369e-01 -5.455140000000000544e-01 -6.622000000000000108e-01 3.594623852162546207e-01 2.965906544542090684e-01 9.896629999999999316e-02 8.630501167737936186e-02 1.840357747207232997e-01 nan 8.527450313790269076e-01 1.030017426009999931e-01 3.161642652490000149e-02 1.018128059889999992e-01 9.675670000000000215e+00 1.233140000000000036e+01 1.639999999999999858e+01 2.147240000000000038e+01 6.506062061875907965e-01 8.426059163737997793e-01
-6.448599999999999888e-01 -1.678910000000000124e-01 -2.166049999999999920e-01 -7.352579999999999671e-01 -6.595039999999999791e-01 -6.580500000000000238e-01 3.309494909079279124e-01 2.688292840479091783e-01 -1.125089999999999923e+00 7.639795906074497989e-02 1.581896744615903794e-01 nan 8.715632449842402041e-01 1.165320264080000057e-01 3.881762345419999954e-02 9.537018196499999489e-02 5.036150000000000126e+00 1.030550000000000033e+01 1.309600000000000009e+01 1.698329999999999984e+01 6.506062061875907965e-01 8.426059163737997793e-01
-6.546340000000000492e-01 -8.784380000000000521e-01 -8.818219999999999947e-01 -7.737129999999999841e-01 -6.804689999999999905e-01 -6.606260000000000465e-01 3.031970816049263107e-01 2.421761687529939699e-01 1.567830000000000057e+00 6.699145603711176289e-02 1.350728341518157016e-01 nan 8.888533338966189135e-01 1.165320264080000057e-01 3.881762345419999954e-02 9.537018196499999489e-02 5.036150000000000126e+00 1.030550000000000033e+01 1.309600000000000009e+01 1.698329999999999984e+01 2.407570990954690515e-01 5.486101502615048364e-01
-6.553609999999999713e-01 -1.278280000000000083e+00 -1.312729999999999952e+00 -6.352729999999999766e-01 -6.368679999999999897e-01 -6.647279999999999855e-01 2.763386559875867787e-01 2.167397351422387652e-01 4.015950000000000131e+00 5.819208204438541809e-02 1.144749001227443053e-01 nan 9.046109541673008625e-01 1.234024888119999996e-01 4.443978113969999921e-02 7.826776857940000165e-02 9.058059999999999334e+00 1.029170000000000051e+01 1.531419999999999959e+01 1.736899999999999977e+01 2.407570990954690515e-01 5.486101502615048364e-01
-6.507100000000000106e-01 -3.967999999999999861e-01 -4.438340000000000063e-01 -7.403340000000000476e-01 -5.988799999999999679e-01 -6.633320000000000327e-01 2.505014330051472671e-01 1.926146242987756274e-01 1.323020000000000085e+00 5.009953750595486088e-02 9.615697849105675488e-02 nan 9.188491253294777117e-01 1.234024888119999996e-01 4.443978113969999921e-02 7.826776857940000165e-02 9.058059999999999334e+00 1.029170000000000051e+01 1.531419999999999959e+01 1.736899999999999977e+01 6.171525098020984590e-01 8.466979826770346662e-01
-6.520470000000000432e-01 -5.022309999999999830e-01 -5.093910000000000382e-01 -7.260900000000000132e-01 -6.242659999999999876e-01 -6.631909999999999750e-01 2.257910366066506747e-01 1.698806194948055959e-01 -8.802790000000000337e-01 4.280551418505740280e-02 7.985434192192475411e-02 nan 9.315980828818813952e-01 1.091488108149999969e-01 6.788244451279999703e-02 6.363303361960000182e-02 6.303230000000000111e+00 1.578999999999999915e+01 1.698270000000000124e+01 1.894219999999999970e+01 6.171525098020984590e-01 8.466979826770346662e-01
-6.533240000000000158e-01 -6.318719999999999892e-01 -6.380519999999999525e-01 -6.945130000000000470e-01 -6.150769999999999849e-01 -6.647380000000000511e-01 2.022983599266705568e-01 1.486017422152444700e-01 -8.802790000000000337e-01 3.639265628046239875e-02 6.527942909549377948e-02 nan 9.429049357085024230e-01 1.091488108149999969e-01 6.788244451279999703e-02 6.363303361960000182e-02 6.303230000000000111e+00 1.578999999999999915e+01 1.698270000000000124e+01 1.894219999999999970e+01 6.790025880639112277e-01 9.459971774081966656e-01
-6.520979999999999555e-01 -5.097089999999999677e-01 -5.028979999999999562e-01 -7.140379999999999505e-01 -7.191400000000000015e-01 -6.623940000000000383e-01 1.801050091810275644e-01 1.288255267687168359e-01 -3.906560000000000032e-01 3.093362403467736499e-02 5.212510289154193011e-02 nan 9.528331323161098876e-01 8.912301623910000303e-02 4.604364133569999878e-02 5.498802848599999848e-02 1.182230000000000025e+01 1.579240000000000066e+01 1.943489999999999895e+01 1.786439999999999984e+01 6.790025880639112277e-01 9.459971774081966656e-01
-6.554010000000000113e-01 -1.334179999999999922e+00 -1.291649999999999965e+00 -8.283430000000000515e-01 -8.237210000000000365e-01 -6.618410000000000126e-01 1.592772884248125909e-01 1.105824817048459696e-01 3.437779999999999725e-01 2.649027046436513988e-02 4.006813037577605652e-02 nan 9.614617419373174823e-01 8.912301623910000303e-02 4.604364133569999878e-02 5.498802848599999848e-02 1.182230000000000025e+01 1.579240000000000066e+01 1.943489999999999895e+01 1.786439999999999984e+01 5.493101079134832254e-01 8.531837175194398881e-01
-6.548969999999999514e-01 -9.919470000000000232e-01 -9.249500000000000499e-01 -8.117689999999999628e-01 -8.223329999999999806e-01 -6.610110000000000152e-01 1.398635329204411804e-01 9.388574414019568160e-02 -6.354680000000000328e-01 2.311294054095169859e-02 2.877284515813627319e-02 nan 9.688845586445836711e-01 6.942505157360000234e-02 4.077576642979999916e-02 5.707862234879999830e-02 1.392450000000000010e+01 2.479970000000000141e+01 2.455270000000000152e+01 2.237379999999999924e+01 5.493101079134832254e-01 8.531837175194398881e-01
-6.500230000000000175e-01 -3.462370000000000170e-01 -4.290160000000000085e-01 -7.465089999999999781e-01 -7.339520000000000488e-01 -6.580240000000000533e-01 1.219036225680831809e-01 7.873093090949079276e-02 -1.125089999999999923e+00 1.776574591461566044e-02 2.427125574120614360e-02 nan 9.752090386258920329e-01 6.942505157360000234e-02 4.077576642979999916e-02 5.707862234879999830e-02 1.392450000000000010e+01 2.479970000000000141e+01 2.455270000000000152e+01 2.237379999999999924e+01 5.843703669265062350e-01 7.529678722638847299e-01
-6.488800000000000123e-01 -3.007520000000000193e-01 -3.545960000000000223e-01 -7.962630000000000541e-01 -7.943289999999999518e-01 -6.583999999999999853e-01 1.054246599858859046e-01 6.509618822863016963e-02 -1.125089999999999923e+00 1.325875131931542050e-02 2.043921671119763861e-02 nan 9.805550826632044581e-01 7.857797092849999609e-02 3.279767219960000313e-02 6.224858666500000109e-02 1.732039999999999935e+01 2.567180000000000106e+01 2.768779999999999930e+01 2.339489999999999981e+01 5.843703669265062350e-01 7.529678722638847299e-01
-6.533269999999999911e-01 -6.043220000000000258e-01 -6.865700000000000136e-01 -6.824550000000000338e-01 -7.810820000000000540e-01 -6.641340000000000021e-01 9.043098896975043655e-02 5.294243930679443100e-02 -1.125089999999999923e+00 9.415327972013609603e-03 1.732014660152558783e-02 nan 9.850536776086912250e-01 7.857797092849999609e-02 3.279767219960000313e-02 6.224858666500000109e-02 1.732039999999999935e+01 2.567180000000000106e+01 2.768779999999999930e+01 2.339489999999999981e+01 2.501226876604625282e-01 8.104816393170435340e-01
-6.540599999999999747e-01 -7.168149999999999800e-01 -8.153249999999999664e-01 -8.184949999999999726e-01 -8.266809999999999992e-01 -6.652879999999999905e-01 7.690106118467432417e-02 4.221382710209875544e-02 -1.125089999999999923e+00 6.051328562283520007e-03 1.494938572284998379e-02 nan 9.888454122513568034e-01 4.980180886610000024e-02 3.190748514800000046e-02 5.258475995760000105e-02 1.670159999999999911e+01 2.561720000000000041e+01 2.759519999999999840e+01 2.404080000000000084e+01 2.501226876604625282e-01 8.104816393170435340e-01
-6.542599999999999527e-01 -7.729439999999999644e-01 -7.927140000000000297e-01 -8.320239999999999858e-01 -8.802910000000000457e-01 -6.658809999999999452e-01 6.479268700131524117e-02 3.283834720419764874e-02 -6.354680000000000328e-01 2.977173714917347169e-03 1.335379574323414253e-02 nan 9.920788843898835641e-01 4.980180886610000024e-02 3.190748514800000046e-02 5.258475995760000105e-02 1.670159999999999911e+01 2.561720000000000041e+01 2.759519999999999840e+01 2.404080000000000084e+01 7.991900031511356417e-01 8.833086587154440616e-01
-6.549399999999999666e-01 -1.013160000000000061e+00 -9.195750000000000313e-01 -8.079920000000000435e-01 -7.909509999999999597e-01 -6.664290000000000491e-01 5.405450569650094295e-02 2.472866367302517521e-02 -6.354680000000000328e-01 0.000000000000000000e+00 1.255145533471246910e-02 nan 9.949090171601961963e-01 6.298073887010000038e-02 3.550046211860000134e-02 7.412708801480000220e-02 1.646849999999999881e+01 2.900479999999999947e+01 2.907580000000000098e+01 2.523280000000000101e+01 7.991900031511356417e-01 8.833086587154440616e-01
-6.551270000000000149e-01 -1.034070000000000045e+00 -1.160539999999999905e+00 -7.677389999999999493e-01 -8.080079999999999485e-01 -6.642789999999999528e-01 4.462006191157619206e-02 1.778309858989424175e-02 -1.125089999999999923e+00 0.000000000000000000e+00 6.175150220625980069e-03 nan 9.974953036944270712e-01 6.298073887010000038e-02 3.550046211860000134e-02 7.412708801480000220e-02 1.646849999999999881e+01 2.900479999999999947e+01 2.907580000000000098e+01 2.523280000000000101e+01 7.477903306626166868e-01 7.986966267260702246e-01
-6.550000000000000266e-01 -1.000420000000000087e+00 -1.005759999999999987e+00 -8.245000000000000107e-01 -9.428609999999999491e-01 -6.605010000000000048e-01 3.640745589974347940e-02 1.188678410894272730e-02 3.437779999999999725e-01 0.000000000000000000e+00 0.000000000000000000e+00 nan 1.000000000000000000e+00 7.877632494670000485e-02 4.287388606140000308e-02 7.005112222209999850e-02 1.554439999999999955e+01 2.186649999999999849e+01 2.473629999999999995e+01 2.255330000000000013e+01 7.477903306626166868e-01 7.986966267260702246e-01
-6.548920000000000297e-01 -9.624239999999999462e-01 -9.583380000000000232e-01 -7.213060000000000027e-01 -8.318309999999999871e-01 -6.561979999999999480e-01 2.933502903417706253e-02 8.097642896489287700e-03 3.437779999999999725e-01 0.000000000000000000e+00 0.000000000000000000e+00 nan 9.974953036944268492e-01 7.877632494670000485e-02 4.287388606140000308e-02 7.005112222209999850e-02 1.554439999999999955e+01 2.186649999999999849e+01 2.473629999999999995e+01 2.255330000000000013e+01 7.774523326152876779e-01 7.746838420455488539e-01
-6.532649999999999846e-01 -6.077550000000000452e-01 -6.524259999999999504e-01 -7.606600000000000028e-01 -7.175479999999999636e-01 -6.559519999999999795e-01 2.331636590230512507e-02 5.132378304580575978e-03 -1.125089999999999923e+00 0.000000000000000000e+00 0.000000000000000000e+00 nan 9.949090171601959742e-01 8.743361638259999902e-02 4.706374602559999787e-02 8.925816171429999668e-02 1.334750000000000014e+01 2.336850000000000094e+01 2.307809999999999917e+01 2.432430000000000092e+01 7.774523326152876779e-01 7.746838420455488539e-01
-6.465039999999999676e-01 -2.040049999999999919e-01 -2.884499999999999842e-01 -8.598770000000000024e-01 -8.938650000000000206e-01 -6.590409999999999879e-01 1.824017513452158568e-02 2.921628571306289501e-03 -1.125089999999999923e+00 0.000000000000000000e+00 0.000000000000000000e+00 nan 9.920788843898835641e-01 8.743361638259999902e-02 4.706374602559999787e-02 8.925816171429999668e-02 1.334750000000000014e+01 2.336850000000000094e+01 2.307809999999999917e+01 2.432430000000000092e+01 7.334862409017415263e-01 8.964288679193070930e-01
-6.456800000000000317e-01 -1.790349999999999997e-01 -2.632410000000000028e-01 -7.707140000000000102e-01 -8.883090000000000153e-01 -6.616009999999999946e-01 1.399236293088557126e-02 1.387482979919085757e-03 -1.125089999999999923e+00 0.000000000000000000e+00 0.000000000000000000e+00 nan 9.888454122513568034e-01 6.699829999379999790e-02 4.172525870589999936e-02 8.530180734240000451e-02 1.350109999999999921e+01 1.707620000000000005e+01 2.010150000000000148e+01 1.945810000000000173e+01 7.334862409017415263e-01 8.964288679193070930e-01
-6.540340000000000042e-01 -7.247069999999999901e-01 -7.588300000000000045e-01 -7.520270000000000010e-01 -8.063949999999999729e-01 -6.650669999999999638e-01 1.042417206703227794e-02 4.443646183867056010e-04 -8.802790000000000337e-01 0.000000000000000000e+00 0.000000000000000000e+00 nan 9.850536776086912250e-01 6.699829999379999790e-02 4.172525870589999936e-02 8.530180734240000451e-02 1.350109999999999921e+01 1.707620000000000005e+01 2.010150000000000148e+01 1.945810000000000173e+01 6.846023111772332470e-01 8.287143371060132768e-01
-6.550420000000000131e-01 -1.060079999999999911e+00 -9.668360000000000287e-01 -8.836110000000000353e-01 -9.462089999999999668e-01 -6.659690000000000332e-01 7.375211775817125393e-03 0.000000000000000000e+00 1.567830000000000057e+00 0.000000000000000000e+00 0.000000000000000000e+00 nan 9.805550826632043471e-01 6.331504510410000675e-02 3.443050435390000025e-02 7.831819729679999342e-02 7.347920000000000229e+00 1.583380000000000010e+01 1.559070000000000000e+01 1.969330000000000069e+01 6.846023111772332470e-01 8.287143371060132768e-01
-6.555029999999999468e-01 -1.500499999999999945e+00 -1.382840000000000069e+00 -7.981700000000000461e-01 -9.169969999999999510e-01 -6.658929999999999572e-01 4.708111557590544116e-03 1.263135737795240132e-03 1.323020000000000085e+00 0.000000000000000000e+00 0.000000000000000000e+00 nan 9.752090386258919219e-01 6.331504510410000675e-02 3.443050435390000025e-02 7.831819729679999342e-02 7.347920000000000229e+00 1.583380000000000010e+01 1.559070000000000000e+01 1.969330000000000069e+01 7.390084770716134344e-01 1.000000000000000000e+00
-6.547779999999999712e-01 -9.220519999999999827e-01 -9.100869999999999793e-01 -8.474770000000000358e-01 -9.046739999999999782e-01 -6.662540000000000129e-01 2.278019185105617517e-03 4.254507677163066326e-03 -8.802790000000000337e-01 0.000000000000000000e+00 0.000000000000000000e+00 nan 9.688845586445836711e-01 6.993279204659999526e-02 3.701698557099999953e-02 6.284082239169999640e-02 8.787599999999999412e+00 1.110979999999999990e+01 1.213550000000000040e+01 1.255719999999999992e+01 7.390084770716134344e-01 1.000000000000000000e+00
-6.541540000000000132e-01 -7.772050000000000347e-01 -7.305599999999999872e-01 -9.231059999999999821e-01 -9.427379999999999649e-01 -6.650650000000000173e-01 5.524309815759798070e-04 7.765374289882220893e-03 -8.802790000000000337e-01 0.000000000000000000e+00 0.000000000000000000e+00 nan 9.614617419373174823e-01 6.993279204659999526e-02 3.701698557099999953e-02 6.284082239169999640e-02 8.787599999999999412e+00 1.110979999999999990e+01 1.213550000000000040e+01 1.255719999999999992e+01 5.996714553597718433e-01 8.954257409303483239e-01
-6.539070000000000160e-01 -6.943909999999999805e-01 -7.548350000000000337e-01 -8.467270000000000074e-01 -9.624850000000000350e-01 -6.600679999999999881e-01 0.000000000000000000e+00 1.184656053332411307e-02 -8.802790000000000337e-01 0.000000000000000000e+00 0.000000000000000000e+00 nan 9.528331323161098876e-01 6.774047246669999411e-02 4.282561741169999686e-02 5.979885554190000202e-02 1.111829999999999963e+01 1.275089999999999968e+01 1.205470000000000041e+01 1.580269999999999975e+01 5.996714553597718433e-01 8.954257409303483239e-01
-6.554790000000000338e-01 -1.394719999999999960e+00 -1.411259999999999959e+00 -8.000899999999999679e-01 -9.970909999999999496e-01 -6.610770000000000257e-01 0.000000000000000000e+00 1.654242941555583712e-02 8.334000000000000297e-01 0.000000000000000000e+00 0.000000000000000000e+00 nan 9.429049357085022010e-01 6.774047246669999411e-02 4.282561741169999686e-02 5.979885554190000202e-02 1.111829999999999963e+01 1.275089999999999968e+01 1.205470000000000041e+01 1.580269999999999975e+01 6.558908157308827036e-01 8.816344743614578094e-01
-6.530329999999999746e-01 -5.786170000000000480e-01 -6.285450000000000204e-01 -8.449470000000000036e-01 -8.649710000000000454e-01 -6.629249999999999865e-01 0.000000000000000000e+00 2.189037934473214708e-02 5.885890000000000288e-01 0.000000000000000000e+00 0.000000000000000000e+00 nan 9.315980828818813952e-01 5.082608431030000151e-02 3.921205872269999809e-02 5.278107334450000271e-02 8.572639999999999816e+00 1.376200000000000045e+01 1.408329999999999949e+01 1.467169999999999952e+01 6.558908157308827036e-01 8.816344743614578094e-01
-6.479300000000000059e-01 -2.557189999999999741e-01 -3.315259999999999874e-01 -8.004170000000000451e-01 -8.807019999999999849e-01 -6.620780000000000554e-01 0.000000000000000000e+00 2.792042039018771682e-02 -1.125089999999999923e+00 0.000000000000000000e+00 0.000000000000000000e+00 nan 9.188491253294777117e-01 5.082608431030000151e-02 3.921205872269999809e-02 5.278107334450000271e-02 8.572639999999999816e+00 1.376200000000000045e+01 1.408329999999999949e+01 1.467169999999999952e+01 7.668934451211637526e-01 8.880787005008716761e-01
-6.529059999999999864e-01 -5.774359999999999493e-01 -5.890389999999999793e-01 -7.282340000000000479e-01 -8.508090000000000375e-01 -6.645739999999999981e-01 0.000000000000000000e+00 3.465483425635995651e-02 -3.906560000000000032e-01 0.000000000000000000e+00 0.000000000000000000e+00 nan 9.046109541673008625e-01 5.434146621210000222e-02 3.993997094289999938e-02 5.562492676530000207e-02 9.378370000000000317e+00 1.204700000000000060e+01 1.168430000000000035e+01 1.368570000000000064e+01 7.668934451211637526e-01 8.880787005008716761e-01
-6.555429999999999868e-01 -1.612279999999999935e+00 -1.457549999999999901e+00 -7.237059999999999604e-01 -8.878589999999999538e-01 -6.667380000000000528e-01 0.000000000000000000e+00 4.210792182217426571e-02 1.078209999999999891e+00 0.000000000000000000e+00 0.000000000000000000e+00 nan 8.888533338966189135e-01 5.434146621210000222e-02 3.993997094289999938e-02 5.562492676530000207e-02 9.378370000000000317e+00 1.204700000000000060e+01 1.168430000000000035e+01 1.368570000000000064e+01 7.885794576947118273e-01 8.536749038381714616e-01
-6.551150000000000029e-01 -1.067199999999999926e+00 -1.052450000000000108e+00 -7.542309999999999848e-01 -8.829460000000000086e-01 -6.669249999999999901e-01 0.000000000000000000e+00 5.028584110637190907e-02 3.437779999999999725e-01 0.000000000000000000e+00 0.000000000000000000e+00 nan 8.715632449842402041e-01 4.489799224160000157e-02 2.974415230279999975e-02 5.292565048149999729e-02 7.924800000000000288e+00 1.487379999999999924e+01 1.485730000000000040e+01 1.382770000000000010e+01 7.885794576947118273e-01 8.536749038381714616e-01
-6.554069999999999618e-01 -1.295009999999999994e+00 -1.291360000000000063e+00 -8.409159999999999968e-01 -1.057339999999999947e+00 -6.665889999999999871e-01 0.000000000000000000e+00 5.918653749469682257e-02 -3.906560000000000032e-01 0.000000000000000000e+00 0.000000000000000000e+00 nan 8.527450313790269076e-01 4.489799224160000157e-02 2.974415230279999975e-02 5.292565048149999729e-02 7.924800000000000288e+00 1.487379999999999924e+01 1.485730000000000040e+01 1.382770000000000010e+01 6.574043940262732644e-01 8.577392976727453711e-01
-6.554140000000000521e-01 -1.336510000000000087e+00 -1.252229999999999954e+00 -8.113620000000000276e-01 -9.207290000000000196e-01 -6.657030000000000447e-01 0.000000000000000000e+00 6.879976701949575002e-02 3.437779999999999725e-01 0.000000000000000000e+00 0.000000000000000000e+00 nan 8.324203512932187854e-01 3.480569780130000207e-02 2.643772697580000150e-02 6.612612507500000014e-02 8.629789999999999850e+00 1.477640000000000065e+01 1.370919999999999916e+01 1.239000000000000057e+01 6.574043940262732644e-01 8.577392976727453711e-01
-6.555509999999999948e-01 -1.639119999999999910e+00 -1.482990000000000030e+00 -9.452549999999999564e-01 -1.015479999999999938e+00 -6.626520000000000188e-01 0.000000000000000000e+00 7.910721242796592279e-02 -1.458450000000000024e-01 0.000000000000000000e+00 0.000000000000000000e+00 nan 8.106279318062340478e-01 3.480569780130000207e-02 2.643772697580000150e-02 6.612612507500000014e-02 8.629789999999999850e+00 1.477640000000000065e+01 1.370919999999999916e+01 1.239000000000000057e+01 6.876501309529344796e-01 9.085909178957853882e-01
-6.543369999999999465e-01 -7.972609999999999975e-01 -7.960970000000000546e-01 -8.685819999999999652e-01 -9.050679999999999836e-01 -6.590780000000000527e-01 0.000000000000000000e+00 9.008269072394747834e-02 -8.802790000000000337e-01 0.000000000000000000e+00 0.000000000000000000e+00 nan 7.874231300713852022e-01 3.430759308539999691e-02 2.593100240510000029e-02 7.122719298250000663e-02 8.683170000000000499e+00 1.479250000000000043e+01 1.436849999999999916e+01 1.258479999999999954e+01 6.876501309529344796e-01 9.085909178957853882e-01
-6.525050000000000017e-01 -5.119230000000000169e-01 -6.067019999999999635e-01 -7.856009999999999938e-01 -7.798979999999999801e-01 -6.528230000000000421e-01 0.000000000000000000e+00 1.016924498317328673e-01 -1.125089999999999923e+00 0.000000000000000000e+00 0.000000000000000000e+00 nan 7.628773060972122710e-01 3.430759308539999691e-02 2.593100240510000029e-02 7.122719298250000663e-02 8.683170000000000499e+00 1.479250000000000043e+01 1.436849999999999916e+01 1.258479999999999954e+01 8.162732912837520338e-01 9.802799070205052701e-01
-6.504990000000000494e-01 -3.687940000000000107e-01 -4.613579999999999903e-01 -6.984609999999999985e-01 -8.474639999999999951e-01 -6.533369999999999456e-01 0.000000000000000000e+00 1.138955510205712507e-01 -1.125089999999999923e+00 0.000000000000000000e+00 0.000000000000000000e+00 nan 7.370770142100724343e-01 2.980029224499999851e-02 2.583019029999999994e-02 6.451299939719999654e-02 9.448779999999999291e+00 1.528700000000000081e+01 1.439910000000000068e+01 1.243979999999999997e+01 8.162732912837520338e-01 9.802799070205052701e-01
-6.498500000000000387e-01 -3.306479999999999975e-01 -4.354270000000000085e-01 -8.132589999999999542e-01 -8.633619999999999628e-01 -6.570030000000000037e-01 0.000000000000000000e+00 1.266443327568457233e-01 -1.125089999999999923e+00 0.000000000000000000e+00 0.000000000000000000e+00 nan 7.101230223590362378e-01 2.980029224499999851e-02 2.583019029999999994e-02 6.451299939719999654e-02 9.448779999999999291e+00 1.528700000000000081e+01 1.439910000000000068e+01 1.243979999999999997e+01 7.496758462865673600e-01 9.390410105985554923e-01
-6.495300000000000518e-01 -3.181160000000000099e-01 -4.120949999999999891e-01 -7.302990000000000315e-01 -8.134689999999999976e-01 -6.603120000000000100e-01 0.000000000000000000e+00 1.398849507282939886e-01 -1.125089999999999923e+00 0.000000000000000000e+00 0.000000000000000000e+00 nan 6.821291703747608404e-01 3.348210768430000261e-02 3.150982087169999779e-02 5.230579562979999902e-02 8.034739999999999327e+00 1.436410000000000053e+01 1.397680000000000078e+01 -1.000000000000000000e+00 7.496758462865673600e-01 9.390410105985554923e-01
-6.530120000000000369e-01 -5.706339999999999746e-01 -6.377610000000000223e-01 -7.527540000000000342e-01 -8.989390000000000436e-01 -6.630110000000000170e-01 0.000000000000000000e+00 1.535579879215817067e-01 -1.125089999999999923e+00 0.000000000000000000e+00 0.000000000000000000e+00 nan 6.532210801187197102e-01 3.348210768430000261e-02 3.150982087169999779e-02 5.230579562979999902e-02 8.034739999999999327e+00 1.436410000000000053e+01 1.397680000000000078e+01 -1.000000000000000000e+00 8.015559378244766497e-01 9.233783933364694274e-01
-6.554320000000000146e-01 -1.295239999999999947e+00 -1.413259999999999961e+00 -8.078870000000000218e-01 -8.629419999999999868e-01 -6.663149999999999906e-01 0.000000000000000000e+00 1.675991278408051066e-01 -8.802790000000000337e-01 0.000000000000000000e+00 0.000000000000000000e+00 nan 6.235347321373163609e-01 4.017290960900000291e-02 3.068096925160000016e-02 4.561798432729999991e-02 4.601169999999999760e+00 1.068120000000000047e+01 -1.000000000000000000e+00 -1.000000000000000000e+00 8.015559378244766497e-01 9.233783933364694274e-01
-6.551139999999999741e-01 -1.038019999999999943e+00 -1.108179999999999943e+00 -8.628160000000000274e-01 -9.432719999999999994e-01 -6.661789999999999656e-01 0.000000000000000000e+00 1.819398832390888288e-01 -8.802790000000000337e-01 0.000000000000000000e+00 0.000000000000000000e+00 nan 5.932149249479590214e-01 4.017290960900000291e-02 3.068096925160000016e-02 4.561798432729999991e-02 4.601169999999999760e+00 1.068120000000000047e+01 -1.000000000000000000e+00 -1.000000000000000000e+00 7.154937726326446867e-01 8.640382433516894389e-01
-6.547159999999999647e-01 -8.859669999999999490e-01 -9.140329999999999844e-01 -7.449360000000000426e-01 -9.537600000000000522e-01 -6.659439999999999804e-01 0.000000000000000000e+00 1.965083721064598832e-01 9.896629999999999316e-02 0.000000000000000000e+00 0.000000000000000000e+00 nan 5.624136344139991639e-01 4.118148248620000229e-02 2.849320816610000084e-02 3.515882404540000145e-02 4.877740000000000187e+00 -1.000000000000000000e+00 -1.000000000000000000e+00 -1.000000000000000000e+00 7.154937726326446867e-01 8.640382433516894389e-01
-6.552519999999999456e-01 -1.196190000000000087e+00 -1.067320000000000046e+00 -8.473089999999999788e-01 -9.746420000000000083e-01 -6.656119999999999814e-01 0.000000000000000000e+00 2.112301321217427974e-01 9.896629999999999316e-02 0.000000000000000000e+00 0.000000000000000000e+00 nan 5.312882917974737218e-01 4.118148248620000229e-02 2.849320816610000084e-02 3.515882404540000145e-02 4.877740000000000187e+00 -1.000000000000000000e+00 -1.000000000000000000e+00 -1.000000000000000000e+00 0.000000000000000000e+00 0.000000000000000000e+00
