-4.262380000000000058e-01 -9.139110000000000289e-01 -8.705580000000000540e-01 -1.347860000000000058e+00 -1.422290000000000054e+00 -4.651980000000000004e-01 0.000000000000000000e+00 1.450837752266065372e-01 -7.769040000000000390e-01 9.788558031527117009e-03 nan nan 6.969723559701435089e-01 2.522157604789999896e-02 3.027444733090000131e-02 2.068696942859999874e-02 -1.000000000000000000e+00 -1.000000000000000000e+00 -1.000000000000000000e+00 -1.000000000000000000e+00 0.000000000000000000e+00 0.000000000000000000e+00
-4.265499999999999847e-01 -1.201249999999999929e+00 -1.149370000000000003e+00 -1.191079999999999917e+00 -1.345280000000000031e+00 -4.649920000000000164e-01 0.000000000000000000e+00 1.360049282378683611e-01 -6.454640000000000377e-01 1.378433731681782959e-02 nan nan 7.375397916369047513e-01 3.358141333859999966e-02 3.506750579719999927e-02 2.328797248360000086e-02 6.957799999999999763e+00 -1.000000000000000000e+00 -1.000000000000000000e+00 -1.000000000000000000e+00 0.000000000000000000e+00 0.000000000000000000e+00
-4.266719999999999957e-01 -1.511879999999999891e+00 -1.351110000000000033e+00 -1.383890000000000065e+00 -1.603169999999999984e+00 -4.652390000000000136e-01 0.000000000000000000e+00 1.284696791554517104e-01 -6.454640000000000377e-01 1.846999226957246609e-02 nan nan 7.765771888282392288e-01 3.358141333859999966e-02 3.506750579719999927e-02 2.328797248360000086e-02 6.957799999999999763e+00 -1.000000000000000000e+00 -1.000000000000000000e+00 -1.000000000000000000e+00 0.000000000000000000e+00 0.000000000000000000e+00
-4.266659999999999897e-01 -1.535160000000000080e+00 -1.276850000000000041e+00 -1.301379999999999981e+00 -1.354330000000000034e+00 -4.648760000000000114e-01 0.000000000000000000e+00 1.225735209604291720e-01 -5.797440000000000371e-01 2.402915335895161597e-02 nan nan 8.136422382354164817e-01 4.747566932299999987e-02 3.256590965649999725e-02 2.744226594199999925e-02 1.405189999999999984e+01 2.454060000000000130e+01 -1.000000000000000000e+00 -1.000000000000000000e+00 0.000000000000000000e+00 0.000000000000000000e+00
-4.261940000000000173e-01 -9.156009999999999982e-01 -7.904520000000000435e-01 -1.253849999999999909e+00 -1.252860000000000085e+00 -4.642069999999999808e-01 0.000000000000000000e+00 1.170114907460090281e-01 -4.483039999999999803e-01 3.063555388055216877e-02 nan nan 8.483149780382107652e-01 4.747566932299999987e-02 3.256590965649999725e-02 2.744226594199999925e-02 1.405189999999999984e+01 2.454060000000000130e+01 -1.000000000000000000e+00 -1.000000000000000000e+00 4.155188220273682287e-01 6.421576093074381486e-01
-4.265689999999999760e-01 -1.314070000000000071e+00 -1.433340000000000058e+00 -7.981589999999999518e-01 -7.389189999999999925e-01 -4.631299999999999861e-01 0.000000000000000000e+00 1.120199014148746119e-01 -1.197040000000000048e-01 3.845106148874877228e-02 nan nan 8.802025522401326629e-01 3.874051510309999696e-02 2.495844707030000012e-02 2.834470209609999888e-02 1.359699999999999953e+01 3.164730000000000132e+01 3.160350000000000037e+01 -1.000000000000000000e+00 4.155188220273682287e-01 6.421576093074381486e-01
-4.261969999999999925e-01 -9.049350000000000449e-01 -8.188520000000000243e-01 -1.090219999999999967e+00 -1.214360000000000106e+00 -4.602539999999999965e-01 0.000000000000000000e+00 1.078286025465651221e-01 -2.511439999999999784e-01 4.762384417148957105e-02 nan nan 9.089436618838463433e-01 3.874051510309999696e-02 2.495844707030000012e-02 2.834470209609999888e-02 1.359699999999999953e+01 3.164730000000000132e+01 3.160350000000000037e+01 -1.000000000000000000e+00 6.578007502938744144e-01 6.963858852197404303e-01
-4.249660000000000104e-01 -5.317129999999999912e-01 -4.907050000000000023e-01 -7.652069999999999705e-01 -6.569350000000000467e-01 -4.568200000000000038e-01 0.000000000000000000e+00 1.046583761098958121e-01 -7.769040000000000390e-01 5.828669144778919620e-02 nan nan 9.342126587127237425e-01 3.036465814869999946e-02 2.909026891010000129e-02 2.835252148540000003e-02 1.711199999999999832e+01 3.736639999999999873e+01 3.852219999999999800e+01 3.376550000000000296e+01 6.578007502938744144e-01 6.963858852197404303e-01
-4.246619999999999839e-01 -4.767719999999999736e-01 -4.574659999999999838e-01 -9.438450000000000450e-01 -9.392749999999999710e-01 -4.552459999999999840e-01 0.000000000000000000e+00 1.027184349150317422e-01 -7.769040000000000390e-01 7.055550980941760475e-02 nan nan 9.557232348957152013e-01 3.036465814869999946e-02 2.909026891010000129e-02 2.835252148540000003e-02 1.711199999999999832e+01 3.736639999999999873e+01 3.852219999999999800e+01 3.376550000000000296e+01 6.463101177185215374e-01 8.098682947178832414e-01
-4.244820000000000260e-01 -4.475060000000000149e-01 -4.363830000000000209e-01 -1.265579999999999927e+00 -1.315949999999999953e+00 -4.565159999999999774e-01 2.713256027013222216e-03 1.022040521487515008e-01 -7.769040000000000390e-01 8.452800945403382560e-02 nan nan 9.732316670094769417e-01 3.337258491750000333e-02 3.969812589599999719e-02 3.326168359750000109e-02 1.645139999999999958e+01 3.574699999999999989e+01 3.933350000000000080e+01 3.682780000000000342e+01 6.463101177185215374e-01 8.098682947178832414e-01
-4.245940000000000270e-01 -4.613019999999999898e-01 -4.566569999999999796e-01 -1.226879999999999971e+00 -1.286059999999999981e+00 -4.591080000000000161e-01 8.353910336030390127e-03 1.032943488512133579e-01 -7.769040000000000390e-01 1.002825971896049717e-01 nan nan 9.865395775221454944e-01 3.337258491750000333e-02 3.969812589599999719e-02 3.326168359750000109e-02 1.645139999999999958e+01 3.574699999999999989e+01 3.933350000000000080e+01 3.682780000000000342e+01 7.179367480891127862e-01 8.227871989617200343e-01
-4.243990000000000262e-01 -4.459199999999999831e-01 -3.993039999999999923e-01 -1.018000000000000016e+00 -1.220460000000000100e+00 -4.612149999999999861e-01 1.445289130099824959e-02 1.061502644029972409e-01 -7.769040000000000390e-01 1.178774880539406045e-01 nan nan 9.954961824900412370e-01 4.642027443579999774e-02 4.930482066559999793e-02 4.020555380420000324e-02 1.177730000000000032e+01 2.884149999999999991e+01 3.397189999999999799e+01 3.596240000000000236e+01 7.179367480891127862e-01 8.227871989617200343e-01
-4.256530000000000036e-01 -6.765910000000000535e-01 -6.468399999999999705e-01 -1.113159999999999927e+00 -1.225279999999999925e+00 -4.627209999999999934e-01 2.122214934705490830e-02 1.109127330176148396e-01 -7.769040000000000390e-01 1.373500457150541587e-01 nan nan 1.000000000000000000e+00 4.642027443579999774e-02 4.930482066559999793e-02 4.020555380420000324e-02 1.177730000000000032e+01 2.884149999999999991e+01 3.397189999999999799e+01 3.596240000000000236e+01 7.853394601708689748e-01 8.718075209079652055e-01
-4.265120000000000022e-01 -1.131869999999999932e+00 -1.141440000000000010e+00 -1.144870000000000054e+00 -1.291069999999999940e+00 -4.644820000000000060e-01 2.902851005906725845e-02 1.177010869005562510e-01 -7.769040000000000390e-01 1.587163591258740070e-01 nan nan 1.000000000000000000e+00 4.239829051860000142e-02 5.431575982200000097e-02 4.841758478719999925e-02 1.009459999999999980e+01 2.475009999999999977e+01 2.881019999999999825e+01 3.828609999999999758e+01 7.853394601708689748e-01 8.718075209079652055e-01
-4.265450000000000075e-01 -1.185089999999999977e+00 -1.165599999999999969e+00 -1.028799999999999937e+00 -1.210329999999999906e+00 -4.650489999999999902e-01 3.823049042596993186e-02 1.266117041677186084e-01 -7.769040000000000390e-01 1.819710602299773328e-01 nan nan 9.954961824900412370e-01 4.239829051860000142e-02 5.431575982200000097e-02 4.841758478719999925e-02 1.009459999999999980e+01 2.475009999999999977e+01 2.881019999999999825e+01 3.828609999999999758e+01 7.789557754067841788e-01 8.817897085797151702e-01
-4.263989999999999725e-01 -1.023220000000000018e+00 -1.002240000000000020e+00 -1.064840000000000009e+00 -1.202520000000000033e+00 -4.650859999999999994e-01 4.918728092813662300e-02 1.377169168428421520e-01 -7.769040000000000390e-01 2.070873847838156090e-01 nan nan 9.865395775221454944e-01 4.446719106500000157e-02 5.107398001960000017e-02 5.631877600690000235e-02 1.445359999999999978e+01 2.492869999999999919e+01 3.362010000000000076e+01 4.462769999999999726e+01 7.789557754067841788e-01 8.817897085797151702e-01
-4.266670000000000185e-01 -1.522510000000000030e+00 -1.293360000000000065e+00 -1.130190000000000028e+00 -1.314720000000000111e+00 -4.652910000000000101e-01 6.057743311361962757e-02 1.510641913067793940e-01 -7.111840000000000384e-01 2.340174756062872730e-01 nan nan 9.732316670094769417e-01 4.446719106500000157e-02 5.107398001960000017e-02 5.631877600690000235e-02 1.445359999999999978e+01 2.492869999999999919e+01 3.362010000000000076e+01 4.462769999999999726e+01 7.055405884238766800e-01 8.283262370959945109e-01
-4.264850000000000030e-01 -1.122219999999999995e+00 -1.054959999999999898e+00 -1.084209999999999896e+00 -1.185990000000000100e+00 -4.647560000000000024e-01 7.142259871723211084e-02 1.666755904844330338e-01 -7.111840000000000384e-01 2.626929248197236166e-01 nan nan 9.557232348957152013e-01 4.850308239830000007e-02 5.585339387180000142e-02 9.769137898120000552e-02 1.522450000000000081e+01 4.289320000000000022e+01 4.920300000000000296e+01 5.398700000000000188e+01 7.055405884238766800e-01 8.283262370959945109e-01
-4.267050000000000010e-01 -1.624449999999999950e+00 -1.580170000000000075e+00 -9.882750000000000146e-01 -1.229419999999999957e+00 -4.639360000000000150e-01 8.340782670881685679e-02 1.845475238630012171e-01 6.032149999999999457e-01 2.930255489384758771e-01 nan nan 9.342126587127240755e-01 4.850308239830000007e-02 5.585339387180000142e-02 9.769137898120000552e-02 1.522450000000000081e+01 4.289320000000000022e+01 4.920300000000000296e+01 5.398700000000000188e+01 6.930713116644262595e-01 8.482707473894013361e-01
-4.265979999999999772e-01 -1.304410000000000069e+00 -1.197449999999999903e+00 -1.018899999999999917e+00 -1.160009999999999986e+00 -4.638050000000000228e-01 9.761518716018902087e-02 2.046507881739219048e-01 6.032149999999999457e-01 3.249083880230448917e-01 nan nan 9.089436618838466764e-01 6.721867958419999733e-02 4.653063279519999845e-02 9.838817238100000528e-02 2.835979999999999990e+01 5.711390000000000100e+01 6.095790000000000219e+01 6.506090000000000373e+01 6.930713116644262595e-01 8.482707473894013361e-01
-4.261550000000000060e-01 -8.620100000000000540e-01 -8.451999999999999513e-01 -9.961410000000000542e-01 -1.152020000000000044e+00 -4.615560000000000218e-01 1.138837050004615215e-01 2.269308982775748440e-01 -7.769040000000000390e-01 3.582169175789339244e-01 nan nan 8.802025522401326629e-01 6.721867958419999733e-02 4.653063279519999845e-02 9.838817238100000528e-02 2.835979999999999990e+01 5.711390000000000100e+01 6.095790000000000219e+01 6.506090000000000373e+01 7.298492100541629224e-01 8.735291585826947536e-01
-4.256949999999999901e-01 -6.904099999999999682e-01 -6.603480000000000461e-01 -1.057439999999999936e+00 -1.042780000000000040e+00 -4.590779999999999861e-01 1.320290514219341071e-01 2.513087045016847432e-01 -7.769040000000000390e-01 3.928104594689296736e-01 nan nan 8.483149780382107652e-01 9.900918813219999892e-02 5.106236272729999803e-02 1.054489270709999954e-01 2.930349999999999966e+01 5.346620000000000061e+01 6.203099999999999881e+01 6.588509999999999422e+01 7.298492100541629224e-01 8.735291585826947536e-01
-4.264080000000000092e-01 -1.014459999999999917e+00 -1.093229999999999924e+00 -9.434780000000000388e-01 -1.018359999999999932e+00 -4.574710000000000165e-01 1.529315275228405602e-01 2.776812894387349351e-01 -7.769040000000000390e-01 4.285337758526084340e-01 nan nan 8.136422382354164817e-01 9.900918813219999892e-02 5.106236272729999803e-02 1.054489270709999954e-01 2.930349999999999966e+01 5.346620000000000061e+01 6.203099999999999881e+01 6.588509999999999422e+01 7.346355675292609577e-01 8.632920361014175814e-01
-4.245340000000000225e-01 -4.673220000000000152e-01 -4.145130000000000203e-01 -1.066889999999999894e+00 -9.805490000000000039e-01 -4.558829999999999827e-01 1.766570652588936863e-01 3.059231340413175460e-01 -7.769040000000000390e-01 4.652188280930978914e-01 nan nan 7.765771888282392288e-01 1.811688761540000137e-01 3.979729787240000177e-02 9.634352386769999554e-02 2.413950000000000173e+01 7.304189999999999827e+01 7.845359999999999445e+01 8.110339999999999350e+01 7.346355675292609577e-01 8.632920361014175814e-01
-4.237449999999999828e-01 -3.648230000000000084e-01 -3.418309999999999960e-01 -9.370500000000000496e-01 -8.935100000000000264e-01 -4.558079999999999909e-01 2.006951627828552631e-01 3.358875398030962689e-01 -7.769040000000000390e-01 5.026866807019777506e-01 nan nan 7.375397916369048623e-01 1.811688761540000137e-01 3.979729787240000177e-02 9.634352386769999554e-02 2.413950000000000173e+01 7.304189999999999827e+01 7.845359999999999445e+01 8.110339999999999350e+01 5.333667047250515436e-01 7.696812983796740282e-01
-4.242779999999999885e-01 -4.222350000000000270e-01 -4.119380000000000264e-01 -8.031899999999999595e-01 -8.417660000000000142e-01 -2.870309999999999806e-01 2.246149296022632580e-01 3.674082909115007345e-01 -7.769040000000000390e-01 5.407495287498631509e-01 nan nan 6.969723559701437310e-01 2.746189301090000145e-01 4.014537658970000061e-02 9.814727167329999336e-02 5.709510000000000218e+01 9.122159999999999513e+01 1.006189999999999998e+02 9.741140000000000043e+01 5.333667047250515436e-01 7.696812983796740282e-01
-4.241690000000000182e-01 -4.142700000000000271e-01 -3.825120000000000187e-01 -7.430369999999999475e-01 -8.679219999999999713e-01 -1.897550000000000070e-01 2.494900509458766180e-01 4.003015375392988684e-01 -7.769040000000000390e-01 5.792128257712969575e-01 nan nan 6.553345270839847636e-01 2.746189301090000145e-01 4.014537658970000061e-02 9.814727167329999336e-02 5.709510000000000218e+01 9.122159999999999513e+01 1.006189999999999998e+02 9.741140000000000043e+01 2.060270983199941064e-01 5.480800429085082026e-01
-4.232699999999999796e-01 -3.595619999999999927e-01 -4.503499999999999726e-01 5.215880000000000516e-01 6.391050000000000342e-01 3.266180000000000194e-01 2.750833619037350575e-01 4.343678789366026693e-01 -7.769040000000000390e-01 6.178774880539404935e-01 nan nan 6.130980782173405252e-01 4.387291125950000259e-01 3.997164110279999988e-02 1.311093969350000110e-01 3.751059999999999661e+01 8.557829999999999870e+01 9.984139999999999304e+01 9.747929999999999495e+01 2.060270983199941064e-01 5.480800429085082026e-01
4.050909999999999789e-01 1.307560000000000056e+00 1.513460000000000027e+00 1.646220000000000017e+00 1.718990000000000018e+00 4.785360000000000169e-01 3.011048800361179056e-01 4.693946227210408217e-01 -7.769040000000000390e-01 6.565421503365841405e-01 nan nan 5.707415652126986982e-01 4.387291125950000259e-01 3.997164110279999988e-02 1.311093969350000110e-01 3.751059999999999661e+01 8.557829999999999870e+01 9.984139999999999304e+01 9.747929999999999495e+01 2.882500829597799408e-01 4.353856137307225982e-01
1.912330000000000085e+00 1.570559999999999956e+00 1.783209999999999962e+00 1.467109999999999914e+00 1.728259999999999907e+00 1.510099999999999998e+00 3.272597711449143354e-01 5.051581947674383954e-01 -3.168639999999999790e-01 6.950054473580178360e-01 nan nan 5.287449042872058858e-01 5.851994283439999611e-01 2.908332921779999830e-02 1.454581387220000022e-01 2.724109999999999943e+01 7.392889999999999873e+01 8.725320000000000675e+01 8.948850000000000193e+01 2.882500829597799408e-01 4.353856137307225982e-01
4.318559999999999732e+00 1.818149999999999933e+00 1.894120000000000026e+00 1.806689999999999907e+00 2.023740000000000094e+00 2.932500000000000107e+00 3.532516898628972335e-01 5.414266723919904933e-01 7.745570000000000233e-02 7.299731044826526238e-01 nan nan 4.875839343901621215e-01 5.851994283439999611e-01 2.908332921779999830e-02 1.454581387220000022e-01 2.724109999999999943e+01 7.392889999999999873e+01 8.725320000000000675e+01 8.948850000000000193e+01 3.196398139451172016e-01 4.334719472384269690e-01
4.086190000000000211e+00 1.776469999999999994e+00 1.592940000000000023e+00 1.706849999999999978e+00 1.972150000000000070e+00 4.426759999999999806e+00 3.787861373651482122e-01 5.787128685573503795e-01 7.745570000000000233e-02 7.642449406372158194e-01 nan nan 4.438086315866179854e-01 6.415444410789999941e-01 2.537888780779999978e-02 1.482477005579999896e-01 2.582499999999999929e+01 6.178820000000000334e+01 8.884919999999999618e+01 8.528929999999999723e+01 3.196398139451172016e-01 4.334719472384269690e-01
4.958750000000000213e+00 1.827390000000000070e+00 1.626239999999999908e+00 1.747409999999999908e+00 2.046720000000000095e+00 3.916809999999999903e+00 4.060360209462643422e-01 6.160964114478398868e-01 1.173569999999999995e-02 7.974326422237455469e-01 nan nan 4.014177528950323426e-01 6.415444410789999941e-01 2.537888780779999978e-02 1.482477005579999896e-01 2.582499999999999929e+01 6.178820000000000334e+01 8.884919999999999618e+01 8.528929999999999723e+01 3.255229278334279552e-01 4.271349962587488447e-01
4.153030000000000221e+00 1.777870000000000061e+00 1.563989999999999991e+00 1.428970000000000073e+00 1.784599999999999964e+00 2.728959999999999830e+00 4.364668928672744697e-01 6.533826078621047806e-01 1.173569999999999995e-02 8.291601793221335948e-01 nan nan 3.606015265517239499e-01 6.422566452639999479e-01 3.330086424909999704e-02 1.432919405799999990e-01 1.956850000000000023e+01 5.701539999999999964e+01 6.825130000000000052e+01 7.628419999999999845e+01 3.255229278334279552e-01 4.271349962587488447e-01
2.948939999999999895e+00 1.684800000000000075e+00 1.551190000000000069e+00 1.241100000000000092e+00 1.700990000000000002e+00 1.788040000000000074e+00 4.685850415315416795e-01 6.903778675732639147e-01 1.173569999999999995e-02 8.590680662593747074e-01 nan nan 3.253251820564702079e-01 6.422566452639999479e-01 3.330086424909999704e-02 1.432919405799999990e-01 1.956850000000000023e+01 5.701539999999999964e+01 6.825130000000000052e+01 7.628419999999999845e+01 3.299605730130430459e-01 4.307537462173633980e-01
1.725249999999999950e+00 1.545560000000000045e+00 1.448430000000000106e+00 1.202210000000000001e+00 1.488580000000000014e+00 9.798449999999999660e-01 5.010862032787455345e-01 7.268918967835354961e-01 -1.197040000000000048e-01 8.868174347258847012e-01 nan nan 2.920720203171424112e-01 6.159692179960000180e-01 4.396784486969999850e-02 1.399465375989999982e-01 1.260800000000000054e+01 3.477640000000000242e+01 5.149560000000000315e+01 5.791870000000000118e+01 3.299605730130430459e-01 4.307537462173633980e-01
1.008240000000000025e+00 1.418400000000000105e+00 1.284100000000000019e+00 1.342140000000000111e+00 1.239249999999999963e+00 6.575550000000000006e-01 5.334041700093201666e-01 7.612435350614393803e-01 -1.854240000000000055e-01 9.120938732888529410e-01 nan nan 2.612188129435366601e-01 6.159692179960000180e-01 4.396784486969999850e-02 1.399465375989999982e-01 1.260800000000000054e+01 3.477640000000000242e+01 5.149560000000000315e+01 5.791870000000000118e+01 3.276376991737768307e-01 4.335613399638456045e-01
1.132640000000000091e+00 1.443670000000000009e+00 1.262860000000000094e+00 1.535889999999999977e+00 1.507500000000000062e+00 5.776580000000000048e-01 5.658486866601797338e-01 7.932067493827839044e-01 -1.197040000000000048e-01 9.346109897994089311e-01 nan nan 2.331151391035117815e-01 6.133188837730000342e-01 5.300029252800000229e-02 1.411115301829999891e-01 1.108530000000000015e+01 2.891400000000000148e+01 3.699580000000000268e+01 4.925059999999999860e+01 3.276376991737768307e-01 4.335613399638456045e-01
8.239119999999999777e-01 1.375720000000000054e+00 1.300740000000000007e+00 7.747739999999999627e-01 1.242180000000000062e+00 2.365160000000000040e-01 5.983937107502569352e-01 8.239644414199076561e-01 -1.197040000000000048e-01 9.541136563301042539e-01 nan nan 2.080794246513336665e-01 6.133188837730000342e-01 5.300029252800000229e-02 1.411115301829999891e-01 1.108530000000000015e+01 2.891400000000000148e+01 3.699580000000000268e+01 4.925059999999999860e+01 3.146678515385523678e-01 4.202782431349697534e-01
6.950030000000000374e-01 1.343750000000000000e+00 1.273940000000000072e+00 9.170390000000000486e-01 1.249279999999999946e+00 5.540720000000000089e-01 6.267310711769322751e-01 8.531681142318797706e-01 -1.854240000000000055e-01 9.703808998762765148e-01 nan nan 1.863953342355094689e-01 6.268880202609999897e-01 5.887234606189999803e-02 1.344174624310000010e-01 7.358480000000000132e+00 1.919719999999999871e+01 2.525600000000000023e+01 3.773680000000000234e+01 3.146678515385523678e-01 4.202782431349697534e-01
1.060340000000000060e+00 1.429370000000000029e+00 1.331639999999999935e+00 9.203599999999999559e-01 1.414849999999999941e+00 1.779300000000000048e-01 6.515929571079197569e-01 8.804868785365451700e-01 -1.854240000000000055e-01 9.832284060684862714e-01 nan nan 1.683085572649730688e-01 6.268880202609999897e-01 5.887234606189999803e-02 1.344174624310000010e-01 7.358480000000000132e+00 1.919719999999999871e+01 2.525600000000000023e+01 3.773680000000000234e+01 3.090097133247468042e-01 3.945000297975751469e-01
9.771430000000000393e-02 1.109830000000000094e+00 1.191969999999999974e+00 1.027859999999999996e+00 1.460609999999999964e+00 5.556510000000000060e-01 6.775000729546628575e-01 9.056112018183076762e-01 -2.511439999999999784e-01 9.925106075279732654e-01 nan nan 1.540240241499104545e-01 6.500170312790000127e-01 5.658245426169999925e-02 1.505531793819999964e-01 8.712189999999999657e+00 1.759329999999999927e+01 2.232359999999999900e+01 3.485739999999999839e+01 3.090097133247468042e-01 3.945000297975751469e-01
1.956220000000000070e+00 1.576940000000000008e+00 1.462960000000000038e+00 1.261949999999999905e+00 1.171669999999999989e+00 4.066500000000000115e-01 7.040940141792108031e-01 9.282564154552145341e-01 -1.854240000000000055e-01 9.981223332032221895e-01 nan nan 1.437035843583247541e-01 6.500170312790000127e-01 5.658245426169999925e-02 1.505531793819999964e-01 8.712189999999999657e+00 1.759329999999999927e+01 2.232359999999999900e+01 3.485739999999999839e+01 3.046170632800329070e-01 3.717280607075931220e-01
2.762979999999999881e-01 1.203389999999999960e+00 9.454320000000000501e-01 9.726219999999999866e-01 1.381469999999999976e+00 4.609980000000000189e-01 7.311459872211867328e-01 9.481659401281914423e-01 -5.398429999999999895e-02 1.000000000000000000e+00 nan nan 1.374641725968933637e-01 6.559996225969999539e-01 5.351294192730000204e-02 1.504350173350000042e-01 5.926910000000000345e+00 1.812369999999999948e+01 2.533449999999999847e+01 3.517980000000000018e+01 3.046170632800329070e-01 3.717280607075931220e-01
9.069779999999999509e-01 1.395759999999999890e+00 1.357480000000000020e+00 1.166870000000000074e+00 1.224189999999999889e+00 1.666199999999999973e-02 7.583494824166047144e-01 9.651141929672512054e-01 -1.854240000000000055e-01 9.981223332032220785e-01 nan nan 1.353764838940157977e-01 6.559996225969999539e-01 5.351294192730000204e-02 1.504350173350000042e-01 5.926910000000000345e+00 1.812369999999999948e+01 2.533449999999999847e+01 3.517980000000000018e+01 2.929464501650759223e-01 3.670597739357299716e-01
7.394039999999999502e-01 1.354459999999999997e+00 1.054189999999999960e+00 1.255209999999999937e+00 1.025260000000000060e+00 -4.244429999999999731e-02 7.853962732949358871e-01 9.789091434955489168e-01 -1.854240000000000055e-01 9.925106075279732654e-01 nan nan 1.374641725968933637e-01 6.280416016919999622e-01 5.769973681679999716e-02 1.464700373010000001e-01 1.241179999999999950e+01 2.265289999999999893e+01 2.694369999999999976e+01 3.309479999999999933e+01 2.929464501650759223e-01 3.670597739357299716e-01
3.269969999999999821e-01 1.221309999999999896e+00 1.283800000000000052e+00 4.149229999999999863e-01 7.890340000000000131e-01 -5.057869999999999727e-02 8.119799089081796151e-01 9.893944894114166111e-01 -1.197040000000000048e-01 9.832284060684862714e-01 nan nan 1.437035843583247541e-01 6.280416016919999622e-01 5.769973681679999716e-02 1.464700373010000001e-01 1.241179999999999950e+01 2.265289999999999893e+01 2.694369999999999976e+01 3.309479999999999933e+01 2.752914841082808595e-01 3.559684543004523194e-01
2.585729999999999973e-01 1.192379999999999995e+00 8.701790000000000358e-01 8.734110000000000484e-01 7.523069999999999480e-01 -6.959450000000000358e-02 8.377991860425555437e-01 9.964514275558957745e-01 -1.197040000000000048e-01 9.703808998762765148e-01 nan nan 1.540240241499103435e-01 5.650624692360000090e-01 6.452608593170000573e-02 1.617885663480000125e-01 7.308159999999999989e+00 2.215429999999999922e+01 2.923069999999999879e+01 3.160450000000000159e+01 2.752914841082808595e-01 3.559684543004523194e-01
-2.836739999999999817e-01 7.109309999999999796e-01 4.800010000000000110e-01 -4.078249999999999931e-02 2.237619999999999887e-01 -2.737410000000000121e-01 8.625615619712718729e-01 1.000000000000000000e+00 -1.854240000000000055e-01 9.541136563301042539e-01 nan nan 1.683085572649730688e-01 5.650624692360000090e-01 6.452608593170000573e-02 1.617885663480000125e-01 7.308159999999999989e+00 2.215429999999999922e+01 2.923069999999999879e+01 3.160450000000000159e+01 2.708257169693526478e-01 3.504492812162708359e-01
4.210300000000000153e-01 1.258599999999999941e+00 1.134190000000000031e+00 1.040839999999999987e+00 9.473930000000000407e-01 -2.575580000000000092e-01 8.859864690805127063e-01 1.000000000000000000e+00 -1.197040000000000048e-01 9.346109897994089311e-01 nan nan 1.863953342355092468e-01 4.790011758680000065e-01 8.502695964119999505e-02 2.092081768700000122e-01 1.312599999999999945e+01 2.488159999999999883e+01 2.862079999999999913e+01 3.277929999999999922e+01 2.708257169693526478e-01 3.504492812162708359e-01
-3.210560000000000080e-01 6.162929999999999797e-01 -7.429660000000000430e-02 1.976759999999999906e-01 1.492489999999999928e-01 -2.540810000000000013e-01 9.078084938126126380e-01 9.964514275558958856e-01 -1.197040000000000048e-01 9.120938732888532741e-01 nan nan 2.080794246513335555e-01 4.790011758680000065e-01 8.502695964119999505e-02 2.092081768700000122e-01 1.312599999999999945e+01 2.488159999999999883e+01 2.862079999999999913e+01 3.277929999999999922e+01 2.594531966231150566e-01 3.347128507009051734e-01
1.603700000000000125e-01 1.144980000000000109e+00 1.144220000000000015e+00 3.511440000000000117e-01 5.437300000000000466e-01 -3.327260000000000217e-01 9.277803839077177761e-01 9.893944894114167221e-01 -1.854240000000000055e-01 8.868174347258848123e-01 nan nan 2.331151391035117815e-01 4.297313788509999899e-01 1.061962691869999947e-01 2.496885422529999954e-01 7.917399999999999771e+00 1.972169999999999845e+01 2.747400000000000020e+01 3.988459999999999894e+01 2.594531966231150566e-01 3.347128507009051734e-01
-2.152479999999999949e-01 8.291269999999999474e-01 7.683820000000000094e-01 -1.049110000000000043e-01 1.129440000000000027e-01 -2.676499999999999990e-01 9.456758498706886451e-01 9.789091434955489168e-01 -1.197040000000000048e-01 8.590680662593748185e-01 nan nan 2.612188129435365491e-01 4.297313788509999899e-01 1.061962691869999947e-01 2.496885422529999954e-01 7.917399999999999771e+00 1.972169999999999845e+01 2.747400000000000020e+01 3.988459999999999894e+01 2.455328267631061712e-01 3.121329104284892297e-01
-1.665179999999999993e-01 9.009629999999999583e-01 1.002699999999999925e+00 -6.083009999999999806e-01 -1.460730000000000084e-01 -3.386000000000000121e-01 9.612921289214992893e-01 9.651141929672512054e-01 -1.854240000000000055e-01 8.291601793221335948e-01 nan nan 2.920720203171424112e-01 4.802293997029999928e-01 9.020085132919999915e-02 2.380917294340000046e-01 1.074910000000000032e+01 2.042099999999999937e+01 3.653070000000000306e+01 5.071490000000000009e+01 2.455328267631061712e-01 3.121329104284892297e-01
-2.872500000000000053e-01 7.013840000000000074e-01 6.978839999999999488e-01 4.357679999999999887e-01 1.071730000000000044e-01 -3.434010000000000118e-01 9.744522823785558563e-01 9.481659401281914423e-01 -2.511439999999999784e-01 7.974326422237456580e-01 nan nan 3.253251820564700969e-01 4.802293997029999928e-01 9.020085132919999915e-02 2.380917294340000046e-01 1.074910000000000032e+01 2.042099999999999937e+01 3.653070000000000306e+01 5.071490000000000009e+01 2.289296219846228553e-01 3.011144293102192560e-01
-2.899120000000000030e-01 6.954200000000000381e-01 4.018820000000000170e-01 -2.284380000000000022e-01 -2.957839999999999914e-01 -3.314840000000000009e-01 9.850072004446587259e-01 9.282564154552145341e-01 -2.511439999999999784e-01 7.642449406372159304e-01 nan nan 3.606015265517238388e-01 5.213915150160000067e-01 7.889165963439999374e-02 1.744917149080000007e-01 9.592610000000000525e+00 2.847629999999999839e+01 4.218169999999999931e+01 6.100130000000000052e+01 2.289296219846228553e-01 3.011144293102192560e-01
-3.051619999999999888e-01 6.636140000000000372e-01 8.092679999999999874e-01 -5.419029999999999681e-02 4.388319999999999721e-02 -3.566639999999999810e-01 9.928372916805882076e-01 9.056112018183076762e-01 -3.168639999999999790e-01 7.299731044826526238e-01 nan nan 3.976249101912683326e-01 5.213915150160000067e-01 7.889165963439999374e-02 1.744917149080000007e-01 9.592610000000000525e+00 2.847629999999999839e+01 4.218169999999999931e+01 6.100130000000000052e+01 2.139124957114011405e-01 3.045974347598646714e-01
-2.734159999999999924e-01 7.300879999999999592e-01 5.813840000000000119e-01 -1.527799999999999991e-01 -1.116639999999999994e-01 -3.474619999999999931e-01 9.978538380238950456e-01 8.804868785365452810e-01 -3.168639999999999790e-01 6.950054473580180581e-01 nan nan 4.360993947118819714e-01 4.314010719909999736e-01 7.323824248530000358e-02 1.563209124580000053e-01 2.433940000000000126e+01 3.972899999999999920e+01 5.420100000000000051e+01 6.961379999999999768e+01 2.139124957114011405e-01 3.045974347598646714e-01
-3.086420000000000274e-01 6.521059999999999635e-01 5.901380000000000514e-01 -7.425749999999999851e-01 -3.730359999999999787e-01 -3.305179999999999785e-01 1.000000000000000000e+00 8.531681142318798816e-01 -3.168639999999999790e-01 6.565421503365841405e-01 nan nan 4.755890488303224917e-01 4.314010719909999736e-01 7.323824248530000358e-02 1.563209124580000053e-01 2.433940000000000126e+01 3.972899999999999920e+01 5.420100000000000051e+01 6.961379999999999768e+01 1.977198715388898131e-01 3.054383885471364524e-01
-3.794449999999999767e-01 3.703750000000000098e-01 -4.379020000000000135e-02 -5.004530000000000367e-01 -1.846939999999999971e-01 -3.977859999999999729e-01 9.992514607361504542e-01 8.239644414199076561e-01 -3.168639999999999790e-01 6.178774880539406045e-01 nan nan 5.156464389861625808e-01 3.551684091810000110e-01 7.547030959629999480e-02 1.368215298659999912e-01 2.141850000000000165e+01 6.529859999999999332e+01 8.290260000000000673e+01 8.757940000000000680e+01 1.977198715388898131e-01 3.054383885471364524e-01
-3.452399999999999913e-01 5.395640000000000436e-01 5.224720000000000475e-01 -7.754780000000000006e-01 -4.508610000000000118e-01 -4.374399999999999955e-01 9.956167014813070981e-01 7.932067493827840154e-01 -3.168639999999999790e-01 5.792128257712971795e-01 nan nan 5.558176989428155190e-01 3.551684091810000110e-01 7.547030959629999480e-02 1.368215298659999912e-01 2.141850000000000165e+01 6.529859999999999332e+01 8.290260000000000673e+01 8.757940000000000680e+01 2.047672345427650198e-01 3.203206219085015238e-01
-3.654830000000000023e-01 4.559000000000000274e-01 4.235400000000000276e-01 1.874439999999999995e-01 6.283049999999999746e-02 -4.493409999999999904e-01 9.891369055102037233e-01 7.612435350614396024e-01 -3.168639999999999790e-01 5.407495287498633729e-01 nan nan 5.956476722733515805e-01 2.558237311880000031e-01 6.243196588310000184e-02 1.306665400220000106e-01 4.896860000000000213e+01 8.888970000000000482e+01 1.082950000000000017e+02 1.076350000000000051e+02 2.047672345427650198e-01 3.203206219085015238e-01
-4.231449999999999934e-01 -4.227940000000000031e-01 -1.046990000000000087e+00 -6.630949999999999900e-01 -6.965200000000000280e-01 -4.604889999999999817e-01 9.798854915003875066e-01 7.268918967835356071e-01 -2.511439999999999784e-01 5.026866807019778616e-01 nan nan 6.346850694646859470e-01 2.558237311880000031e-01 6.243196588310000184e-02 1.306665400220000106e-01 4.896860000000000213e+01 8.888970000000000482e+01 1.082950000000000017e+02 1.076350000000000051e+02 2.206505171628316830e-01 4.439573828458670546e-01
-4.253310000000000146e-01 -6.811479999999999757e-01 -7.235970000000000457e-01 -1.180790000000000006e+00 -1.085720000000000018e+00 -4.649639999999999884e-01 9.679672816692672654e-01 6.903778675732641368e-01 -5.140240000000000364e-01 4.652188280930978914e-01 nan nan 6.724875812080881587e-01 1.736501209509999921e-01 6.002139861329999770e-02 1.270006585640000019e-01 3.124559999999999960e+01 1.011740000000000066e+02 1.195420000000000016e+02 1.152289999999999992e+02 2.206505171628316830e-01 4.439573828458670546e-01
-4.254669999999999841e-01 -6.655189999999999717e-01 -5.964099999999999957e-01 -1.226250000000000062e+00 -1.135610000000000008e+00 -4.648610000000000242e-01 9.535173140965048644e-01 6.533826078621047806e-01 -5.797440000000000371e-01 4.285337758526085450e-01 nan nan 7.086268899403884713e-01 1.736501209509999921e-01 6.002139861329999770e-02 1.270006585640000019e-01 3.124559999999999960e+01 1.011740000000000066e+02 1.195420000000000016e+02 1.152289999999999992e+02 2.077650354055466941e-01 6.319999470265331709e-01
-4.266480000000000272e-01 -1.492939999999999934e+00 -1.342340000000000089e+00 -1.165529999999999955e+00 -1.172949999999999937e+00 -4.649909999999999877e-01 9.366993126886137278e-01 6.160964114478399978e-01 -4.483039999999999803e-01 3.928104594689298956e-01 nan nan 7.426935228531146294e-01 1.187599648749999987e-01 5.011442157490000188e-02 1.013014263970000023e-01 3.427020000000000266e+01 8.489490000000000691e+01 1.066380000000000052e+02 1.047060000000000031e+02 2.077650354055466941e-01 6.319999470265331709e-01
-4.266050000000000120e-01 -1.319579999999999975e+00 -1.224490000000000078e+00 -1.275630000000000042e+00 -1.326349999999999918e+00 -4.650940000000000074e-01 9.177038321216773875e-01 5.787128685573506015e-01 -2.511439999999999784e-01 3.582169175789340354e-01 nan nan 7.743014913830296164e-01 1.187599648749999987e-01 5.011442157490000188e-02 1.013014263970000023e-01 3.427020000000000266e+01 8.489490000000000691e+01 1.066380000000000052e+02 1.047060000000000031e+02 3.844665545537888640e-01 6.646183592792960226e-01
-4.265909999999999980e-01 -1.304580000000000073e+00 -1.161610000000000031e+00 -1.302289999999999948e+00 -1.271279999999999966e+00 -4.644469999999999987e-01 8.967460987807285289e-01 5.414266723919907154e-01 -3.825839999999999796e-01 3.249083880230448917e-01 nan nan 8.030926646167864114e-01 1.072177771410000036e-01 5.937556180010000045e-02 8.799071474840000628e-02 2.750270000000000081e+01 6.656170000000000186e+01 8.580570000000000164e+01 9.895780000000000598e+01 3.844665545537888640e-01 6.646183592792960226e-01
-4.264660000000000117e-01 -1.087239999999999984e+00 -1.065260000000000096e+00 -1.306079999999999908e+00 -1.410029999999999895e+00 -4.626979999999999982e-01 8.740635721588050355e-01 5.044314131758210751e-01 -7.769040000000000390e-01 2.930255489384759882e-01 nan nan 8.325336697610408176e-01 1.072177771410000036e-01 5.937556180010000045e-02 8.799071474840000628e-02 2.750270000000000081e+01 6.656170000000000186e+01 8.580570000000000164e+01 9.895780000000000598e+01 8.593789546505283816e-01 8.895801190578668249e-01
-4.263750000000000040e-01 -9.969099999999999628e-01 -1.001919999999999922e+00 -1.295069999999999943e+00 -1.356770000000000032e+00 -4.624699999999999922e-01 8.471116142785222181e-01 4.679173847010157372e-01 -7.769040000000000390e-01 2.626929248197236166e-01 nan nan 8.586646116503009463e-01 1.312090146750000130e-01 7.257959046810000259e-02 8.696522494630000433e-02 2.701139999999999830e+01 7.313739999999999952e+01 8.995919999999999561e+01 9.624620000000000175e+01 8.593789546505283816e-01 8.895801190578668249e-01
-4.257360000000000033e-01 -7.037360000000000282e-01 -6.646929999999999783e-01 -1.265269999999999895e+00 -1.310589999999999922e+00 -4.630900000000000016e-01 8.157698524201186796e-01 4.320694282231586358e-01 -7.769040000000000390e-01 2.340174756062872730e-01 nan nan 8.814794936293594008e-01 1.312090146750000130e-01 7.257959046810000259e-02 8.696522494630000433e-02 2.701139999999999830e+01 7.313739999999999952e+01 8.995919999999999561e+01 9.624620000000000175e+01 7.722964954414303085e-01 8.953674703183042149e-01
-4.254979999999999873e-01 -6.364849999999999675e-01 -6.044540000000000468e-01 -1.105140000000000011e+00 -1.233579999999999899e+00 -4.635799999999999921e-01 7.827027687101963949e-01 3.970648381359598300e-01 -7.769040000000000390e-01 2.070873847838156090e-01 nan nan 9.010098913268216325e-01 1.331672776739999953e-01 7.132013498639999671e-02 8.675898117739999638e-02 4.008290000000000219e+01 8.376600000000000534e+01 9.347410000000000707e+01 9.150600000000000023e+01 7.722964954414303085e-01 8.953674703183042149e-01
-4.260269999999999890e-01 -8.091380000000000239e-01 -7.657599999999999962e-01 -1.096959999999999935e+00 -1.212599999999999900e+00 -4.638510000000000133e-01 7.480021693648988279e-01 3.630713531549308870e-01 -7.111840000000000384e-01 1.819710602299773328e-01 nan nan 9.173245948906172398e-01 1.331672776739999953e-01 7.132013498639999671e-02 8.675898117739999638e-02 4.008290000000000219e+01 8.376600000000000534e+01 9.347410000000000707e+01 9.150600000000000023e+01 1.524772633958954016e-01 5.583237870731496688e-01
-4.267130000000000090e-01 -1.668660000000000032e+00 -1.742289999999999894e+00 -1.237049999999999983e+00 -1.248250000000000082e+00 -4.642169999999999908e-01 7.116202938874924833e-01 3.302452557707132863e-01 -3.825839999999999796e-01 1.587163591258740070e-01 nan nan 9.305288295681365396e-01 1.584595360759999960e-01 6.561266754309999505e-02 9.382141782420000409e-02 1.707539999999999836e+01 6.177139999999999986e+01 7.022159999999999513e+01 6.991129999999999711e+01 1.524772633958954016e-01 5.583237870731496688e-01
-4.246909999999999852e-01 -5.839689999999999603e-01 -4.003079999999999972e-01 -1.329250000000000043e+00 -1.034019999999999939e+00 -4.641810000000000103e-01 6.735239240560308982e-01 2.987296015060125765e-01 -3.168639999999999790e-01 1.373500457150543808e-01 nan nan 9.407630634621311216e-01 1.584595360759999960e-01 6.561266754309999505e-02 9.382141782420000409e-02 1.707539999999999836e+01 6.177139999999999986e+01 7.022159999999999513e+01 6.991129999999999711e+01 1.592827775496774567e-01 5.582079076142736351e-01
-4.261400000000000188e-01 -9.216560000000000308e-01 -7.425829999999999931e-01 -1.185740000000000016e+00 -1.113960000000000061e+00 -4.633510000000000129e-01 6.336809154367161190e-01 2.686525980393631441e-01 -6.454640000000000377e-01 1.178774880539406045e-01 nan nan 9.482014159709825085e-01 1.331197822029999978e-01 7.252544446769999820e-02 9.281537798899999747e-02 3.465310000000000201e+01 5.698749999999999716e+01 6.400490000000000634e+01 6.616989999999999839e+01 1.592827775496774567e-01 5.582079076142736351e-01
-4.260789999999999855e-01 -8.233479999999999688e-01 -8.180849999999999511e-01 -1.326619999999999910e+00 -1.327309999999999990e+00 -4.636159999999999726e-01 5.937913313146319094e-01 2.401261525609025282e-01 -7.769040000000000390e-01 1.002825971896049717e-01 nan nan 9.530496849463429010e-01 1.331197822029999978e-01 7.252544446769999820e-02 9.281537798899999747e-02 3.465310000000000201e+01 5.698749999999999716e+01 6.400490000000000634e+01 6.616989999999999839e+01 4.379657699511240176e-01 7.752468232474059029e-01
-4.262730000000000130e-01 -9.252460000000000129e-01 -9.252679999999999794e-01 -1.030939999999999968e+00 -1.136660000000000004e+00 -4.642999999999999905e-01 5.552999339952862101e-01 2.132446038191896376e-01 -7.769040000000000390e-01 8.452800945403393662e-02 nan nan 9.555430149212446045e-01 1.036848377579999980e-01 6.200293776230000192e-02 8.482105188369999660e-02 2.487969999999999970e+01 8.094840000000000657e+01 9.068689999999999429e+01 8.365529999999999688e+01 4.379657699511240176e-01 7.752468232474059029e-01
-4.262520000000000198e-01 -9.091439999999999522e-01 -9.407469999999999999e-01 -6.650089999999999613e-01 -7.766170000000000018e-01 -4.647109999999999852e-01 5.169647355358162333e-01 1.880836532254893667e-01 -7.769040000000000390e-01 7.055550980941760475e-02 nan nan 9.559432328285806246e-01 1.036848377579999980e-01 6.200293776230000192e-02 8.482105188369999660e-02 2.487969999999999970e+01 8.094840000000000657e+01 9.068689999999999429e+01 8.365529999999999688e+01 9.096666422943018304e-01 1.000000000000000000e+00
-4.259839999999999738e-01 -8.666190000000000282e-01 -6.481510000000000327e-01 -8.535089999999999621e-01 -8.108899999999999997e-01 -4.643599999999999950e-01 4.780406419293945497e-01 1.646995071265331401e-01 -5.140240000000000364e-01 5.828669144778941824e-02 nan nan 9.545358813973341405e-01 8.944426975579999883e-02 4.429361395910000332e-02 6.499890886449999350e-02 4.083350000000000080e+01 7.564249999999999829e+01 8.882229999999999848e+01 8.526609999999999445e+01 9.096666422943018304e-01 1.000000000000000000e+00
-4.267270000000000230e-01 -1.862900000000000000e+00 -1.732839999999999936e+00 -8.727620000000000378e-01 -1.024739999999999984e+00 -4.643050000000000233e-01 4.389686787098607823e-01 1.431282399641520264e-01 3.403349999999999986e-01 4.762384417148957105e-02 nan nan 9.516269838393631719e-01 8.944426975579999883e-02 4.429361395910000332e-02 6.499890886449999350e-02 4.083350000000000080e+01 7.564249999999999829e+01 8.882229999999999848e+01 8.526609999999999445e+01 7.669926939149704914e-01 8.083585509108125455e-01
-4.266650000000000165e-01 -1.474189999999999889e+00 -1.419000000000000039e+00 -7.986100000000000421e-01 -8.741440000000000321e-01 -4.642769999999999953e-01 4.001915468328566261e-01 1.233853855374358321e-01 5.374949999999999450e-01 3.845106148874877228e-02 nan nan 9.475395764841285651e-01 1.092220332110000053e-01 3.110448086660000042e-02 5.581822806930000075e-02 2.307379999999999853e+01 6.229350000000000165e+01 7.141200000000000614e+01 7.246129999999999427e+01 7.669926939149704914e-01 8.083585509108125455e-01
-4.257420000000000093e-01 -7.080840000000000467e-01 -6.698269999999999502e-01 -5.448150000000000492e-01 -6.493079999999999963e-01 -4.645549999999999957e-01 3.610273386496495318e-01 1.054657609985828470e-01 -3.168639999999999790e-01 3.063555388055216877e-02 nan nan 9.426100486480027962e-01 1.092220332110000053e-01 3.110448086660000042e-02 5.581822806930000075e-02 2.307379999999999853e+01 6.229350000000000165e+01 7.141200000000000614e+01 7.246129999999999427e+01 7.005742504091744260e-01 8.077692210913858251e-01
-4.257230000000000181e-01 -7.037689999999999779e-01 -6.645079999999999876e-01 -5.223480000000000345e-01 -5.796860000000000346e-01 -4.637419999999999876e-01 3.215379795862732815e-01 8.934352557663605143e-02 -7.769040000000000390e-01 2.402915335895161597e-02 nan nan 9.371843312089014333e-01 1.412109082709999963e-01 2.619922117400000014e-02 5.272134490279999780e-02 3.624269999999999925e+01 6.543580000000000041e+01 7.389199999999999591e+01 7.140089999999999293e+01 7.005742504091744260e-01 8.077692210913858251e-01
-4.264729999999999910e-01 -1.144290000000000029e+00 -1.013479999999999936e+00 -3.177470000000000017e-01 -5.197180000000000133e-01 -4.617209999999999925e-01 2.844028628352477384e-01 7.497247336374379678e-02 -1.197040000000000048e-01 1.846999226957246609e-02 nan nan 9.316139770712089652e-01 1.412109082709999963e-01 2.619922117400000014e-02 5.272134490279999780e-02 3.624269999999999925e+01 6.543580000000000041e+01 7.389199999999999591e+01 7.140089999999999293e+01 6.032778955775406349e-01 7.191479217846761252e-01
-4.266389999999999905e-01 -1.403850000000000042e+00 -1.442849999999999966e+00 -3.393769999999999842e-01 -4.752890000000000170e-01 -4.573720000000000008e-01 2.502789191539278590e-01 6.228655684655814984e-02 2.088959999999999984e-01 1.378433731681782959e-02 nan nan 9.262521779308986458e-01 1.743208896239999972e-01 1.787262972840000103e-02 5.257860423749999984e-02 1.982590000000000074e+01 7.257819999999999538e+01 8.408559999999999945e+01 7.595659999999999457e+01 6.032778955775406349e-01 7.191479217846761252e-01
-4.159559999999999924e-01 -7.826919999999999711e-02 -3.030990000000000073e-01 1.531530000000000058e+00 1.324659999999999949e+00 -4.584520000000000262e-01 2.182531726877962042e-01 5.120063525095319701e-02 2.746160000000000267e-01 9.788558031527117009e-03 nan nan 9.176569197687249879e-01 1.743208896239999972e-01 1.787262972840000103e-02 5.257860423749999984e-02 1.982590000000000074e+01 7.257819999999999538e+01 8.408559999999999945e+01 7.595659999999999457e+01 5.153686507646360049e-01 6.863805216562154365e-01
-4.163109999999999866e-01 -4.399499999999999938e-02 -2.841330000000000244e-01 1.646689999999999987e+00 1.417310000000000070e+00 -4.560089999999999977e-01 1.886452173227125551e-01 4.161143922101584458e-02 1.523290000000000033e+00 6.291207377567498149e-03 nan nan 9.098419844651283173e-01 1.722028736929999970e-01 1.538943248070000040e-02 4.770428172519999843e-02 3.073610000000000042e+01 6.335340000000000060e+01 6.973860000000000525e+01 6.259060000000000201e+01 5.153686507646360049e-01 6.863805216562154365e-01
-3.984449999999999936e-01 2.485989999999999867e-01 4.363879999999999842e-02 2.156080000000000219e+00 1.884179999999999966e+00 -4.526290000000000036e-01 1.617905230237015601e-01 3.339874090211247815e-02 2.969129999999999825e+00 3.095190923250723536e-03 nan nan 9.028959183597881077e-01 1.722028736929999970e-01 1.538943248070000040e-02 4.770428172519999843e-02 3.073610000000000042e+01 6.335340000000000060e+01 6.973860000000000525e+01 6.259060000000000201e+01 3.703155846274122087e-01 6.577450519471059742e-01
-4.074539999999999829e-01 9.376660000000000550e-02 -3.369670000000000165e-01 2.017160000000000064e+00 1.607650000000000023e+00 -4.556149999999999922e-01 1.379933642077626477e-01 2.642671617052338995e-02 3.757769999999999833e+00 0.000000000000000000e+00 nan nan 8.968974231571850142e-01 1.513163789070000043e-01 1.895747846920000160e-02 4.559538668689999685e-02 1.238749999999999929e+01 4.326910000000000167e+01 5.162780000000000058e+01 5.030460000000000065e+01 3.703155846274122087e-01 6.577450519471059742e-01
-4.076739999999999808e-01 1.094600000000000017e-01 -1.201330000000000037e-01 1.968069999999999986e+00 1.490329999999999933e+00 -4.490000000000000102e-01 1.175233721931425723e-01 2.054548357503638290e-02 3.232009999999999827e+00 0.000000000000000000e+00 nan nan 8.919144642048417726e-01 1.513163789070000043e-01 1.895747846920000160e-02 4.559538668689999685e-02 1.238749999999999929e+01 4.326910000000000167e+01 5.162780000000000058e+01 5.030460000000000065e+01 3.494659639926432915e-01 6.490011190644885408e-01
-4.169809999999999905e-01 -5.784949999999999815e-02 -2.765889999999999738e-01 1.797949999999999937e+00 1.219740000000000046e+00 -4.517599999999999949e-01 1.006124801687606762e-01 1.559280255367867518e-02 1.786170000000000035e+00 0.000000000000000000e+00 nan nan 8.880035004187775138e-01 1.179802388410000069e-01 3.087506621049999900e-02 4.705675420480000259e-02 2.135170000000000101e+01 4.154350000000000165e+01 4.539180000000000348e+01 4.287660000000000338e+01 3.494659639926432915e-01 6.490011190644885408e-01
-4.176779999999999937e-01 -6.066710000000000158e-02 -9.481799999999999951e-02 1.479619999999999935e+00 1.103180000000000049e+00 -4.561529999999999752e-01 8.490986585254090002e-02 1.139591168411235866e-02 1.063260000000000094e+00 0.000000000000000000e+00 nan nan 8.852088445814303430e-01 1.179802388410000069e-01 3.087506621049999900e-02 4.705675420480000259e-02 2.135170000000000101e+01 4.154350000000000165e+01 4.539180000000000348e+01 4.287660000000000338e+01 4.100069180019910720e-01 6.491004443149537284e-01
-4.184860000000000246e-01 -9.630719999999999559e-02 -5.561599999999999877e-02 1.366009999999999946e+00 9.587959999999999816e-01 -4.617339999999999778e-01 6.860445220565958291e-02 7.773486139581176069e-03 1.391850000000000032e+00 0.000000000000000000e+00 nan nan 8.835621612601252117e-01 1.191060801839999989e-01 4.228883960580000212e-02 4.845912333329999849e-02 1.089359999999999928e+01 3.363539999999999708e+01 4.022059999999999746e+01 4.003470000000000084e+01 4.100069180019910720e-01 6.491004443149537284e-01
-4.236139999999999906e-01 -4.654940000000000189e-01 -5.985409999999999897e-01 1.446290000000000076e+00 9.637919999999999821e-01 -4.631179999999999741e-01 5.281040245983803505e-02 4.537692171651785955e-03 2.443369999999999820e+00 0.000000000000000000e+00 nan nan 8.791657138639019653e-01 1.191060801839999989e-01 4.228883960580000212e-02 4.845912333329999849e-02 1.089359999999999928e+01 3.363539999999999708e+01 4.022059999999999746e+01 4.003470000000000084e+01 3.827229930763735855e-01 6.398863719134677552e-01
-4.245309999999999917e-01 -5.532890000000000308e-01 -6.323969999999999869e-01 1.059490000000000043e+00 8.375249999999999639e-01 -4.635310000000000263e-01 3.852776918101297188e-02 1.496315341637521890e-03 2.640530000000000044e+00 0.000000000000000000e+00 nan nan 8.755720812444620638e-01 1.241261489130000006e-01 5.230856922760000055e-02 4.844300441870000307e-02 1.203159999999999918e+01 2.284420000000000073e+01 2.638340000000000174e+01 2.858549999999999969e+01 3.827229930763735855e-01 6.398863719134677552e-01
-4.254430000000000156e-01 -7.330799999999999539e-01 -7.423389999999999711e-01 9.316550000000000109e-01 6.285939999999999861e-01 -4.634030000000000094e-01 2.607874207921234699e-02 0.000000000000000000e+00 2.377650000000000041e+00 0.000000000000000000e+00 nan nan 8.725319033375340538e-01 1.241261489130000006e-01 5.230856922760000055e-02 4.844300441870000307e-02 1.203159999999999918e+01 2.284420000000000073e+01 2.638340000000000174e+01 2.858549999999999969e+01 3.733752538006829269e-01 6.576225508048656465e-01
-4.249809999999999977e-01 -6.386990000000000167e-01 -7.828559999999999963e-01 1.209940000000000015e+00 7.296679999999999833e-01 -4.629789999999999739e-01 1.492540070862780066e-02 0.000000000000000000e+00 2.837689999999999824e+00 0.000000000000000000e+00 nan nan 8.697895492158040920e-01 1.163554779990000065e-01 4.007305120139999927e-02 6.878867437879999935e-02 1.056000000000000050e+01 1.953539999999999921e+01 2.198730000000000118e+01 2.533620000000000161e+01 3.733752538006829269e-01 6.576225508048656465e-01
-4.227360000000000007e-01 -3.202920000000000211e-01 -3.432279999999999776e-01 1.098479999999999901e+00 7.697479999999999878e-01 -4.632859999999999756e-01 4.867823987820485421e-03 0.000000000000000000e+00 1.720450000000000035e+00 0.000000000000000000e+00 nan nan 8.670860134894676774e-01 1.163554779990000065e-01 4.007305120139999927e-02 6.878867437879999935e-02 1.056000000000000050e+01 1.953539999999999921e+01 2.198730000000000118e+01 2.533620000000000161e+01 3.911820784377688653e-01 6.732298584946265763e-01
-4.240260000000000140e-01 -5.039850000000000163e-01 -3.731360000000000232e-01 7.996839999999999504e-01 8.015970000000000040e-01 -4.631759999999999766e-01 1.427648310652340768e-04 0.000000000000000000e+00 1.260410000000000030e+00 0.000000000000000000e+00 nan nan 8.641618509407900106e-01 1.347264101769999889e-01 3.319782739769999713e-02 7.269961558220000564e-02 1.068389999999999951e+01 2.122749999999999915e+01 1.948509999999999920e+01 2.116049999999999898e+01 3.911820784377688653e-01 6.732298584946265763e-01
-4.220999999999999752e-01 -3.075030000000000263e-01 -1.563890000000000002e-01 9.680450000000000443e-01 6.684400000000000341e-01 -4.638820000000000165e-01 7.023841096831517916e-05 0.000000000000000000e+00 1.589010000000000034e+00 0.000000000000000000e+00 nan nan 8.607601161420903590e-01 1.347264101769999889e-01 3.319782739769999713e-02 7.269961558220000564e-02 1.068389999999999951e+01 2.122749999999999915e+01 1.948509999999999920e+01 2.116049999999999898e+01 3.289481824777695795e-01 6.536098106860726009e-01
-4.237090000000000023e-01 -4.515489999999999782e-01 -3.716409999999999991e-01 8.681879999999999598e-01 6.634400000000000297e-01 -4.641290000000000138e-01 0.000000000000000000e+00 0.000000000000000000e+00 9.318149999999999489e-01 0.000000000000000000e+00 nan nan 8.566292747501104143e-01 1.533669593599999992e-01 3.422291396689999821e-02 7.718245632030000525e-02 1.327749999999999986e+01 1.885379999999999967e+01 1.960600000000000165e+01 2.097490000000000165e+01 3.289481824777695795e-01 6.536098106860726009e-01
-4.228339999999999876e-01 -3.974090000000000122e-01 -5.532749999999999613e-01 6.833339999999999970e-01 5.923279999999999657e-01 -4.638860000000000205e-01 0.000000000000000000e+00 0.000000000000000000e+00 1.063260000000000094e+00 0.000000000000000000e+00 nan nan 8.515260534906283763e-01 1.533669593599999992e-01 3.422291396689999821e-02 7.718245632030000525e-02 1.327749999999999986e+01 1.885379999999999967e+01 1.960600000000000165e+01 2.097490000000000165e+01 3.744776346057582250e-01 6.436640422728265865e-01
-4.241710000000000202e-01 -4.884439999999999893e-01 -7.312570000000000459e-01 6.384710000000000107e-01 5.230479999999999574e-01 -4.644550000000000067e-01 0.000000000000000000e+00 0.000000000000000000e+00 1.391850000000000032e+00 0.000000000000000000e+00 nan nan 8.452181965418656961e-01 1.567388636850000072e-01 4.034495518879999826e-02 8.111663956360000427e-02 7.401299999999999990e+00 2.017070000000000007e+01 1.958840000000000003e+01 2.311919999999999931e+01 3.744776346057582250e-01 6.436640422728265865e-01
-4.243799999999999795e-01 -5.455430000000000001e-01 -4.912250000000000227e-01 5.754590000000000538e-01 6.166899999999999604e-01 -4.644300000000000095e-01 0.000000000000000000e+00 0.000000000000000000e+00 1.260410000000000030e+00 0.000000000000000000e+00 nan nan 8.374870970857506425e-01 1.567388636850000072e-01 4.034495518879999826e-02 8.111663956360000427e-02 7.401299999999999990e+00 2.017070000000000007e+01 1.958840000000000003e+01 2.311919999999999931e+01 4.128584846763443394e-01 6.514312768592031011e-01
-4.246059999999999834e-01 -5.648440000000000127e-01 -5.494400000000000395e-01 9.558079999999999909e-01 6.442120000000000068e-01 -4.617539999999999978e-01 0.000000000000000000e+00 0.000000000000000000e+00 1.786170000000000035e+00 0.000000000000000000e+00 nan nan 8.281302742105191017e-01 1.536875032189999879e-01 4.838660751139999688e-02 9.846591158600000171e-02 1.513250000000000028e+01 2.468270000000000053e+01 2.477430000000000021e+01 2.668720000000000070e+01 4.128584846763443394e-01 6.514312768592031011e-01
-4.252509999999999901e-01 -6.454750000000000210e-01 -9.319319999999999826e-01 8.628700000000000259e-01 5.774730000000000141e-01 -4.622089999999999810e-01 0.000000000000000000e+00 0.000000000000000000e+00 2.246210000000000040e+00 0.000000000000000000e+00 nan nan 8.169636671003515094e-01 1.536875032189999879e-01 4.838660751139999688e-02 9.846591158600000171e-02 1.513250000000000028e+01 2.468270000000000053e+01 2.477430000000000021e+01 2.668720000000000070e+01 4.094613519913159472e-01 6.571126811858110095e-01
-4.240639999999999965e-01 -5.100959999999999939e-01 -4.332880000000000065e-01 6.883979999999999544e-01 6.247610000000000108e-01 -4.629679999999999906e-01 0.000000000000000000e+00 0.000000000000000000e+00 1.391850000000000032e+00 0.000000000000000000e+00 nan nan 8.038237205179630251e-01 1.352136961550000072e-01 5.915999451989999852e-02 1.091421945469999988e-01 1.828989999999999938e+01 3.179400000000000048e+01 3.080460000000000065e+01 3.015520000000000067e+01 4.094613519913159472e-01 6.571126811858110095e-01
-4.134169999999999789e-01 4.140270000000000061e-02 1.930499999999999994e-01 8.245240000000000347e-01 7.624560000000000226e-01 -4.630819999999999936e-01 0.000000000000000000e+00 0.000000000000000000e+00 8.660949999999999482e-01 0.000000000000000000e+00 nan nan 7.885692379507956984e-01 1.352136961550000072e-01 5.915999451989999852e-02 1.091421945469999988e-01 1.828989999999999938e+01 3.179400000000000048e+01 3.080460000000000065e+01 3.015520000000000067e+01 3.429641669994432096e-01 6.505572146551096280e-01
-4.251679999999999904e-01 -6.659540000000000459e-01 -8.566690000000000138e-01 6.807299999999999462e-01 6.113079999999999625e-01 -4.631469999999999754e-01 0.000000000000000000e+00 0.000000000000000000e+00 1.523290000000000033e+00 0.000000000000000000e+00 nan nan 7.710829814239251734e-01 1.223102725800000040e-01 4.738807369260000096e-02 1.151300427899999979e-01 1.150019999999999953e+01 3.419650000000000034e+01 3.084159999999999968e+01 2.828689999999999927e+01 3.429641669994432096e-01 6.505572146551096280e-01
-4.251550000000000051e-01 -6.726560000000000317e-01 -1.102780000000000094e+00 7.217799999999999772e-01 4.829470000000000152e-01 -4.649900000000000144e-01 0.000000000000000000e+00 7.267815916173203661e-04 1.720450000000000035e+00 0.000000000000000000e+00 nan nan 7.512729998531615383e-01 1.223102725800000040e-01 4.738807369260000096e-02 1.151300427899999979e-01 1.150019999999999953e+01 3.419650000000000034e+01 3.084159999999999968e+01 2.828689999999999927e+01 3.676552472763883195e-01 6.434157291466635620e-01
-4.241849999999999787e-01 -5.209169999999999634e-01 -4.739329999999999932e-01 6.368139999999999912e-01 4.860450000000000048e-01 -4.643360000000000265e-01 0.000000000000000000e+00 1.477238020025195553e-03 1.720450000000000035e+00 0.000000000000000000e+00 nan nan 7.290736708875756866e-01 1.068975558120000002e-01 5.556416124039999932e-02 1.284726834640000093e-01 2.659769999999999968e+01 3.609060000000000201e+01 3.727060000000000173e+01 3.392159999999999798e+01 3.676552472763883195e-01 6.434157291466635620e-01
-4.248649999999999927e-01 -6.130250000000000421e-01 -7.640050000000000452e-01 7.623569999999999514e-01 5.873500000000000387e-01 -4.623380000000000267e-01 0.000000000000000000e+00 2.298450713444255555e-03 1.391850000000000032e+00 0.000000000000000000e+00 nan nan 7.044464444369570311e-01 1.068975558120000002e-01 5.556416124039999932e-02 1.284726834640000093e-01 2.659769999999999968e+01 3.609060000000000201e+01 3.727060000000000173e+01 3.392159999999999798e+01 4.090114006423055670e-01 6.316953495917732031e-01
-4.252509999999999901e-01 -6.528709999999999791e-01 -6.913799999999999946e-01 6.037649999999999961e-01 3.806860000000000244e-01 -4.624199999999999977e-01 0.000000000000000000e+00 3.236699403339260428e-03 9.975349999999999495e-01 0.000000000000000000e+00 nan nan 6.773802794597387766e-01 9.901433318839999997e-02 6.077704200009999974e-02 1.363832572110000030e-01 1.023220000000000063e+01 4.091729999999999734e+01 4.236240000000000094e+01 3.956159999999999854e+01 4.090114006423055670e-01 6.316953495917732031e-01
-4.249399999999999844e-01 -6.120579999999999909e-01 -5.780370000000000230e-01 3.789959999999999996e-01 3.614850000000000008e-01 -4.632999999999999896e-01 0.000000000000000000e+00 4.336937756570069524e-03 2.746160000000000267e-01 0.000000000000000000e+00 nan nan 6.478917690624110826e-01 9.901433318839999997e-02 6.077704200009999974e-02 1.363832572110000030e-01 1.023220000000000063e+01 4.091729999999999734e+01 4.236240000000000094e+01 3.956159999999999854e+01 3.651861392486936975e-01 6.143399174938253271e-01
-4.223480000000000012e-01 -2.712689999999999824e-01 -2.068889999999999896e-01 2.875630000000000130e-01 1.122189999999999993e-01 -4.445729999999999960e-01 0.000000000000000000e+00 5.642284032383204639e-03 -1.197040000000000048e-01 0.000000000000000000e+00 nan nan 6.160249524929937159e-01 1.130542860379999959e-01 5.148374281899999877e-02 2.028569072599999967e-01 1.554269999999999996e+01 2.679579999999999984e+01 4.443860000000000099e+01 4.882500000000000284e+01 3.651861392486936975e-01 6.143399174938253271e-01
-4.256199999999999983e-01 -7.357390000000000319e-01 -7.615990000000000260e-01 3.756019999999999914e-01 1.161879999999999996e-01 -4.113049999999999762e-01 0.000000000000000000e+00 7.193532535305191544e-03 4.060549999999999993e-01 0.000000000000000000e+00 nan nan 5.857672103297311139e-01 1.130542860379999959e-01 5.148374281899999877e-02 2.028569072599999967e-01 1.554269999999999996e+01 2.679579999999999984e+01 4.443860000000000099e+01 4.882500000000000284e+01 5.552287158950938162e-01 6.514875611678000444e-01
-4.245680000000000009e-01 -5.699400000000000022e-01 -2.905559999999999810e-01 1.069419999999999954e-01 -6.532730000000000481e-02 -3.208019999999999761e-01 0.000000000000000000e+00 9.028691399371679971e-03 -1.854240000000000055e-01 0.000000000000000000e+00 nan nan 5.536685321779495350e-01 1.749013849720000013e-01 5.163898777280000185e-02 2.445022091659999897e-01 1.580719999999999992e+01 3.202980000000000160e+01 4.104630000000000223e+01 4.846009999999999707e+01 5.552287158950938162e-01 6.514875611678000444e-01
-3.912149999999999794e-01 3.823670000000000124e-01 4.741560000000000219e-01 -2.791149999999999881e-02 -1.108809999999999935e-01 -1.838110000000000022e-01 0.000000000000000000e+00 1.118255194078232595e-02 -7.111840000000000384e-01 0.000000000000000000e+00 nan nan 5.200926088870898578e-01 1.749013849720000013e-01 5.163898777280000185e-02 2.445022091659999897e-01 1.580719999999999992e+01 3.202980000000000160e+01 4.104630000000000223e+01 4.846009999999999707e+01 1.000000000000000000e+00 6.868175527582620621e-01
-3.358809999999999851e-01 6.798210000000000086e-01 7.504729999999999457e-01 -2.436149999999999982e-01 -1.172190000000000037e-01 -1.998050000000000104e-01 0.000000000000000000e+00 1.368629445838520642e-02 -7.769040000000000390e-01 0.000000000000000000e+00 nan nan 4.854198690842955743e-01 2.339295067259999916e-01 5.017392468750000306e-02 2.313536891840000109e-01 1.809130000000000038e+01 2.848450000000000060e+01 4.107900000000000063e+01 4.935669999999999646e+01 1.000000000000000000e+00 6.868175527582620621e-01
-3.226470000000000171e-01 7.256010000000000515e-01 7.856490000000000418e-01 -3.395549999999999957e-01 -1.387009999999999910e-01 -2.595950000000000202e-01 0.000000000000000000e+00 1.656713494843253809e-02 -7.769040000000000390e-01 0.000000000000000000e+00 nan nan 4.500431687660562119e-01 2.339295067259999916e-01 5.017392468750000306e-02 2.313536891840000109e-01 1.809130000000000038e+01 2.848450000000000060e+01 4.107900000000000063e+01 4.935669999999999646e+01 7.584773646349487475e-01 5.712261371085757267e-01
-2.937299999999999911e-01 7.940469999999999473e-01 8.823900000000000077e-01 -5.017639999999999878e-01 -3.489180000000000059e-01 -3.031010000000000093e-01 0.000000000000000000e+00 1.984801673646818809e-02 -7.769040000000000390e-01 0.000000000000000000e+00 nan nan 4.143633400827895219e-01 2.549572748210000017e-01 6.366039882149999996e-02 2.237256047810000092e-01 1.745530000000000115e+01 4.344819999999999993e+01 4.718229999999999791e+01 4.861039999999999850e+01 7.584773646349487475e-01 5.712261371085757267e-01
-4.038930000000000020e-01 1.800680000000000058e-01 4.519630000000000036e-01 -3.823139999999999872e-01 -1.899329999999999907e-01 -3.287869999999999959e-01 0.000000000000000000e+00 2.354735052028122944e-02 -7.111840000000000384e-01 0.000000000000000000e+00 nan nan 3.787846497504133714e-01 2.549572748210000017e-01 6.366039882149999996e-02 2.237256047810000092e-01 1.745530000000000115e+01 4.344819999999999993e+01 4.718229999999999791e+01 4.861039999999999850e+01 6.102352683116137877e-01 6.617975221660850060e-01
-3.200209999999999999e-01 7.103099999999999969e-01 8.496029999999999971e-01 -6.458249999999999824e-01 -5.596940000000000248e-01 -1.872060000000000113e-01 0.000000000000000000e+00 2.767880576934356185e-02 -6.454640000000000377e-01 0.000000000000000000e+00 nan nan 3.437102185469166349e-01 2.626174218580000219e-01 5.519449726319999860e-02 2.867285954300000106e-01 2.149210000000000065e+01 4.295150000000000290e+01 4.842600000000000193e+01 4.770159999999999911e+01 6.102352683116137877e-01 6.617975221660850060e-01
-3.834879999999999955e-01 3.408909999999999996e-01 6.983030000000000070e-01 -6.517770000000000508e-01 -3.929110000000000102e-01 1.683270000000000044e-01 0.000000000000000000e+00 3.225115584425930493e-02 -6.454640000000000377e-01 0.000000000000000000e+00 nan nan 3.095374537928667902e-01 2.626174218580000219e-01 5.519449726319999860e-02 2.867285954300000106e-01 2.149210000000000065e+01 4.295150000000000290e+01 4.842600000000000193e+01 4.770159999999999911e+01 9.280134085502005359e-01 8.750620782815407006e-01
-3.584910000000000041e-01 4.994290000000000118e-01 8.225970000000000226e-01 -2.052650000000000030e-01 8.522319999999999895e-02 8.235629999999999340e-02 0.000000000000000000e+00 3.726817859108244591e-02 -7.111840000000000384e-01 0.000000000000000000e+00 nan nan 2.766535465676708272e-01 2.787720948490000072e-01 5.647997709639999975e-02 3.259108454319999959e-01 1.623620000000000019e+01 3.355539999999999878e+01 3.559770000000000323e+01 4.145799999999999841e+01 9.280134085502005359e-01 8.750620782815407006e-01
5.774089999999999778e-02 1.189089999999999980e+00 1.299809999999999910e+00 -2.362829999999999930e-01 4.762519999999999948e-02 6.096740000000000492e-01 0.000000000000000000e+00 4.272861353681245422e-02 -7.769040000000000390e-01 0.000000000000000000e+00 nan nan 2.454310846799332424e-01 2.787720948490000072e-01 5.647997709639999975e-02 3.259108454319999959e-01 1.623620000000000019e+01 3.355539999999999878e+01 3.559770000000000323e+01 4.145799999999999841e+01 6.264503900515756563e-01 7.709162423271244124e-01
4.411640000000000006e-02 1.182819999999999983e+00 1.284550000000000081e+00 -2.307879999999999932e-01 5.406849999999999851e-02 9.682389999999999608e-01 0.000000000000000000e+00 4.862617617105657875e-02 -7.111840000000000384e-01 0.000000000000000000e+00 nan nan 2.162238310987045775e-01 2.877262170170000188e-01 6.357059049539999507e-02 3.020561275029999826e-01 1.509309999999999974e+01 3.464800000000000324e+01 4.046280000000000143e+01 4.741870000000000118e+01 6.264503900515756563e-01 7.709162423271244124e-01
-1.182190000000000046e-01 9.628189999999999804e-01 1.302890000000000104e+00 2.668400000000000216e-01 5.078230000000000244e-01 1.900249999999999995e+00 0.000000000000000000e+00 5.494962915204393283e-02 -7.111840000000000384e-01 0.000000000000000000e+00 nan nan 1.854463215067146953e-01 2.877262170170000188e-01 6.357059049539999507e-02 3.020561275029999826e-01 1.509309999999999974e+01 3.464800000000000324e+01 4.046280000000000143e+01 4.741870000000000118e+01 3.274689674178979937e-01 6.343572663042398307e-01
1.097320000000000073e+00 1.514760000000000106e+00 1.721580000000000110e+00 -4.673370000000000024e-01 -1.043970000000000037e-01 1.951389999999999958e+00 0.000000000000000000e+00 6.168290963019740225e-02 -7.111840000000000384e-01 0.000000000000000000e+00 nan nan 1.569500427316810054e-01 3.440106071160000112e-01 6.654937697340000680e-02 2.713475445649999873e-01 1.994170000000000087e+01 3.754869999999999663e+01 4.584380000000000166e+01 5.286299999999999955e+01 3.274689674178979937e-01 6.343572663042398307e-01
-7.203170000000000406e-02 1.063639999999999919e+00 1.262499999999999956e+00 4.686949999999999728e-01 5.735890000000000155e-01 2.491000000000000103e+00 0.000000000000000000e+00 6.880531124663902265e-02 -7.111840000000000384e-01 0.000000000000000000e+00 nan nan 1.307677916408671592e-01 3.440106071160000112e-01 6.654937697340000680e-02 2.713475445649999873e-01 1.994170000000000087e+01 3.754869999999999663e+01 4.584380000000000166e+01 5.286299999999999955e+01 8.743117150458106224e-01 8.596368668842992999e-01
1.850060000000000038e+00 1.665859999999999896e+00 1.789660000000000029e+00 7.475170000000000425e-02 3.184989999999999766e-01 4.517319999999999780e+00 0.000000000000000000e+00 7.629171874450835222e-02 -7.769040000000000390e-01 0.000000000000000000e+00 nan nan 1.069061462432361331e-01 3.520686554840000149e-01 8.138728835910000181e-02 2.240237326339999946e-01 1.277389999999999937e+01 3.506510000000000105e+01 4.391420000000000101e+01 4.871900000000000119e+01 8.743117150458106224e-01 8.596368668842992999e-01
8.484990000000000032e-01 1.472800000000000109e+00 1.639110000000000067e+00 3.386390000000000233e-01 5.832140000000000102e-01 3.724870000000000125e+00 0.000000000000000000e+00 8.411289253485931816e-02 -7.111840000000000384e-01 0.000000000000000000e+00 nan nan 8.534539115798012165e-02 3.520686554840000149e-01 8.138728835910000181e-02 2.240237326339999946e-01 1.277389999999999937e+01 3.506510000000000105e+01 4.391420000000000101e+01 4.871900000000000119e+01 8.648796098921803788e-01 8.697051364397857531e-01
6.413830000000000364e-01 1.405340000000000034e+00 1.608409999999999895e+00 5.511190000000000255e-01 7.923109999999999875e-01 2.359980000000000189e+00 0.000000000000000000e+00 9.223579999288633591e-02 -7.111840000000000384e-01 0.000000000000000000e+00 nan nan 6.603974099766307670e-02 3.383358582609999887e-01 7.928659183429999369e-02 2.147783273149999894e-01 1.575450000000000017e+01 3.032880000000000109e+01 4.338980000000000103e+01 -1.000000000000000000e+00 8.648796098921803788e-01 8.697051364397857531e-01
3.587709999999999955e+00 1.838219999999999965e+00 1.974939999999999918e+00 -7.974299999999999444e-02 1.271200000000000108e-01 1.831609999999999960e+00 0.000000000000000000e+00 1.006239897307622533e-01 -7.769040000000000390e-01 0.000000000000000000e+00 nan nan 4.891785913495494409e-02 3.383358582609999887e-01 7.928659183429999369e-02 2.147783273149999894e-01 1.575450000000000017e+01 3.032880000000000109e+01 4.338980000000000103e+01 -1.000000000000000000e+00 7.719815294971230646e-01 8.491646746435879134e-01
2.277899999999999925e-01 1.240429999999999922e+00 1.477680000000000105e+00 5.160160000000000302e-01 7.936090000000000089e-01 1.327820000000000000e+00 0.000000000000000000e+00 1.092380046064276300e-01 -7.111840000000000384e-01 0.000000000000000000e+00 nan nan 3.388366597512459943e-02 2.853235111240000066e-01 1.068889621809999968e-01 2.180326700119999961e-01 8.051050000000000040e+00 3.302089999999999748e+01 -1.000000000000000000e+00 -1.000000000000000000e+00 7.719815294971230646e-01 8.491646746435879134e-01
1.083439999999999959e-01 1.207009999999999916e+00 1.360479999999999912e+00 -3.975500000000000145e-01 -1.371850000000000014e-01 -7.023279999999999801e-03 0.000000000000000000e+00 1.180358287887772750e-01 -7.111840000000000384e-01 0.000000000000000000e+00 nan nan 2.081742757623872286e-02 2.853235111240000066e-01 1.068889621809999968e-01 2.180326700119999961e-01 8.051050000000000040e+00 3.302089999999999748e+01 -1.000000000000000000e+00 -1.000000000000000000e+00 7.677351136408375742e-01 8.552334474470100201e-01
-2.673420000000000241e-01 7.715880000000000516e-01 1.078880000000000061e+00 -1.755849999999999911e-01 1.125939999999999996e-01 -1.312910000000000032e-03 0.000000000000000000e+00 1.269733638138141885e-01 -7.111840000000000384e-01 0.000000000000000000e+00 nan nan 9.577112282568522872e-03 2.493734149769999964e-01 1.562855427060000080e-01 2.345518422560000094e-01 1.986360000000000170e+01 -1.000000000000000000e+00 -1.000000000000000000e+00 -1.000000000000000000e+00 7.677351136408375742e-01 8.552334474470100201e-01
-3.101659999999999973e-01 7.661289999999999489e-01 8.061150000000000260e-01 -4.769579999999999931e-01 -2.351600000000000079e-01 -2.941340000000000066e-01 0.000000000000000000e+00 1.360049282378683611e-01 -7.111840000000000384e-01 0.000000000000000000e+00 nan nan 0.000000000000000000e+00 2.493734149769999964e-01 1.562855427060000080e-01 2.345518422560000094e-01 1.986360000000000170e+01 -1.000000000000000000e+00 -1.000000000000000000e+00 -1.000000000000000000e+00 0.000000000000000000e+00 0.000000000000000000e+00
