-5.307669999999999888e-01 -4.294760000000000244e-01 -2.643590000000000106e-01 4.580110000000000015e-01 -1.160619999999999985e-01 -3.130749999999999922e-01 1.271536682353704428e-01 3.216462844223485495e-01 -4.200800000000000090e-01 0.000000000000000000e+00 nan nan 0.000000000000000000e+00 2.337129280849999935e-01 5.033921248300000234e-02 1.419262949869999901e-01 -1.000000000000000000e+00 -1.000000000000000000e+00 -1.000000000000000000e+00 -1.000000000000000000e+00 0.000000000000000000e+00 0.000000000000000000e+00
-2.646370000000000111e-01 6.835480000000000445e-01 8.390849999999999698e-01 -8.733229999999999604e-01 -8.061469999999999470e-01 1.572159999999999946e-01 1.485598372907607212e-01 3.394199967156165121e-01 -8.162369999999999903e-01 3.904795314924047744e-03 nan nan 0.000000000000000000e+00 3.021701726539999799e-01 4.739509563339999731e-02 1.192929345070000008e-01 1.962020000000000053e+01 -1.000000000000000000e+00 -1.000000000000000000e+00 -1.000000000000000000e+00 0.000000000000000000e+00 0.000000000000000000e+00
-2.389650000000000107e-01 7.211109999999999465e-01 8.866389999999999549e-01 8.472380000000000466e-01 -1.234910000000000035e-01 5.063450000000000450e-01 1.720918950828429494e-01 3.592370251849968943e-01 -6.841850000000000431e-01 8.177751553864132106e-03 nan nan 0.000000000000000000e+00 3.021701726539999799e-01 4.739509563339999731e-02 1.192929345070000008e-01 1.962020000000000053e+01 -1.000000000000000000e+00 -1.000000000000000000e+00 -1.000000000000000000e+00 0.000000000000000000e+00 0.000000000000000000e+00
-5.142409999999999481e-01 -3.357299999999999729e-01 1.316920000000000035e-01 -5.802000000000000490e-01 -5.894559999999999800e-01 1.981990000000000141e-02 1.977391734720279626e-01 3.810780752454884235e-01 -6.841850000000000431e-01 1.305967267526486619e-02 nan nan 0.000000000000000000e+00 2.985743769459999752e-01 5.265498676580000065e-02 1.453018260689999952e-01 1.616809999999999903e+01 4.818750000000000000e+01 -1.000000000000000000e+00 -1.000000000000000000e+00 0.000000000000000000e+00 0.000000000000000000e+00
-1.961710000000000120e-01 7.815330000000000332e-01 9.491349999999999509e-01 -6.227080000000000393e-01 -6.527070000000000372e-01 2.134820000000000120e-02 2.254507182141040067e-01 4.049009193387042016e-01 -8.162369999999999903e-01 1.878446282212231644e-02 nan nan 0.000000000000000000e+00 2.985743769459999752e-01 5.265498676580000065e-02 1.453018260689999952e-01 1.616809999999999903e+01 4.818750000000000000e+01 -1.000000000000000000e+00 -1.000000000000000000e+00 6.218708970957567139e-01 9.146531609331809420e-01
-1.361749999999999905e-01 8.599449999999999594e-01 1.010680000000000023e+00 -5.380179999999999962e-01 -6.440789999999999571e-01 -6.456579999999999958e-03 2.551560196536729608e-01 4.306408753879824580e-01 -8.162369999999999903e-01 2.557647609458091331e-02 nan nan 0.000000000000000000e+00 2.519411801709999787e-01 6.652455345890000149e-02 1.692696615610000122e-01 3.030049999999999955e+01 5.887960000000000349e+01 6.771200000000000330e+01 -1.000000000000000000e+00 6.218708970957567139e-01 9.146531609331809420e-01
-4.558849999999999847e-01 2.031310000000000060e-01 2.700230000000000130e-01 -3.795939999999999870e-01 -4.159789999999999877e-01 -2.493170000000000108e-01 2.867680520042895642e-01 4.582115396721595513e-01 -8.162369999999999903e-01 3.364797452833101499e-02 nan nan 0.000000000000000000e+00 2.519411801709999787e-01 6.652455345890000149e-02 1.692696615610000122e-01 3.030049999999999955e+01 5.887960000000000349e+01 6.771200000000000330e+01 -1.000000000000000000e+00 4.153269520971459849e-01 6.048623561759882694e-01
-5.477440000000000087e-01 -9.073670000000000346e-01 -5.368990000000000151e-01 -1.133289999999999909e+00 -1.059290000000000065e+00 -5.337260000000000337e-01 3.201736608764950143e-01 4.875057658142568640e-01 -8.162369999999999903e-01 4.319672308092981083e-02 nan nan 0.000000000000000000e+00 1.621536333349999914e-01 7.393603565799999888e-02 1.865909895750000047e-01 1.633759999999999835e+01 5.991259999999999764e+01 7.759290000000000020e+01 7.825369999999999493e+01 4.153269520971459849e-01 6.048623561759882694e-01
-4.109470000000000067e-01 3.304770000000000207e-01 5.047880000000000145e-01 -4.318989999999999774e-01 -1.529480000000000006e-01 -4.918830000000000147e-01 3.552365978265697999e-01 5.183968787927450972e-01 -8.162369999999999903e-01 5.440374887580778918e-02 nan nan 0.000000000000000000e+00 1.621536333349999914e-01 7.393603565799999888e-02 1.865909895750000047e-01 1.633759999999999835e+01 5.991259999999999764e+01 7.759290000000000020e+01 7.825369999999999493e+01 1.407068027173824509e-01 4.782643623178350900e-01
-5.189669999999999561e-01 -1.998260000000000036e-01 -2.960189999999999766e-01 -8.296759999999999691e-01 -8.684840000000000337e-01 -5.103309999999999791e-01 3.918098223813262226e-01 5.507401102201552323e-01 -8.162369999999999903e-01 6.743129009262738283e-02 nan nan 0.000000000000000000e+00 1.662933576570000127e-01 7.835447127689999791e-02 1.878427400240000045e-01 3.407200000000000273e+01 6.416129999999999711e+01 7.851000000000000512e+01 8.413870000000000005e+01 1.407068027173824509e-01 4.782643623178350900e-01
-5.426039999999999752e-01 -6.134969999999999590e-01 -6.415220000000000367e-01 -6.481320000000000414e-01 -8.479459999999999775e-01 -6.293959999999999555e-01 4.297232937475936598e-01 5.843742386267546385e-01 -2.880269999999999775e-01 8.242095774387903084e-02 nan nan 0.000000000000000000e+00 1.662933576570000127e-01 7.835447127689999791e-02 1.878427400240000045e-01 3.407200000000000273e+01 6.416129999999999711e+01 7.851000000000000512e+01 8.413870000000000005e+01 1.529807854695219849e-01 6.701696858602419482e-01
-5.485400000000000276e-01 -8.049410000000000176e-01 -8.594779999999999642e-01 -3.089669999999999916e-01 -7.538759999999999906e-01 -6.079020000000000534e-01 4.687870560049280932e-01 6.191234161642200640e-01 -2.392249999999999932e-02 9.949213116552479974e-02 nan nan 0.000000000000000000e+00 2.561582191960000143e-01 7.077173805820000108e-02 2.211395283719999882e-01 2.120279999999999987e+01 5.839099999999999824e+01 6.936570000000000391e+01 7.386270000000000380e+01 1.529807854695219849e-01 6.701696858602419482e-01
-5.528809999999999558e-01 -1.075830000000000064e+00 -9.390500000000000513e-01 -1.016880000000000006e+00 -1.009489999999999998e+00 -4.827549999999999897e-01 5.087884435134084615e-01 6.531158265614092073e-01 -2.880269999999999775e-01 1.187406054014211731e-01 nan nan 0.000000000000000000e+00 2.561582191960000143e-01 7.077173805820000108e-02 2.211395283719999882e-01 2.120279999999999987e+01 5.839099999999999824e+01 6.936570000000000391e+01 7.386270000000000380e+01 1.496249162394651666e-01 7.248109428574558422e-01
-5.403879999999999795e-01 -7.013770000000000282e-01 -4.406459999999999821e-01 -1.057330000000000103e+00 -1.139839999999999964e+00 -6.459339999999999526e-02 5.495301228474445132e-01 6.860976592203533730e-01 -1.559750000000000025e-01 1.402375058071936298e-01 nan nan 0.000000000000000000e+00 3.823578815770000139e-01 7.080734621379999871e-02 2.466545522670000046e-01 2.394300000000000139e+01 5.442450000000000188e+01 6.381609999999999872e+01 6.827280000000000371e+01 1.496249162394651666e-01 7.248109428574558422e-01
-4.165329999999999866e-01 2.410889999999999977e-01 5.405750000000000277e-01 -3.595490000000000075e-01 -9.448510000000000242e-02 2.913839999999999764e-01 5.901304346213094298e-01 7.193811386267209285e-01 -1.559750000000000025e-01 1.640284821715373154e-01 nan nan 0.000000000000000000e+00 3.823578815770000139e-01 7.080734621379999871e-02 2.466545522670000046e-01 2.394300000000000139e+01 5.442450000000000188e+01 6.381609999999999872e+01 6.827280000000000371e+01 1.765045571178749384e-01 6.440284964160388759e-01
-1.213869999999999949e-01 7.381809999999999761e-01 1.104100000000000081e+00 -6.225680000000000103e-02 1.171299999999999980e-01 6.093359999999999888e-01 6.294175971416460236e-01 7.525369067293308234e-01 -1.559750000000000025e-01 1.901331914858712668e-01 nan nan 0.000000000000000000e+00 3.721364198350000096e-01 6.824502395949999523e-02 3.973477120419999786e-01 2.217099999999999937e+01 4.877709999999999724e+01 6.149600000000000222e+01 6.561079999999999757e+01 1.765045571178749384e-01 6.440284964160388759e-01
2.500999999999999890e-01 9.953180000000000360e-01 1.446849999999999969e+00 -1.105860000000000037e-01 2.291809999999999958e-01 1.090640000000000054e+00 6.677432502173660245e-01 7.851370524971048592e-01 -1.559750000000000025e-01 2.185450752227693361e-01 nan nan 0.000000000000000000e+00 3.721364198350000096e-01 6.824502395949999523e-02 3.973477120419999786e-01 2.217099999999999937e+01 4.877709999999999724e+01 6.149600000000000222e+01 6.561079999999999757e+01 2.084452410396657740e-01 2.281429494739993791e-01
3.305620000000000225e-01 1.043590000000000018e+00 1.539309999999999956e+00 -3.984730000000000216e-01 -7.255060000000000675e-02 1.435380000000000100e+00 7.056155761752698208e-01 8.167599603220336846e-01 -2.880269999999999775e-01 2.492314336466979752e-01 nan nan 0.000000000000000000e+00 3.655567545339999946e-01 6.428486756069999586e-02 4.523028883729999783e-01 1.092399999999999949e+01 3.682240000000000180e+01 4.933189999999999742e+01 6.051069999999999993e+01 2.084452410396657740e-01 2.281429494739993791e-01
7.236580000000000235e-01 1.214490000000000069e+00 1.499449999999999950e+00 -4.894600000000000062e-01 -5.955130000000000146e-02 2.596299999999999830e+00 7.426054664292409679e-01 8.469950870924848330e-01 -2.392249999999999932e-02 2.821337963150860606e-01 nan nan 0.000000000000000000e+00 3.655567545339999946e-01 6.428486756069999586e-02 4.523028883729999783e-01 1.092399999999999949e+01 3.682240000000000180e+01 4.933189999999999742e+01 6.051069999999999993e+01 2.128743346825816563e-01 2.791472984272929114e-01
1.097089999999999899e+00 1.329620000000000024e+00 1.532850000000000046e+00 -4.805079999999999907e-01 -8.904940000000000078e-03 3.871830000000000105e+00 7.782938107422915364e-01 8.754476138107022409e-01 2.401820000000000066e-01 3.171685845718019703e-01 nan nan 0.000000000000000000e+00 3.504454847560000141e-01 6.285933099460000451e-02 4.857526564240000067e-01 1.021090000000000053e+01 2.155079999999999885e+01 3.665749999999999886e+01 5.245700000000000074e+01 2.128743346825816563e-01 2.791472984272929114e-01
1.528729999999999922e+00 1.438579999999999970e+00 1.522980000000000000e+00 -7.206659999999999455e-02 3.798199999999999910e-01 4.267299999999999649e+00 8.122980151389594949e-01 9.017429190498127412e-01 2.401820000000000066e-01 3.542280585267241211e-01 nan nan 0.000000000000000000e+00 3.504454847560000141e-01 6.285933099460000451e-02 4.857526564240000067e-01 1.021090000000000053e+01 2.155079999999999885e+01 3.665749999999999886e+01 5.245700000000000074e+01 2.147374958460223082e-01 3.115252739548453054e-01
1.819020000000000081e+00 1.500010000000000066e+00 1.576170000000000071e+00 8.633920000000000483e-02 5.449509999999999632e-01 3.907129999999999992e+00 8.442556107477964256e-01 9.255308235642829562e-01 2.401820000000000066e-01 3.931815377917472487e-01 nan nan 0.000000000000000000e+00 3.849784868530000126e-01 6.140839666290000276e-02 4.293171926600000132e-01 6.294010000000000105e+00 2.203480000000000061e+01 3.309960000000000235e+01 4.885320000000000107e+01 2.147374958460223082e-01 3.115252739548453054e-01
1.842989999999999906e+00 1.503419999999999979e+00 1.530380000000000074e+00 2.283789999999999987e-01 5.971980000000000066e-01 3.376920000000000144e+00 8.752523878820244185e-01 9.464895579606967813e-01 2.401820000000000066e-01 4.338768821417963162e-01 nan nan 0.000000000000000000e+00 3.849784868530000126e-01 6.140839666290000276e-02 4.293171926600000132e-01 6.294010000000000105e+00 2.203480000000000061e+01 3.309960000000000235e+01 4.885320000000000107e+01 2.175485811101607325e-01 3.283843145560305654e-01
1.466539999999999955e+00 1.425470000000000015e+00 1.411319999999999908e+00 3.123290000000000233e-01 7.748390000000000555e-01 2.993390000000000217e+00 9.034759166181687284e-01 9.643294084735541949e-01 2.401820000000000066e-01 4.761422153243691779e-01 nan nan 0.000000000000000000e+00 4.306690391990000144e-01 4.924468751299999891e-02 3.647561287469999747e-01 8.067989999999999995e+00 2.384250000000000114e+01 3.749819999999999709e+01 4.949519999999999698e+01 2.175485811101607325e-01 3.283843145560305654e-01
1.021249999999999991e+00 1.308519999999999905e+00 1.327210000000000001e+00 4.171110000000000095e-01 8.016999999999999682e-01 2.123270000000000213e+00 9.273671377029999441e-01 9.787959995379985623e-01 2.401820000000000066e-01 5.160062627264243584e-01 nan nan 0.000000000000000000e+00 4.306690391990000144e-01 4.924468751299999891e-02 3.647561287469999747e-01 8.067989999999999995e+00 2.384250000000000114e+01 3.749819999999999709e+01 4.949519999999999698e+01 2.366323634362792472e-01 3.376080391734432862e-01
8.517249999999999543e-01 1.254890000000000061e+00 1.375539999999999985e+00 2.592479999999999785e-01 7.096860000000000390e-01 1.441140000000000088e+00 9.484621745186040398e-01 9.896731759666108630e-01 2.401820000000000066e-01 5.569221440769553944e-01 nan nan 0.000000000000000000e+00 4.926680176780000031e-01 3.628018167730000243e-02 3.164808611370000246e-01 9.235839999999999606e+00 2.695489999999999853e+01 3.942320000000000135e+01 4.656700000000000017e+01 2.366323634362792472e-01 3.376080391734432862e-01
8.968279999999999585e-01 1.269630000000000036e+00 1.414949999999999930e+00 3.327109999999999790e-01 6.848389999999999755e-01 1.126770000000000049e+00 9.666025993597221477e-01 9.967854520740517810e-01 2.401820000000000066e-01 5.984262660911037202e-01 nan nan 0.000000000000000000e+00 4.926680176780000031e-01 3.628018167730000243e-02 3.164808611370000246e-01 9.235839999999999606e+00 2.695489999999999853e+01 3.942320000000000135e+01 4.656700000000000017e+01 2.803621723805423960e-01 3.484785966501009469e-01
7.879869999999999930e-01 1.232939999999999925e+00 1.323190000000000088e+00 2.751089999999999924e-01 5.712589999999999613e-01 1.050219999999999931e+00 9.808735238360059006e-01 1.000000000000000000e+00 1.081300000000000039e-01 6.400483704822441666e-01 nan nan 0.000000000000000000e+00 5.627337217779999623e-01 2.998897178900000043e-02 2.564276954859999735e-01 8.946049999999999613e+00 2.792650000000000077e+01 3.795289999999999964e+01 4.300039999999999907e+01 2.803621723805423960e-01 3.484785966501009469e-01
1.077280000000000015e+00 1.324559999999999960e+00 1.362759999999999971e+00 3.476219999999999866e-01 5.364360000000000239e-01 9.672389999999999599e-01 9.909978956371653380e-01 9.992281547018831978e-01 1.081300000000000039e-01 6.813168621762752952e-01 nan nan 0.000000000000000000e+00 5.627337217779999623e-01 2.998897178900000043e-02 2.564276954859999735e-01 8.946049999999999613e+00 2.792650000000000077e+01 3.795289999999999964e+01 4.300039999999999907e+01 3.335548788128067654e-01 3.694784542410509687e-01
1.243330000000000046e+00 1.369869999999999921e+00 1.419829999999999925e+00 1.056689999999999907e+00 1.230320000000000080e+00 7.368040000000000145e-01 9.973975579355017773e-01 9.944264185652396115e-01 3.722349999999999826e-01 7.217641526722516909e-01 nan nan 0.000000000000000000e+00 6.257851538580000428e-01 2.962457799149999932e-02 1.878859666330000011e-01 1.290029999999999966e+01 3.008510000000000062e+01 3.714520000000000266e+01 3.977069999999999794e+01 3.335548788128067654e-01 3.694784542410509687e-01
1.675950000000000051e+00 1.472359999999999891e+00 1.297160000000000091e+00 1.422169999999999934e+00 1.535460000000000047e+00 1.187230000000000008e+00 1.000000000000000000e+00 9.855969542490704560e-01 6.363400000000000167e-01 7.609319580069363598e-01 nan nan 0.000000000000000000e+00 6.257851538580000428e-01 2.962457799149999932e-02 1.878859666330000011e-01 1.290029999999999966e+01 3.008510000000000062e+01 3.714520000000000266e+01 3.977069999999999794e+01 4.008411464433778715e-01 3.964667949565287008e-01
1.760159999999999947e+00 1.487090000000000023e+00 1.197289999999999965e+00 1.343229999999999924e+00 1.389960000000000084e+00 1.778909999999999991e+00 9.987757351221859814e-01 9.734929027447627448e-01 7.683919999999999639e-01 7.983764912952264758e-01 nan nan 0.000000000000000000e+00 6.850323878290000001e-01 3.182968256200000012e-02 1.312237481909999948e-01 1.126190000000000069e+01 2.583980000000000032e+01 3.297690000000000055e+01 3.424620000000000175e+01 4.008411464433778715e-01 3.964667949565287008e-01
2.119000000000000217e+00 1.555409999999999959e+00 1.272040000000000060e+00 1.194720000000000004e+00 1.683200000000000029e+00 1.703959999999999919e+00 9.937386347123169372e-01 9.575683168480583207e-01 9.004450000000000509e-01 8.336734910128892340e-01 nan nan 0.000000000000000000e+00 6.850323878290000001e-01 3.182968256200000012e-02 1.312237481909999948e-01 1.126190000000000069e+01 2.583980000000000032e+01 3.297690000000000055e+01 3.424620000000000175e+01 4.235422943031941223e-01 4.105470333273691930e-01
2.314659999999999940e+00 1.587790000000000035e+00 1.264180000000000081e+00 1.468029999999999946e+00 2.005930000000000213e+00 1.455750000000000099e+00 9.849457711307596508e-01 9.380036284803083824e-01 9.004450000000000509e-01 8.664230280491583835e-01 nan nan 0.000000000000000000e+00 6.760974670379999996e-01 3.905465486330000208e-02 1.270503150900000044e-01 5.471919999999999895e+00 2.007700000000000173e+01 2.441730000000000089e+01 2.960099999999999909e+01 4.235422943031941223e-01 4.105470333273691930e-01
2.646729999999999805e+00 1.638710000000000111e+00 1.183009999999999895e+00 1.422129999999999894e+00 1.820610000000000062e+00 1.681640000000000024e+00 9.724967710353434880e-01 9.150205133783724243e-01 6.363400000000000167e-01 8.962540370633617082e-01 nan nan 0.000000000000000000e+00 6.760974670379999996e-01 3.905465486330000208e-02 1.270503150900000044e-01 5.471919999999999895e+00 2.007700000000000173e+01 2.441730000000000089e+01 2.960099999999999909e+01 4.313327050158259901e-01 4.153925925384960305e-01
2.478819999999999801e+00 1.613809999999999967e+00 1.252990000000000048e+00 1.626409999999999911e+00 2.134030000000000094e+00 1.815290000000000070e+00 9.565326865715172433e-01 8.888793794199423282e-01 6.363400000000000167e-01 9.228285208035019727e-01 nan nan 0.000000000000000000e+00 6.969475268329999862e-01 3.385508916840000021e-02 1.243570646450000011e-01 8.328879999999999839e+00 1.231250000000000000e+01 1.912199999999999989e+01 2.471580000000000155e+01 4.313327050158259901e-01 4.153925925384960305e-01
2.619260000000000144e+00 1.635119999999999907e+00 1.230550000000000033e+00 1.716159999999999908e+00 2.117599999999999927e+00 6.876870000000000482e-01 9.372343971951808683e-01 8.598764160982342863e-01 6.363400000000000167e-01 9.458453797501784610e-01 nan nan 0.000000000000000000e+00 6.969475268329999862e-01 3.385508916840000021e-02 1.243570646450000011e-01 8.328879999999999839e+00 1.231250000000000000e+01 1.912199999999999989e+01 2.471580000000000155e+01 4.598684891506273908e-01 4.260696197678366381e-01
2.293759999999999799e+00 1.585059999999999913e+00 1.302759999999999918e+00 1.745009999999999950e+00 2.184940000000000104e+00 1.059979999999999922e+00 9.148205602361734190e-01 8.283402385766790443e-01 6.363400000000000167e-01 9.650438236944552939e-01 nan nan 0.000000000000000000e+00 6.778506717209999977e-01 3.321627799589999680e-02 1.325840287170000076e-01 3.511569999999999858e+00 1.273820000000000086e+01 1.604149999999999920e+01 2.259219999999999828e+01 4.598684891506273908e-01 4.260696197678366381e-01
2.668309999999999960e+00 1.644670000000000076e+00 1.300650000000000084e+00 1.545409999999999950e+00 2.142020000000000035e+00 8.654819999999999736e-01 8.895451334233550611e-01 7.946281643478132484e-01 1.560710000000000042e+00 9.802063265951345139e-01 nan nan 0.000000000000000000e+00 6.778506717209999977e-01 3.321627799589999680e-02 1.325840287170000076e-01 3.511569999999999858e+00 1.273820000000000086e+01 1.604149999999999920e+01 2.259219999999999828e+01 4.866282775565349272e-01 4.433704935751608955e-01
1.122030000000000083e+00 1.338969999999999994e+00 1.250389999999999890e+00 1.883809999999999985e+00 2.163429999999999964e+00 3.003640000000000199e-01 8.616944974420630565e-01 7.591221646833113956e-01 1.824810000000000043e+00 9.911610912357229353e-01 nan nan 0.000000000000000000e+00 6.857614459480000368e-01 2.864164589369999972e-02 1.290283167479999993e-01 9.217050000000000409e+00 1.084800000000000075e+01 1.363819999999999943e+01 1.775740000000000052e+01 4.866282775565349272e-01 4.433704935751608955e-01
3.889580000000000037e+00 1.792550000000000088e+00 1.208499999999999908e+00 1.427489999999999926e+00 1.820389999999999953e+00 5.760159999999999725e-01 8.315842111265151493e-01 7.222245367468498323e-01 1.164549999999999974e+00 9.977839957555407757e-01 nan nan 0.000000000000000000e+00 6.857614459480000368e-01 2.864164589369999972e-02 1.290283167479999993e-01 9.217050000000000409e+00 1.084800000000000075e+01 1.363819999999999943e+01 1.775740000000000052e+01 4.968211855588666737e-01 4.566948685272348429e-01
1.302729999999999999e-01 1.003300000000000081e+00 1.115969999999999906e+00 1.470720000000000027e+00 1.695740000000000025e+00 4.502840000000000176e-01 7.995554360521264226e-01 6.843533454064925081e-01 1.081300000000000039e-01 1.000000000000000000e+00 nan nan 0.000000000000000000e+00 7.214062636429999786e-01 2.690857287369999989e-02 1.243931624819999970e-01 8.266289999999999694e+00 1.090569999999999951e+01 1.286159999999999926e+01 1.490460000000000029e+01 4.968211855588666737e-01 4.566948685272348429e-01
-3.728440000000000087e-01 4.674289999999999834e-01 4.798169999999999935e-01 3.528310000000000057e-01 7.276280000000000525e-01 1.234829999999999955e-01 7.659710710385388976e-01 6.459376863926862278e-01 -6.841850000000000431e-01 9.977839957555407757e-01 nan nan 0.000000000000000000e+00 7.214062636429999786e-01 2.690857287369999989e-02 1.243931624819999970e-01 8.266289999999999694e+00 1.090569999999999951e+01 1.286159999999999926e+01 1.490460000000000029e+01 5.048839882544577939e-01 4.426365392409962185e-01
2.689729999999999954e+00 1.645960000000000090e+00 1.158330000000000082e+00 1.704339999999999966e+00 2.071229999999999905e+00 1.927429999999999977e-01 7.312116403609878468e-01 6.074128244721757053e-01 1.081300000000000039e-01 9.911610912357229353e-01 nan nan 0.000000000000000000e+00 7.418069181980000426e-01 2.694186558759999878e-02 1.221821229710000067e-01 7.569289999999999630e+00 1.680720000000000169e+01 1.600499999999999901e+01 1.716679999999999851e+01 5.048839882544577939e-01 4.426365392409962185e-01
7.101279999999999815e-01 1.204579999999999984e+00 1.343120000000000092e+00 1.152339999999999920e+00 1.521670000000000078e+00 1.933960000000000123e-01 6.956709822582136660e-01 5.674770969656052211e-01 1.032499999999999973e+00 9.802063265951345139e-01 nan nan 0.000000000000000000e+00 7.418069181980000426e-01 2.694186558759999878e-02 1.221821229710000067e-01 7.569289999999999630e+00 1.680720000000000169e+01 1.600499999999999901e+01 1.716679999999999851e+01 4.960748315255585350e-01 4.461931139747096209e-01
3.685239999999999849e+00 1.775349999999999984e+00 1.254829999999999890e+00 6.740369999999999973e-01 1.457430000000000003e+00 8.675280000000000491e-03 6.597517865878470555e-01 5.263994116985186711e-01 1.824810000000000043e+00 9.650438236944552939e-01 nan nan 0.000000000000000000e+00 7.541047678469999793e-01 3.561545216169999944e-02 1.063238366900000065e-01 1.019979999999999976e+01 1.323990000000000045e+01 1.708980000000000032e+01 1.757989999999999853e+01 4.960748315255585350e-01 4.461931139747096209e-01
-4.147339999999999915e-01 2.126500000000000057e-01 -4.910649999999999737e-01 1.773990000000000011e-01 4.356289999999999885e-01 3.450610000000000066e-01 6.238610321894157984e-01 4.860710465332753749e-01 1.560710000000000042e+00 9.458453797501785720e-01 nan nan 0.000000000000000000e+00 7.541047678469999793e-01 3.561545216169999944e-02 1.063238366900000065e-01 1.019979999999999976e+01 1.323990000000000045e+01 1.708980000000000032e+01 1.757989999999999853e+01 4.812131249353068796e-01 4.398869491234540519e-01
-2.696540000000000048e-01 5.512059999999999738e-01 7.202659999999999618e-01 1.052780000000000049e+00 1.203750000000000098e+00 -3.344360000000000110e-01 5.871388883021777527e-01 4.466914547654519119e-01 6.363400000000000167e-01 9.228285208035023057e-01 nan nan 0.000000000000000000e+00 7.405298714600000443e-01 3.365819666130000221e-02 1.113686076509999984e-01 5.485149999999999970e+00 1.695570000000000022e+01 1.772269999999999968e+01 1.764480000000000004e+01 4.812131249353068796e-01 4.398869491234540519e-01
1.178500000000000103e+00 1.361599999999999921e+00 1.246650000000000036e+00 1.874290000000000012e+00 2.164480000000000182e+00 -3.880370000000000208e-01 5.490353138548116352e-01 4.084493397089214994e-01 7.683919999999999639e-01 8.962540370633618192e-01 nan nan 1.013761985086436557e-02 7.405298714600000443e-01 3.365819666130000221e-02 1.113686076509999984e-01 5.485149999999999970e+00 1.695570000000000022e+01 1.772269999999999968e+01 1.764480000000000004e+01 5.043500999678577346e-01 4.462442351721140898e-01
2.013609999999999900e+00 1.537910000000000110e+00 8.239959999999999507e-01 1.982069999999999999e+00 2.072290000000000187e+00 -3.372539999999999982e-01 5.108691379124318255e-01 3.715205166119062152e-01 1.692760000000000042e+00 8.664230280491584946e-01 nan nan 2.060547164235959627e-02 6.169550854719999533e-01 7.121012058799999767e-02 9.746333909469999390e-02 1.369919999999999938e+01 1.930559999999999832e+01 2.154759999999999920e+01 2.112020000000000053e+01 5.043500999678577346e-01 4.462442351721140898e-01
-5.111790000000000500e-01 -2.704369999999999830e-01 -8.347149999999999848e-01 8.357200000000000184e-01 1.179189999999999960e+00 -4.115449999999999942e-01 4.736162336436210429e-01 3.360659205999609878e-01 7.683919999999999639e-01 8.336734910128892340e-01 nan nan 3.206027759590568404e-02 6.169550854719999533e-01 7.121012058799999767e-02 9.746333909469999390e-02 1.369919999999999938e+01 1.930559999999999832e+01 2.154759999999999920e+01 2.112020000000000053e+01 4.764844001111359084e-01 4.506589157194030859e-01
-5.311129999999999463e-01 -4.451530000000000209e-01 -4.191099999999999826e-01 4.779250000000000165e-02 2.668490000000000029e-01 -4.868910000000000182e-01 4.375392786353583530e-01 3.022297832166966902e-01 5.042870000000000408e-01 7.983764912952264758e-01 nan nan 4.514757734789986987e-02 5.283243328690000462e-01 9.362645825790000265e-02 9.491707572099999934e-02 8.971679999999999211e+00 2.082029999999999959e+01 1.935259999999999891e+01 2.088129999999999953e+01 4.764844001111359084e-01 4.506589157194030859e-01
-3.577910000000000257e-01 3.506319999999999992e-01 3.598190000000000000e-01 -2.036000000000000032e-01 4.125739999999999963e-01 -5.057310000000000416e-01 4.027482506541768537e-01 2.701379982227574139e-01 1.032499999999999973e+00 7.609319580069363598e-01 nan nan 6.049441372769182035e-02 5.283243328690000462e-01 9.362645825790000265e-02 9.491707572099999934e-02 8.971679999999999211e+00 2.082029999999999959e+01 1.935259999999999891e+01 2.088129999999999953e+01 4.472022619430264800e-01 4.531711574204243531e-01
3.741069999999999812e-02 8.657230000000000203e-01 5.646250000000000435e-01 7.207660000000000178e-01 1.177170000000000050e+00 -5.008620000000000294e-01 3.693060319150032189e-01 2.398966951692084182e-01 1.081300000000000039e-01 7.217641526722518019e-01 nan nan 7.870222811177274291e-02 3.050012765980000262e-01 1.352510924889999966e-01 7.942439941270000581e-02 1.260360000000000014e+01 2.146059999999999945e+01 2.438109999999999999e+01 2.524540000000000006e+01 4.472022619430264800e-01 4.531711574204243531e-01
-4.081020000000000203e-01 3.783009999999999984e-01 4.367280000000000051e-01 -8.515580000000000371e-01 -3.677420000000000133e-01 -3.970989999999999798e-01 3.373177147086116046e-01 2.115910369073156216e-01 -6.841850000000000431e-01 6.813168621762755173e-01 nan nan 1.003400458526568784e-01 3.050012765980000262e-01 1.352510924889999966e-01 7.942439941270000581e-02 1.260360000000000014e+01 2.146059999999999945e+01 2.438109999999999999e+01 2.524540000000000006e+01 4.184812512598129475e-01 4.506370066348011072e-01
-5.074309999999999654e-01 -1.148679999999999979e-01 -8.920129999999999726e-02 -7.859500000000000375e-01 -4.292549999999999977e-01 -5.404269999999999907e-01 3.068759478675683328e-01 1.852842546594103412e-01 -8.162369999999999903e-01 6.400483704822442776e-01 nan nan 1.259380289942655384e-01 2.957908463710000047e-01 1.430076928360000110e-01 7.442145178509999848e-02 1.614110000000000156e+01 2.915220000000000056e+01 2.954729999999999990e+01 3.622899999999999920e+01 4.184812512598129475e-01 4.506370066348011072e-01
-5.475290000000000434e-01 -8.350499999999999590e-01 -8.135750000000000481e-01 -6.495630000000000015e-01 -3.212800000000000100e-01 -6.292560000000000375e-01 2.780325382410283597e-01 1.610169315838758664e-01 6.363400000000000167e-01 5.984262660911039422e-01 nan nan 1.458438494732644530e-01 2.957908463710000047e-01 1.430076928360000110e-01 7.442145178509999848e-02 1.614110000000000156e+01 2.915220000000000056e+01 2.954729999999999990e+01 3.622899999999999920e+01 2.802804547856547757e-01 4.459886291850916340e-01
-5.508399999999999963e-01 -9.902999999999999581e-01 -1.167850000000000055e+00 -3.196849999999999969e-01 -2.631340000000000068e-02 -6.391329999999999512e-01 2.508267274525056711e-01 1.388065429517454374e-01 1.428649999999999975e+00 5.569221440769553944e-01 nan nan 1.702998181811589129e-01 2.958973704969999896e-01 1.225729548730000035e-01 7.687113613740000073e-02 1.222109999999999985e+01 2.978689999999999927e+01 3.660410000000000252e+01 3.605340000000000344e+01 2.802804547856547757e-01 4.459886291850916340e-01
-5.212550000000000239e-01 -3.784390000000000254e-01 -4.156389999999999807e-01 -3.979050000000000087e-01 -1.439529999999999976e-02 -6.210729999999999862e-01 2.252915114332527668e-01 1.186472581448996255e-01 3.722349999999999826e-01 5.160062627264244695e-01 nan nan 1.990288392203797274e-01 2.958973704969999896e-01 1.225729548730000035e-01 7.687113613740000073e-02 1.222109999999999985e+01 2.978689999999999927e+01 3.660410000000000252e+01 3.605340000000000344e+01 2.895090951683109148e-01 6.031059778937336580e-01
-5.123069999999999569e-01 -3.134060000000000179e-01 -2.199339999999999906e-01 -5.626670000000000282e-01 -1.636950000000000072e-01 -6.259730000000000016e-01 2.014512610516783209e-01 1.005100067192987723e-01 2.401820000000000066e-01 4.761422153243692890e-01 nan nan 2.317054013030178661e-01 2.280811568249999921e-01 1.083238532239999968e-01 7.533590666940000180e-02 1.963190000000000168e+01 3.365690000000000026e+01 3.473640000000000327e+01 3.921370000000000289e+01 2.895090951683109148e-01 6.031059778937336580e-01
-5.429000000000000492e-01 -6.715889999999999915e-01 -6.727440000000000087e-01 -2.798140000000000072e-01 -1.497590000000000032e-01 -5.981379999999999475e-01 1.793253225431791220e-01 8.434280778473013385e-02 -1.559750000000000025e-01 4.338768821417965382e-01 nan nan 2.679592659237852725e-01 2.280811568249999921e-01 1.083238532239999968e-01 7.533590666940000180e-02 1.963190000000000168e+01 3.365690000000000026e+01 3.473640000000000327e+01 3.921370000000000289e+01 7.154157518835906338e-01 9.816109749907798721e-01
-5.294159999999999977e-01 -3.558089999999999864e-01 -3.675490000000000146e-01 -5.793160000000000531e-01 -5.154840000000000533e-01 -5.403839999999999755e-01 1.589163077469781804e-01 7.007135896906468986e-02 -8.162369999999999903e-01 3.931815377917473597e-01 nan nan 3.073796623102197367e-01 1.460370679340000089e-01 9.184508513660000206e-02 9.292511577190000482e-02 1.789029999999999987e+01 3.799249999999999972e+01 4.241029999999999944e+01 4.080810000000000315e+01 7.154157518835906338e-01 9.816109749907798721e-01
-5.408720000000000194e-01 -5.671770000000000422e-01 -6.108200000000000296e-01 -5.908390000000000031e-01 -5.283959999999999768e-01 -5.463449999999999696e-01 1.401913857221257498e-01 5.759987829382284819e-02 -8.162369999999999903e-01 3.542280585267242321e-01 nan nan 3.495199416196713704e-01 1.460370679340000089e-01 9.184508513660000206e-02 9.292511577190000482e-02 1.789029999999999987e+01 3.799249999999999972e+01 4.241029999999999944e+01 4.080810000000000315e+01 7.194199140330901354e-01 9.432883345079037252e-01
-5.535470000000000113e-01 -9.802400000000000002e-01 -1.209430000000000005e+00 2.788379999999999748e-01 -4.562309999999999977e-01 -5.945089999999999542e-01 1.231072309325705882e-01 4.681218942226350599e-02 -8.162369999999999903e-01 3.171685845718019703e-01 nan nan 3.939026376491630010e-01 9.606373979450000267e-02 8.846794128109999877e-02 1.023808435729999938e-01 2.175140000000000029e+01 3.690090000000000003e+01 4.305259999999999820e+01 4.696540000000000248e+01 7.194199140330901354e-01 9.432883345079037252e-01
-5.351970000000000338e-01 -4.428289999999999726e-01 -4.896940000000000182e-01 2.719090000000000118e-01 -5.406189999999999607e-01 -6.289519999999999555e-01 1.076181341754816057e-01 3.757303798370026371e-02 -8.162369999999999903e-01 2.821337963150861716e-01 nan nan 4.400248767182549647e-01 9.606373979450000267e-02 8.846794128109999877e-02 1.023808435729999938e-01 2.175140000000000029e+01 3.690090000000000003e+01 4.305259999999999820e+01 4.696540000000000248e+01 7.208690393824329634e-01 9.487290905173829669e-01
-5.429810000000000469e-01 -6.160139999999999505e-01 -6.410979999999999457e-01 -6.222539999999999738e-01 -9.313519999999999577e-01 -6.297209999999999752e-01 9.365674263778012154e-02 2.972962405956691700e-02 -8.162369999999999903e-01 2.492314336466980862e-01 nan nan 4.873640754287829058e-01 1.148883628699999965e-01 8.703997623699999409e-02 9.336947504070000625e-02 1.912470000000000070e+01 3.042889999999999873e+01 3.919120000000000203e+01 4.640959999999999752e+01 7.208690393824329634e-01 9.487290905173829669e-01
-5.596389999999999976e-01 -1.661759999999999904e+00 -1.763479999999999936e+00 -6.957659999999999956e-01 -9.309009999999999785e-01 -6.489700000000000468e-01 8.113222084327520456e-02 2.311333346755073404e-02 -1.559750000000000025e-01 2.185450752227693361e-01 nan nan 5.353838617435722202e-01 1.148883628699999965e-01 8.703997623699999409e-02 9.336947504070000625e-02 1.912470000000000070e+01 3.042889999999999873e+01 3.919120000000000203e+01 4.640959999999999752e+01 7.704225889223629276e-01 9.523367864485008383e-01
-5.591869999999999896e-01 -1.568259999999999987e+00 -1.665710000000000024e+00 -9.247250000000000192e-01 -1.123899999999999899e+00 -6.481010000000000382e-01 6.994178462223199499e-02 1.754164822765202914e-02 -1.559750000000000025e-01 1.901331914858712668e-01 nan nan 5.835401522959438037e-01 1.425615640429999942e-01 7.963706818599999848e-02 9.135943120270000051e-02 9.671820000000000306e+00 2.917749999999999844e+01 3.510220000000000340e+01 4.181230000000000047e+01 7.704225889223629276e-01 9.523367864485008383e-01
-5.535309999999999953e-01 -1.022089999999999943e+00 -1.036920000000000064e+00 -1.141110000000000069e+00 -1.264259999999999939e+00 -6.037130000000000551e-01 5.997031935460128693e-02 1.282021456382875790e-02 -8.162369999999999903e-01 1.640284821715375374e-01 nan nan 6.312873170716613025e-01 1.425615640429999942e-01 7.963706818599999848e-02 9.135943120270000051e-02 9.671820000000000306e+00 2.917749999999999844e+01 3.510220000000000340e+01 4.181230000000000047e+01 8.286382035203939678e-01 8.785214289104976704e-01
-5.599370000000000180e-01 -1.674679999999999946e+00 -2.007649999999999935e+00 -1.071749999999999980e+00 -1.185189999999999966e+00 -5.020900000000000363e-01 5.108073028308746100e-02 8.745045009938223757e-03 -8.162369999999999903e-01 1.402375058071936298e-01 nan nan 6.780843616150173947e-01 2.140356310590000033e-01 5.969167952570000185e-02 9.518561910270000037e-02 2.170660000000000167e+01 2.885170000000000101e+01 3.246110000000000184e+01 4.035360000000000014e+01 8.286382035203939678e-01 8.785214289104976704e-01
-5.554320000000000368e-01 -1.111709999999999976e+00 -1.267579999999999929e+00 -1.238189999999999902e+00 -1.341310000000000002e+00 -4.032700000000000173e-01 4.312928355433898187e-02 5.104829669239085987e-03 -8.162369999999999903e-01 1.187406054014211731e-01 nan nan 7.234010567121853530e-01 2.140356310590000033e-01 5.969167952570000185e-02 9.518561910270000037e-02 2.170660000000000167e+01 2.885170000000000101e+01 3.246110000000000184e+01 4.035360000000000014e+01 8.750592452562936385e-01 7.575942364501438986e-01
-5.326140000000000319e-01 -3.895640000000000214e-01 -4.606890000000000152e-01 -9.992539999999999756e-01 -1.004280000000000062e+00 -4.403469999999999884e-01 3.596642158205132223e-02 1.683330439954389135e-03 -8.162369999999999903e-01 9.949213116552491076e-02 nan nan 7.667239461000816547e-01 3.153155753549999885e-01 4.939534835170000110e-02 9.839998173639999401e-02 1.130589999999999939e+01 3.327940000000000254e+01 3.619080000000000297e+01 3.596350000000000335e+01 8.750592452562936385e-01 7.575942364501438986e-01
-4.404980000000000007e-01 2.661819999999999742e-01 3.475230000000000263e-01 -1.070510000000000073e+00 -1.040329999999999977e+00 -3.963240000000000096e-01 2.944387865269548765e-02 0.000000000000000000e+00 -8.162369999999999903e-01 8.242095774387903084e-02 nan nan 8.075621641309930210e-01 3.153155753549999885e-01 4.939534835170000110e-02 9.839998173639999401e-02 1.130589999999999939e+01 3.327940000000000254e+01 3.619080000000000297e+01 3.596350000000000335e+01 7.782892693902232484e-01 9.664170248193412194e-01
-4.494920000000000027e-01 2.265699999999999936e-01 3.154379999999999962e-01 -1.167669999999999986e+00 -1.048259999999999970e+00 -3.140459999999999918e-01 2.338017645445533699e-02 0.000000000000000000e+00 -8.162369999999999903e-01 6.743129009262749385e-02 nan nan 8.454529974765057077e-01 3.381032460710000076e-01 3.498741165369999989e-02 8.843676633539999943e-02 1.631759999999999877e+01 2.900840000000000174e+01 3.032499999999999929e+01 3.060350000000000037e+01 7.782892693902232484e-01 9.664170248193412194e-01
-5.485919999999999686e-01 -8.935929999999999707e-01 -6.178949999999999720e-01 -9.845730000000000315e-01 -9.534340000000000037e-01 -4.601740000000000275e-01 1.828570785692240630e-02 0.000000000000000000e+00 -6.841850000000000431e-01 5.440374887580778918e-02 nan nan 8.799671278544058950e-01 3.381032460710000076e-01 3.498741165369999989e-02 8.843676633539999943e-02 1.631759999999999877e+01 2.900840000000000174e+01 3.032499999999999929e+01 3.060350000000000037e+01 7.516493334568177254e-01 9.212039772291580331e-01
-4.625560000000000227e-01 1.557479999999999976e-01 2.824380000000000224e-01 -1.051989999999999981e+00 -1.052370000000000028e+00 -5.205260000000000442e-01 1.500329401780420291e-02 0.000000000000000000e+00 -6.841850000000000431e-01 4.319672308092981083e-02 nan nan 9.107134963763653390e-01 2.224195494790000005e-01 4.522679950249999803e-02 8.750415251689999674e-02 1.558549999999999969e+01 3.369950000000000045e+01 3.817710000000000292e+01 3.516080000000000183e+01 7.516493334568177254e-01 9.212039772291580331e-01
-4.531290000000000040e-01 2.199460000000000026e-01 2.728650000000000242e-01 -8.485129999999999617e-01 -9.953899999999999970e-01 -5.311489999999999823e-01 1.285480507673442130e-02 0.000000000000000000e+00 -8.162369999999999903e-01 3.742958428806208993e-02 nan nan 9.373437344014048378e-01 2.224195494790000005e-01 4.522679950249999803e-02 8.750415251689999674e-02 1.558549999999999969e+01 3.369950000000000045e+01 3.817710000000000292e+01 3.516080000000000183e+01 7.985824721206804533e-01 9.323703073479417958e-01
-5.282320000000000348e-01 -3.455280000000000018e-01 -3.225890000000000146e-01 -1.018610000000000015e+00 -1.065099999999999936e+00 -6.144140000000000157e-01 1.095188797122792490e-02 0.000000000000000000e+00 -6.841850000000000431e-01 3.326288116923592497e-02 nan nan 9.595561106917973593e-01 1.274769116639999922e-01 5.537226614839999700e-02 7.492172533829999370e-02 1.390809999999999924e+01 3.614450000000000074e+01 3.732489999999999952e+01 3.882730000000000103e+01 7.985824721206804533e-01 9.323703073479417958e-01
-5.583110000000000017e-01 -1.528620000000000090e+00 -1.332200000000000051e+00 -1.250729999999999897e+00 -1.214339999999999975e+00 -6.551860000000000461e-01 9.316103512457374336e-03 0.000000000000000000e+00 -6.841850000000000431e-01 2.696221437598655957e-02 nan nan 9.770989501485574102e-01 1.274769116639999922e-01 5.537226614839999700e-02 7.492172533829999370e-02 1.390809999999999924e+01 3.614450000000000074e+01 3.732489999999999952e+01 3.882730000000000103e+01 8.602738084212705472e-01 9.774519004305135539e-01
-5.594449999999999701e-01 -1.578859999999999930e+00 -1.817709999999999937e+00 -1.262320000000000109e+00 -1.376219999999999999e+00 -6.601409999999999778e-01 7.965985791966501139e-03 0.000000000000000000e+00 -8.162369999999999903e-01 2.221455003560579566e-02 nan nan 9.897734853908772834e-01 1.104364739300000009e-01 5.693847292490000073e-02 7.563070641940000671e-02 1.788439999999999941e+01 2.815660000000000096e+01 3.648969999999999914e+01 3.894330000000000069e+01 8.602738084212705472e-01 9.774519004305135539e-01
-5.607290000000000330e-01 -2.108740000000000059e+00 -1.957989999999999897e+00 -1.176479999999999970e+00 -1.331599999999999895e+00 -6.538800000000000168e-01 6.894353826732979584e-03 0.000000000000000000e+00 3.722349999999999826e-01 2.256607258185328035e-02 nan nan 9.974361088699739142e-01 1.104364739300000009e-01 5.693847292490000073e-02 7.563070641940000671e-02 1.788439999999999941e+01 2.815660000000000096e+01 3.648969999999999914e+01 3.894330000000000069e+01 7.976890264165745759e-01 9.914043358078427071e-01
-5.612589999999999524e-01 -2.404230000000000089e+00 -2.436659999999999826e+00 -8.316590000000000371e-01 -1.299439999999999928e+00 -6.496060000000000167e-01 6.088407047234234426e-03 0.000000000000000000e+00 1.164549999999999974e+00 2.410800380889499550e-02 nan nan 1.000000000000000000e+00 1.338785040330000009e-01 5.204647478430000224e-02 7.249031593830000675e-02 1.103800000000000026e+01 3.322319999999999851e+01 3.877850000000000108e+01 4.827609999999999957e+01 7.976890264165745759e-01 9.914043358078427071e-01
-5.601709999999999745e-01 -1.807679999999999954e+00 -1.887229999999999963e+00 -1.117210000000000036e+00 -1.357730000000000103e+00 -6.458239999999999537e-01 4.059504297845406562e-03 0.000000000000000000e+00 1.081300000000000039e-01 2.304126326007283065e-02 nan nan 9.974361088699739142e-01 1.338785040330000009e-01 5.204647478430000224e-02 7.249031593830000675e-02 1.103800000000000026e+01 3.322319999999999851e+01 3.877850000000000108e+01 4.827609999999999957e+01 7.688209240625629715e-01 8.626884637715028781e-01
-5.488849999999999563e-01 -7.922270000000000145e-01 -8.470050000000000079e-01 -9.906909999999999883e-01 -1.238289999999999891e+00 -6.225019999999999998e-01 2.244809891846166749e-03 0.000000000000000000e+00 -8.162369999999999903e-01 2.299351458695886308e-02 nan nan 9.897734853908772834e-01 2.365224290390000039e-01 4.101894546899999966e-02 7.802686532579999890e-02 2.730839999999999890e+01 4.236580000000000013e+01 4.818050000000000210e+01 4.673409999999999798e+01 7.688209240625629715e-01 8.626884637715028781e-01
-5.487870000000000248e-01 -7.992449999999999832e-01 -8.128300000000000525e-01 -9.571650000000000436e-01 -1.128689999999999971e+00 -6.179419999999999913e-01 1.951179340803022022e-03 0.000000000000000000e+00 -6.841850000000000431e-01 2.758087585600399461e-02 nan nan 9.770989501485576323e-01 2.365224290390000039e-01 4.101894546899999966e-02 7.802686532579999890e-02 2.730839999999999890e+01 4.236580000000000013e+01 4.818050000000000210e+01 4.673409999999999798e+01 8.357748734739239849e-01 6.459382382905071163e-01
-5.524550000000000294e-01 -1.014769999999999950e+00 -8.833020000000000316e-01 -4.887170000000000125e-01 -5.920469999999999899e-01 -6.424840000000000551e-01 1.409216944743385547e-03 0.000000000000000000e+00 -4.200800000000000090e-01 3.296976067128287724e-02 nan nan 9.595561106917974703e-01 3.402715450150000098e-01 3.353818370279999794e-02 8.180315929760000049e-02 1.785429999999999851e+01 4.684759999999999991e+01 4.983489999999999753e+01 4.954679999999999751e+01 8.357748734739239849e-01 6.459382382905071163e-01
-5.415450000000000541e-01 -5.722770000000000357e-01 -7.313870000000000093e-01 -2.415960000000000052e-01 -2.729219999999999979e-01 -5.981290000000000218e-01 5.196294728163630694e-04 0.000000000000000000e+00 -5.521319999999999562e-01 3.909911081454908732e-02 nan nan 9.373437344014049488e-01 3.402715450150000098e-01 3.353818370279999794e-02 8.180315929760000049e-02 1.785429999999999851e+01 4.684759999999999991e+01 4.983489999999999753e+01 4.954679999999999751e+01 6.476609700423296978e-01 6.542746449815415311e-01
-5.478009999999999824e-01 -7.764900000000000135e-01 -7.981530000000000014e-01 -9.796529999999999960e-01 -6.691439999999999610e-01 -6.059670000000000334e-01 0.000000000000000000e+00 0.000000000000000000e+00 -2.880269999999999775e-01 4.589947829951535052e-02 nan nan 9.107134963763654500e-01 4.477470904029999810e-01 1.903117480630000038e-02 7.966527749740000275e-02 2.297060000000000102e+01 4.012060000000000315e+01 4.285520000000000351e+01 3.806199999999999761e+01 6.476609700423296978e-01 6.542746449815415311e-01
-5.604559999999999542e-01 -1.929570000000000007e+00 -2.380910000000000082e+00 -7.797520000000000007e-01 -7.287679999999999714e-01 -6.210719999999999574e-01 0.000000000000000000e+00 0.000000000000000000e+00 7.683919999999999639e-01 5.329381224528806360e-02 nan nan 8.799671278544061170e-01 4.477470904029999810e-01 1.903117480630000038e-02 7.966527749740000275e-02 2.297060000000000102e+01 4.012060000000000315e+01 4.285520000000000351e+01 3.806199999999999761e+01 4.294858873713628400e-01 6.542855995238425759e-01
-3.634780000000000233e-01 3.706789999999999807e-01 5.158289999999999820e-01 1.757249999999999979e+00 1.641219999999999901e+00 -5.551719999999999988e-01 0.000000000000000000e+00 0.000000000000000000e+00 1.560710000000000042e+00 6.119833189363554915e-02 nan nan 8.454529974765059297e-01 4.047821947540000131e-01 1.976322178049999892e-02 8.120153068249999495e-02 1.619129999999999825e+01 4.152179999999999893e+01 4.390570000000000306e+01 4.247270000000000323e+01 4.294858873713628400e-01 6.542855995238425759e-01
-4.263080000000000203e-01 1.710919999999999941e-01 1.022290000000000004e-01 2.037959999999999994e+00 1.524010000000000087e+00 -5.141329999999999512e-01 0.000000000000000000e+00 0.000000000000000000e+00 1.164549999999999974e+00 6.952347587845653099e-02 nan nan 8.176997839818577196e-01 4.047821947540000131e-01 1.976322178049999892e-02 8.120153068249999495e-02 1.619129999999999825e+01 4.152179999999999893e+01 4.390570000000000306e+01 4.247270000000000323e+01 3.844649404278733806e-01 6.517076305690154836e-01
-5.406910000000000327e-01 -7.083450000000000024e-01 -4.045070000000000054e-01 1.663680000000000048e+00 7.723029999999999617e-01 -5.887160000000000171e-01 0.000000000000000000e+00 0.000000000000000000e+00 -2.392249999999999932e-02 7.817491699184397902e-02 nan nan 7.873294177424412510e-01 2.760981414500000009e-01 1.993811623649999892e-02 8.560418366010000280e-02 1.840040000000000120e+01 4.066259999999999764e+01 4.641120000000000090e+01 4.197529999999999717e+01 3.844649404278733806e-01 6.517076305690154836e-01
-4.684800000000000075e-01 1.298169999999999880e-01 2.259710000000000052e-01 1.231549999999999923e+00 6.013450000000000184e-01 -5.979520000000000390e-01 0.000000000000000000e+00 0.000000000000000000e+00 -6.841850000000000431e-01 8.705463094904308807e-02 nan nan 7.453237144572267825e-01 2.760981414500000009e-01 1.993811623649999892e-02 8.560418366010000280e-02 1.840040000000000120e+01 4.066259999999999764e+01 4.641120000000000090e+01 4.197529999999999717e+01 1.921289612604122343e-01 6.581233408432806131e-01
-5.039730000000000043e-01 -1.264220000000000066e-01 -1.997339999999999879e-02 1.752469999999999972e+00 9.318699999999999761e-01 -6.108050000000000423e-01 0.000000000000000000e+00 0.000000000000000000e+00 1.164549999999999974e+00 9.606200704276479652e-02 nan nan 7.026264673205580014e-01 1.955244244069999915e-01 2.395973512140000053e-02 9.858237523700000282e-02 1.580090000000000039e+01 3.438719999999999999e+01 4.273329999999999984e+01 4.060450000000000159e+01 1.921289612604122343e-01 6.581233408432806131e-01
-5.431099999999999817e-01 -7.078079999999999927e-01 -5.613709999999999534e-01 1.576140000000000096e+00 6.890990000000000171e-01 -6.355669999999999931e-01 0.000000000000000000e+00 0.000000000000000000e+00 2.617129999999999956e+00 1.050949881027022359e-01 nan nan 6.597214532034477719e-01 1.955244244069999915e-01 2.395973512140000053e-02 9.858237523700000282e-02 1.580090000000000039e+01 3.438719999999999999e+01 4.273329999999999984e+01 4.060450000000000159e+01 4.597595323574436010e-01 7.612055838953621922e-01
-5.576149999999999718e-01 -1.474539999999999962e+00 -1.615420000000000078e+00 1.474909999999999943e+00 6.567800000000000304e-01 -6.382299999999999640e-01 0.000000000000000000e+00 0.000000000000000000e+00 4.465860000000000163e+00 1.140512268440506682e-01 nan nan 6.170948030598168987e-01 1.846718379170000091e-01 2.282698472819999838e-02 8.979060554180000320e-02 1.763660000000000139e+01 2.626790000000000092e+01 3.072569999999999979e+01 3.499669999999999703e+01 4.597595323574436010e-01 7.612055838953621922e-01
-5.579929999999999612e-01 -1.514920000000000044e+00 -1.981950000000000101e+00 1.609280000000000044e+00 6.577779999999999738e-01 -6.374159999999999826e-01 0.000000000000000000e+00 0.000000000000000000e+00 5.258180000000000298e+00 1.228292455031388952e-01 nan nan 5.752294938685375003e-01 1.846718379170000091e-01 2.282698472819999838e-02 8.979060554180000320e-02 1.763660000000000139e+01 2.626790000000000092e+01 3.072569999999999979e+01 3.499669999999999703e+01 9.940727504508087842e-01 1.000000000000000000e+00
-5.396440000000000126e-01 -5.775649999999999951e-01 -5.824859999999999483e-01 1.722059999999999924e+00 8.525519999999999765e-01 -6.104410000000000114e-01 0.000000000000000000e+00 0.000000000000000000e+00 1.428649999999999975e+00 1.313295856210412449e-01 nan nan 5.345998763112758123e-01 1.800018190780000027e-01 1.795926261090000087e-02 1.007720483239999965e-01 1.115559999999999974e+01 2.128079999999999927e+01 2.530440000000000111e+01 2.651849999999999952e+01 9.940727504508087842e-01 1.000000000000000000e+00
-5.406300000000000550e-01 -6.060299999999999576e-01 -5.714169999999999527e-01 1.695219999999999949e+00 8.176600000000000534e-01 -5.887599999999999500e-01 0.000000000000000000e+00 0.000000000000000000e+00 1.956860000000000044e+00 1.394559349476582888e-01 nan nan 4.956663001897271270e-01 1.800018190780000027e-01 1.795926261090000087e-02 1.007720483239999965e-01 1.115559999999999974e+01 2.128079999999999927e+01 2.530440000000000111e+01 2.651849999999999952e+01 1.000000000000000000e+00 9.981559853793374737e-01
-5.458250000000000046e-01 -7.498500000000000165e-01 -7.963599999999999568e-01 1.800349999999999895e+00 8.122110000000000163e-01 -5.533219999999999805e-01 0.000000000000000000e+00 0.000000000000000000e+00 2.220969999999999889e+00 1.471162186979950715e-01 nan nan 4.588698984784161938e-01 2.171152225300000127e-01 1.740751293349999951e-02 9.678992201899999648e-02 1.450549999999999962e+01 2.068370000000000175e+01 2.179980000000000118e+01 2.437620000000000076e+01 1.000000000000000000e+00 9.981559853793374737e-01
-5.208180000000000032e-01 -2.574949999999999739e-01 -2.483360000000000012e-01 1.376130000000000075e+00 6.721789999999999710e-01 -5.114589999999999970e-01 0.000000000000000000e+00 0.000000000000000000e+00 3.722349999999999826e-01 1.542236427962661027e-01 nan nan 4.246275891118280743e-01 2.171152225300000127e-01 1.740751293349999951e-02 9.678992201899999648e-02 1.450549999999999962e+01 2.068370000000000175e+01 2.179980000000000118e+01 2.437620000000000076e+01 7.928676883181975388e-01 9.118634041605350182e-01
-5.456790000000000251e-01 -8.358309999999999906e-01 -6.133849999999999580e-01 1.330889999999999906e+00 6.142180000000000417e-01 -5.492329999999999712e-01 0.000000000000000000e+00 0.000000000000000000e+00 6.363400000000000167e-01 1.606976772874553205e-01 nan nan 3.933273511376190745e-01 3.451633306540000112e-01 1.683206317509999828e-02 9.297160441469999592e-02 1.389090000000000025e+01 2.107529999999999859e+01 2.363190000000000168e+01 2.376960000000000051e+01 7.928676883181975388e-01 9.118634041605350182e-01
-4.768560000000000021e-01 9.246749999999999414e-02 1.372450000000000059e-01 8.108459999999999557e-01 5.273369999999999447e-01 -4.640889999999999738e-01 0.000000000000000000e+00 0.000000000000000000e+00 -4.200800000000000090e-01 1.664649687738850581e-01 nan nan 3.653238287589771760e-01 3.451633306540000112e-01 1.683206317509999828e-02 9.297160441469999592e-02 1.389090000000000025e+01 2.107529999999999859e+01 2.363190000000000168e+01 2.376960000000000051e+01 4.434269090592125595e-01 7.409615897231787152e-01
-4.926780000000000048e-01 -2.863160000000000011e-03 2.636940000000000117e-02 9.670670000000000099e-01 4.514830000000000232e-01 -4.364739999999999731e-01 0.000000000000000000e+00 0.000000000000000000e+00 -4.200800000000000090e-01 1.714601715385207781e-01 nan nan 3.409343130740926098e-01 3.883089461049999969e-01 1.615904517230000101e-02 8.504337049599999809e-02 1.271240000000000059e+01 1.922869999999999990e+01 2.082600000000000051e+01 2.082389999999999830e+01 4.434269090592125595e-01 7.409615897231787152e-01
-5.506919999999999593e-01 -1.014150000000000107e+00 -7.402260000000000506e-01 8.811809999999999921e-01 3.839759999999999840e-01 -5.245769999999999600e-01 0.000000000000000000e+00 0.000000000000000000e+00 1.081300000000000039e-01 1.756266879380576906e-01 nan nan 3.204351470412307723e-01 3.883089461049999969e-01 1.615904517230000101e-02 8.504337049599999809e-02 1.271240000000000059e+01 1.922869999999999990e+01 2.082600000000000051e+01 2.082389999999999830e+01 7.857746010819409710e-01 8.535742845770999399e-01
-4.702100000000000168e-01 1.219019999999999965e-01 2.138480000000000103e-01 9.012860000000000316e-01 3.753230000000000177e-01 -5.088460000000000205e-01 0.000000000000000000e+00 0.000000000000000000e+00 -2.880269999999999775e-01 1.789173096768337246e-01 nan nan 3.040585944025951948e-01 4.349881139149999743e-01 1.704285387900000143e-02 1.068249249719999960e-01 9.572729999999999961e+00 1.521160000000000068e+01 1.553139999999999965e+01 1.877199999999999847e+01 7.857746010819409710e-01 8.535742845770999399e-01
-5.006699999999999484e-01 -6.276850000000000485e-02 -1.455110000000000084e-02 4.864870000000000028e-01 7.180920000000000358e-02 -4.882349999999999746e-01 0.000000000000000000e+00 0.000000000000000000e+00 -1.559750000000000025e-01 1.812947526956822930e-01 nan nan 2.919902080433200986e-01 4.349881139149999743e-01 1.704285387900000143e-02 1.068249249719999960e-01 9.572729999999999961e+00 1.521160000000000068e+01 1.553139999999999965e+01 1.877199999999999847e+01 2.387624687430199844e-01 6.678692319770391794e-01
-5.499509999999999676e-01 -9.496310000000000029e-01 -7.410259999999999625e-01 2.936090000000000089e-01 -6.766729999999999967e-02 -5.679999999999999494e-01 0.000000000000000000e+00 0.000000000000000000e+00 -1.559750000000000025e-01 1.827320796152224203e-01 nan nan 2.843667276031385249e-01 4.060422134200000199e-01 2.123918209229999979e-02 1.012084312540000031e-01 1.147979999999999912e+01 1.574569999999999936e+01 1.726389999999999958e+01 1.953140000000000143e+01 2.387624687430199844e-01 6.678692319770391794e-01
-5.050489999999999702e-01 -1.004400000000000015e-01 -5.517840000000000245e-02 8.960410000000000250e-03 1.363909999999999949e-02 -5.652310000000000390e-01 0.000000000000000000e+00 6.830909443353849753e-04 -8.162369999999999903e-01 1.832130049471284439e-01 nan nan 2.708066783701308378e-01 4.060422134200000199e-01 2.123918209229999979e-02 1.012084312540000031e-01 1.147979999999999912e+01 1.574569999999999936e+01 1.726389999999999958e+01 1.953140000000000143e+01 2.039780125191356097e-01 6.610189915248356751e-01
-5.292879999999999807e-01 -3.683489999999999820e-01 -3.306669999999999887e-01 -6.097319999999999823e-02 -1.906970000000000054e-01 -5.676020000000000509e-01 0.000000000000000000e+00 1.388433507047870386e-03 -4.200800000000000090e-01 1.827320796152224203e-01 nan nan 2.608259938063328676e-01 4.305471863320000092e-01 2.544270092130000022e-02 1.087487902559999969e-01 7.857230000000000381e+00 1.219480000000000075e+01 1.764499999999999957e+01 2.826780000000000115e+01 2.039780125191356097e-01 6.610189915248356751e-01
-5.365109999999999602e-01 -5.504149999999999876e-01 -3.637099999999999778e-01 2.090639999999999998e-01 -1.740970000000000018e-01 -5.550789999999999891e-01 0.000000000000000000e+00 2.160278805164672633e-03 -4.200800000000000090e-01 1.812947526956822930e-01 nan nan 2.537624318909728061e-01 4.305471863320000092e-01 2.544270092130000022e-02 1.087487902559999969e-01 7.857230000000000381e+00 1.219480000000000075e+01 1.764499999999999957e+01 2.826780000000000115e+01 3.752254043658986848e-01 7.561518883805169455e-01
-5.369909999999999961e-01 -4.738390000000000102e-01 -5.549969999999999626e-01 9.260359999999999425e-02 -2.587099999999999955e-01 -3.976129999999999942e-01 0.000000000000000000e+00 3.042124453147554419e-03 -8.162369999999999903e-01 1.789173096768337246e-01 nan nan 2.489206984380482046e-01 3.215486524500000276e-01 4.436183995910000094e-02 1.534730582209999916e-01 9.042139999999999844e+00 1.646519999999999939e+01 2.491159999999999997e+01 3.262689999999999912e+01 3.752254043658986848e-01 7.561518883805169455e-01
-5.438889999999999558e-01 -6.102880000000000527e-01 -7.816819999999999879e-01 -6.043979999999999908e-01 -4.262389999999999790e-01 -5.003870000000000262e-01 0.000000000000000000e+00 4.076221717540295941e-03 -8.162369999999999903e-01 1.756266879380578017e-01 nan nan 2.455803250572804464e-01 3.215486524500000276e-01 4.436183995910000094e-02 1.534730582209999916e-01 9.042139999999999844e+00 1.646519999999999939e+01 2.491159999999999997e+01 3.262689999999999912e+01 9.131396444739838802e-01 9.005875286187418061e-01
-4.800820000000000087e-01 8.002320000000000266e-02 1.307310000000000139e-01 -4.350519999999999943e-01 -3.188840000000000008e-01 -4.968480000000000119e-01 0.000000000000000000e+00 5.303096793235928530e-03 -8.162369999999999903e-01 1.714601715385207781e-01 nan nan 2.430038323488599161e-01 2.725544307589999882e-01 5.174109488430000264e-02 1.647471223720000100e-01 1.199699999999999989e+01 2.430069999999999908e+01 3.469729999999999848e+01 3.967790000000000106e+01 9.131396444739838802e-01 9.005875286187418061e-01
-4.757250000000000090e-01 9.358080000000000565e-02 1.839830000000000076e-01 -3.192070000000000185e-01 -3.303420000000000245e-01 -4.683220000000000161e-01 0.000000000000000000e+00 6.761091625495874169e-03 -5.521319999999999562e-01 1.664649687738850581e-01 nan nan 2.404450858397277901e-01 2.725544307589999882e-01 5.174109488430000264e-02 1.647471223720000100e-01 1.199699999999999989e+01 2.430069999999999908e+01 3.469729999999999848e+01 3.967790000000000106e+01 9.145833219836674299e-01 9.229420979409110881e-01
-5.543519999999999559e-01 -1.196769999999999889e+00 -9.315670000000000339e-01 -5.561380000000000212e-01 -5.665740000000000220e-01 -5.715599999999999570e-01 0.000000000000000000e+00 8.485929480388509916e-03 -1.559750000000000025e-01 1.606976772874553205e-01 nan nan 2.371577499852970394e-01 2.411024785149999961e-01 5.524949105219999906e-02 1.457316118710000052e-01 1.544619999999999926e+01 3.370109999999999673e+01 3.951500000000000057e+01 4.295729999999999649e+01 9.145833219836674299e-01 9.229420979409110881e-01
-5.118350000000000399e-01 -1.628269999999999995e-01 -1.034670000000000034e-01 -5.879119999999999902e-01 -5.445429999999999993e-01 -5.537790000000000212e-01 0.000000000000000000e+00 1.051031018591064292e-02 -4.200800000000000090e-01 1.542236427962661027e-01 nan nan 2.428715962408868334e-01 2.411024785149999961e-01 5.524949105219999906e-02 1.457316118710000052e-01 1.544619999999999926e+01 3.370109999999999673e+01 3.951500000000000057e+01 4.295729999999999649e+01 7.500313250780403784e-01 9.712771900868694130e-01
-5.173510000000000053e-01 -2.064690000000000136e-01 -2.048989999999999978e-01 -7.290100000000000469e-01 -5.708429999999999893e-01 -5.281879999999999908e-01 0.000000000000000000e+00 1.286353962987030197e-02 -8.162369999999999903e-01 1.471162186979950715e-01 nan nan 2.473842645944198670e-01 2.683762960050000146e-01 4.798996905439999877e-02 1.156746576170000068e-01 1.622909999999999897e+01 3.758930000000000149e+01 4.671009999999999707e+01 4.803379999999999939e+01 7.500313250780403784e-01 9.712771900868694130e-01
-5.523780000000000356e-01 -9.082170000000000520e-01 -1.145119999999999916e+00 -7.080330000000000235e-01 -6.606589999999999963e-01 -5.402010000000000423e-01 0.000000000000000000e+00 1.557119771246817663e-02 -8.162369999999999903e-01 1.394559349476582888e-01 nan nan 2.506446247102797065e-01 2.683762960050000146e-01 4.798996905439999877e-02 1.156746576170000068e-01 1.622909999999999897e+01 3.758930000000000149e+01 4.671009999999999707e+01 4.803379999999999939e+01 4.033362570072837050e-01 6.261397288385628368e-01
-5.502050000000000551e-01 -8.381640000000000201e-01 -9.615059999999999718e-01 -1.035260000000000069e+00 -8.790660000000000140e-01 -6.179189999999999960e-01 0.000000000000000000e+00 1.865484851580578862e-02 -8.162369999999999903e-01 1.313295856210412449e-01 nan nan 2.526157354055802440e-01 2.803857698189999859e-01 5.282549302219999993e-02 1.035297260690000026e-01 3.484660000000000224e+01 6.148409999999999798e+01 6.499930000000000518e+01 6.063510000000000133e+01 4.033362570072837050e-01 6.261397288385628368e-01
-5.510260000000000158e-01 -8.656310000000000393e-01 -9.927629999999999511e-01 -8.941090000000000426e-01 -8.276369999999999560e-01 -7.488450000000000661e-02 0.000000000000000000e+00 2.213179597422054723e-02 -8.162369999999999903e-01 1.228292455031388952e-01 nan nan 2.532752632085274458e-01 2.803857698189999859e-01 5.282549302219999993e-02 1.035297260690000026e-01 3.484660000000000224e+01 6.148409999999999798e+01 6.499930000000000518e+01 6.063510000000000133e+01 6.110188004946638385e-01 6.398803763980733805e-01
-5.329679999999999973e-01 -3.996890000000000165e-01 -4.700670000000000126e-01 -9.517879999999999674e-01 -8.834300000000000486e-01 1.238640000000000019e-01 0.000000000000000000e+00 2.601488781379346360e-02 -8.162369999999999903e-01 1.140512268440506682e-01 nan nan 2.526157354055802440e-01 3.374016347539999794e-01 4.964616111459999731e-02 1.500750566219999915e-01 2.242330000000000112e+01 6.549209999999999354e+01 7.104449999999999932e+01 6.163730000000000331e+01 6.110188004946638385e-01 6.398803763980733805e-01
-4.833749999999999991e-01 -1.009110000000000007e-01 4.008070000000000244e-01 -3.759830000000000116e-01 -1.845970000000000111e-01 3.454800000000000093e-01 0.000000000000000000e+00 3.031236998248121317e-02 -6.841850000000000431e-01 1.050949881027023469e-01 nan nan 2.506446247102797065e-01 3.374016347539999794e-01 4.964616111459999731e-02 1.500750566219999915e-01 2.242330000000000112e+01 6.549209999999999354e+01 7.104449999999999932e+01 6.163730000000000331e+01 6.013870199772280989e-01 6.261178197539609691e-01
6.065220000000000056e-01 1.310570000000000013e+00 1.617240000000000011e+00 -5.173860000000000126e-01 -4.464080000000000270e-01 9.607940000000000369e-01 0.000000000000000000e+00 3.502779322022842035e-02 -6.841850000000000431e-01 9.606200704276479652e-02 nan nan 2.473842645944198670e-01 3.134774997800000018e-01 4.232472376250000223e-02 1.721774796190000123e-01 2.847299999999999898e+01 5.181940000000000168e+01 5.634300000000000352e+01 5.207459999999999667e+01 6.013870199772280989e-01 6.261178197539609691e-01
-1.102110000000000034e-01 8.658470000000000333e-01 1.100899999999999990e+00 -2.609899999999999998e-01 -1.260630000000000084e-01 6.587690000000000490e-01 0.000000000000000000e+00 4.015997282766736731e-02 -8.162369999999999903e-01 8.705463094904308807e-02 nan nan 2.428715962408868334e-01 3.134774997800000018e-01 4.232472376250000223e-02 1.721774796190000123e-01 2.847299999999999898e+01 5.181940000000000168e+01 5.634300000000000352e+01 5.207459999999999667e+01 6.010111190407444459e-01 6.964532843543574936e-01
-3.932459999999999845e-01 4.010299999999999976e-01 5.741060000000000052e-01 -7.014160000000000394e-01 -4.979199999999999737e-01 -3.257360000000000255e-01 0.000000000000000000e+00 4.570300208923372409e-02 -8.162369999999999903e-01 7.817491699184420106e-02 nan nan 2.371577499852970394e-01 2.369347728439999967e-01 4.078850099439999821e-02 1.633457554849999938e-01 2.501520000000000010e+01 5.550460000000000349e+01 5.549080000000000013e+01 4.990939999999999799e+01 6.010111190407444459e-01 6.964532843543574936e-01
-2.951989999999999892e-01 6.128630000000000466e-01 8.304110000000000102e-01 -8.798730000000000162e-01 -6.848269999999999635e-01 -2.369920000000000082e-01 0.000000000000000000e+00 5.164631919861495390e-02 -5.521319999999999562e-01 6.952347587845653099e-02 nan nan 2.303074659888634246e-01 2.369347728439999967e-01 4.078850099439999821e-02 1.633457554849999938e-01 2.501520000000000010e+01 5.550460000000000349e+01 5.549080000000000013e+01 4.990939999999999799e+01 6.212171563366546412e-01 7.364154546682781799e-01
-5.517589999999999995e-01 -1.048219999999999930e+00 -7.608319999999999528e-01 -8.692929999999999824e-01 -7.434129999999999905e-01 -4.445839999999999792e-01 0.000000000000000000e+00 5.797482692823607842e-02 -5.521319999999999562e-01 6.119833189363554915e-02 nan nan 2.223983607065002088e-01 1.667258101540000093e-01 5.668898398720000065e-02 1.402464605529999964e-01 2.713759999999999906e+01 5.140690000000000026e+01 5.571329999999999671e+01 5.150150000000000006e+01 6.212171563366546412e-01 7.364154546682781799e-01
-5.171810000000000018e-01 -1.993429999999999924e-01 -2.102449999999999875e-01 -1.033039999999999958e+00 -8.619670000000000387e-01 -3.425520000000000231e-01 0.000000000000000000e+00 6.466906368688007944e-02 -8.162369999999999903e-01 5.329381224528806360e-02 nan nan 2.135200474613748733e-01 1.667258101540000093e-01 5.668898398720000065e-02 1.402464605529999964e-01 2.713759999999999906e+01 5.140690000000000026e+01 5.571329999999999671e+01 5.150150000000000006e+01 5.908454502367086469e-01 8.591939647774949895e-01
-4.621230000000000060e-01 1.829439999999999955e-01 2.144610000000000127e-01 -1.009880000000000111e+00 -8.585920000000000218e-01 -3.150660000000000127e-01 0.000000000000000000e+00 7.170542402729340736e-02 -8.162369999999999903e-01 4.589947829951535052e-02 nan nan 2.037731210901483347e-01 1.281172487499999957e-01 6.915545845579999795e-02 1.085623588229999992e-01 1.571080000000000076e+01 4.634949999999999903e+01 4.953029999999999688e+01 4.742920000000000158e+01 5.908454502367086469e-01 8.591939647774949895e-01
-4.647800000000000264e-01 1.671870000000000023e-01 2.095909999999999995e-01 -1.216059999999999919e+00 -1.106600000000000028e+00 -3.056400000000000228e-01 0.000000000000000000e+00 7.905642610533536452e-02 -8.162369999999999903e-01 3.909911081454908732e-02 nan nan 1.932680181632808747e-01 1.281172487499999957e-01 6.915545845579999795e-02 1.085623588229999992e-01 1.571080000000000076e+01 4.634949999999999903e+01 4.953029999999999688e+01 4.742920000000000158e+01 6.114818668656945011e-01 8.822459732928258358e-01
-5.311949999999999728e-01 -3.669560000000000044e-01 -4.372519999999999740e-01 -9.514489999999999892e-01 -9.633850000000000469e-01 -2.990659999999999985e-01 0.000000000000000000e+00 8.669102306025344706e-02 -8.162369999999999903e-01 3.296976067128287724e-02 nan nan 1.821237656945601247e-01 1.441761367499999891e-01 6.456054607569999826e-02 1.056460826730000052e-01 2.227410000000000068e+01 3.622310000000000230e+01 4.053770000000000095e+01 -1.000000000000000000e+00 6.114818668656945011e-01 8.822459732928258358e-01
-5.445630000000000193e-01 -6.281269999999999909e-01 -7.797859999999999792e-01 -9.942950000000000399e-01 -1.004960000000000075e+00 -3.446370000000000267e-01 0.000000000000000000e+00 9.457495478802147026e-02 -8.162369999999999903e-01 2.758087585600399461e-02 nan nan 1.704666325174739594e-01 1.441761367499999891e-01 6.456054607569999826e-02 1.056460826730000052e-01 2.227410000000000068e+01 3.622310000000000230e+01 4.053770000000000095e+01 -1.000000000000000000e+00 5.772966730043201933e-01 7.961250132367386767e-01
-5.065180000000000238e-01 -9.855079999999999396e-02 -9.064279999999999560e-02 -1.105720000000000036e+00 -9.665599999999999747e-01 -3.689140000000000197e-01 0.000000000000000000e+00 1.026711361220076224e-01 -8.162369999999999903e-01 2.299351458695886308e-02 nan nan 1.584286986088728755e-01 1.827307756119999904e-01 5.113782793339999994e-02 1.095755025740000055e-01 8.640259999999999607e+00 2.791590000000000060e+01 -1.000000000000000000e+00 -1.000000000000000000e+00 5.772966730043201933e-01 7.961250132367386767e-01
-4.497639999999999971e-01 2.305260000000000087e-01 2.995880000000000210e-01 -9.753279999999999728e-01 -8.618660000000000210e-01 -4.650650000000000062e-01 0.000000000000000000e+00 1.109400770227310096e-01 -8.162369999999999903e-01 1.925965350034197776e-02 nan nan 1.461463585700556456e-01 1.827307756119999904e-01 5.113782793339999994e-02 1.095755025740000055e-01 8.640259999999999607e+00 2.791590000000000060e+01 -1.000000000000000000e+00 -1.000000000000000000e+00 6.210373776279016766e-01 8.654672660018475350e-01
-5.022550000000000070e-01 -5.438679999999999903e-02 -7.667549999999999366e-02 -9.766249999999999654e-01 -1.010639999999999983e+00 -5.432090000000000529e-01 0.000000000000000000e+00 1.193403300157884761e-01 -8.162369999999999903e-01 1.642159873424009486e-02 nan nan 1.337587762214361709e-01 2.377425863540000017e-01 4.255155025309999978e-02 1.026265892190000029e-01 1.155790000000000006e+01 -1.000000000000000000e+00 -1.000000000000000000e+00 -1.000000000000000000e+00 6.210373776279016766e-01 8.654672660018475350e-01
-5.428709999999999924e-01 -6.061450000000000449e-01 -6.561129999999999463e-01 -1.334049999999999958e+00 -1.301530000000000076e+00 -5.722429999999999461e-01 0.000000000000000000e+00 1.278289598083010015e-01 -6.841850000000000431e-01 1.060671126825818433e-02 nan nan 1.214063078208510449e-01 2.377425863540000017e-01 4.255155025309999978e-02 1.026265892190000029e-01 1.155790000000000006e+01 -1.000000000000000000e+00 -1.000000000000000000e+00 -1.000000000000000000e+00 0.000000000000000000e+00 0.000000000000000000e+00
