-5.444290000000000518e-01 -1.626859999999999973e-01 -9.247619999999999729e-01 1.161410000000000053e+00 8.083860000000000490e-01 -5.667140000000000510e-01 1.778634205235773980e-02 1.628377249057052500e-01 1.338689999999999880e-01 0.000000000000000000e+00 0.000000000000000000e+00 nan 3.253350342619516500e-01 1.604818224600000065e-01 4.900071604060000224e-02 6.339810872230000616e-02 -1.000000000000000000e+00 -1.000000000000000000e+00 -1.000000000000000000e+00 -1.000000000000000000e+00 0.000000000000000000e+00 0.000000000000000000e+00
-5.568790000000000129e-01 -8.305890000000000217e-01 -7.118229999999999835e-01 2.673139999999999961e-01 -6.445270000000000166e-02 -5.660680000000000156e-01 1.838200557029578963e-02 1.554927414711337885e-01 8.633610000000000451e-01 0.000000000000000000e+00 0.000000000000000000e+00 nan 3.366065681395384868e-01 1.026472266189999982e-01 6.129027823219999893e-02 6.115615515230000271e-02 1.051060000000000016e+01 -1.000000000000000000e+00 -1.000000000000000000e+00 -1.000000000000000000e+00 0.000000000000000000e+00 0.000000000000000000e+00
-5.514219999999999677e-01 -3.060109999999999775e-01 -2.747620000000000062e-01 7.026780000000000248e-01 2.848419999999999841e-01 -5.668710000000000138e-01 2.034465782483041441e-02 1.483768067896740206e-01 4.986149999999999749e-01 0.000000000000000000e+00 0.000000000000000000e+00 nan 3.463691399324659859e-01 1.026472266189999982e-01 6.129027823219999893e-02 6.115615515230000271e-02 1.051060000000000016e+01 -1.000000000000000000e+00 -1.000000000000000000e+00 -1.000000000000000000e+00 0.000000000000000000e+00 0.000000000000000000e+00
-5.458199999999999719e-01 -1.009459999999999941e-01 -5.811589999999999812e-02 -7.892299999999999871e-01 -8.293949999999999934e-01 -5.663519999999999666e-01 2.342200996326393447e-02 1.417163743200333670e-01 -8.691809999999999814e-01 0.000000000000000000e+00 0.000000000000000000e+00 nan 3.545121358013944013e-01 6.568482695770000435e-02 6.466918987269999752e-02 5.836694119799999692e-02 1.052280000000000015e+01 2.484860000000000113e+01 -1.000000000000000000e+00 -1.000000000000000000e+00 0.000000000000000000e+00 0.000000000000000000e+00
-5.574040000000000106e-01 -9.710839999999999472e-01 -7.552680000000000504e-01 -8.628280000000000394e-01 -8.543300000000000338e-01 -5.709079999999999711e-01 2.668603788885182126e-02 1.357327364988497598e-01 -7.779949999999999921e-01 0.000000000000000000e+00 0.000000000000000000e+00 nan 3.609432923493528511e-01 6.568482695770000435e-02 6.466918987269999752e-02 5.836694119799999692e-02 1.052280000000000015e+01 2.484860000000000113e+01 -1.000000000000000000e+00 -1.000000000000000000e+00 5.481782943652657725e-01 6.907715171000359256e-01
-5.575120000000000076e-01 -9.431819999999999649e-01 -8.873860000000000081e-01 -8.408529999999999616e-01 -1.000960000000000072e+00 -5.722949999999999982e-01 3.025518095077484038e-02 1.306395174089606259e-01 -7.779949999999999921e-01 0.000000000000000000e+00 0.000000000000000000e+00 nan 3.655897420028929590e-01 7.415151586639999459e-02 6.641959023339999435e-02 6.059761688979999755e-02 1.735500000000000043e+01 2.393110000000000070e+01 2.701060000000000016e+01 -1.000000000000000000e+00 5.481782943652657725e-01 6.907715171000359256e-01
-5.580519999999999925e-01 -1.212150000000000061e+00 -1.114819999999999922e+00 -5.789079999999999782e-01 -9.509220000000000450e-01 -5.723470000000000502e-01 3.432933597793752512e-02 1.266402523331847663e-01 -5.044359999999999955e-01 3.767363062804118812e-03 0.000000000000000000e+00 nan 3.683988386308132412e-01 7.415151586639999459e-02 6.641959023339999435e-02 6.059761688979999755e-02 1.735500000000000043e+01 2.393110000000000070e+01 2.701060000000000016e+01 -1.000000000000000000e+00 2.971554833957862352e-01 5.609744252231601003e-01
-5.580969999999999542e-01 -1.225970000000000004e+00 -1.175720000000000098e+00 -9.098300000000000276e-01 -9.954269999999999508e-01 -5.715440000000000520e-01 3.909567526455814956e-02 1.239260816182389258e-01 -5.044359999999999955e-01 7.657447596090882769e-03 0.000000000000000000e+00 nan 3.693387540458611396e-01 8.754597043890000041e-02 7.903461956019999790e-02 7.186100274510000274e-02 1.187170000000000059e+01 2.159580000000000055e+01 2.663909999999999911e+01 3.082389999999999830e+01 2.971554833957862352e-01 5.609744252231601003e-01
-5.577929999999999833e-01 -1.039090000000000069e+00 -1.031190000000000051e+00 -6.632869999999999600e-01 -8.652290000000000258e-01 -5.713749999999999662e-01 4.471875024554095024e-02 1.226735849782342180e-01 -6.868090000000000028e-01 1.191430605752752392e-02 0.000000000000000000e+00 nan 3.683988386308132412e-01 8.754597043890000041e-02 7.903461956019999790e-02 7.186100274510000274e-02 1.187170000000000059e+01 2.159580000000000055e+01 2.663909999999999911e+01 3.082389999999999830e+01 6.523141602197766176e-01 7.913157783972621928e-01
-5.583190000000000097e-01 -1.538550000000000084e+00 -1.310619999999999896e+00 -9.052419999999999911e-01 -9.168849999999999500e-01 -5.716430000000000122e-01 5.135680543594944858e-02 1.230427807759573167e-01 -5.044359999999999955e-01 1.677783520961995123e-02 0.000000000000000000e+00 nan 3.655897420028929590e-01 8.702219765230000126e-02 7.624357823850000382e-02 8.926590906659999380e-02 1.319699999999999918e+01 2.066479999999999961e+01 2.722980000000000089e+01 3.392360000000000042e+01 6.523141602197766176e-01 7.913157783972621928e-01
-5.562249999999999694e-01 -6.882470000000000532e-01 -5.838079999999999936e-01 -8.001979999999999649e-01 -9.302890000000000326e-01 -5.695299999999999807e-01 5.916301544077839925e-02 1.251753129508800244e-01 -7.779949999999999921e-01 2.248105799353583567e-02 0.000000000000000000e+00 nan 3.609432923493528511e-01 8.702219765230000126e-02 7.624357823850000382e-02 8.926590906659999380e-02 1.319699999999999918e+01 2.066479999999999961e+01 2.722980000000000089e+01 3.392360000000000042e+01 1.946485884939813671e-01 7.584269844815918482e-01
-5.564919999999999867e-01 -7.452090000000000103e-01 -5.942089999999999872e-01 -9.401159999999999517e-01 -1.031689999999999996e+00 -5.684109999999999996e-01 6.827109231512995535e-02 1.291928461367267689e-01 -7.779949999999999921e-01 2.924748328606963099e-02 0.000000000000000000e+00 nan 3.545121358013944013e-01 1.321938600210000037e-01 6.993540829930000591e-02 1.179843976589999982e-01 7.318159999999999776e+00 1.844209999999999994e+01 2.591910000000000025e+01 3.281660000000000110e+01 1.946485884939813671e-01 7.584269844815918482e-01
-5.559020000000000072e-01 -6.222820000000000018e-01 -5.843350000000000488e-01 -9.235189999999999788e-01 -8.879409999999999803e-01 -5.707149999999999723e-01 7.879546890205801901e-02 1.351956871525603621e-01 -7.779949999999999921e-01 3.728857345475899976e-02 0.000000000000000000e+00 nan 3.463691399324659859e-01 1.321938600210000037e-01 6.993540829930000591e-02 1.179843976589999982e-01 7.318159999999999776e+00 1.844209999999999994e+01 2.591910000000000025e+01 3.281660000000000110e+01 6.349707269081270589e-01 7.649218575466475434e-01
-5.529330000000000078e-01 -3.809540000000000148e-01 -3.129149999999999987e-01 -9.304710000000000480e-01 -9.362249999999999739e-01 -5.678379999999999539e-01 9.083525349087173684e-02 1.432616484864409623e-01 4.268299999999999872e-02 4.680134840476468661e-02 0.000000000000000000e+00 nan 3.366065681395384868e-01 1.695657036050000066e-01 5.447575163019999916e-02 1.565354719469999878e-01 1.156240000000000023e+01 1.758889999999999887e+01 2.526679999999999993e+01 3.681860000000000355e+01 6.349707269081270589e-01 7.649218575466475434e-01
-5.580100000000000060e-01 -1.244250000000000078e+00 -1.053050000000000042e+00 -8.460889999999999800e-01 -7.424840000000000328e-01 -5.692049999999999610e-01 1.044720581496026979e-01 1.534451666488441113e-01 1.338689999999999880e-01 5.796615326461906914e-02 0.000000000000000000e+00 nan 3.253350342619516500e-01 1.695657036050000066e-01 5.447575163019999916e-02 1.565354719469999878e-01 1.156240000000000023e+01 1.758889999999999887e+01 2.526679999999999993e+01 3.681860000000000355e+01 3.792652964673373095e-01 6.081448168905552176e-01
-5.548969999999999736e-01 -6.145829999999999904e-01 -8.882630000000000248e-01 4.951800000000000090e-01 5.094499999999999584e-01 -5.702930000000000499e-01 1.197682382884587282e-01 1.657766853852455924e-01 6.809880000000000377e-01 7.094461500385929043e-02 0.000000000000000000e+00 nan 3.126822492824147259e-01 1.189458933099999949e-01 4.033166265819999874e-02 1.647758943600000081e-01 1.344960000000000022e+01 2.546989999999999910e+01 3.550889999999999702e+01 4.388989999999999725e+01 3.792652964673373095e-01 6.081448168905552176e-01
-5.495569999999999622e-01 -2.538830000000000253e-01 -1.189589999999999953e-01 -4.107060000000000155e-01 -3.311330000000000107e-01 -5.690159999999999663e-01 1.367641290337300308e-01 1.802623107363203747e-01 8.633610000000000451e-01 8.587781113487791274e-02 0.000000000000000000e+00 nan 2.987915743105423738e-01 1.189458933099999949e-01 4.033166265819999874e-02 1.647758943600000081e-01 1.344960000000000022e+01 2.546989999999999910e+01 3.550889999999999702e+01 4.388989999999999725e+01 3.600079566898020111e-01 6.702119737485390250e-01
-5.538290000000000157e-01 -4.913680000000000270e-01 -3.632659999999999778e-01 1.239470000000000016e-01 -4.919509999999999855e-02 -5.695449999999999680e-01 1.554808857789704568e-01 1.968837418540614337e-01 -3.220629999999999882e-01 1.028846712483362236e-01 0.000000000000000000e+00 nan 2.838203962441981920e-01 1.280159049400000082e-01 2.875034701490000039e-02 2.024226431929999903e-01 1.024360000000000070e+01 2.774630000000000152e+01 4.148819999999999908e+01 5.068889999999999674e+01 3.600079566898020111e-01 6.702119737485390250e-01
-5.522719999999999851e-01 -4.356909999999999950e-01 -3.249340000000000006e-01 4.788950000000000151e-01 2.594949999999999757e-01 -5.706980000000000386e-01 1.759193389465895097e-01 2.155984783577010733e-01 1.045730000000000048e+00 1.220606294933810343e-01 0.000000000000000000e+00 nan 2.679383445130526509e-01 1.280159049400000082e-01 2.875034701490000039e-02 2.024226431929999903e-01 1.024360000000000070e+01 2.774630000000000152e+01 4.148819999999999908e+01 5.068889999999999674e+01 4.404995510921632107e-01 6.578535836741037368e-01
-5.529760000000000231e-01 -4.466950000000000087e-01 -8.385749999999999593e-01 5.729600000000000248e-01 5.028289999999999704e-01 -5.713899999999999535e-01 1.980574946097396483e-01 2.363403018800068756e-01 2.687089999999999979e+00 1.434765432705999988e-01 0.000000000000000000e+00 nan 2.513253691093657594e-01 1.209107948909999980e-01 1.864812625270000079e-02 1.786405490769999993e-01 1.822759999999999891e+01 3.864500000000000313e+01 4.885499999999999687e+01 5.181179999999999808e+01 4.404995510921632107e-01 6.578535836741037368e-01
-5.494569999999999732e-01 -2.894740000000000091e-01 -6.282379999999999631e-01 9.499469999999999859e-01 6.666119999999999823e-01 -5.710199999999999720e-01 2.218522752035390067e-01 2.590200263478422693e-01 3.051839999999999886e+00 1.671778903893605950e-01 0.000000000000000000e+00 nan 2.341697016826695954e-01 1.209107948909999980e-01 1.864812625270000079e-02 1.786405490769999993e-01 1.822759999999999891e+01 3.864500000000000313e+01 4.885499999999999687e+01 5.181179999999999808e+01 4.736757218814345860e-01 6.457639246387509857e-01
-5.467940000000000023e-01 -2.292250000000000121e-01 -1.204360000000000097e+00 1.070019999999999971e+00 8.354489999999999972e-01 -5.704050000000000509e-01 2.472410083297003069e-01 2.835265084960115756e-01 3.507769999999999833e+00 1.931842537860585240e-01 0.000000000000000000e+00 nan 2.166657227999652102e-01 1.289565524719999967e-01 1.736211879060000143e-02 1.681967687560000091e-01 1.693909999999999982e+01 4.267399999999999949e+01 5.384179999999999922e+01 6.005780000000000030e+01 4.736757218814345860e-01 6.457639246387509857e-01
-5.436779999999999946e-01 -1.520229999999999915e-01 -9.378060000000000285e-01 1.182649999999999979e+00 9.127170000000000005e-01 -5.679969999999999741e-01 2.741434274953424843e-01 3.097279071648655346e-01 3.143019999999999925e+00 2.214890996416214453e-01 0.000000000000000000e+00 nan 1.990117595362287384e-01 1.289565524719999967e-01 1.736211879060000143e-02 1.681967687560000091e-01 1.693909999999999982e+01 4.267399999999999949e+01 5.384179999999999922e+01 6.005780000000000030e+01 4.668695264156724756e-01 6.397611855247864465e-01
-5.409739999999999549e-01 -9.432139999999999969e-02 -1.231970000000000010e+00 1.228580000000000005e+00 8.940620000000000234e-01 -5.677780000000000049e-01 3.024628274539447048e-01 3.374731771133219205e-01 2.960649999999999782e+00 2.520598514122918132e-01 0.000000000000000000e+00 nan 1.814078383494043267e-01 1.711024466870000038e-01 3.201726757540000051e-02 1.583101269169999992e-01 2.564570000000000149e+01 5.666610000000000014e+01 6.881100000000000705e+01 6.681719999999999970e+01 4.668695264156724756e-01 6.397611855247864465e-01
-5.382609999999999895e-01 -4.576910000000000006e-02 -6.901159999999999517e-01 1.170749999999999957e+00 9.059139999999999970e-01 -5.654059999999999642e-01 3.320836397517232808e-01 3.665937804218001306e-01 3.051839999999999886e+00 2.848382589348841254e-01 0.000000000000000000e+00 nan 1.640534187007085531e-01 1.711024466870000038e-01 3.201726757540000051e-02 1.583101269169999992e-01 2.564570000000000149e+01 5.666610000000000014e+01 6.881100000000000705e+01 6.681719999999999970e+01 4.762831506341158594e-01 6.333440178204293725e-01
-5.227340000000000320e-01 1.608259999999999967e-01 -1.927510000000000057e-01 1.175559999999999938e+00 9.649090000000000167e-01 -5.402139999999999720e-01 3.628740934456516909e-01 3.969055960941956229e-01 3.143019999999999925e+00 3.197410584244083642e-01 0.000000000000000000e+00 nan 1.471451330992354922e-01 2.805665745550000034e-01 5.643336033989999889e-02 1.410919763980000019e-01 3.045759999999999934e+01 7.911249999999999716e+01 8.576800000000000068e+01 7.730960000000000321e+01 4.762831506341158594e-01 6.333440178204293725e-01
-5.219059999999999810e-01 1.663449999999999929e-01 -1.786200000000000010e-01 1.194010000000000016e+00 1.115059999999999940e+00 -3.514610000000000234e-01 3.946891639290450726e-01 4.282110062223363212e-01 2.869460000000000122e+00 3.566609158860258866e-01 0.000000000000000000e+00 nan 1.308745591770579253e-01 2.805665745550000034e-01 5.643336033989999889e-02 1.410919763980000019e-01 3.045759999999999934e+01 7.911249999999999716e+01 8.576800000000000068e+01 7.730960000000000321e+01 4.196078642201637177e-01 6.474119258302331037e-01
-5.325900000000000079e-01 3.291539999999999744e-02 2.754440000000000013e-02 1.125129999999999963e+00 9.833450000000000246e-01 1.026570000000000087e-02 4.273710779995864018e-01 4.603011350758463571e-01 1.775230000000000086e+00 3.954676432520982665e-01 0.000000000000000000e+00 nan 1.154260490381053827e-01 4.522956593960000271e-01 7.226892374759999460e-02 1.716878503179999904e-01 2.995959999999999823e+01 7.054229999999999734e+01 7.749890000000000612e+01 7.157500000000000284e+01 4.196078642201637177e-01 6.474119258302331037e-01
-3.972109999999999808e-01 6.428150000000000253e-01 8.217349999999999932e-01 1.116940000000000044e+00 1.015009999999999968e+00 6.032669999999999977e-01 4.607497772538797776e-01 4.929582157476335436e-01 5.898020000000000485e-01 4.360096734650148464e-01 0.000000000000000000e+00 nan 1.009746404751640236e-01 4.522956593960000271e-01 7.226892374759999460e-02 1.716878503179999904e-01 2.995959999999999823e+01 7.054229999999999734e+01 7.749890000000000612e+01 7.157500000000000284e+01 3.193804534237958404e-01 6.301127699047137654e-01
1.443210000000000048e-01 1.131799999999999917e+00 1.299840000000000106e+00 1.056869999999999976e+00 1.106740000000000057e+00 1.492150000000000087e+00 4.946459333499145794e-01 5.259580575399624980e-01 -4.850340000000000207e-02 4.781157777925185703e-01 0.000000000000000000e+00 nan 8.768407372174147341e-02 5.337687408839999481e-01 9.368572389649999776e-02 1.798976032340000031e-01 1.741580000000000084e+01 4.568260000000000076e+01 5.789800000000000324e+01 5.984620000000000317e+01 3.193804534237958404e-01 6.301127699047137654e-01
9.175200000000000022e-01 1.379010000000000069e+00 1.547739999999999894e+00 1.030569999999999986e+00 1.204690000000000039e+00 2.120999999999999996e+00 5.288759859992879786e-01 5.590725861346415027e-01 -2.308759999999999979e-01 5.178296428548573305e-01 1.013761985086436557e-02 nan 7.570493620979523719e-02 5.337687408839999481e-01 9.368572389649999776e-02 1.798976032340000031e-01 1.741580000000000084e+01 4.568260000000000076e+01 5.789800000000000324e+01 5.984620000000000317e+01 3.651099152182444296e-01 6.270854985608318444e-01
1.070929999999999938e+00 1.412619999999999987e+00 1.578419999999999934e+00 9.708830000000000515e-01 1.187589999999999923e+00 2.407880000000000020e+00 5.632480069996808059e-01 5.929076943512836539e-01 -2.308759999999999979e-01 5.585913792253063281e-01 2.060547164235959627e-02 nan 6.517295635395614628e-02 5.555433929619999489e-01 9.825190587330000225e-02 1.952338209739999941e-01 1.334670000000000023e+01 3.557330000000000325e+01 4.648259999999999792e+01 5.192770000000000152e+01 3.651099152182444296e-01 6.270854985608318444e-01
1.041430000000000078e+00 1.405780000000000030e+00 1.566009999999999902e+00 1.182660000000000045e+00 1.183289999999999953e+00 2.515470000000000095e+00 5.974075323541265803e-01 6.264787938203603135e-01 4.268299999999999872e-02 5.999391401432245807e-01 3.206027759590568404e-02 nan 5.354854114883333960e-02 5.555433929619999489e-01 9.825190587330000225e-02 1.952338209739999941e-01 1.334670000000000023e+01 3.557330000000000325e+01 4.648259999999999792e+01 5.192770000000000152e+01 3.892165348615912457e-01 6.342667689787249152e-01
1.255049999999999999e+00 1.447659999999999947e+00 1.599779999999999980e+00 1.053860000000000019e+00 1.211619999999999919e+00 2.639819999999999833e+00 6.307195327453010147e-01 6.596132037180153507e-01 3.162420000000000231e-01 6.414044389556854409e-01 4.514757734789986987e-02 nan 4.334150287084326258e-02 6.061626031769999923e-01 8.218481483160000600e-02 1.799760259659999861e-01 8.235839999999999606e+00 2.401490000000000080e+01 3.518249999999999744e+01 4.113929999999999865e+01 3.892165348615912457e-01 6.342667689787249152e-01
1.421310000000000073e+00 1.476799999999999891e+00 1.606940000000000035e+00 1.092279999999999918e+00 1.206260000000000110e+00 2.452949999999999964e+00 6.636769363137410283e-01 6.921431910877288152e-01 -1.396900000000000086e-01 6.825174572584509214e-01 6.049441372769182035e-02 nan 3.447055156212164295e-02 6.061626031769999923e-01 8.218481483160000600e-02 1.799760259659999861e-01 8.235839999999999606e+00 2.401490000000000080e+01 3.518249999999999744e+01 4.113929999999999865e+01 3.867435096528626381e-01 6.245115084876917688e-01
1.570140000000000091e+00 1.500899999999999901e+00 1.602579999999999893e+00 1.008950000000000014e+00 1.316480000000000095e+00 2.484039999999999804e+00 6.964861813301606031e-01 7.239078713217373950e-01 -1.396900000000000086e-01 7.228123681262222933e-01 7.870222811177274291e-02 nan 2.683925886556937090e-02 6.857646589139999582e-01 5.311863707989999961e-02 1.331510108889999988e-01 6.300110000000000099e+00 1.543539999999999957e+01 2.213070000000000093e+01 2.839440000000000097e+01 3.867435096528626381e-01 6.245115084876917688e-01
1.795719999999999983e+00 1.534440000000000026e+00 1.602449999999999930e+00 1.202909999999999924e+00 1.384900000000000020e+00 2.558330000000000215e+00 7.283935337037756863e-01 7.547550310479266278e-01 -1.396900000000000086e-01 7.618326141178379807e-01 1.003400458526568784e-01 nan 2.033715059666851843e-02 6.857646589139999582e-01 5.311863707989999961e-02 1.331510108889999988e-01 6.300110000000000099e+00 1.543539999999999957e+01 2.213070000000000093e+01 2.839440000000000097e+01 3.731203664378222040e-01 6.229347372101832203e-01
2.115730000000000111e+00 1.576829999999999954e+00 1.608940000000000037e+00 1.422029999999999905e+00 1.561350000000000016e+00 2.529209999999999958e+00 7.592348572879407120e-01 7.845428527681581610e-01 -1.396900000000000086e-01 7.991360802545137698e-01 1.259380289942655384e-01 nan 1.484095846013744335e-02 7.128806154469999878e-01 3.972646759350000056e-02 1.086960431350000034e-01 6.602260000000000240e+00 1.473060000000000080e+01 1.913230000000000075e+01 2.204189999999999827e+01 3.731203664378222040e-01 6.229347372101832203e-01
2.339570000000000149e+00 1.603609999999999980e+00 1.605960000000000054e+00 1.438700000000000090e+00 1.646290000000000031e+00 2.388129999999999864e+00 7.888571300192018798e-01 8.131415217071911172e-01 -4.850340000000000207e-02 8.343001033592124527e-01 1.458438494732644530e-01 nan 1.021601672897010094e-02 7.128806154469999878e-01 3.972646759350000056e-02 1.086960431350000034e-01 6.602260000000000240e+00 1.473060000000000080e+01 1.913230000000000075e+01 2.204189999999999827e+01 3.669754364083073206e-01 6.166373652702366037e-01
2.487740000000000062e+00 1.620219999999999994e+00 1.601990000000000025e+00 1.534880000000000022e+00 1.787099999999999911e+00 2.256619999999999848e+00 8.171216943614705297e-01 8.404346966659569373e-01 -1.396900000000000086e-01 8.669262609993272362e-01 1.702998181811589129e-01 nan 6.317788060934526051e-03 7.237799687210000332e-01 3.370481763290000127e-02 9.176165183649999391e-02 5.530269999999999797e+00 1.485479999999999912e+01 1.670710000000000051e+01 1.752809999999999846e+01 3.669754364083073206e-01 6.166373652702366037e-01
2.729099999999999859e+00 1.645629999999999926e+00 1.609869999999999912e+00 1.538899999999999935e+00 1.781460000000000043e+00 2.134370000000000100e+00 8.439097553422059139e-01 8.663208282138323835e-01 -1.396900000000000086e-01 8.966448857720442644e-01 1.990288392203797274e-01 nan 2.993501164413214788e-03 7.237799687210000332e-01 3.370481763290000127e-02 9.176165183649999391e-02 5.530269999999999797e+00 1.485479999999999912e+01 1.670710000000000051e+01 1.752809999999999846e+01 3.631906326106006944e-01 6.149602245684924196e-01
2.890600000000000058e+00 1.661580000000000057e+00 1.613229999999999942e+00 1.584999999999999964e+00 1.889280000000000070e+00 2.083340000000000192e+00 8.691185992863712517e-01 8.907143092842658705e-01 -4.850340000000000207e-02 9.231192537837287215e-01 2.317054013030178661e-01 nan 8.388175818196952349e-05 7.533755472319999535e-01 2.921966944670000010e-02 7.828063803929999342e-02 4.750899999999999679e+00 1.024600000000000044e+01 1.272439999999999927e+01 1.211529999999999951e+01 3.631906326106006944e-01 6.149602245684924196e-01
2.858620000000000161e+00 1.658679999999999932e+00 1.596200000000000063e+00 2.042229999999999990e+00 2.032379999999999853e+00 2.319980000000000153e+00 8.926435351693137177e-01 9.121886233338696304e-01 -4.850340000000000207e-02 9.460493998661878567e-01 2.679592659237852725e-01 nan 0.000000000000000000e+00 7.533755472319999535e-01 2.921966944670000010e-02 7.828063803929999342e-02 4.750899999999999679e+00 1.024600000000000044e+01 1.272439999999999927e+01 1.211529999999999951e+01 3.573198858107491382e-01 6.195836935300573778e-01
2.547250000000000014e+00 1.627029999999999976e+00 1.558429999999999982e+00 1.668060000000000098e+00 1.830750000000000099e+00 2.358620000000000161e+00 9.143997597506541286e-01 9.306485329083267199e-01 -4.850340000000000207e-02 9.651755163018856942e-01 3.073796623102197367e-01 nan 8.388175818196952349e-05 7.477999008260000080e-01 3.021533825830000075e-02 7.980828448089999361e-02 5.510209999999999830e+00 1.113850000000000051e+01 1.176329999999999920e+01 1.202389999999999937e+01 3.573198858107491382e-01 6.195836935300573778e-01
2.497390000000000221e+00 1.621450000000000058e+00 1.540380000000000082e+00 1.673820000000000086e+00 1.791439999999999921e+00 2.206139999999999990e+00 9.341521382312806265e-01 9.472869351189447951e-01 -4.850340000000000207e-02 9.802808965491972559e-01 3.495199416196713704e-01 nan 4.184583770722172247e-04 7.477999008260000080e-01 3.021533825830000075e-02 7.980828448089999361e-02 5.510209999999999830e+00 1.113850000000000051e+01 1.176329999999999920e+01 1.202389999999999937e+01 3.492718015988645064e-01 6.129949264874909876e-01
2.363230000000000164e+00 1.606519999999999948e+00 1.525619999999999976e+00 1.846260000000000012e+00 1.848500000000000032e+00 2.003260000000000041e+00 9.508363392849129569e-01 9.619153102203096273e-01 -1.396900000000000086e-01 9.911943906141169602e-01 3.939026376491630010e-01 nan 1.083820728070450379e-03 7.350293324059999911e-01 3.346433693340000043e-02 8.070529572569999643e-02 4.051079999999999792e+00 1.536059999999999981e+01 1.876370000000000005e+01 1.611110000000000042e+01 3.492718015988645064e-01 6.129949264874909876e-01
2.104290000000000216e+00 1.575569999999999915e+00 1.492380000000000040e+00 1.833720000000000017e+00 1.773649999999999949e+00 1.738350000000000062e+00 9.645328349712800620e-01 9.743679128773206077e-01 -1.396900000000000086e-01 9.977923442480782779e-01 4.400248767182549647e-01 nan 2.072429989874891021e-03 7.350293324059999911e-01 3.346433693340000043e-02 8.070529572569999643e-02 4.051079999999999792e+00 1.536059999999999981e+01 1.876370000000000005e+01 1.611110000000000042e+01 3.442827420473423272e-01 6.170291297970917910e-01
1.884670000000000067e+00 1.546759999999999913e+00 1.463710000000000067e+00 1.727500000000000036e+00 1.736900000000000110e+00 1.438849999999999962e+00 9.761494588325118071e-01 9.845036501260661099e-01 -1.396900000000000086e-01 1.000000000000000000e+00 4.873640754287829058e-01 nan 3.373084824520700131e-03 7.416333861260000493e-01 3.503212153839999760e-02 7.748179900219999416e-02 6.017249999999999766e+00 1.335549999999999926e+01 1.615840000000000032e+01 1.773819999999999908e+01 3.442827420473423272e-01 6.170291297970917910e-01
1.780319999999999903e+00 1.532240000000000046e+00 1.445440000000000058e+00 1.615140000000000020e+00 1.578160000000000007e+00 1.215689999999999937e+00 9.855985714695763011e-01 9.922076800134829178e-01 -1.396900000000000086e-01 9.977923442480782779e-01 5.353838617435722202e-01 nan 4.971048293016311348e-03 7.416333861260000493e-01 3.503212153839999760e-02 7.748179900219999416e-02 6.017249999999999766e+00 1.335549999999999926e+01 1.615840000000000032e+01 1.773819999999999908e+01 3.400947276177779255e-01 6.233718298641126587e-01
1.649219999999999908e+00 1.512979999999999992e+00 1.421550000000000091e+00 1.662690000000000001e+00 1.591790000000000038e+00 1.079800000000000093e+00 9.927731106606219047e-01 9.973927128025722455e-01 4.268299999999999872e-02 9.911943906141169602e-01 5.835401522959438037e-01 nan 6.848214830749821402e-03 7.429154682780000352e-01 3.765068242939999948e-02 7.583426346719999989e-02 1.553590000000000027e+00 8.726250000000000284e+00 1.485440000000000005e+01 1.761189999999999856e+01 3.400947276177779255e-01 6.233718298641126587e-01
1.700039999999999996e+00 1.520650000000000057e+00 1.413419999999999899e+00 1.643110000000000070e+00 1.591939999999999911e+00 1.041900000000000048e+00 9.975917860098134637e-01 1.000000000000000000e+00 2.250560000000000060e-01 9.802808965491972559e-01 6.312873170716613025e-01 nan 8.983315390770907349e-03 7.429154682780000352e-01 3.765068242939999948e-02 7.583426346719999989e-02 1.553590000000000027e+00 8.726250000000000284e+00 1.485440000000000005e+01 1.761189999999999856e+01 3.387184353277027382e-01 6.369314153060133821e-01
1.479870000000000019e+00 1.486550000000000038e+00 1.389280000000000070e+00 1.526469999999999994e+00 1.484769999999999923e+00 9.852009999999999934e-01 1.000000000000000000e+00 1.000000000000000000e+00 2.250560000000000060e-01 9.651755163018856942e-01 6.780843616150173947e-01 nan 1.135215843059178553e-02 7.545640563679999469e-01 3.324295275999999966e-02 7.377654763560000106e-02 4.400339999999999918e+00 9.970579999999999998e+00 1.509399999999999942e+01 2.302100000000000080e+01 3.387184353277027382e-01 6.369314153060133821e-01
1.435729999999999951e+00 1.479179999999999939e+00 1.390149999999999997e+00 1.565220000000000056e+00 1.404190000000000049e+00 9.212749999999999551e-01 9.999704666043988111e-01 9.973927128025722455e-01 2.250560000000000060e-01 9.460493998661879678e-01 7.234010567121853530e-01 nan 1.392790401202947947e-02 7.545640563679999469e-01 3.324295275999999966e-02 7.377654763560000106e-02 4.400339999999999918e+00 9.970579999999999998e+00 1.509399999999999942e+01 2.302100000000000080e+01 3.322885697850082032e-01 6.392787647437827570e-01
1.458409999999999984e+00 1.482869999999999910e+00 1.423589999999999911e+00 1.432039999999999980e+00 1.393199999999999994e+00 9.306560000000000388e-01 9.975035204481833562e-01 9.922076800134829178e-01 3.162420000000000231e-01 9.231192537837291656e-01 7.667239461000816547e-01 nan 1.668136790843077755e-02 7.444513729670000357e-01 3.031977828129999927e-02 8.629641187210000675e-02 3.945219999999999949e+00 1.304930000000000057e+01 2.254860000000000042e+01 3.024030000000000129e+01 3.322885697850082032e-01 6.392787647437827570e-01
1.500229999999999952e+00 1.489880000000000093e+00 1.429740000000000011e+00 1.304000000000000048e+00 1.246690000000000076e+00 8.820430000000000215e-01 9.926271130170449819e-01 9.845036501260661099e-01 3.162420000000000231e-01 8.966448857720443755e-01 8.075621641309930210e-01 nan 1.958135227362090003e-02 7.444513729670000357e-01 3.031977828129999927e-02 8.629641187210000675e-02 3.945219999999999949e+00 1.304930000000000057e+01 2.254860000000000042e+01 3.024030000000000129e+01 3.245576779368518627e-01 6.381487992902910023e-01
1.598870000000000013e+00 1.505489999999999995e+00 1.431699999999999973e+00 1.360980000000000079e+00 1.235510000000000108e+00 8.329039999999999777e-01 9.853964959556921199e-01 9.743679128773207188e-01 1.338689999999999880e-01 8.669262609993273472e-01 8.454529974765057077e-01 nan 2.259499912596729665e-02 7.051215377820000407e-01 4.170471654280000218e-02 9.842487747820000132e-02 6.342810000000000059e+00 1.807150000000000034e+01 2.779680000000000106e+01 4.274530000000000030e+01 3.245576779368518627e-01 6.381487992902910023e-01
1.436979999999999924e+00 1.479489999999999972e+00 1.420940000000000092e+00 1.364130000000000065e+00 1.205109999999999904e+00 8.223759999999999959e-01 9.758935950446380181e-01 9.619153102203097383e-01 -4.850340000000000207e-02 8.343001033592124527e-01 8.799671278544058950e-01 nan 2.568816264244089265e-02 7.051215377820000407e-01 4.170471654280000218e-02 9.842487747820000132e-02 6.342810000000000059e+00 1.807150000000000034e+01 2.779680000000000106e+01 4.274530000000000030e+01 3.177837393216385031e-01 6.336354129230490351e-01
1.460539999999999949e+00 1.483319999999999972e+00 1.399299999999999988e+00 1.476429999999999909e+00 1.311879999999999935e+00 8.685840000000000227e-01 9.642260819483711165e-01 9.472869351189447951e-01 4.268299999999999872e-02 7.991360802545137698e-01 9.107134963763653390e-01 nan 2.882579604443447074e-02 6.197605776839999470e-01 7.976868699160000187e-02 9.966849383539999607e-02 1.102330000000000076e+01 2.429789999999999850e+01 4.280799999999999983e+01 6.000480000000000302e+01 3.177837393216385031e-01 6.336354129230490351e-01
1.302200000000000024e+00 1.456169999999999964e+00 1.416860000000000008e+00 1.101369999999999960e+00 1.135250000000000092e+00 8.438639999999999475e-01 9.505261542523741891e-01 9.306485329083268310e-01 4.268299999999999872e-02 7.618326141178379807e-01 9.373437344014048378e-01 nan 3.454739147910967922e-02 6.197605776839999470e-01 7.976868699160000187e-02 9.966849383539999607e-02 1.102330000000000076e+01 2.429789999999999850e+01 4.280799999999999983e+01 6.000480000000000302e+01 3.059239706032568229e-01 6.232649849931521935e-01
1.339040000000000008e+00 1.463019999999999987e+00 1.432350000000000012e+00 1.169319999999999915e+00 1.234820000000000029e+00 9.127229999999999510e-01 9.349490376116560419e-01 9.121886233338698524e-01 -1.396900000000000086e-01 7.228123681262224043e-01 9.595561106917973593e-01 nan 4.032613621851488528e-02 4.428826461650000046e-01 1.550035101920000102e-01 1.023102206200000031e-01 1.347610000000000063e+01 5.326559999999999917e+01 7.517100000000000648e+01 8.558310000000000173e+01 3.059239706032568229e-01 6.232649849931521935e-01
1.323139999999999983e+00 1.460199999999999942e+00 1.442209999999999992e+00 8.908089999999999620e-01 9.373660000000000325e-01 8.646920000000000162e-01 9.176712269820559431e-01 8.907143092842658705e-01 -2.308759999999999979e-01 6.825174572584511434e-01 9.770989501485574102e-01 nan 4.629349455576248218e-02 4.428826461650000046e-01 1.550035101920000102e-01 1.023102206200000031e-01 1.347610000000000063e+01 5.326559999999999917e+01 7.517100000000000648e+01 8.558310000000000173e+01 2.651459353680237774e-01 6.056809094117380221e-01
9.354360000000000452e-01 1.383780000000000010e+00 1.413780000000000037e+00 3.491639999999999744e-01 8.265240000000000364e-01 7.538120000000000376e-01 8.984943165706383850e-01 8.663208282138326055e-01 -4.132489999999999775e-01 6.414044389556856629e-01 9.897734853908772834e-01 nan 5.257879371653528811e-02 3.190722612840000139e-01 1.879730611169999899e-01 1.113591381329999963e-01 3.790789999999999793e+01 8.616379999999999484e+01 1.083179999999999978e+02 1.057690000000000055e+02 2.651459353680237774e-01 6.056809094117380221e-01
2.437000000000000000e-01 1.177659999999999929e+00 1.376109999999999944e+00 -1.506159999999999999e-01 2.921679999999999833e-01 5.496569999999999512e-01 8.764936520604119652e-01 8.404346966659570484e-01 -5.044359999999999955e-01 5.999391401432246917e-01 9.974361088699739142e-01 nan 5.930775852994341069e-02 3.190722612840000139e-01 1.879730611169999899e-01 1.113591381329999963e-01 3.790789999999999793e+01 8.616379999999999484e+01 1.083179999999999978e+02 1.057690000000000055e+02 1.870198433392292747e-01 6.029774104041001337e-01
-1.618690000000000059e-02 1.045460000000000056e+00 1.235049999999999981e+00 5.435199999999999754e-02 2.385889999999999955e-01 3.192269999999999830e-01 8.520647826543032988e-01 8.131415217071912283e-01 -5.044359999999999955e-01 5.585913792253063281e-01 1.000000000000000000e+00 nan 6.660108691597210751e-02 3.519795948069999736e-01 1.793005101360000131e-01 1.037331671149999968e-01 2.806719999999999970e+01 9.438150000000000261e+01 1.073679999999999950e+02 1.034230000000000018e+02 1.870198433392292747e-01 6.029774104041001337e-01
-1.355529999999999929e-02 1.047809999999999908e+00 1.263160000000000061e+00 -1.328670000000000129e-01 1.088350000000000012e-01 7.650060000000000193e-02 8.263396498692989756e-01 7.845428527681581610e-01 -5.044359999999999955e-01 5.178296428548574415e-01 9.974361088699739142e-01 nan 7.457308232982107210e-02 3.519795948069999736e-01 1.793005101360000131e-01 1.037331671149999968e-01 2.806719999999999970e+01 9.438150000000000261e+01 1.073679999999999950e+02 1.034230000000000018e+02 1.513975280500196030e-01 6.919889010843134347e-01
-1.908019999999999994e-01 9.164769999999999861e-01 1.153720000000000079e+00 -1.322480000000000044e-01 4.952299999999999758e-02 -1.112619999999999998e-01 7.994539192656848758e-01 7.547550310479267388e-01 -5.044359999999999955e-01 4.781157777925186814e-01 9.897734853908772834e-01 nan 8.333035865808280374e-02 3.348142225690000084e-01 1.438520438600000007e-01 9.910088378999999670e-02 3.406369999999999720e+01 8.388030000000000541e+01 1.022549999999999955e+02 9.912839999999999918e+01 1.513975280500196030e-01 6.919889010843134347e-01
-2.067789999999999906e-01 9.033649999999999736e-01 1.157429999999999959e+00 -4.356990000000000030e-01 -2.040140000000000009e-01 -3.021539999999999782e-01 7.714734389017402494e-01 7.239078713217375061e-01 -5.044359999999999955e-01 4.360096734650149575e-01 9.770989501485576323e-01 nan 9.297063224080770460e-02 3.348142225690000084e-01 1.438520438600000007e-01 9.910088378999999670e-02 3.406369999999999720e+01 8.388030000000000541e+01 1.022549999999999955e+02 9.912839999999999918e+01 1.245221954012484256e-01 7.228314538349214224e-01
-3.680550000000000210e-01 6.987539999999999862e-01 9.640840000000000520e-01 -4.814539999999999931e-01 -2.658289999999999820e-01 -4.169490000000000141e-01 7.424828165958787807e-01 6.921431910877289262e-01 -5.044359999999999955e-01 3.954676432520982665e-01 9.595561106917974703e-01 nan 1.035816147063249870e-01 3.319596777959999967e-01 9.947828895110000236e-02 1.194906257399999949e-01 4.312310000000000088e+01 1.100840000000000032e+02 1.251949999999999932e+02 1.194479999999999933e+02 1.245221954012484256e-01 7.228314538349214224e-01
-4.955649999999999777e-01 3.285239999999999827e-01 6.016390000000000349e-01 -5.732509999999999550e-01 -4.227690000000000059e-01 -5.030799999999999716e-01 7.125928555682139454e-01 6.596132037180153507e-01 -5.956219999999999848e-01 3.566609158860258866e-01 9.373437344014049488e-01 nan 1.152400191634460613e-01 3.319596777959999967e-01 9.947828895110000236e-02 1.194906257399999949e-01 4.312310000000000088e+01 1.100840000000000032e+02 1.251949999999999932e+02 1.194479999999999933e+02 1.746708457208598908e-01 6.352607500509941385e-01
-5.379080000000000528e-01 -3.382369999999999821e-02 2.010599999999999887e-01 -6.370299999999999851e-01 -3.949460000000000193e-01 -5.460110000000000241e-01 6.819214227461625200e-01 6.264787938203604245e-01 -5.956219999999999848e-01 3.197410584244084752e-01 9.107134963763654500e-01 nan 1.280106910112892571e-01 3.131958673160000206e-01 6.684184075799999569e-02 1.346099082270000025e-01 3.481260000000000332e+01 1.126830000000000069e+02 1.393110000000000070e+02 1.334610000000000127e+02 1.746708457208598908e-01 6.352607500509941385e-01
-5.253299999999999637e-01 1.397039999999999949e-01 1.312300000000000133e-01 2.003649999999999876e-01 4.720889999999999809e-01 -5.488849999999999563e-01 6.505886834450675948e-01 5.929076943512836539e-01 4.268299999999999872e-02 2.848382589348841254e-01 8.799671278544061170e-01 nan 1.419458732149961877e-01 3.131958673160000206e-01 6.684184075799999569e-02 1.346099082270000025e-01 3.481260000000000332e+01 1.126830000000000069e+02 1.393110000000000070e+02 1.334610000000000127e+02 3.014295160934803430e-01 6.168413418420704009e-01
-4.291019999999999834e-01 5.927069999999999839e-01 6.246709999999999763e-01 4.141719999999999846e-01 6.051379999999999537e-01 -5.486630000000000118e-01 6.187283072978349008e-01 5.590725861346415027e-01 -4.850340000000000207e-02 2.520598514122919243e-01 8.454529974765059297e-01 nan 1.570846143720621146e-01 2.732289455610000251e-01 6.396668161809999920e-02 1.360951271209999980e-01 3.236880000000000024e+01 7.884040000000000248e+01 1.073050000000000068e+02 1.123020000000000067e+02 3.014295160934803430e-01 6.168413418420704009e-01
-5.284480000000000288e-01 1.854470000000000007e-01 1.793899999999999939e-01 -4.701969999999999761e-01 -1.359180000000000110e-01 -5.592759999999999954e-01 5.864845362526981409e-01 5.251491413188928981e-01 -7.779949999999999921e-01 2.214890996416214453e-01 8.075621641309932430e-01 nan 1.734523262761229478e-01 2.732289455610000251e-01 6.396668161809999920e-02 1.360951271209999980e-01 3.236880000000000024e+01 7.884040000000000248e+01 1.073050000000000068e+02 1.123020000000000067e+02 3.442289806297612609e-01 6.094917098093304286e-01
-5.481300000000000061e-01 -1.682210000000000094e-01 -1.868350000000000011e-01 -4.764479999999999826e-01 -2.628059999999999841e-01 -5.425170000000000270e-01 5.540053576661430057e-01 4.913140329414619201e-01 -4.132489999999999775e-01 1.931842537860585240e-01 7.667239461000817657e-01 nan 1.910604959911788026e-01 2.393279826849999958e-01 5.613928518340000062e-02 1.162758452320000052e-01 1.840099999999999980e+01 5.622639999999999816e+01 7.125079999999999814e+01 8.820239999999999725e+01 3.442289806297612609e-01 6.094917098093304286e-01
-5.558870000000000200e-01 -6.774850000000000039e-01 -8.549860000000000237e-01 -3.630470000000000086e-01 -1.864449999999999996e-01 -5.559349999999999570e-01 5.214417904427133266e-01 4.577429331526293721e-01 3.162420000000000231e-01 1.671778903893608170e-01 7.234010567121855750e-01 nan 2.099065556985700853e-01 2.393279826849999958e-01 5.613928518340000062e-02 1.162758452320000052e-01 1.840099999999999980e+01 5.622639999999999816e+01 7.125079999999999814e+01 8.820239999999999725e+01 4.361932615439204630e-01 6.171974914119386924e-01
-5.545870000000000521e-01 -5.129909999999999748e-01 -6.381970000000000143e-01 -4.177679999999999727e-01 -1.552260000000000029e-01 -5.655310000000000059e-01 4.889469794998441143e-01 4.246085227798742645e-01 4.268299999999999872e-02 1.434765432705999988e-01 6.780843616150176167e-01 nan 2.299739117913881525e-01 2.165964704330000101e-01 5.117657988749999692e-02 1.028039673810000054e-01 2.692229999999999990e+01 6.035229999999999961e+01 7.135030000000000427e+01 7.193970000000000198e+01 4.361932615439204630e-01 6.171974914119386924e-01
-5.438030000000000364e-01 -6.975499999999999756e-02 -1.044739999999999974e-01 -2.554710000000000036e-01 -1.209090000000000026e-01 -5.560060000000000002e-01 4.566765801534514724e-01 3.920785347850997971e-01 -6.868090000000000028e-01 1.220606294933810343e-01 6.312873170716615245e-01 nan 2.512321328866721215e-01 2.165964704330000101e-01 5.117657988749999692e-02 1.028039673810000054e-01 2.692229999999999990e+01 6.035229999999999961e+01 7.135030000000000427e+01 7.193970000000000198e+01 4.399565607745945517e-01 6.187192213922858564e-01
-5.502939999999999499e-01 -2.501700000000000035e-01 -3.193130000000000135e-01 -5.580500000000000460e-01 -1.902749999999999997e-01 -5.553799999999999848e-01 4.247837156135316761e-01 3.603138537831511723e-01 -4.132489999999999775e-01 1.028846712483363346e-01 5.835401522959440257e-01 nan 2.736372946251374172e-01 1.907174423549999887e-01 4.718315419159999774e-02 1.025307481870000037e-01 3.380180000000000007e+01 6.719830000000000325e+01 6.959959999999999525e+01 7.233809999999999718e+01 4.399565607745945517e-01 6.187192213922858564e-01
-5.535579999999999945e-01 -5.061759999999999593e-01 -4.553860000000000130e-01 -5.080529999999999768e-01 -2.469800000000000051e-01 -5.595510000000000206e-01 3.934180821375417025e-01 3.294666931548443367e-01 1.338689999999999880e-01 8.587781113487791274e-02 5.353838617435724423e-01 nan 2.971324773517185491e-01 1.907174423549999887e-01 4.718315419159999774e-02 1.025307481870000037e-01 3.380180000000000007e+01 6.719830000000000325e+01 6.959959999999999525e+01 7.233809999999999718e+01 4.921051358282215737e-01 7.222842785866689930e-01
-5.427680000000000282e-01 -3.641309999999999686e-02 -4.173539999999999889e-02 4.954080000000000150e-01 4.889410000000000145e-01 -5.310059999999999780e-01 3.627267840990328063e-01 2.996788704085386890e-01 1.136919999999999931e+00 7.094461500385951247e-02 4.873640754287831278e-01 nan 3.216484110380039008e-01 2.144780796730000050e-01 4.567952739230000253e-02 1.221362261980000058e-01 2.374650000000000105e+01 5.260609999999999786e+01 5.459479999999999933e+01 5.461520000000000152e+01 4.921051358282215737e-01 7.222842785866689930e-01
-5.413449999999999651e-01 -6.348389999999999589e-02 -3.846640000000000059e-01 1.777879999999999905e+00 1.320529999999999982e+00 -5.148449999999999971e-01 3.328512458380885608e-01 2.710802003311010289e-01 2.595899999999999874e+00 5.796615326461906914e-02 4.400248767182550758e-01 nan 3.471042601393372617e-01 2.144780796730000050e-01 4.567952739230000253e-02 1.221362261980000058e-01 2.374650000000000105e+01 5.260609999999999786e+01 5.459479999999999933e+01 5.461520000000000152e+01 4.837344831108506549e-01 7.384210918250722067e-01
-5.411169999999999591e-01 -3.001540000000000111e-02 -1.583680000000000088e-01 1.358940000000000037e+00 9.283240000000000380e-01 -5.261169999999999458e-01 3.039245894267039727e-01 2.437870241344985978e-01 1.684039999999999981e+00 4.680134840476468661e-02 3.939026376491631121e-01 nan 3.734085394938385649e-01 2.017261112279999935e-01 5.127231881870000091e-02 1.000871183060000058e-01 2.314349999999999952e+01 4.195600000000000307e+01 4.439789999999999992e+01 4.485540000000000305e+01 4.837344831108506549e-01 7.384210918250722067e-01
-5.304339999999999611e-01 1.679130000000000067e-01 1.260340000000000071e-01 5.924430000000000529e-01 4.219479999999999897e-01 -5.348100000000000076e-01 2.760687324496760020e-01 2.179008912633795259e-01 -3.220629999999999882e-01 3.728857345475899976e-02 3.495199416196715925e-01 nan 4.004601508858441905e-01 2.017261112279999935e-01 5.127231881870000091e-02 1.000871183060000058e-01 2.314349999999999952e+01 4.195600000000000307e+01 4.439789999999999992e+01 4.485540000000000305e+01 4.007376066492120970e-01 6.736828131930752139e-01
-5.352609999999999868e-01 1.055859999999999993e-01 1.080320000000000030e-01 4.452679999999999833e-02 7.079679999999999307e-02 -5.389880000000000226e-01 2.493926030920899928e-01 1.935074087992886271e-01 -8.691809999999999814e-01 2.924748328606963099e-02 3.073796623102197367e-01 nan 4.281495285290864983e-01 2.087865371629999967e-01 6.406240987210000404e-02 8.106192631670000592e-02 1.691250000000000142e+01 4.252450000000000330e+01 4.283389999999999986e+01 4.202570000000000050e+01 4.007376066492120970e-01 6.736828131930752139e-01
-5.518589999999999884e-01 -3.068449999999999789e-01 -3.169239999999999835e-01 -3.247399999999999731e-01 -3.064560000000000062e-01 -5.464510000000000201e-01 2.239943810598663543e-01 1.706752714982260333e-01 -5.956219999999999848e-01 2.248105799353583567e-02 2.679592659237853836e-01 nan 4.563598804908329809e-01 2.087865371629999967e-01 6.406240987210000404e-02 8.106192631670000592e-02 1.691250000000000142e+01 4.252450000000000330e+01 4.283389999999999986e+01 4.202570000000000050e+01 3.975603068701715204e-01 6.529937609070805005e-01
-5.572009999999999463e-01 -9.342289999999999761e-01 -9.385689999999999866e-01 -6.485020000000000229e-01 -4.463529999999999998e-01 -5.625189999999999912e-01 1.999590725515908440e-01 1.494554834516129693e-01 -3.220629999999999882e-01 1.677783520961995123e-02 2.317054013030179771e-01 nan 4.849685119911517628e-01 2.291048747449999923e-01 9.639077391320000077e-02 7.419905333519999369e-02 1.565429999999999922e+01 3.298910000000000053e+01 4.077830000000000155e+01 3.823169999999999646e+01 3.975603068701715204e-01 6.529937609070805005e-01
-5.527530000000000499e-01 -3.640450000000000075e-01 -3.482810000000000072e-01 -6.026460000000000150e-01 -4.754680000000000017e-01 -5.612989999999999924e-01 1.773560513529995886e-01 1.298807801895556224e-01 -5.956219999999999848e-01 1.191430605752752392e-02 1.990288392203798384e-01 nan 5.138482155837946763e-01 2.291048747449999923e-01 9.639077391320000077e-02 7.419905333519999369e-02 1.565429999999999922e+01 3.298910000000000053e+01 4.077830000000000155e+01 3.823169999999999646e+01 3.832113845177869127e-01 6.357690726188973684e-01
-5.448859999999999815e-01 -7.670780000000000654e-02 -4.769940000000000291e-02 -5.388119999999999715e-02 -9.968580000000000496e-02 -5.524639999999999551e-01 1.562393739543042059e-01 1.119652577742086264e-01 -7.779949999999999921e-01 7.657447596090882769e-03 1.702998181811590239e-01 nan 5.428687124673921005e-01 2.012030749329999924e-01 1.221315466429999941e-01 7.551069496819999560e-02 9.956310000000000215e+00 2.107179999999999964e+01 2.377860000000000085e+01 3.117780000000000129e+01 3.832113845177869127e-01 6.357690726188973684e-01
-5.567929999999999824e-01 -8.365000000000000213e-01 -6.797180000000000444e-01 -6.165410000000000057e-01 -6.222290000000000321e-01 -5.568610000000000504e-01 1.366485507972580171e-01 9.570421308575838282e-02 -2.308759999999999979e-01 3.767363062804118812e-03 1.458438494732644530e-01 nan 5.718981285963303796e-01 2.012030749329999924e-01 1.221315466429999941e-01 7.551069496819999560e-02 9.956310000000000215e+00 2.107179999999999964e+01 2.377860000000000085e+01 3.117780000000000129e+01 3.754697403861144700e-01 6.729834649467880681e-01
-5.490869999999999918e-01 -2.078699999999999992e-01 -1.418939999999999924e-01 -7.475119999999999543e-01 -6.631029999999999980e-01 -5.532979999999999565e-01 1.186070921842391490e-01 8.107419711065000367e-02 -3.220629999999999882e-01 0.000000000000000000e+00 1.259380289942656495e-01 nan 6.008044888663817140e-01 1.373611644099999862e-01 1.392223380079999906e-01 6.816023784689999310e-02 8.650660000000000238e+00 1.852659999999999840e+01 2.361449999999999960e+01 2.637640000000000029e+01 3.754697403861144700e-01 6.729834649467880681e-01
-5.442000000000000171e-01 -5.297990000000000338e-02 -3.981219999999999898e-02 -7.067550000000000221e-01 -6.544529999999999514e-01 -5.442630000000000523e-01 1.021191936988719018e-01 6.803328062827995737e-02 -8.691809999999999814e-01 0.000000000000000000e+00 1.003400458526568784e-01 nan 6.294572124453703399e-01 1.373611644099999862e-01 1.392223380079999906e-01 6.816023784689999310e-02 8.650660000000000238e+00 1.852659999999999840e+01 2.361449999999999960e+01 2.637640000000000029e+01 7.181127591972344959e-01 8.672954325436524892e-01
-5.508960000000000523e-01 -2.533480000000000176e-01 -2.685150000000000037e-01 -8.124599999999999600e-01 -7.457850000000000312e-01 -5.502890000000000281e-01 8.717597541019306284e-02 5.652152928582054869e-02 -8.691809999999999814e-01 0.000000000000000000e+00 7.870222811177285394e-02 nan 6.577285923061781947e-01 7.966761543790000510e-02 1.021916954179999948e-01 5.497707889259999953e-02 1.267149999999999999e+01 2.430199999999999960e+01 2.637829999999999941e+01 2.758419999999999916e+01 7.181127591972344959e-01 8.672954325436524892e-01
-5.557649999999999535e-01 -5.965129999999999599e-01 -6.041929999999999801e-01 -8.723469999999999835e-01 -7.655819999999999848e-01 -5.541740000000000554e-01 7.375110329353073979e-02 4.646168267838524102e-02 -8.691809999999999814e-01 0.000000000000000000e+00 6.049441372769182035e-02 nan 6.854952421983918631e-01 7.966761543790000510e-02 1.021916954179999948e-01 5.497707889259999953e-02 1.267149999999999999e+01 2.430199999999999960e+01 2.637829999999999941e+01 2.758419999999999916e+01 4.155650056180681950e-01 6.567624709009611816e-01
-5.551570000000000116e-01 -5.299819999999999531e-01 -5.391190000000000149e-01 -9.139300000000000201e-01 -8.011859999999999538e-01 -5.572510000000000518e-01 6.179937410270019971e-02 3.776002974028791481e-02 -8.691809999999999814e-01 0.000000000000000000e+00 4.514757734789986987e-02 nan 7.126394946638210381e-01 7.040084898960000115e-02 1.123505295710000018e-01 5.526667464369999783e-02 1.770090000000000074e+01 2.286410000000000053e+01 2.096010000000000062e+01 2.138690000000000069e+01 4.155650056180681950e-01 6.567624709009611816e-01
-5.518870000000000164e-01 -3.122730000000000228e-01 -2.829679999999999973e-01 -8.281899999999999817e-01 -7.781799999999999828e-01 -5.536689999999999667e-01 5.126247011060303116e-02 3.030747052886229032e-02 -8.691809999999999814e-01 0.000000000000000000e+00 3.206027759590568404e-02 nan 7.390507342558193526e-01 7.040084898960000115e-02 1.123505295710000018e-01 5.526667464369999783e-02 1.770090000000000074e+01 2.286410000000000053e+01 2.096010000000000062e+01 2.138690000000000069e+01 4.516442929567167086e-01 6.775421794411041754e-01
-5.538250000000000117e-01 -4.194760000000000155e-01 -4.131889999999999730e-01 -8.790829999999999478e-01 -8.697829999999999728e-01 -5.549650000000000416e-01 4.207050961473579598e-02 2.398075237040664387e-02 -8.691809999999999814e-01 0.000000000000000000e+00 2.060547164235959627e-02 nan 7.646266508564926179e-01 1.038734180129999990e-01 1.117072868450000034e-01 6.651900288110000614e-02 8.417139999999999844e+00 1.966679999999999851e+01 1.905910000000000082e+01 2.023430000000000106e+01 4.516442929567167086e-01 6.775421794411041754e-01
-5.548020000000000174e-01 -4.861150000000000193e-01 -5.241940000000000488e-01 -1.012229999999999963e+00 -8.765530000000000266e-01 -5.611570000000000169e-01 3.413967519420646468e-02 1.864386636222548077e-02 -8.691809999999999814e-01 0.000000000000000000e+00 1.013761985086436557e-02 nan 7.892743988912170883e-01 1.038734180129999990e-01 1.117072868450000034e-01 6.651900288110000614e-02 8.417139999999999844e+00 1.966679999999999851e+01 1.905910000000000082e+01 2.023430000000000106e+01 2.613826361373496887e-01 6.541852431044585803e-01
-5.540519999999999889e-01 -4.251240000000000019e-01 -4.625369999999999759e-01 -1.064650000000000096e+00 -9.149690000000000323e-01 -5.647510000000000030e-01 2.736351113348600705e-02 1.414958840784363847e-02 -8.691809999999999814e-01 0.000000000000000000e+00 0.000000000000000000e+00 nan 8.129116493060982718e-01 1.031612497230000036e-01 1.369945028740000015e-01 6.306606246170000374e-02 2.042299999999999827e+01 2.768339999999999890e+01 2.612529999999999930e+01 2.506879999999999953e+01 2.613826361373496887e-01 6.541852431044585803e-01
-5.537980000000000125e-01 -4.117060000000000164e-01 -4.283959999999999990e-01 -9.010860000000000536e-01 -8.852740000000000054e-01 -5.647750000000000270e-01 2.162320830461972321e-02 1.034114732484792132e-02 -8.691809999999999814e-01 0.000000000000000000e+00 0.000000000000000000e+00 nan 8.354675223890488667e-01 1.031612497230000036e-01 1.369945028740000015e-01 6.306606246170000374e-02 2.042299999999999827e+01 2.768339999999999890e+01 2.612529999999999930e+01 2.506879999999999953e+01 8.756820979855596265e-01 1.000000000000000000e+00
-5.565470000000000139e-01 -7.768519999999999870e-01 -5.777799999999999603e-01 -8.047320000000000029e-01 -8.704990000000000228e-01 -5.690250000000000030e-01 1.678737546402619962e-02 7.054001125025632923e-03 -5.956219999999999848e-01 0.000000000000000000e+00 0.000000000000000000e+00 nan 8.568833908652486731e-01 1.360935162739999871e-01 1.661852121719999964e-01 8.066075210470000090e-02 6.067379999999999995e+00 2.039839999999999876e+01 2.234829999999999828e+01 2.268240000000000123e+01 8.756820979855596265e-01 1.000000000000000000e+00
-5.522960000000000091e-01 -3.382740000000000191e-01 -2.912919999999999954e-01 -9.808759999999999701e-01 -9.868670000000000497e-01 -5.704780000000000406e-01 1.270938596365522866e-02 4.117701340838220148e-03 -5.956219999999999848e-01 0.000000000000000000e+00 0.000000000000000000e+00 nan 8.771135441675953492e-01 1.360935162739999871e-01 1.661852121719999964e-01 8.066075210470000090e-02 6.067379999999999995e+00 2.039839999999999876e+01 2.234829999999999828e+01 2.268240000000000123e+01 8.614998360276764355e-01 9.821277670393285808e-01
-5.551970000000000516e-01 -5.481260000000000021e-01 -4.952449999999999908e-01 -9.301019999999999843e-01 -9.287840000000000540e-01 -5.651230000000000420e-01 9.234022299682065338e-03 1.357824274668018028e-03 -7.779949999999999921e-01 0.000000000000000000e+00 0.000000000000000000e+00 nan 8.961257063556932190e-01 1.440318331110000127e-01 1.512728261010000130e-01 7.203177841970000161e-02 1.314109999999999978e+01 1.692879999999999896e+01 2.151749999999999829e+01 2.385470000000000113e+01 8.614998360276764355e-01 9.821277670393285808e-01
-5.583129999999999482e-01 -1.511660000000000004e+00 -1.374339999999999895e+00 -8.416350000000000220e-01 -9.208030000000000381e-01 -5.587579999999999769e-01 6.219151554228918855e-03 0.000000000000000000e+00 -5.956219999999999848e-01 0.000000000000000000e+00 0.000000000000000000e+00 nan 9.112424772696330333e-01 1.440318331110000127e-01 1.512728261010000130e-01 7.203177841970000161e-02 1.314109999999999978e+01 1.692879999999999896e+01 2.151749999999999829e+01 2.385470000000000113e+01 9.590337998032332223e-01 9.604220696175276295e-01
-5.579840000000000355e-01 -1.228679999999999994e+00 -9.810229999999999784e-01 -7.579829999999999623e-01 -9.009420000000000206e-01 -5.483449999999999713e-01 3.517323161447594160e-03 0.000000000000000000e+00 -4.132489999999999775e-01 0.000000000000000000e+00 0.000000000000000000e+00 nan 9.248676206419457202e-01 1.516573947659999866e-01 1.134217703289999990e-01 6.318032665549999649e-02 8.115429999999999922e+00 1.808040000000000092e+01 1.994320000000000093e+01 2.056250000000000000e+01 9.590337998032332223e-01 9.604220696175276295e-01
-5.543040000000000189e-01 -4.566890000000000116e-01 -4.479380000000000028e-01 -8.699719999999999676e-01 -8.687890000000000335e-01 -5.397950000000000248e-01 1.154156157332275612e-03 0.000000000000000000e+00 -5.956219999999999848e-01 0.000000000000000000e+00 0.000000000000000000e+00 nan 9.395056826994149235e-01 1.516573947659999866e-01 1.134217703289999990e-01 6.318032665549999649e-02 8.115429999999999922e+00 1.808040000000000092e+01 1.994320000000000093e+01 2.056250000000000000e+01 8.415220932545549593e-01 8.515050557050303226e-01
-5.378129999999999855e-01 7.885559999999999792e-02 6.198759999999999687e-02 -8.385320000000000551e-01 -8.840940000000000465e-01 -5.330150000000000166e-01 4.259409282070247826e-05 0.000000000000000000e+00 -8.691809999999999814e-01 0.000000000000000000e+00 0.000000000000000000e+00 nan 9.526127053425951230e-01 1.525567672460000079e-01 1.172489815659999990e-01 5.988323587480000321e-02 7.299769999999999648e+00 1.506540000000000035e+01 1.877449999999999974e+01 1.908630000000000138e+01 8.415220932545549593e-01 8.515050557050303226e-01
-5.386809999999999654e-01 6.530610000000000581e-02 4.587089999999999917e-02 -8.550759999999999472e-01 -8.522429999999999728e-01 -5.384020000000000472e-01 0.000000000000000000e+00 0.000000000000000000e+00 -8.691809999999999814e-01 0.000000000000000000e+00 0.000000000000000000e+00 nan 9.642371205477179297e-01 1.525567672460000079e-01 1.172489815659999990e-01 5.988323587480000321e-02 7.299769999999999648e+00 1.506540000000000035e+01 1.877449999999999974e+01 1.908630000000000138e+01 7.402732155241469325e-01 7.632965204187024399e-01
-5.529680000000000151e-01 -3.523830000000000018e-01 -3.877929999999999988e-01 -8.323230000000000350e-01 -7.765739999999999865e-01 -5.615520000000000511e-01 0.000000000000000000e+00 0.000000000000000000e+00 -8.691809999999999814e-01 0.000000000000000000e+00 0.000000000000000000e+00 nan 9.744441588257081177e-01 1.320105311110000013e-01 1.121889241879999999e-01 5.975523360240000276e-02 7.511519999999999975e+00 1.662040000000000006e+01 1.870479999999999876e+01 1.909919999999999973e+01 7.402732155241469325e-01 7.632965204187024399e-01
-5.544289999999999496e-01 -4.670380000000000087e-01 -4.542939999999999756e-01 -7.166099999999999692e-01 -8.197889999999999899e-01 -5.696020000000000527e-01 0.000000000000000000e+00 0.000000000000000000e+00 -8.691809999999999814e-01 0.000000000000000000e+00 0.000000000000000000e+00 nan 9.833151101344296263e-01 1.320105311110000013e-01 1.121889241879999999e-01 5.975523360240000276e-02 7.511519999999999975e+00 1.662040000000000006e+01 1.870479999999999876e+01 1.909919999999999973e+01 7.883359228416134679e-01 7.088865793128903414e-01
-5.542780000000000484e-01 -4.782540000000000124e-01 -3.910139999999999727e-01 -8.989239999999999453e-01 -9.374369999999999647e-01 -5.713970000000000438e-01 0.000000000000000000e+00 0.000000000000000000e+00 -1.396900000000000086e-01 0.000000000000000000e+00 0.000000000000000000e+00 nan 9.909464028309818984e-01 1.133196911939999968e-01 1.040262180890000054e-01 6.569903043300000245e-02 1.230669999999999931e+01 1.870990000000000109e+01 1.815350000000000108e+01 2.022899999999999920e+01 7.883359228416134679e-01 7.088865793128903414e-01
-5.575999999999999845e-01 -1.035539999999999905e+00 -8.185949999999999616e-01 -9.156199999999999894e-01 -9.253909999999999636e-01 -5.722639999999999949e-01 0.000000000000000000e+00 8.089162210694889055e-04 2.250560000000000060e-01 0.000000000000000000e+00 0.000000000000000000e+00 nan 9.948734683125414202e-01 1.133196911939999968e-01 1.040262180890000054e-01 6.569903043300000245e-02 1.230669999999999931e+01 1.870990000000000109e+01 1.815350000000000108e+01 2.022899999999999920e+01 8.105340121608327619e-01 9.184741257337489806e-01
-5.581530000000000102e-01 -1.270340000000000025e+00 -1.236590000000000078e+00 -8.831719999999999571e-01 -9.788780000000000259e-01 -5.706510000000000193e-01 0.000000000000000000e+00 1.644182806171623490e-03 4.986149999999999749e-01 0.000000000000000000e+00 0.000000000000000000e+00 nan 9.977107359035497502e-01 9.116910093209999733e-02 8.303640368200000677e-02 6.282394278599999493e-02 1.119480000000000075e+01 1.958689999999999998e+01 1.975410000000000110e+01 2.023699999999999832e+01 8.105340121608327619e-01 9.184741257337489806e-01
-5.583810000000000162e-01 -1.665829999999999922e+00 -1.412179999999999991e+00 -8.149319999999999897e-01 -8.888350000000000417e-01 -5.668269999999999698e-01 0.000000000000000000e+00 2.558201923217096052e-03 1.501670000000000060e+00 0.000000000000000000e+00 0.000000000000000000e+00 nan 9.994260582284857364e-01 9.116910093209999733e-02 8.303640368200000677e-02 6.282394278599999493e-02 1.119480000000000075e+01 1.958689999999999998e+01 1.975410000000000110e+01 2.023699999999999832e+01 8.724671652142124145e-01 8.815576039552027732e-01
-5.582850000000000312e-01 -1.498639999999999972e+00 -1.270529999999999937e+00 -9.285120000000000040e-01 -9.068829999999999947e-01 -5.588260000000000449e-01 0.000000000000000000e+00 3.602483442462167673e-03 8.633610000000000451e-01 0.000000000000000000e+00 0.000000000000000000e+00 nan 1.000000000000000000e+00 7.182008882870000166e-02 6.228596036249999662e-02 5.995253104199999711e-02 1.420040000000000013e+01 2.604830000000000112e+01 2.506500000000000128e+01 2.358239999999999981e+01 8.724671652142124145e-01 8.815576039552027732e-01
-5.529899999999999816e-01 -3.711360000000000214e-01 -3.428769999999999873e-01 -9.926930000000000476e-01 -1.051409999999999956e+00 -5.473789999999999489e-01 0.000000000000000000e+00 4.827061309095936892e-03 -5.044359999999999955e-01 0.000000000000000000e+00 0.000000000000000000e+00 nan 9.994260582284857364e-01 7.182008882870000166e-02 6.228596036249999662e-02 5.995253104199999711e-02 1.420040000000000013e+01 2.604830000000000112e+01 2.506500000000000128e+01 2.358239999999999981e+01 8.007709387281124469e-01 8.133549613253943100e-01
-5.492179999999999840e-01 -1.863740000000000119e-01 -2.019249999999999934e-01 -8.445099999999999829e-01 -8.649869999999999504e-01 -5.361040000000000250e-01 0.000000000000000000e+00 6.279926638648847259e-03 -8.691809999999999814e-01 0.000000000000000000e+00 0.000000000000000000e+00 nan 9.977107359035497502e-01 5.760965761919999845e-02 4.855045789399999728e-02 6.288200595720000452e-02 1.190789999999999971e+01 2.666469999999999985e+01 2.410439999999999827e+01 2.282349999999999923e+01 8.007709387281124469e-01 8.133549613253943100e-01
-5.484029999999999738e-01 -1.540459999999999885e-01 -1.863390000000000046e-01 -8.977000000000000535e-01 -8.723560000000000203e-01 -5.380509999999999460e-01 0.000000000000000000e+00 8.006483958477472740e-03 -8.691809999999999814e-01 0.000000000000000000e+00 0.000000000000000000e+00 nan 9.948734683125415312e-01 5.760965761919999845e-02 4.855045789399999728e-02 6.288200595720000452e-02 1.190789999999999971e+01 2.666469999999999985e+01 2.410439999999999827e+01 2.282349999999999923e+01 6.963125043681153148e-01 8.436535765511121721e-01
-5.488100000000000200e-01 -1.732869999999999966e-01 -1.850960000000000105e-01 -9.140730000000000244e-01 -9.445839999999999792e-01 -5.468300000000000383e-01 0.000000000000000000e+00 1.004903675632684568e-02 -8.691809999999999814e-01 0.000000000000000000e+00 0.000000000000000000e+00 nan 9.909464028309818984e-01 5.916129216049999945e-02 5.452247658699999749e-02 5.873806949700000057e-02 1.667170000000000130e+01 2.440080000000000027e+01 2.463060000000000116e+01 2.380519999999999925e+01 6.963125043681153148e-01 8.436535765511121721e-01
-5.509089999999999820e-01 -2.523520000000000207e-01 -2.693479999999999763e-01 -8.861040000000000028e-01 -9.121430000000000371e-01 -5.572439999999999616e-01 0.000000000000000000e+00 1.244630816491043568e-02 -8.691809999999999814e-01 0.000000000000000000e+00 0.000000000000000000e+00 nan 9.833151101344296263e-01 5.916129216049999945e-02 5.452247658699999749e-02 5.873806949700000057e-02 1.667170000000000130e+01 2.440080000000000027e+01 2.463060000000000116e+01 2.380519999999999925e+01 6.827431225706559470e-01 8.111889243959216067e-01
-5.525809999999999889e-01 -3.335089999999999999e-01 -3.559089999999999754e-01 -7.951059999999999794e-01 -9.216130000000000155e-01 -5.640730000000000466e-01 0.000000000000000000e+00 1.523300221334367155e-02 -8.691809999999999814e-01 0.000000000000000000e+00 0.000000000000000000e+00 nan 9.744441588257081177e-01 8.038972309059999599e-02 6.098568081450000261e-02 6.685759097870000445e-02 1.071990000000000087e+01 3.538719999999999999e+01 3.144470000000000098e+01 2.811639999999999873e+01 6.827431225706559470e-01 8.111889243959216067e-01
-5.560819999999999652e-01 -6.424109999999999543e-01 -6.158240000000000380e-01 -8.462739999999999707e-01 -9.168269999999999476e-01 -5.671800000000000175e-01 0.000000000000000000e+00 1.843941061662723868e-02 -8.691809999999999814e-01 0.000000000000000000e+00 0.000000000000000000e+00 nan 9.642371205477178187e-01 8.038972309059999599e-02 6.098568081450000261e-02 6.685759097870000445e-02 1.071990000000000087e+01 3.538719999999999999e+01 3.144470000000000098e+01 2.811639999999999873e+01 6.926190949802963903e-01 8.247161326041980711e-01
-5.577459999999999640e-01 -1.029420000000000002e+00 -9.704880000000000173e-01 -9.391239999999999588e-01 -9.945690000000000364e-01 -5.716510000000000202e-01 0.000000000000000000e+00 2.209106955841233511e-02 -1.396900000000000086e-01 0.000000000000000000e+00 0.000000000000000000e+00 nan 9.526127053425951230e-01 1.271032607800000047e-01 6.633409732080000620e-02 9.373075336389999346e-02 2.053920000000000101e+01 2.948079999999999856e+01 2.903950000000000031e+01 2.690109999999999957e+01 6.926190949802963903e-01 8.247161326041980711e-01
-5.581990000000000007e-01 -1.314769999999999994e+00 -1.289020000000000055e+00 -8.674389999999999601e-01 -1.021339999999999915e+00 -5.701089999999999769e-01 0.000000000000000000e+00 2.620847035583517837e-02 -1.396900000000000086e-01 0.000000000000000000e+00 0.000000000000000000e+00 nan 9.395056826994149235e-01 1.271032607800000047e-01 6.633409732080000620e-02 9.373075336389999346e-02 2.053920000000000101e+01 2.948079999999999856e+01 2.903950000000000031e+01 2.690109999999999957e+01 7.751805039595285329e-01 9.213297977394215854e-01
-5.559169999999999945e-01 -6.461529999999999774e-01 -5.405339999999999590e-01 -9.316290000000000404e-01 -9.456149999999999833e-01 -5.649610000000000465e-01 0.000000000000000000e+00 3.080682728470729437e-02 -5.956219999999999848e-01 0.000000000000000000e+00 0.000000000000000000e+00 nan 9.248676206419457202e-01 1.521665151759999945e-01 6.340233636410000373e-02 8.905320405220000513e-02 1.728519999999999968e+01 2.800250000000000128e+01 2.658119999999999905e+01 2.575339999999999918e+01 7.751805039595285329e-01 9.213297977394215854e-01
-5.581239999999999535e-01 -1.346209999999999907e+00 -1.046570000000000000e+00 -9.790010000000000101e-01 -1.037709999999999910e+00 -5.653080000000000327e-01 0.000000000000000000e+00 3.589590519568996996e-02 -5.956219999999999848e-01 0.000000000000000000e+00 0.000000000000000000e+00 nan 9.086674344822919247e-01 1.521665151759999945e-01 6.340233636410000373e-02 8.905320405220000513e-02 1.728519999999999968e+01 2.800250000000000128e+01 2.658119999999999905e+01 2.575339999999999918e+01 8.925739353895283390e-01 9.009774686831206747e-01
-5.536720000000000530e-01 -4.146009999999999973e-01 -3.870859999999999856e-01 -9.136750000000000149e-01 -9.023799999999999599e-01 -5.626079999999999970e-01 0.000000000000000000e+00 4.147990887463537391e-02 -8.691809999999999814e-01 0.000000000000000000e+00 0.000000000000000000e+00 nan 8.908917390228291433e-01 1.466433290949999968e-01 5.840170750240000069e-02 6.670355052229999526e-02 1.058740000000000059e+01 2.232179999999999964e+01 2.282750000000000057e+01 2.421770000000000067e+01 8.925739353895283390e-01 9.009774686831206747e-01
-5.456820000000000004e-01 -8.788999999999999591e-02 -7.517129999999999646e-02 -9.781910000000000327e-01 -1.007830000000000004e+00 -5.652819999999999512e-01 0.000000000000000000e+00 4.755743540068235742e-02 -8.691809999999999814e-01 0.000000000000000000e+00 0.000000000000000000e+00 nan 8.715450002158411369e-01 1.466433290949999968e-01 5.840170750240000069e-02 6.670355052229999526e-02 1.058740000000000059e+01 2.232179999999999964e+01 2.282750000000000057e+01 2.421770000000000067e+01 9.313305413237136232e-01 6.309157252985990727e-01
-5.562049999999999494e-01 -6.464520000000000266e-01 -6.651029999999999998e-01 -8.531180000000000430e-01 -8.719559999999999533e-01 -5.701829999999999954e-01 0.000000000000000000e+00 5.412149004191024737e-02 -8.691809999999999814e-01 0.000000000000000000e+00 0.000000000000000000e+00 nan 8.506494845624962275e-01 1.165472197889999978e-01 6.286980500699999863e-02 5.532788229919999995e-02 1.094880000000000031e+01 1.705689999999999884e+01 2.070479999999999876e+01 2.010089999999999932e+01 9.313305413237136232e-01 6.309157252985990727e-01
-5.580230000000000468e-01 -1.174029999999999907e+00 -1.115720000000000045e+00 -9.284790000000000543e-01 -1.048950000000000049e+00 -5.713770000000000238e-01 0.000000000000000000e+00 6.115956550844670048e-02 -5.956219999999999848e-01 0.000000000000000000e+00 0.000000000000000000e+00 nan 8.282450068244919805e-01 1.165472197889999978e-01 6.286980500699999863e-02 5.532788229919999995e-02 1.094880000000000031e+01 1.705689999999999884e+01 2.070479999999999876e+01 2.010089999999999932e+01 7.568048514303225005e-01 6.803557610430650548e-01
-5.578260000000000440e-01 -1.101010000000000044e+00 -9.524000000000000243e-01 -9.702880000000000393e-01 -9.929639999999999578e-01 -5.719229999999999592e-01 0.000000000000000000e+00 6.865378366505925367e-02 -5.956219999999999848e-01 0.000000000000000000e+00 0.000000000000000000e+00 nan 8.043884789068955765e-01 8.685944602350000043e-02 5.322439110169999849e-02 4.531395400080000246e-02 7.655429999999999957e+00 1.198799999999999955e+01 1.694900000000000162e+01 2.499520000000000053e+01 7.568048514303225005e-01 6.803557610430650548e-01
-5.580110000000000348e-01 -1.254459999999999908e+00 -9.826930000000000387e-01 -9.384850000000000136e-01 -9.356839999999999602e-01 -5.710420000000000496e-01 0.000000000000000000e+00 7.658109809757207564e-02 -5.956219999999999848e-01 0.000000000000000000e+00 0.000000000000000000e+00 nan 7.791532650235187818e-01 8.685944602350000043e-02 5.322439110169999849e-02 4.531395400080000246e-02 7.655429999999999957e+00 1.198799999999999955e+01 1.694900000000000162e+01 2.499520000000000053e+01 8.119156805926659448e-01 7.951848578153785096e-01
-5.562890000000000335e-01 -6.667520000000000113e-01 -6.574410000000000531e-01 -7.246089999999999476e-01 -8.481990000000000363e-01 -5.717980000000000285e-01 0.000000000000000000e+00 8.491355523794619220e-02 -5.956219999999999848e-01 0.000000000000000000e+00 0.000000000000000000e+00 nan 7.526283504510608013e-01 6.780802566719999758e-02 5.019816177699999715e-02 4.060786503020000215e-02 1.230519999999999925e+01 1.511459999999999937e+01 1.819849999999999923e+01 2.171249999999999858e+01 8.119156805926659448e-01 7.951848578153785096e-01
-5.565520000000000467e-01 -7.294460000000000388e-01 -6.494959999999999622e-01 -1.015030000000000099e+00 -1.050119999999999942e+00 -5.721230000000000482e-01 0.000000000000000000e+00 9.361861108937641340e-02 4.074289999999999856e-01 0.000000000000000000e+00 0.000000000000000000e+00 nan 7.249173332903662281e-01 6.780802566719999758e-02 5.019816177699999715e-02 4.060786503020000215e-02 1.230519999999999925e+01 1.511459999999999937e+01 1.819849999999999923e+01 2.171249999999999858e+01 1.000000000000000000e+00 9.816809612153118980e-01
-5.579089999999999883e-01 -1.159680000000000044e+00 -9.619729999999999670e-01 -8.710189999999999877e-01 -9.760739999999999972e-01 -5.731969999999999565e-01 0.000000000000000000e+00 1.026594999627780114e-01 4.986149999999999749e-01 0.000000000000000000e+00 0.000000000000000000e+00 nan 6.961372506585472575e-01 7.789965172939999905e-02 4.086749773460000151e-02 4.639645791980000211e-02 1.136989999999999945e+01 1.552940000000000076e+01 1.678130000000000166e+01 -1.000000000000000000e+00 1.000000000000000000e+00 9.816809612153118980e-01
-5.579790000000000028e-01 -1.154970000000000052e+00 -1.075029999999999930e+00 -8.341699999999999671e-01 -9.595430000000000348e-01 -5.730929999999999636e-01 0.000000000000000000e+00 1.119956510467350341e-01 5.898020000000000485e-01 0.000000000000000000e+00 0.000000000000000000e+00 nan 6.664172526116802775e-01 7.789965172939999905e-02 4.086749773460000151e-02 4.639645791980000211e-02 1.136989999999999945e+01 1.552940000000000076e+01 1.678130000000000166e+01 -1.000000000000000000e+00 8.771766653943130487e-01 9.465289986692956292e-01
-5.585050000000000292e-01 -2.174990000000000201e+00 -2.443389999999999951e+00 -9.259469999999999645e-01 -1.062289999999999957e+00 -5.730910000000000171e-01 0.000000000000000000e+00 1.215831480910060103e-01 2.504719999999999835e+00 0.000000000000000000e+00 0.000000000000000000e+00 nan 6.358971388230655331e-01 7.128998984079999712e-02 3.097299462829999905e-02 4.244326428729999767e-02 6.333859999999999602e+00 1.616949999999999932e+01 -1.000000000000000000e+00 -1.000000000000000000e+00 8.771766653943130487e-01 9.465289986692956292e-01
-5.584390000000000187e-01 -1.824109999999999898e+00 -1.599169999999999980e+00 -9.160150000000000237e-01 -1.013759999999999994e+00 -5.731600000000000028e-01 0.000000000000000000e+00 1.313752269951853346e-01 1.775230000000000086e+00 0.000000000000000000e+00 0.000000000000000000e+00 nan 6.047257745970675558e-01 7.128998984079999712e-02 3.097299462829999905e-02 4.244326428729999767e-02 6.333859999999999602e+00 1.616949999999999932e+01 -1.000000000000000000e+00 -1.000000000000000000e+00 7.146612761885304810e-01 8.038975713837057668e-01
-5.577509999999999968e-01 -1.054710000000000036e+00 -9.358360000000000012e-01 -8.572969999999999757e-01 -9.176969999999999850e-01 -5.724540000000000184e-01 0.000000000000000000e+00 1.413228056646483877e-01 4.986149999999999749e-01 0.000000000000000000e+00 0.000000000000000000e+00 nan 5.730594041657324222e-01 8.220337668699999323e-02 3.105086568989999865e-02 5.096970145919999667e-02 1.007879999999999932e+01 -1.000000000000000000e+00 -1.000000000000000000e+00 -1.000000000000000000e+00 7.146612761885304810e-01 8.038975713837057668e-01
-5.575719999999999565e-01 -9.678889999999999993e-01 -8.935929999999999707e-01 -9.794540000000000468e-01 -1.029630000000000045e+00 -5.717799999999999550e-01 0.000000000000000000e+00 1.513750401302953463e-01 -1.396900000000000086e-01 0.000000000000000000e+00 0.000000000000000000e+00 nan 5.410598803792073808e-01 8.220337668699999323e-02 3.105086568989999865e-02 5.096970145919999667e-02 1.007879999999999932e+01 -1.000000000000000000e+00 -1.000000000000000000e+00 -1.000000000000000000e+00 0.000000000000000000e+00 0.000000000000000000e+00
