-4.732779999999999765e-01 -9.368769999999999598e-01 -8.466719999999999802e-01 -5.488480000000000025e-01 -6.455279999999999907e-01 -4.824789999999999912e-01 0.000000000000000000e+00 1.366572475183243096e-01 -5.736620000000000053e-01 9.788558031527117009e-03 nan nan 6.097298030412882097e-01 1.384802887669999982e-01 8.765921947070000331e-02 6.464292736670000650e-02 -1.000000000000000000e+00 -1.000000000000000000e+00 -1.000000000000000000e+00 -1.000000000000000000e+00 0.000000000000000000e+00 0.000000000000000000e+00
-4.684450000000000003e-01 -4.018189999999999817e-01 -4.082810000000000050e-01 -1.080529999999999990e+00 -1.024420000000000108e+00 -4.824539999999999940e-01 0.000000000000000000e+00 1.281057038451384189e-01 -3.143159999999999843e-01 1.378433731681782959e-02 nan nan 6.317801139770945484e-01 1.579093522109999981e-01 6.806762160210000356e-02 5.659509700890000272e-02 4.663459999999999717e+00 -1.000000000000000000e+00 -1.000000000000000000e+00 -1.000000000000000000e+00 0.000000000000000000e+00 0.000000000000000000e+00
-4.741219999999999879e-01 -1.260599999999999943e+00 -9.773969999999999603e-01 -8.645329999999999959e-01 -1.011740000000000084e+00 -4.826400000000000134e-01 0.000000000000000000e+00 1.212856713208674275e-01 -2.494790000000000063e-01 1.846999226957246609e-02 nan nan 6.505507401501626763e-01 1.579093522109999981e-01 6.806762160210000356e-02 5.659509700890000272e-02 4.663459999999999717e+00 -1.000000000000000000e+00 -1.000000000000000000e+00 -1.000000000000000000e+00 0.000000000000000000e+00 0.000000000000000000e+00
-4.712399999999999922e-01 -5.983399999999999830e-01 -6.290480000000000516e-01 -8.850670000000000481e-01 -9.007920000000000371e-01 -4.836309999999999776e-01 0.000000000000000000e+00 1.162961387756896725e-01 -5.736620000000000053e-01 2.402915335895161597e-02 nan nan 6.658290028655904358e-01 1.532254842390000094e-01 7.091495559959999639e-02 6.377975559439999498e-02 8.428990000000000649e+00 1.544459999999999944e+01 -1.000000000000000000e+00 -1.000000000000000000e+00 0.000000000000000000e+00 0.000000000000000000e+00
-4.730670000000000153e-01 -9.042769999999999975e-01 -7.850009999999999488e-01 -8.743619999999999726e-01 -8.298470000000000013e-01 -4.835760000000000058e-01 1.234283797954316420e-03 1.116573922298199628e-01 -5.088249999999999718e-01 3.063555388055216877e-02 nan nan 6.774417933019278859e-01 1.532254842390000094e-01 7.091495559959999639e-02 6.377975559439999498e-02 8.428990000000000649e+00 1.544459999999999944e+01 -1.000000000000000000e+00 -1.000000000000000000e+00 1.881004384740445623e-01 6.486302778484609455e-01
-4.736650000000000027e-01 -1.000299999999999967e+00 -1.021670000000000078e+00 -1.035469999999999891e+00 -1.025930000000000009e+00 -4.848169999999999980e-01 4.026611230587451296e-03 1.076276751372985396e-01 -5.088249999999999718e-01 3.845106148874877228e-02 nan nan 6.852575339032953572e-01 1.272517180480000065e-01 6.771854361090000329e-02 7.566004895099999461e-02 9.950699999999999434e+00 1.966199999999999903e+01 2.025910000000000011e+01 -1.000000000000000000e+00 1.881004384740445623e-01 6.486302778484609455e-01
-4.729220000000000090e-01 -8.223519999999999719e-01 -8.507489999999999775e-01 -4.599400000000000155e-01 -7.391750000000000265e-01 -4.819849999999999968e-01 7.296129364221526359e-03 1.044583304051025507e-01 -5.736620000000000053e-01 4.762384417148957105e-02 nan nan 6.891876692056684295e-01 1.272517180480000065e-01 6.771854361090000329e-02 7.566004895099999461e-02 9.950699999999999434e+00 1.966199999999999903e+01 2.025910000000000011e+01 -1.000000000000000000e+00 3.103257626766076083e-01 7.386251538083469237e-01
-4.728209999999999913e-01 -8.187619999999999898e-01 -7.932299999999999907e-01 -7.386979999999999658e-01 -8.201209999999999889e-01 -4.783720000000000194e-01 1.094464914847059767e-02 1.023909525775801299e-01 9.866420000000000745e-03 5.828669144778919620e-02 nan nan 6.891876692056684295e-01 1.109744386070000005e-01 7.399457199259999729e-02 9.453511029529999832e-02 1.060629999999999917e+01 2.289229999999999876e+01 2.400280000000000058e+01 2.303750000000000142e+01 3.103257626766076083e-01 7.386251538083469237e-01
-4.737549999999999817e-01 -1.061930000000000041e+00 -9.357929999999999859e-01 -9.286259999999999515e-01 -9.581469999999999709e-01 -4.698300000000000254e-01 1.512638278291023042e-02 1.016546504737251277e-01 9.866420000000000745e-03 7.055550980941760475e-02 nan nan 6.852575339032953572e-01 1.109744386070000005e-01 7.399457199259999729e-02 9.453511029529999832e-02 1.060629999999999917e+01 2.289229999999999876e+01 2.400280000000000058e+01 2.303750000000000142e+01 7.102732114802468022e-01 8.834995451107245934e-01
-4.693160000000000109e-01 -4.352699999999999902e-01 -5.041189999999999838e-01 -1.005319999999999991e+00 -1.063940000000000108e+00 -4.546359999999999846e-01 2.001848393621796784e-02 1.024634512927119490e-01 -5.736620000000000053e-01 8.452800945403382560e-02 nan nan 6.774417933019278859e-01 1.035195724920000004e-01 8.416598078459999743e-02 1.088637842980000048e-01 1.064680000000000071e+01 1.713800000000000168e+01 2.228130000000000166e+01 2.392549999999999955e+01 7.102732114802468022e-01 8.834995451107245934e-01
-4.627600000000000047e-01 -1.506029999999999869e-01 -2.357259999999999911e-01 -7.482320000000000082e-01 -8.518660000000000121e-01 -4.523130000000000206e-01 2.581517007997802260e-02 1.050138756002068074e-01 -5.736620000000000053e-01 1.002825971896049717e-01 nan nan 6.658290028655904358e-01 1.035195724920000004e-01 8.416598078459999743e-02 1.088637842980000048e-01 1.064680000000000071e+01 1.713800000000000168e+01 2.228130000000000166e+01 2.392549999999999955e+01 7.972947082040081623e-01 9.714936054070824056e-01
-4.545390000000000263e-01 3.745149999999999868e-02 -4.887289999999999690e-02 -9.393700000000000383e-01 -1.034240000000000048e+00 -4.505430000000000268e-01 3.269152580919709727e-02 1.094827106718342380e-01 -5.736620000000000053e-01 1.178774880539406045e-01 nan nan 6.505507401501626763e-01 9.992663192940000327e-02 9.139140960380000289e-02 1.188607450270000032e-01 6.804590000000000138e+00 1.274830000000000041e+01 1.600009999999999977e+01 2.361959999999999837e+01 7.972947082040081623e-01 9.714936054070824056e-01
-4.600910000000000277e-01 -8.317120000000000068e-02 -1.515869999999999995e-01 -9.072069999999999856e-01 -9.175189999999999735e-01 -4.539210000000000189e-01 4.079970113151842881e-02 1.160250074227027195e-01 -5.736620000000000053e-01 1.373500457150541587e-01 nan nan 6.317801139770946595e-01 9.992663192940000327e-02 9.139140960380000289e-02 1.188607450270000032e-01 6.804590000000000138e+00 1.274830000000000041e+01 1.600009999999999977e+01 2.361959999999999837e+01 7.959480837972618961e-01 9.347817751487540461e-01
-4.710110000000000130e-01 -5.564189999999999969e-01 -6.577739999999999698e-01 -9.499809999999999643e-01 -9.720119999999999871e-01 -4.675719999999999876e-01 5.028119798361241344e-02 1.247723236185817042e-01 -5.736620000000000053e-01 1.587163591258740070e-01 nan nan 6.097298030412882097e-01 8.746954285150000674e-02 8.394931940829999939e-02 1.656615264769999984e-01 9.370929999999999538e+00 1.356569999999999965e+01 1.829299999999999926e+01 2.680979999999999919e+01 7.959480837972618961e-01 9.347817751487540461e-01
-4.676029999999999909e-01 -3.432379999999999876e-01 -3.974349999999999827e-01 -9.902320000000000011e-01 -1.057949999999999946e+00 -4.773549999999999738e-01 6.125808776097640962e-02 1.358312332738480510e-01 -5.736620000000000053e-01 1.819710602299773328e-01 nan nan 5.846496461765038344e-01 8.746954285150000674e-02 8.394931940829999939e-02 1.656615264769999984e-01 9.370929999999999538e+00 1.356569999999999965e+01 1.829299999999999926e+01 2.680979999999999919e+01 7.628134596751678931e-01 7.858674093620047207e-01
-4.653840000000000199e-01 -2.398699999999999999e-01 -3.202519999999999811e-01 -8.738650000000000029e-01 -9.533249999999999780e-01 -4.784129999999999772e-01 7.383951068736405166e-02 1.492821191253173030e-01 -5.736620000000000053e-01 2.070873847838156090e-01 nan nan 5.568238115815414835e-01 7.732462633110000205e-02 5.301693760699999897e-02 1.946579612709999907e-01 1.007680000000000042e+01 1.866679999999999851e+01 2.466550000000000153e+01 3.617049999999999699e+01 7.628134596751678931e-01 7.858674093620047207e-01
-4.720369999999999844e-01 -6.927349999999999897e-01 -6.983059999999999823e-01 -9.300810000000000466e-01 -9.663810000000000455e-01 -4.776779999999999915e-01 8.811461958476685119e-02 1.651782618637170907e-01 -5.088249999999999718e-01 2.340174756062872730e-01 nan nan 5.265675770810015477e-01 7.732462633110000205e-02 5.301693760699999897e-02 1.946579612709999907e-01 1.007680000000000042e+01 1.866679999999999851e+01 2.466550000000000153e+01 3.617049999999999699e+01 7.408131202820247285e-01 9.104826706357643795e-01
-4.747620000000000173e-01 -1.752769999999999939e+00 -1.493840000000000057e+00 -9.527419999999999778e-01 -1.036769999999999969e+00 -4.811219999999999941e-01 1.041522195261607164e-01 1.835452364421711335e-01 -5.088249999999999718e-01 2.626929248197236166e-01 nan nan 4.942237579015528182e-01 7.151319788660000232e-02 4.719418187390000269e-02 1.606530254980000072e-01 1.121850000000000058e+01 2.283470000000000155e+01 3.239339999999999975e+01 4.426910000000000167e+01 7.408131202820247285e-01 9.104826706357643795e-01
-4.715280000000000027e-01 -6.354410000000000336e-01 -6.399780000000000468e-01 -9.032660000000000133e-01 -1.037120000000000042e+00 -4.770150000000000223e-01 1.220032881424587545e-01 2.043806223017609058e-01 -5.736620000000000053e-01 2.930255489384758771e-01 nan nan 4.601588224384329795e-01 7.151319788660000232e-02 4.719418187390000269e-02 1.606530254980000072e-01 1.121850000000000058e+01 2.283470000000000155e+01 3.239339999999999975e+01 4.426910000000000167e+01 6.940644518527034901e-01 9.422517193420314463e-01
-4.653740000000000099e-01 -2.449520000000000031e-01 -3.054930000000000145e-01 -8.800259999999999749e-01 -9.748769999999999936e-01 -4.748399999999999843e-01 1.417015685910466560e-01 2.276540307974256327e-01 -5.736620000000000053e-01 3.249083880230448917e-01 nan nan 4.247587400220967924e-01 9.750323434020000124e-02 4.331977709930000253e-02 1.268436254850000000e-01 1.440029999999999966e+01 3.422849999999999682e+01 4.633970000000000056e+01 6.120980000000000132e+01 6.940644518527034901e-01 9.422517193420314463e-01
-4.715520000000000267e-01 -6.182649999999999535e-01 -6.878370000000000317e-01 -1.079479999999999995e+00 -1.061409999999999965e+00 -4.810130000000000239e-01 1.632574842534860737e-01 2.533074495134530757e-01 -5.736620000000000053e-01 3.582169175789339244e-01 nan nan 3.884246077314765788e-01 9.750323434020000124e-02 4.331977709930000253e-02 1.268436254850000000e-01 1.440029999999999966e+01 3.422849999999999682e+01 4.633970000000000056e+01 6.120980000000000132e+01 7.248561684703770380e-01 9.047451400048103221e-01
-4.728789999999999938e-01 -8.018119999999999692e-01 -8.543199999999999683e-01 -9.855570000000000164e-01 -9.866700000000000470e-01 -4.850039999999999907e-01 1.866594895209620075e-01 2.812558995673307694e-01 -5.736620000000000053e-01 3.928104594689296736e-01 nan nan 3.515681058038075957e-01 1.495857497420000071e-01 4.600101241340000258e-02 1.234677099609999967e-01 1.964789999999999992e+01 5.369839999999999947e+01 6.975719999999999743e+01 7.853660000000000707e+01 7.248561684703770380e-01 9.047451400048103221e-01
-4.725520000000000276e-01 -7.579799999999999871e-01 -7.794060000000000432e-01 -9.156879999999999464e-01 -9.416830000000000478e-01 -4.827560000000000184e-01 2.118776218133709976e-01 3.113883984544403294e-01 -3.791519999999999890e-01 4.285337758526084340e-01 nan nan 3.146068331330413859e-01 1.495857497420000071e-01 4.600101241340000258e-02 1.234677099609999967e-01 1.964789999999999992e+01 5.369839999999999947e+01 6.975719999999999743e+01 7.853660000000000707e+01 8.342721385599877193e-01 8.975226834632934469e-01
-4.743879999999999764e-01 -1.381070000000000020e+00 -1.131690000000000085e+00 -9.140859999999999541e-01 -9.956810000000000382e-01 -4.813669999999999893e-01 2.388589013268361816e-01 3.435692175241813473e-01 -3.791519999999999890e-01 4.652188280930978914e-01 nan nan 2.779595757075126183e-01 2.101000271829999988e-01 3.813091257560000114e-02 1.188868630330000009e-01 3.152819999999999823e+01 7.690949999999999420e+01 9.265170000000000528e+01 9.825050000000000239e+01 8.342721385599877193e-01 8.975226834632934469e-01
-4.746870000000000256e-01 -1.614249999999999963e+00 -1.427650000000000086e+00 -9.424719999999999764e-01 -1.022429999999999950e+00 -3.489479999999999804e-01 2.675323569193336359e-01 3.776394198398166369e-01 -5.088249999999999718e-01 5.026866807019777506e-01 nan nan 2.420415615973539047e-01 2.101000271829999988e-01 3.813091257560000114e-02 1.188868630330000009e-01 3.152819999999999823e+01 7.690949999999999420e+01 9.265170000000000528e+01 9.825050000000000239e+01 7.800130283174311341e-01 9.146620747830997988e-01
-4.668039999999999967e-01 -3.285429999999999739e-01 -3.089080000000000159e-01 -9.660469999999999891e-01 -9.634509999999999463e-01 -2.682169999999999832e-01 2.978085944571446930e-01 4.134186609974741522e-01 -5.088249999999999718e-01 5.407495287498631509e-01 nan nan 2.072597562545435146e-01 3.233258293030000230e-01 3.326261409049999923e-02 1.198530037849999952e-01 2.874109999999999943e+01 8.795740000000000691e+01 1.078319999999999936e+02 1.069749999999999943e+02 7.800130283174311341e-01 9.146620747830997988e-01
-4.630230000000000179e-01 -2.643480000000000274e-01 -1.415730000000000044e-01 1.184649999999999981e+00 1.196209999999999996e+00 -9.694999999999999452e-02 3.295833619105753565e-01 4.507072325003042002e-01 6.582310000000000105e-01 5.792128257712969575e-01 nan nan 1.740082514317197182e-01 3.233258293030000230e-01 3.326261409049999923e-02 1.198530037849999952e-01 2.874109999999999943e+01 8.795740000000000691e+01 1.078319999999999936e+02 1.069749999999999943e+02 1.192693194072663720e-01 6.502616049051355152e-01
2.312819999999999876e-01 1.287849999999999939e+00 1.302389999999999937e+00 1.070670000000000011e+00 1.436600000000000099e+00 -4.788119999999999876e-03 3.627346588484487988e-01 4.892883245355486022e-01 6.582310000000000105e-01 6.178774880539404935e-01 nan nan 1.426637999651523270e-01 4.650194444610000200e-01 3.468245655359999957e-02 1.371164927119999932e-01 4.614549999999999841e+01 1.072999999999999972e+02 1.272339999999999947e+02 1.192349999999999994e+02 1.192693194072663720e-01 6.502616049051355152e-01
-8.108680000000000054e-02 1.001460000000000017e+00 1.191580000000000084e+00 7.891789999999999639e-01 9.410119999999999596e-01 3.688609999999999944e-01 3.971226961532043909e-01 5.289304825163521073e-01 -4.439890000000000225e-01 6.565421503365841405e-01 nan nan 1.135815470145646877e-01 4.650194444610000200e-01 3.468245655359999957e-02 1.371164927119999932e-01 4.614549999999999841e+01 1.072999999999999972e+02 1.272339999999999947e+02 1.192349999999999994e+02 1.672496565012946412e-01 6.208210315703615034e-01
5.423299999999999788e-01 1.394640000000000102e+00 1.417370000000000019e+00 3.144770000000000065e-01 6.963749999999999662e-01 1.043469999999999898e+00 4.325852576701069152e-01 5.693902295547152992e-01 -2.494790000000000063e-01 6.950054473580178360e-01 nan nan 8.709100612656583973e-02 5.935776604319999983e-01 3.488082634169999835e-02 1.516164313280000120e-01 2.936749999999999972e+01 9.474509999999999366e+01 1.145669999999999931e+02 1.120930000000000035e+02 1.672496565012946412e-01 6.208210315703615034e-01
2.370080000000000187e+00 1.724529999999999896e+00 1.785029999999999895e+00 7.759160000000000501e-01 1.378889999999999949e+00 1.942720000000000002e+00 4.689273059731261517e-01 6.087278463367302717e-01 -2.494790000000000063e-01 7.299731044826526238e-01 nan nan 6.852983833261649949e-02 5.935776604319999983e-01 3.488082634169999835e-02 1.516164313280000120e-01 2.936749999999999972e+01 9.474509999999999366e+01 1.145669999999999931e+02 1.120930000000000035e+02 2.103580597660377194e-01 6.100988904884570019e-01
2.986639999999999961e+00 1.783379999999999965e+00 1.727600000000000025e+00 1.073960000000000026e+00 1.376589999999999980e+00 2.861349999999999838e+00 5.059489517788955393e-01 6.473361128771522033e-01 -1.846430000000000016e-01 7.642449406372158194e-01 nan nan 4.809040087510629835e-02 6.528761254670000236e-01 3.665011672670000220e-02 1.396698340410000017e-01 1.868599999999999994e+01 5.265039999999999765e+01 7.851430000000000575e+01 8.733060000000000400e+01 2.103580597660377194e-01 6.100988904884570019e-01
3.910649999999999959e+00 1.868300000000000072e+00 1.776589999999999892e+00 1.006510000000000016e+00 1.454450000000000021e+00 2.841159999999999908e+00 5.434320496794202704e-01 6.858349400914132143e-01 9.866420000000000745e-03 7.974326422237455469e-01 nan nan 3.104179336572998604e-02 6.528761254670000236e-01 3.665011672670000220e-02 1.396698340410000017e-01 1.868599999999999994e+01 5.265039999999999765e+01 7.851430000000000575e+01 8.733060000000000400e+01 2.194505115530520634e-01 6.560130785023859934e-01
3.292679999999999829e+00 1.811739999999999906e+00 1.757560000000000011e+00 1.015370000000000106e+00 1.341239999999999988e+00 2.967330000000000023e+00 5.811825911303960535e-01 7.237881208838249369e-01 -1.198069999999999968e-01 8.291601793221335948e-01 nan nan 1.757718333984714665e-02 6.727826438549999732e-01 3.772429545849999982e-02 1.384419490550000131e-01 1.208750000000000036e+01 3.493670000000000186e+01 4.913369999999999749e+01 6.553679999999999950e+01 2.194505115530520634e-01 6.560130785023859934e-01
2.961720000000000130e+00 1.777979999999999894e+00 1.754860000000000086e+00 1.163129999999999997e+00 1.219039999999999901e+00 3.020849999999999813e+00 6.190185903645550880e-01 7.607656305506876881e-01 -3.143159999999999843e-01 8.590680662593747074e-01 nan nan 7.849130209235943845e-03 6.727826438549999732e-01 3.772429545849999982e-02 1.384419490550000131e-01 1.208750000000000036e+01 3.493670000000000186e+01 4.913369999999999749e+01 6.553679999999999950e+01 2.136698799533607307e-01 5.843741176716641395e-01
2.635540000000000216e+00 1.741479999999999917e+00 1.752369999999999983e+00 9.435750000000000526e-01 1.116309999999999913e+00 2.805499999999999883e+00 6.567088662980652414e-01 7.963484991320127770e-01 -3.143159999999999843e-01 8.868174347258847012e-01 nan nan 1.967856702999148943e-03 7.117124575719999680e-01 3.640743500429999974e-02 1.291505540760000126e-01 8.051479999999999748e+00 2.461220000000000141e+01 3.796500000000000341e+01 5.094859999999999900e+01 2.136698799533607307e-01 5.843741176716641395e-01
2.509230000000000071e+00 1.726369999999999960e+00 1.784140000000000059e+00 8.245529999999999804e-01 1.036170000000000035e+00 2.561059999999999892e+00 6.943616199996318628e-01 8.301335585085810598e-01 -3.143159999999999843e-01 9.120938732888529410e-01 nan nan 0.000000000000000000e+00 7.117124575719999680e-01 3.640743500429999974e-02 1.291505540760000126e-01 8.051479999999999748e+00 2.461220000000000141e+01 3.796500000000000341e+01 5.094859999999999900e+01 2.135494501283673463e-01 6.936904591767375505e-01
2.413829999999999920e+00 1.714800000000000102e+00 1.770240000000000036e+00 9.829170000000000407e-01 1.194860000000000033e+00 2.639600000000000168e+00 7.307028441566834065e-01 8.617380104578309385e-01 -3.143159999999999843e-01 9.346109897994089311e-01 nan nan 1.967856702999148943e-03 7.103263382840000473e-01 4.092688218019999852e-02 1.276244520220000123e-01 6.868039999999999701e+00 1.570170000000000066e+01 2.711230000000000118e+01 3.889800000000000324e+01 2.135494501283673463e-01 6.936904591767375505e-01
2.505630000000000024e+00 1.725840000000000041e+00 1.779400000000000093e+00 6.509239999999999471e-01 8.578059999999999574e-01 2.697529999999999983e+00 7.647175464935835887e-01 8.908037639106793915e-01 -3.143159999999999843e-01 9.541136563301042539e-01 nan nan 7.849130209235943845e-03 7.103263382840000473e-01 4.092688218019999852e-02 1.276244520220000123e-01 6.868039999999999701e+00 1.570170000000000066e+01 2.711230000000000118e+01 3.889800000000000324e+01 2.136753540363149906e-01 6.342446223721865950e-01
2.610300000000000065e+00 1.738520000000000065e+00 1.776860000000000106e+00 7.535230000000000539e-01 1.076459999999999972e+00 2.589139999999999997e+00 7.972246452090346880e-01 9.170014922664199153e-01 -2.494790000000000063e-01 9.703808998762765148e-01 nan nan 1.757718333984714665e-02 7.674376974550000119e-01 3.907798320989999685e-02 1.056584586949999988e-01 4.328079999999999927e+00 9.693680000000000518e+00 1.678600000000000136e+01 2.633279999999999887e+01 2.136753540363149906e-01 6.342446223721865950e-01
2.617700000000000138e+00 1.739340000000000108e+00 1.767039999999999944e+00 8.393530000000000157e-01 1.276399999999999979e+00 2.648149999999999782e+00 8.283763791138887278e-01 9.400343647947007053e-01 -2.494790000000000063e-01 9.832284060684862714e-01 nan nan 3.104179336572998604e-02 7.674376974550000119e-01 3.907798320989999685e-02 1.056584586949999988e-01 4.328079999999999927e+00 9.693680000000000518e+00 1.678600000000000136e+01 2.633279999999999887e+01 2.036796785618488759e-01 5.196264679329203329e-01
2.742399999999999949e+00 1.754350000000000076e+00 1.773830000000000018e+00 7.991519999999999735e-01 1.137389999999999901e+00 2.631899999999999906e+00 8.578197866154025908e-01 9.596414098463075248e-01 -3.143159999999999843e-01 9.925106075279732654e-01 nan nan 4.809040087510618733e-02 7.669192690489999853e-01 4.907977121419999922e-02 1.065148298849999953e-01 5.730229999999999713e+00 9.955450000000000799e+00 1.338189999999999991e+01 1.813070000000000093e+01 2.036796785618488759e-01 5.196264679329203329e-01
2.154809999999999892e+00 1.681410000000000071e+00 1.738359999999999905e+00 8.133909999999999751e-01 1.227130000000000054e+00 2.383770000000000167e+00 8.852212621415951332e-01 9.756004717662279946e-01 -3.143159999999999843e-01 9.981223332032221895e-01 nan nan 6.349232571449969775e-02 7.669192690489999853e-01 4.907977121419999922e-02 1.065148298849999953e-01 5.730229999999999713e+00 9.955450000000000799e+00 1.338189999999999991e+01 1.813070000000000093e+01 1.989445968064200709e-01 2.670112903169585827e-01
1.842319999999999958e+00 1.636239999999999917e+00 1.700120000000000076e+00 7.331609999999999516e-01 1.066109999999999891e+00 2.135320000000000107e+00 9.102703360256807485e-01 9.877307280059917094e-01 -2.494790000000000063e-01 1.000000000000000000e+00 nan nan 8.188939704475184378e-02 7.559973908129999920e-01 5.597994990139999738e-02 1.118315022609999987e-01 5.143089999999999939e+00 1.273039999999999949e+01 1.723620000000000019e+01 1.892030000000000101e+01 1.989445968064200709e-01 2.670112903169585827e-01
1.573439999999999950e+00 1.589520000000000044e+00 1.678479999999999972e+00 4.267960000000000087e-01 7.343349999999999600e-01 2.012519999999999865e+00 9.326831922514505768e-01 9.958947379153979540e-01 -3.143159999999999843e-01 9.981223332032220785e-01 nan nan 1.078895078201626001e-01 7.559973908129999920e-01 5.597994990139999738e-02 1.118315022609999987e-01 5.143089999999999939e+00 1.273039999999999949e+01 1.723620000000000019e+01 1.892030000000000101e+01 1.933665062760361320e-01 4.012297696273393610e-01
1.383739999999999970e+00 1.553250000000000020e+00 1.675219999999999931e+00 7.109670000000000156e-01 8.497310000000000141e-01 1.707719999999999905e+00 9.522058842021435821e-01 1.000000000000000000e+00 -3.143159999999999843e-01 9.925106075279732654e-01 nan nan 1.361605537784126296e-01 6.576584969550000048e-01 8.838320913519999433e-02 1.497342295799999889e-01 5.038400000000000212e+00 1.349610000000000021e+01 2.034349999999999881e+01 2.641169999999999973e+01 1.933665062760361320e-01 4.012297696273393610e-01
1.219680000000000097e+00 1.520529999999999937e+00 1.652930000000000010e+00 5.924669999999999659e-01 7.790580000000000283e-01 1.511249999999999982e+00 9.686172119770865008e-01 1.000000000000000000e+00 -3.143159999999999843e-01 9.832284060684862714e-01 nan nan 1.714197252903751911e-01 6.576584969550000048e-01 8.838320913519999433e-02 1.497342295799999889e-01 5.038400000000000212e+00 1.349610000000000021e+01 2.034349999999999881e+01 2.641169999999999973e+01 1.879964308979138465e-01 3.254497478065970784e-01
1.175529999999999964e+00 1.509810000000000096e+00 1.644079999999999986e+00 5.113130000000000175e-01 7.390010000000000190e-01 1.377729999999999899e+00 9.817312286749557693e-01 9.958947379153979540e-01 -3.143159999999999843e-01 9.703808998762765148e-01 nan nan 2.084511827304008635e-01 6.145738651590000323e-01 9.214465493460000101e-02 1.601986629849999899e-01 6.204690000000000261e+00 1.797080000000000055e+01 2.895909999999999940e+01 3.269740000000000180e+01 1.879964308979138465e-01 3.254497478065970784e-01
1.068410000000000082e+00 1.484699999999999909e+00 1.604970000000000008e+00 4.513789999999999747e-01 7.958229999999999471e-01 1.235039999999999916e+00 9.913993472464690537e-01 9.877307280059917094e-01 -2.494790000000000063e-01 9.541136563301042539e-01 nan nan 2.472206148469201503e-01 6.145738651590000323e-01 9.214465493460000101e-02 1.601986629849999899e-01 6.204690000000000261e+00 1.797080000000000055e+01 2.895909999999999940e+01 3.269740000000000180e+01 1.828726892527329229e-01 2.969154672810867535e-01
1.005139999999999922e+00 1.469370000000000065e+00 1.579800000000000093e+00 8.049020000000000064e-01 9.236290000000000333e-01 1.136749999999999927e+00 9.975120240450268128e-01 9.756004717662279946e-01 -2.494790000000000063e-01 9.346109897994089311e-01 nan nan 2.876740184408191903e-01 5.928450493769999996e-01 8.355384002269999888e-02 1.475741565310000059e-01 7.852859999999999729e+00 2.707999999999999829e+01 3.741949999999999932e+01 4.141579999999999728e+01 1.828726892527329229e-01 2.969154672810867535e-01
8.581330000000000346e-01 1.431219999999999937e+00 1.540419999999999900e+00 6.388239999999999474e-01 7.711179999999999701e-01 9.330629999999999757e-01 1.000000000000000000e+00 9.596414098463076359e-01 -3.143159999999999843e-01 9.120938732888532741e-01 nan nan 3.297383102432646096e-01 5.928450493769999996e-01 8.355384002269999888e-02 1.475741565310000059e-01 7.852859999999999729e+00 2.707999999999999829e+01 3.741949999999999932e+01 4.141579999999999728e+01 1.752253953656413010e-01 3.076898944866025554e-01
6.482719999999999594e-01 1.368409999999999904e+00 1.486480000000000024e+00 6.642329999999999623e-01 8.699670000000000458e-01 7.007970000000000033e-01 9.988350853496738013e-01 9.400343647947008163e-01 -2.494790000000000063e-01 8.868174347258848123e-01 nan nan 3.733221549783419801e-01 6.140151912200000339e-01 6.667376940329999835e-02 1.262037345329999893e-01 1.663950000000000173e+01 3.487389999999999901e+01 4.417240000000000322e+01 4.778050000000000352e+01 1.752253953656413010e-01 3.076898944866025554e-01
4.235880000000000201e-01 1.286540000000000017e+00 1.422609999999999930e+00 4.921459999999999724e-01 5.338969999999999549e-01 4.967880000000000074e-01 9.940304790425126269e-01 9.170014922664199153e-01 -2.494790000000000063e-01 8.590680662593748185e-01 nan nan 4.183170002282274869e-01 6.140151912200000339e-01 6.667376940329999835e-02 1.262037345329999893e-01 1.663950000000000173e+01 3.487389999999999901e+01 4.417240000000000322e+01 4.778050000000000352e+01 1.727511098703189418e-01 3.834524875994743676e-01
2.255310000000000092e-01 1.195429999999999993e+00 1.348139999999999894e+00 7.954609999999999737e-01 5.213740000000000041e-01 1.770619999999999972e-01 9.856406191877999934e-01 8.908037639106795025e-01 -3.143159999999999843e-01 8.291601793221335948e-01 nan nan 4.645983063754576259e-01 6.100656298250000109e-01 7.158836821340000545e-02 1.091137072569999950e-01 1.324520000000000053e+01 4.367810000000000059e+01 5.550370000000000203e+01 5.583800000000000097e+01 1.727511098703189418e-01 3.834524875994743676e-01
6.137019999999999975e-02 1.100100000000000078e+00 1.230029999999999957e+00 5.249279999999999502e-01 4.918330000000000202e-01 4.106839999999999623e-03 9.737605662501076509e-01 8.617380104578311606e-01 -3.143159999999999843e-01 7.974326422237456580e-01 nan nan 5.069894450684409026e-01 6.100656298250000109e-01 7.158836821340000545e-02 1.091137072569999950e-01 1.324520000000000053e+01 4.367810000000000059e+01 5.550370000000000203e+01 5.583800000000000097e+01 1.848597813651268185e-01 4.337587099967583626e-01
-3.029079999999999967e-02 1.030100000000000016e+00 1.140220000000000011e+00 8.287729999999999819e-01 3.160439999999999916e-01 -1.323940000000000117e-01 9.585249259762479435e-01 8.301335585085810598e-01 -3.143159999999999843e-01 7.642449406372159304e-01 nan nan 5.502117168489606414e-01 5.845896501930000211e-01 9.323145905120000521e-02 9.298969894630000621e-02 2.337280000000000157e+01 5.570349999999999824e+01 6.544559999999999889e+01 6.683110000000000639e+01 1.848597813651268185e-01 4.337587099967583626e-01
-5.403979999999999895e-02 1.009390000000000009e+00 1.071430000000000105e+00 3.487460000000000004e-01 5.677360000000000184e-01 -2.244279999999999886e-01 9.401063242583769242e-01 7.963484991320128881e-01 -2.494790000000000063e-01 7.299731044826526238e-01 nan nan 5.937753961069998088e-01 5.845896501930000211e-01 9.323145905120000521e-02 9.298969894630000621e-02 2.337280000000000157e+01 5.570349999999999824e+01 6.544559999999999889e+01 6.683110000000000639e+01 1.845203882219630387e-01 4.816632564494933710e-01
-1.015970000000000067e-01 9.713889999999999469e-01 1.025949999999999918e+00 2.720719999999999805e-01 8.926900000000000113e-02 -3.018290000000000139e-01 9.187134512136575504e-01 7.607656305506877992e-01 -2.494790000000000063e-01 6.950054473580180581e-01 nan nan 6.371868889494017862e-01 4.984538445130000106e-01 8.065806825639999789e-02 9.290050168199999459e-02 2.275639999999999930e+01 6.356170000000000186e+01 7.510339999999999350e+01 7.239719999999999800e+01 1.845203882219630387e-01 4.816632564494933710e-01
-1.440690000000000026e-01 9.228309999999999569e-01 9.721689999999999499e-01 5.412099999999999689e-01 6.782930000000000348e-01 -3.492450000000000276e-01 8.945886966418449271e-01 7.237881208838250480e-01 -2.494790000000000063e-01 6.565421503365841405e-01 nan nan 6.799543258159098658e-01 4.984538445130000106e-01 8.065806825639999789e-02 9.290050168199999459e-02 2.275639999999999930e+01 6.356170000000000186e+01 7.510339999999999350e+01 7.239719999999999800e+01 1.634561170139972042e-01 5.191593785619922352e-01
3.779769999999999658e-02 1.083329999999999904e+00 1.101120000000000099e+00 9.038350000000000550e-02 1.044220000000000009e-01 -4.061739999999999795e-01 8.680054036520004068e-01 6.858349400914134364e-01 -1.846430000000000016e-01 6.178774880539406045e-01 nan nan 7.215931345578256995e-01 2.832731829169999882e-01 7.545463299700000404e-02 9.173547369390000483e-02 3.189770000000000039e+01 6.517069999999999652e+01 7.425879999999999370e+01 7.402589999999999293e+01 1.634561170139972042e-01 5.191593785619922352e-01
-4.541879999999999806e-01 -7.838710000000000122e-02 -2.541519999999999890e-01 -1.165260000000000046e-01 2.958649999999999891e-01 -4.634739999999999971e-01 8.392647715758442262e-01 6.473361128771524253e-01 -1.846430000000000016e-01 5.792128257712971795e-01 nan nan 7.616315308340797507e-01 2.832731829169999882e-01 7.545463299700000404e-02 9.173547369390000483e-02 3.189770000000000039e+01 6.517069999999999652e+01 7.425879999999999370e+01 7.402589999999999293e+01 1.644907186923511011e-01 5.616366253838673828e-01
-4.588949999999999974e-01 -1.308719999999999883e-01 -5.328610000000000291e-02 -8.911850000000000049e-01 -7.812409999999999632e-01 -4.836199999999999943e-01 8.086924432589728262e-01 6.087278463367304937e-01 -3.143159999999999843e-01 5.407495287498633729e-01 nan nan 7.996158636163305244e-01 1.450728686059999939e-01 6.610507360900000351e-02 9.167826248389999988e-02 2.138269999999999982e+01 6.103119999999999834e+01 7.305530000000000257e+01 7.301170000000000471e+01 1.644907186923511011e-01 5.616366253838673828e-01
-4.703680000000000083e-01 -6.439810000000000256e-01 -4.046759999999999802e-01 -8.745260000000000256e-01 -8.488170000000000437e-01 -4.840780000000000083e-01 7.766348153972988388e-01 5.687056597487376575e-01 -2.494790000000000063e-01 5.026866807019778616e-01 nan nan 8.351157552363857040e-01 1.450728686059999939e-01 6.610507360900000351e-02 9.167826248389999988e-02 2.138269999999999982e+01 6.103119999999999834e+01 7.305530000000000257e+01 7.301170000000000471e+01 1.555132226473759927e-01 6.464656323309502239e-01
-4.739070000000000227e-01 -1.152009999999999978e+00 -1.060840000000000005e+00 -9.108420000000000405e-01 -9.324879999999999836e-01 -4.856610000000000094e-01 7.434551137240733576e-01 5.275390431122508605e-01 -2.494790000000000063e-01 4.652188280930978914e-01 nan nan 8.677289777371536283e-01 1.016422528230000039e-01 5.377663949119999842e-02 9.731059188349999722e-02 1.837389999999999901e+01 5.071959999999999980e+01 6.401879999999999882e+01 6.632240000000000180e+01 1.555132226473759927e-01 6.464656323309502239e-01
-4.729499999999999815e-01 -8.661870000000000402e-01 -8.253639999999999866e-01 -9.840079999999999938e-01 -1.012459999999999916e+00 -4.853000000000000091e-01 7.082547870494373399e-01 4.871233688224428926e-01 -2.494790000000000063e-01 4.285337758526085450e-01 nan nan 8.970860102761176735e-01 1.016422528230000039e-01 5.377663949119999842e-02 9.731059188349999722e-02 1.837389999999999901e+01 5.071959999999999980e+01 6.401879999999999882e+01 6.632240000000000180e+01 3.845762238680965339e-01 6.801797248355601067e-01
-4.746779999999999888e-01 -1.606130000000000058e+00 -1.525279999999999969e+00 -9.455909999999999593e-01 -1.051279999999999992e+00 -4.835360000000000213e-01 6.710052743192889135e-01 4.476585219824419370e-01 -1.198069999999999968e-01 3.928104594689298956e-01 nan nan 9.228542259441364637e-01 9.941899090750000445e-02 4.808645331220000319e-02 9.339852364230000203e-02 2.331709999999999994e+01 4.056029999999999802e+01 5.161939999999999884e+01 6.061290000000000333e+01 3.845762238680965339e-01 6.801797248355601067e-01
-4.743299999999999739e-01 -1.266340000000000021e+00 -1.220480000000000009e+00 -8.989059999999999828e-01 -9.257450000000000401e-01 -4.830079999999999929e-01 6.331183792789503162e-01 4.093336144404386978e-01 -3.143159999999999843e-01 3.582169175789340354e-01 nan nan 9.447416605612344309e-01 9.941899090750000445e-02 4.808645331220000319e-02 9.339852364230000203e-02 2.331709999999999994e+01 4.056029999999999802e+01 5.161939999999999884e+01 6.061290000000000333e+01 8.842833604300439632e-01 8.450065009080356404e-01
-4.724149999999999738e-01 -7.425239999999999618e-01 -7.527350000000000430e-01 -9.699600000000000444e-01 -9.994509999999999783e-01 -4.837409999999999766e-01 5.950737688554275095e-01 3.723248420768811018e-01 -5.736620000000000053e-01 3.249083880230448917e-01 nan nan 9.625003207474254197e-01 1.003671587289999972e-01 5.967846493690000254e-02 7.699159260889999745e-02 1.775199999999999889e+01 3.616729999999999734e+01 4.628499999999999659e+01 4.948169999999999646e+01 8.842833604300439632e-01 8.450065009080356404e-01
-4.675730000000000164e-01 -3.633689999999999976e-01 -3.505170000000000230e-01 -1.011319999999999997e+00 -1.022280000000000078e+00 -4.842299999999999938e-01 5.571067743786253246e-01 3.367934884347441038e-01 -5.736620000000000053e-01 2.930255489384759882e-01 nan nan 9.759289937867988707e-01 1.003671587289999972e-01 5.967846493690000254e-02 7.699159260889999745e-02 1.775199999999999889e+01 3.616729999999999734e+01 4.628499999999999659e+01 4.948169999999999646e+01 6.907526316653802567e-01 8.150709522697406895e-01
-4.737750000000000017e-01 -1.051120000000000054e+00 -9.649290000000000367e-01 -9.401720000000000077e-01 -9.662760000000000238e-01 -4.835630000000000206e-01 5.194244897497157787e-01 3.028840973125423996e-01 -1.846430000000000016e-01 2.626929248197236166e-01 nan nan 9.848755274479935595e-01 1.248105082350000061e-01 6.413939257390000037e-02 8.615764026939999598e-02 1.037679999999999936e+01 2.435950000000000060e+01 3.180209999999999937e+01 3.590970000000000084e+01 6.907526316653802567e-01 8.150709522697406895e-01
-4.741529999999999911e-01 -1.198280000000000012e+00 -1.104139999999999899e+00 -9.280220000000000136e-01 -1.044259999999999966e+00 -4.845320000000000182e-01 4.822054755338681664e-01 2.707228350253366722e-01 -1.198069999999999968e-01 2.340174756062872730e-01 nan nan 9.942760665478911353e-01 1.248105082350000061e-01 6.413939257390000037e-02 8.615764026939999598e-02 1.037679999999999936e+01 2.435950000000000060e+01 3.180209999999999937e+01 3.590970000000000084e+01 9.282019279720166161e-01 1.000000000000000000e+00
-4.745840000000000058e-01 -1.532650000000000068e+00 -1.269640000000000102e+00 -9.923260000000000414e-01 -1.092240000000000100e+00 -4.791639999999999788e-01 4.456311011438741643e-01 2.404160608899702511e-01 -5.088249999999999718e-01 2.070873847838156090e-01 nan nan 9.992077600986561947e-01 1.410367243560000095e-01 7.566941871089999383e-02 7.669327322970000138e-02 1.606259999999999977e+01 2.269549999999999912e+01 2.528950000000000031e+01 2.600379999999999825e+01 9.282019279720166161e-01 1.000000000000000000e+00
-4.729439999999999755e-01 -8.133510000000000462e-01 -8.673490000000000366e-01 -9.595650000000000013e-01 -1.067439999999999944e+00 -4.720340000000000091e-01 4.098858862528034219e-01 2.120491221315100594e-01 -5.736620000000000053e-01 1.819710602299773328e-01 nan nan 1.000000000000000000e+00 1.410367243560000095e-01 7.566941871089999383e-02 7.669327322970000138e-02 1.606259999999999977e+01 2.269549999999999912e+01 2.528950000000000031e+01 2.600379999999999825e+01 8.025115092594112820e-01 8.096227381894361974e-01
-4.710989999999999900e-01 -5.655919999999999837e-01 -6.628270000000000550e-01 -9.100979999999999626e-01 -9.342390000000000416e-01 -4.753269999999999995e-01 3.751416187246143785e-01 1.856853868650837347e-01 -5.736620000000000053e-01 1.587163591258740070e-01 nan nan 9.970290798155220235e-01 1.272846808020000053e-01 8.196699943669999433e-02 9.986270864389999724e-02 8.079969999999999430e+00 1.903160000000000096e+01 2.312659999999999982e+01 2.657450000000000045e+01 8.025115092594112820e-01 8.096227381894361974e-01
-4.617789999999999950e-01 -1.270769999999999955e-01 -1.947679999999999967e-01 -1.006860000000000088e+00 -1.013220000000000010e+00 -4.778789999999999982e-01 3.415625931972356977e-01 1.613655261098151383e-01 -5.736620000000000053e-01 1.373500457150543808e-01 nan nan 9.907139312162778211e-01 1.272846808020000053e-01 8.196699943669999433e-02 9.986270864389999724e-02 8.079969999999999430e+00 1.903160000000000096e+01 2.312659999999999982e+01 2.657450000000000045e+01 9.837091291281427896e-01 9.250600418986137941e-01
-4.651089999999999947e-01 -2.454389999999999905e-01 -2.725009999999999932e-01 -7.812109999999999888e-01 -8.933590000000000142e-01 -4.768490000000000228e-01 3.092958518722322969e-01 1.391070529699253155e-01 -3.791519999999999890e-01 1.178774880539406045e-01 nan nan 9.815113773175472289e-01 9.922244142390000687e-02 1.027963678049999968e-01 1.184254327870000040e-01 1.609979999999999833e+01 1.968270000000000053e+01 2.125420000000000087e+01 2.626409999999999911e+01 9.837091291281427896e-01 9.250600418986137941e-01
-4.745019999999999794e-01 -1.474660000000000082e+00 -1.196839999999999904e+00 -9.546050000000000368e-01 -1.023239999999999927e+00 -4.819869999999999988e-01 2.784752580756338913e-01 1.189041242042647717e-01 -2.494790000000000063e-01 1.002825971896049717e-01 nan nan 9.699109566904025037e-01 9.922244142390000687e-02 1.027963678049999968e-01 1.184254327870000040e-01 1.609979999999999833e+01 1.968270000000000053e+01 2.125420000000000087e+01 2.626409999999999911e+01 1.000000000000000000e+00 8.764200039737455317e-01
-4.734809999999999852e-01 -9.273019999999999596e-01 -9.838679999999999648e-01 -9.228079999999999616e-01 -9.777080000000000215e-01 -4.812609999999999943e-01 2.492194245153441789e-01 1.007276064325700604e-01 -4.439890000000000225e-01 8.452800945403393662e-02 nan nan 9.564293766940874519e-01 7.685857846969999796e-02 7.965418826669999619e-02 6.522460171299999943e-02 1.384789999999999921e+01 1.944679999999999964e+01 2.403460000000000107e+01 2.666359999999999886e+01 1.000000000000000000e+00 8.764200039737455317e-01
-4.702339999999999853e-01 -5.095979999999999954e-01 -5.482749999999999568e-01 -9.114959999999999729e-01 -9.522059999999999969e-01 -4.825369999999999937e-01 2.216270403983217063e-01 8.452540622830306827e-02 -5.736620000000000053e-01 7.055550980941760475e-02 nan nan 9.416046589751716489e-01 7.685857846969999796e-02 7.965418826669999619e-02 6.522460171299999943e-02 1.384789999999999921e+01 1.944679999999999964e+01 2.403460000000000107e+01 2.666359999999999886e+01 8.494517705921316164e-01 9.512832757605017564e-01
-4.706440000000000068e-01 -5.460129999999999706e-01 -5.701869999999999994e-01 -1.115639999999999965e+00 -1.144619999999999971e+00 -4.838439999999999963e-01 1.957744110140657856e-01 7.022306035798986379e-02 -3.791519999999999890e-01 5.828669144778941824e-02 nan nan 9.259900434673125069e-01 6.452699275930000311e-02 6.635394511000000661e-02 5.087008818759999884e-02 1.414540000000000042e+01 2.166829999999999856e+01 2.382890000000000086e+01 2.824020000000000152e+01 8.494517705921316164e-01 9.512832757605017564e-01
-4.745380000000000154e-01 -1.365850000000000009e+00 -1.460730000000000084e+00 -1.027030000000000109e+00 -1.105609999999999982e+00 -4.854370000000000074e-01 1.717202836269526856e-01 5.772457947940934364e-02 -5.497010000000000091e-02 4.762384417148957105e-02 nan nan 9.101477199617432623e-01 6.452699275930000311e-02 6.635394511000000661e-02 5.087008818759999884e-02 1.414540000000000042e+01 2.166829999999999856e+01 2.382890000000000086e+01 2.824020000000000152e+01 6.556747080945264372e-01 8.600962761822763536e-01
-4.747569999999999846e-01 -1.746240000000000014e+00 -1.516650000000000054e+00 -1.055579999999999963e+00 -1.128609999999999891e+00 -4.859200000000000186e-01 1.495038560121444426e-01 4.691353573919621045e-02 3.340489999999999848e-01 3.845106148874877228e-02 nan nan 8.946424582722988239e-01 1.161475562679999962e-01 4.555993912780000044e-02 5.616145195200000079e-02 1.989630000000000010e+01 3.281850000000000023e+01 3.625650000000000261e+01 3.236679999999999779e+01 6.556747080945264372e-01 8.600962761822763536e-01
-4.748399999999999843e-01 -1.903210000000000068e+00 -1.674169999999999936e+00 -1.005109999999999948e+00 -1.116030000000000078e+00 -4.850260000000000127e-01 1.291409066560207375e-01 3.765438194694181728e-02 7.470290000000000263e-02 3.063555388055216877e-02 nan nan 8.800352091677543509e-01 1.161475562679999962e-01 4.555993912780000044e-02 5.616145195200000079e-02 1.989630000000000010e+01 3.281850000000000023e+01 3.625650000000000261e+01 3.236679999999999779e+01 6.896797114063466516e-01 8.295332940606449101e-01
-4.742640000000000189e-01 -1.234350000000000058e+00 -1.171869999999999967e+00 -9.847759999999999847e-01 -1.015320000000000000e+00 -4.835329999999999906e-01 1.106286080236528191e-01 2.979398737902316796e-02 -1.846430000000000016e-01 2.402915335895161597e-02 nan nan 8.668767485754702573e-01 2.177621568810000074e-01 2.328400861319999959e-02 4.907943033400000155e-02 2.881250000000000000e+01 3.935410000000000252e+01 3.982690000000000197e+01 3.877369999999999806e+01 6.896797114063466516e-01 8.295332940606449101e-01
-4.743109999999999826e-01 -1.244369999999999976e+00 -1.229379999999999917e+00 -9.178429999999999644e-01 -1.026159999999999961e+00 -4.775929999999999898e-01 9.394120720106491351e-02 2.316337281089020372e-02 -1.846430000000000016e-01 1.846999226957246609e-02 nan nan 8.557014370700564143e-01 2.177621568810000074e-01 2.328400861319999959e-02 4.907943033400000155e-02 2.881250000000000000e+01 3.935410000000000252e+01 3.982690000000000197e+01 3.877369999999999806e+01 3.536640774254293795e-01 7.367045102010227886e-01
-4.725690000000000168e-01 -7.432130000000000125e-01 -8.270140000000000269e-01 -9.430760000000000254e-01 -1.022559999999999913e+00 -4.466399999999999815e-01 7.903152396642643129e-02 1.757962511919985982e-02 -5.736620000000000053e-01 1.378433731681782959e-02 nan nan 8.470211653545427488e-01 2.420790689629999937e-01 1.348655163430000081e-02 5.163130552169999804e-02 1.372540000000000049e+01 4.415189999999999770e+01 4.616259999999999764e+01 4.183780000000000143e+01 3.536640774254293795e-01 7.367045102010227886e-01
-4.709999999999999742e-01 -6.380630000000000468e-01 -6.333429999999999893e-01 3.260350000000000192e-01 5.736919999999999797e-01 -4.295849999999999946e-01 6.582885982198838359e-02 1.284796976059188189e-02 -5.088249999999999718e-01 9.788558031527117009e-03 nan nan 8.362820417160548025e-01 2.420790689629999937e-01 1.348655163430000081e-02 5.163130552169999804e-02 1.372540000000000049e+01 4.415189999999999770e+01 4.616259999999999764e+01 4.183780000000000143e+01 3.821019383727740637e-01 7.006863425159386427e-01
-1.481250000000000067e-01 9.301180000000000003e-01 7.893919999999999826e-01 2.537939999999999863e+00 2.689220000000000166e+00 -4.251519999999999744e-01 5.424385019518995765e-02 8.763977645093956603e-03 1.630779999999999896e+00 6.291207377567498149e-03 nan nan 8.288073537983673411e-01 2.170058136699999918e-01 1.057269869610000072e-02 4.703210443659999740e-02 2.608190000000000097e+01 4.235280000000000200e+01 4.568730000000000047e+01 4.600999999999999801e+01 3.821019383727740637e-01 7.006863425159386427e-01
-2.799829999999999819e-01 7.288090000000000401e-01 7.408109999999999973e-01 2.612449999999999939e+00 2.472980000000000178e+00 -4.314549999999999774e-01 4.417106453082475515e-02 5.115881399395894036e-03 2.149469999999999992e+00 3.095190923250723536e-03 nan nan 8.246817928023211230e-01 2.170058136699999918e-01 1.057269869610000072e-02 4.703210443659999740e-02 2.608190000000000097e+01 4.235280000000000200e+01 4.568730000000000047e+01 4.600999999999999801e+01 3.007953842532530286e-01 6.608966024476877754e-01
-3.187599999999999878e-01 6.683510000000000284e-01 7.047219999999999596e-01 2.487179999999999946e+00 2.247990000000000155e+00 -4.503489999999999993e-01 3.549683703664108236e-02 1.686974775807481564e-03 2.343980000000000175e+00 0.000000000000000000e+00 nan nan 8.239521029824919962e-01 1.944638689319999891e-01 1.233359153930000014e-02 4.142236976029999712e-02 1.969129999999999825e+01 4.774849999999999994e+01 5.089139999999999731e+01 5.028970000000000340e+01 3.007953842532530286e-01 6.608966024476877754e-01
-4.071449999999999791e-01 3.699459999999999971e-01 3.636310000000000237e-02 2.458330000000000126e+00 2.089789999999999814e+00 -4.685549999999999993e-01 2.811377830221883922e-02 0.000000000000000000e+00 4.483579999999999899e+00 0.000000000000000000e+00 nan nan 8.264624555524104910e-01 1.944638689319999891e-01 1.233359153930000014e-02 4.142236976029999712e-02 1.969129999999999825e+01 4.774849999999999994e+01 5.089139999999999731e+01 5.028970000000000340e+01 4.193038061298781649e-01 7.935116406339866035e-01
-4.235909999999999953e-01 2.400400000000000034e-01 -6.277099999999999902e-01 2.469679999999999875e+00 2.047689999999999788e+00 -4.554770000000000207e-01 2.189670278673105930e-02 0.000000000000000000e+00 5.067109999999999559e+00 0.000000000000000000e+00 nan nan 8.320203107506765061e-01 1.917480282890000054e-01 1.602557785200000098e-02 4.732121278200000086e-02 2.268449999999999989e+01 4.902420000000000044e+01 4.849150000000000205e+01 4.557509999999999906e+01 4.193038061298781649e-01 7.935116406339866035e-01
-4.398279999999999967e-01 1.080070000000000058e-01 -4.297670000000000101e-01 2.278259999999999952e+00 1.823630000000000084e+00 -4.509960000000000080e-01 1.671972436058488665e-02 0.000000000000000000e+00 4.289069999999999716e+00 0.000000000000000000e+00 nan nan 8.355251832389707367e-01 1.917480282890000054e-01 1.602557785200000098e-02 4.732121278200000086e-02 2.268449999999999989e+01 4.902420000000000044e+01 4.849150000000000205e+01 4.557509999999999906e+01 9.096776312548240373e-01 9.881484786480899674e-01
-3.912619999999999987e-01 4.762140000000000262e-01 2.851190000000000113e-01 2.398309999999999942e+00 2.010369999999999990e+00 -4.315649999999999764e-01 1.241683015006933566e-02 0.000000000000000000e+00 2.992340000000000000e+00 0.000000000000000000e+00 nan nan 8.417537005350930190e-01 2.125879553139999878e-01 2.291448380319999895e-02 6.707577845340000067e-02 2.906449999999999889e+01 4.467000000000000171e+01 4.907350000000000279e+01 4.876830000000000354e+01 9.096776312548240373e-01 9.881484786480899674e-01
-4.067589999999999817e-01 4.209030000000000271e-01 2.213420000000000110e-01 2.211930000000000174e+00 1.925149999999999917e+00 -4.327449999999999908e-01 8.796199823876915680e-03 0.000000000000000000e+00 2.668159999999999865e+00 0.000000000000000000e+00 nan nan 8.502500210910439726e-01 2.125879553139999878e-01 2.291448380319999895e-02 6.707577845340000067e-02 2.906449999999999889e+01 4.467000000000000171e+01 4.907350000000000279e+01 4.876830000000000354e+01 4.110981557814527010e-01 7.076020537989354819e-01
-4.283190000000000053e-01 2.519419999999999993e-01 -1.151019999999999960e-01 2.240310000000000024e+00 1.858829999999999982e+00 -4.470930000000000182e-01 5.706316653243281856e-03 0.000000000000000000e+00 2.733000000000000096e+00 0.000000000000000000e+00 nan nan 8.605326082417217304e-01 2.277646454789999941e-01 3.417795589440000142e-02 9.528735369269999977e-02 1.544480000000000075e+01 4.802219999999999800e+01 5.417779999999999774e+01 4.902360000000000184e+01 4.110981557814527010e-01 7.076020537989354819e-01
-4.320780000000000176e-01 1.993820000000000037e-01 3.932879999999999709e-02 1.957000000000000073e+00 1.813579999999999970e+00 -4.682749999999999968e-01 2.641908742862519865e-03 0.000000000000000000e+00 2.149469999999999992e+00 0.000000000000000000e+00 nan nan 8.720996862077500245e-01 2.277646454789999941e-01 3.417795589440000142e-02 9.528735369269999977e-02 1.544480000000000075e+01 4.802219999999999800e+01 5.417779999999999774e+01 4.902360000000000184e+01 3.805472988137661439e-01 6.823339131283485681e-01
-4.600710000000000077e-01 -1.771790000000000032e-01 -6.000349999999999850e-01 1.789740000000000109e+00 1.476920000000000011e+00 -4.787649999999999961e-01 5.041350792902576927e-04 0.000000000000000000e+00 1.760450000000000070e+00 0.000000000000000000e+00 nan nan 8.844349254155589035e-01 2.263620951380000135e-01 3.853726399179999845e-02 1.477732781390000139e-01 2.663650000000000162e+01 4.719859999999999900e+01 5.545000000000000284e+01 5.577289999999999992e+01 3.805472988137661439e-01 6.823339131283485681e-01
-4.536529999999999729e-01 -4.447490000000000124e-03 -1.771310000000000107e-01 1.687310000000000088e+00 1.255889999999999951e+00 -4.802190000000000070e-01 0.000000000000000000e+00 0.000000000000000000e+00 1.695610000000000062e+00 0.000000000000000000e+00 nan nan 8.970132927177667526e-01 2.263620951380000135e-01 3.853726399179999845e-02 1.477732781390000139e-01 2.663650000000000162e+01 4.719859999999999900e+01 5.545000000000000284e+01 5.577289999999999992e+01 4.473913257681506606e-01 6.604016271441668362e-01
-4.670119999999999827e-01 -4.056520000000000126e-01 -5.224379999999999580e-01 1.254580000000000028e+00 8.378630000000000244e-01 -4.791549999999999976e-01 0.000000000000000000e+00 0.000000000000000000e+00 1.565940000000000110e+00 0.000000000000000000e+00 nan nan 9.093070002285337239e-01 1.779470538310000127e-01 4.874195419110000094e-02 1.485403757419999915e-01 1.652280000000000015e+01 4.439789999999999992e+01 6.298349999999999937e+01 5.660810000000000031e+01 4.473913257681506606e-01 6.604016271441668362e-01
-4.673700000000000077e-01 -3.887740000000000085e-01 -4.775499999999999745e-01 9.323160000000000336e-01 6.747130000000000072e-01 -4.598579999999999890e-01 0.000000000000000000e+00 0.000000000000000000e+00 1.112090000000000023e+00 0.000000000000000000e+00 nan nan 9.207914853712008130e-01 1.779470538310000127e-01 4.874195419110000094e-02 1.485403757419999915e-01 1.652280000000000015e+01 4.439789999999999992e+01 6.298349999999999937e+01 5.660810000000000031e+01 3.919443395245211237e-01 6.351578866645984922e-01
-4.719419999999999726e-01 -7.761040000000000161e-01 -7.982339999999999991e-01 5.737139999999999462e-01 4.982139999999999902e-01 -4.326519999999999810e-01 0.000000000000000000e+00 0.000000000000000000e+00 5.933950000000000058e-01 0.000000000000000000e+00 nan nan 9.309513543818891401e-01 2.121851061199999944e-01 5.486122064840000256e-02 1.458749575119999975e-01 1.740889999999999915e+01 3.567049999999999699e+01 4.424689999999999657e+01 4.424949999999999761e+01 3.919443395245211237e-01 6.351578866645984922e-01
-4.636270000000000113e-01 -2.077549999999999952e-01 -2.338290000000000091e-01 4.050070000000000059e-01 2.888930000000000109e-01 -4.258140000000000258e-01 0.000000000000000000e+00 0.000000000000000000e+00 9.866420000000000745e-03 0.000000000000000000e+00 nan nan 9.444878310085982331e-01 2.121851061199999944e-01 5.486122064840000256e-02 1.458749575119999975e-01 1.740889999999999915e+01 3.567049999999999699e+01 4.424689999999999657e+01 4.424949999999999761e+01 2.625315444030238421e-01 6.403481558684203101e-01
-4.166050000000000031e-01 4.142730000000000024e-01 3.363479999999999803e-01 2.457670000000000132e-01 1.718810000000000060e-01 -3.841769999999999907e-01 0.000000000000000000e+00 0.000000000000000000e+00 -5.736620000000000053e-01 0.000000000000000000e+00 nan nan 9.562100289441293199e-01 2.676931656320000186e-01 5.096817165999999871e-02 1.296953822380000065e-01 1.214630000000000010e+01 3.043590000000000018e+01 3.842860000000000298e+01 3.492940000000000111e+01 2.625315444030238421e-01 6.403481558684203101e-01
-4.273799999999999821e-01 3.375159999999999827e-01 2.649329999999999741e-01 2.710620000000000251e-01 2.685580000000000189e-01 -3.956359999999999877e-01 0.000000000000000000e+00 0.000000000000000000e+00 -5.736620000000000053e-01 0.000000000000000000e+00 nan nan 9.659851310019195170e-01 2.676931656320000186e-01 5.096817165999999871e-02 1.296953822380000065e-01 1.214630000000000010e+01 3.043590000000000018e+01 3.842860000000000298e+01 3.492940000000000111e+01 3.023171793145352781e-01 6.353914313500625966e-01
-4.625859999999999972e-01 -1.409489999999999910e-01 -3.170189999999999952e-01 2.848060000000000036e-01 2.090529999999999888e-01 -4.534639999999999782e-01 0.000000000000000000e+00 0.000000000000000000e+00 -5.736620000000000053e-01 0.000000000000000000e+00 nan nan 9.737023813697219810e-01 2.193325617469999989e-01 3.964753356319999922e-02 1.297973865969999918e-01 2.015429999999999922e+01 3.503349999999999653e+01 3.737330000000000041e+01 3.518930000000000291e+01 3.023171793145352781e-01 6.353914313500625966e-01
-4.367599999999999816e-01 2.550410000000000177e-01 1.942349999999999910e-01 2.965960000000000263e-01 1.079460000000000003e-01 -4.361809999999999854e-01 0.000000000000000000e+00 0.000000000000000000e+00 -5.736620000000000053e-01 0.000000000000000000e+00 nan nan 9.740727314353989641e-01 2.193325617469999989e-01 3.964753356319999922e-02 1.297973865969999918e-01 2.015429999999999922e+01 3.503349999999999653e+01 3.737330000000000041e+01 3.518930000000000291e+01 1.420141340821878817e-01 6.269559367407619987e-01
-4.461749999999999883e-01 1.204530000000000045e-01 1.556710000000000038e-01 4.661549999999999860e-01 2.104260000000000019e-01 -4.450740000000000252e-01 0.000000000000000000e+00 0.000000000000000000e+00 -1.198069999999999968e-01 0.000000000000000000e+00 nan nan 9.717442276445927840e-01 2.052240589219999911e-01 4.250341483029999867e-02 1.441663123009999936e-01 1.443900000000000006e+01 3.153490000000000038e+01 3.419469999999999743e+01 3.583180000000000121e+01 1.420141340821878817e-01 6.269559367407619987e-01
-4.507530000000000148e-01 5.806759999999999700e-02 6.989599999999999980e-02 5.141250000000000542e-01 3.235620000000000163e-01 -4.693550000000000222e-01 0.000000000000000000e+00 6.845698059778637656e-04 -1.198069999999999968e-01 0.000000000000000000e+00 nan nan 9.663579829174311353e-01 2.052240589219999911e-01 4.250341483029999867e-02 1.441663123009999936e-01 1.443900000000000006e+01 3.153490000000000038e+01 3.419469999999999743e+01 3.583180000000000121e+01 2.184651766212865054e-01 6.187958157158144346e-01
-4.355299999999999727e-01 2.710750000000000104e-01 1.970179999999999987e-01 1.943590000000000040e-01 7.019000000000000239e-02 -4.658169999999999811e-01 0.000000000000000000e+00 1.391439404101246780e-03 -5.736620000000000053e-01 0.000000000000000000e+00 nan nan 9.575897556006617295e-01 2.144989571079999879e-01 4.036307055889999662e-02 1.115720978120000040e-01 1.240820000000000078e+01 2.319969999999999999e+01 2.437300000000000111e+01 2.984400000000000119e+01 2.184651766212865054e-01 6.187958157158144346e-01
-4.664639999999999898e-01 -3.107650000000000134e-01 -3.441819999999999879e-01 2.667709999999999804e-01 9.185619999999999896e-02 -4.787790000000000101e-01 0.000000000000000000e+00 2.164955713105820578e-03 2.043760000000000021e-01 0.000000000000000000e+00 nan nan 9.451536232551436267e-01 2.144989571079999879e-01 4.036307055889999662e-02 1.115720978120000040e-01 1.240820000000000078e+01 2.319969999999999999e+01 2.437300000000000111e+01 2.984400000000000119e+01 3.961320129845248283e-01 6.106182659829966219e-01
-4.733330000000000037e-01 -9.845720000000000027e-01 -1.362670000000000048e+00 -1.769850000000000034e-01 -2.124689999999999912e-01 -4.839910000000000045e-01 0.000000000000000000e+00 3.048710517862374125e-03 1.176919999999999966e+00 0.000000000000000000e+00 nan nan 9.288052222713325534e-01 1.681640635040000109e-01 5.255888151959999671e-02 1.058644042210000052e-01 1.494209999999999994e+01 2.979230000000000089e+01 3.047919999999999874e+01 3.555720000000000169e+01 3.961320129845248283e-01 6.106182659829966219e-01
-4.730960000000000165e-01 -9.303150000000000031e-01 -1.094729999999999981e+00 1.261549999999999998e-02 -1.526429999999999974e-02 -4.790090000000000181e-01 0.000000000000000000e+00 4.085046557035565407e-03 6.582310000000000105e-01 0.000000000000000000e+00 nan nan 9.083445166066191900e-01 1.681640635040000109e-01 5.255888151959999671e-02 1.058644042210000052e-01 1.494209999999999994e+01 2.979230000000000089e+01 3.047919999999999874e+01 3.555720000000000169e+01 2.976970533011457087e-01 6.080632174091877840e-01
-4.719670000000000254e-01 -7.758869999999999933e-01 -6.534710000000000241e-01 8.010609999999999953e-02 -4.577450000000000269e-02 -4.697520000000000029e-01 0.000000000000000000e+00 5.314577762935646099e-03 1.395389999999999964e-01 0.000000000000000000e+00 nan nan 8.836180642736225499e-01 1.697625861369999878e-01 5.540137989990000233e-02 1.482325360789999991e-01 1.975319999999999965e+01 4.080149999999999721e+01 3.506430000000000291e+01 3.691349999999999909e+01 2.976970533011457087e-01 6.080632174091877840e-01
-4.710889999999999800e-01 -6.138400000000000523e-01 -6.103169999999999984e-01 -7.060990000000000322e-02 -1.868630000000000013e-01 -4.704309999999999881e-01 0.000000000000000000e+00 6.775729089437354524e-03 -5.497010000000000091e-02 0.000000000000000000e+00 nan nan 8.597223649810331603e-01 1.697625861369999878e-01 5.540137989990000233e-02 1.482325360789999991e-01 1.975319999999999965e+01 4.080149999999999721e+01 3.506430000000000291e+01 3.691349999999999909e+01 1.162093070358387603e-01 5.856742992788001034e-01
-4.580279999999999907e-01 -8.978529999999999844e-02 -1.621219999999999953e-02 1.378449999999999953e-01 1.981719999999999871e-01 -4.673370000000000024e-01 0.000000000000000000e+00 8.504301141898040761e-03 -5.088249999999999718e-01 0.000000000000000000e+00 nan nan 8.318906539319561588e-01 2.016926428880000122e-01 6.044430452409999682e-02 2.033517780590000101e-01 1.529759999999999920e+01 3.304789999999999850e+01 3.072200000000000131e+01 3.057809999999999917e+01 1.162093070358387603e-01 5.856742992788001034e-01
-4.180420000000000247e-01 3.976609999999999867e-01 3.499059999999999948e-01 -1.490920000000000023e-01 -2.428079999999999961e-01 -4.620850000000000235e-01 0.000000000000000000e+00 1.053306454199409714e-02 -5.088249999999999718e-01 0.000000000000000000e+00 nan nan 8.004382755335649469e-01 2.016926428880000122e-01 6.044430452409999682e-02 2.033517780590000101e-01 1.529759999999999920e+01 3.304789999999999850e+01 3.072200000000000131e+01 3.057809999999999917e+01 1.509040447998949430e-01 5.728293415782740317e-01
-4.668809999999999905e-01 -3.507790000000000075e-01 -3.180879999999999819e-01 5.013969999999999816e-01 2.563079999999999803e-01 -4.714570000000000149e-01 0.000000000000000000e+00 1.289138862348282455e-02 9.866420000000000745e-03 0.000000000000000000e+00 nan nan 7.657215978008460322e-01 1.673848209619999972e-01 5.271558691880000314e-02 2.118524508290000052e-01 2.134489999999999910e+01 3.892690000000000339e+01 3.470879999999999654e+01 3.517130000000000223e+01 1.509040447998949430e-01 5.728293415782740317e-01
-4.709720000000000018e-01 -6.215119999999999534e-01 -5.616240000000000121e-01 -4.744740000000000069e-01 -2.298280000000000045e-01 -4.792299999999999893e-01 0.000000000000000000e+00 1.560490866591568437e-02 2.043760000000000021e-01 0.000000000000000000e+00 nan nan 7.281339745645918349e-01 1.673848209619999972e-01 5.271558691880000314e-02 2.118524508290000052e-01 2.134489999999999910e+01 3.892690000000000339e+01 3.470879999999999654e+01 3.517130000000000223e+01 2.288276156536875883e-01 5.812787791538710502e-01
-4.690050000000000052e-01 -4.856050000000000089e-01 -4.280300000000000216e-01 -2.913149999999999906e-01 -2.267389999999999961e-01 -4.746679999999999788e-01 0.000000000000000000e+00 1.869523543667717114e-02 -2.494790000000000063e-01 0.000000000000000000e+00 nan nan 6.881012886153210495e-01 1.582161781639999931e-01 5.681726657359999905e-02 1.674709067269999907e-01 2.143659999999999854e+01 4.235289999999999822e+01 3.850280000000000058e+01 3.684089999999999776e+01 2.288276156536875883e-01 5.812787791538710502e-01
-4.666310000000000180e-01 -3.437769999999999992e-01 -2.943700000000000205e-01 -4.450859999999999816e-01 -2.807100000000000151e-01 -4.682839999999999780e-01 0.000000000000000000e+00 2.217971033235621725e-02 -1.198069999999999968e-01 0.000000000000000000e+00 nan nan 6.460771262810889315e-01 1.582161781639999931e-01 5.681726657359999905e-02 1.674709067269999907e-01 2.143659999999999854e+01 4.235289999999999822e+01 3.850280000000000058e+01 3.684089999999999776e+01 3.472156077053191181e-01 6.192071332215572932e-01
-4.700670000000000126e-01 -5.300789999999999669e-01 -4.791239999999999943e-01 -3.430840000000000001e-01 -3.259020000000000250e-01 -4.609599999999999809e-01 0.000000000000000000e+00 2.607120889379177520e-02 -1.198069999999999968e-01 0.000000000000000000e+00 nan nan 6.025376381131453130e-01 1.975548132419999992e-01 5.304905826530000035e-02 1.496263246650000045e-01 1.266150000000000020e+01 3.051999999999999957e+01 3.173170000000000002e+01 3.226820000000000022e+01 3.472156077053191181e-01 6.192071332215572932e-01
-4.572260000000000213e-01 -2.403390000000000040e-02 -8.040709999999999524e-02 -5.336670000000000025e-01 -4.430100000000000149e-01 -4.649929999999999897e-01 0.000000000000000000e+00 3.037799492105253130e-02 -5.736620000000000053e-01 0.000000000000000000e+00 nan nan 5.579761439099295561e-01 1.975548132419999992e-01 5.304905826530000035e-02 1.496263246650000045e-01 1.266150000000000020e+01 3.051999999999999957e+01 3.173170000000000002e+01 3.226820000000000022e+01 7.616420059229577211e-01 7.058835832029084489e-01
-4.581979999999999942e-01 -2.793829999999999925e-02 -1.460299999999999931e-01 -3.176359999999999739e-01 -4.077040000000000108e-01 -4.343839999999999923e-01 0.000000000000000000e+00 3.510362684127810162e-02 -5.736620000000000053e-01 0.000000000000000000e+00 nan nan 5.128975432066342766e-01 2.370309902390000112e-01 4.491538637550000074e-02 1.878296579829999979e-01 2.465530000000000044e+01 3.251460000000000150e+01 3.021679999999999922e+01 3.099769999999999825e+01 7.616420059229577211e-01 7.058835832029084489e-01
-4.526270000000000016e-01 5.650560000000000305e-02 7.571689999999999844e-03 -4.840559999999999863e-01 -4.734059999999999935e-01 -4.141139999999999821e-01 0.000000000000000000e+00 4.024691739027874693e-02 -5.088249999999999718e-01 0.000000000000000000e+00 nan nan 4.678125945617225279e-01 2.370309902390000112e-01 4.491538637550000074e-02 1.878296579829999979e-01 2.465530000000000044e+01 3.251460000000000150e+01 3.021679999999999922e+01 3.099769999999999825e+01 7.038685344237706198e-01 6.428404610938954766e-01
-4.656939999999999968e-01 -3.758940000000000059e-01 -1.368040000000000089e-01 -1.953670000000000129e-01 -3.781880000000000241e-01 -4.312409999999999854e-01 0.000000000000000000e+00 4.580194706471285571e-02 -5.088249999999999718e-01 0.000000000000000000e+00 nan nan 4.232321284583723253e-01 2.061755233279999877e-01 5.807523387349999844e-02 2.326361124690000115e-01 9.769679999999999254e+00 2.363729999999999976e+01 2.287209999999999965e+01 2.580010000000000048e+01 7.038685344237706198e-01 6.428404610938954766e-01
-4.038129999999999775e-01 4.853089999999999904e-01 4.194379999999999775e-01 -5.602660000000000418e-01 -3.893630000000000146e-01 -4.188370000000000148e-01 0.000000000000000000e+00 5.175813119242489435e-02 -5.736620000000000053e-01 0.000000000000000000e+00 nan nan 3.796612593909851618e-01 2.061755233279999877e-01 5.807523387349999844e-02 2.326361124690000115e-01 9.769679999999999254e+00 2.363729999999999976e+01 2.287209999999999965e+01 2.580010000000000048e+01 6.448852905916935274e-01 6.951126417389668077e-01
-3.875589999999999868e-01 5.629659999999999664e-01 4.883279999999999843e-01 -3.359090000000000131e-01 -3.375699999999999812e-01 -4.098539999999999961e-01 0.000000000000000000e+00 5.810033986101070802e-02 -5.736620000000000053e-01 0.000000000000000000e+00 nan nan 3.375936627161305603e-01 1.359856912849999877e-01 6.994948755049999745e-02 2.375179430140000048e-01 1.470359999999999978e+01 2.496640000000000015e+01 2.409080000000000155e+01 2.438250000000000028e+01 6.448852905916935274e-01 6.951126417389668077e-01
-4.581850000000000089e-01 -1.259760000000000046e-01 3.947509999999999908e-02 -5.699940000000000007e-01 -3.317970000000000086e-01 -4.509690000000000087e-01 0.000000000000000000e+00 6.480906934577013168e-02 -5.736620000000000053e-01 0.000000000000000000e+00 nan nan 2.975059811134931342e-01 1.359856912849999877e-01 6.994948755049999745e-02 2.375179430140000048e-01 1.470359999999999978e+01 2.496640000000000015e+01 2.409080000000000155e+01 2.438250000000000028e+01 6.662561104450976934e-01 7.394373315951102699e-01
-4.499650000000000039e-01 1.036139999999999978e-01 3.965550000000000325e-02 -6.294260000000000410e-01 -4.797409999999999730e-01 -4.704729999999999746e-01 0.000000000000000000e+00 7.186066309470195979e-02 -5.736620000000000053e-01 0.000000000000000000e+00 nan nan 2.598524240338559999e-01 1.096203056549999999e-01 7.912696450799999726e-02 2.634667703110000203e-01 1.428509999999999991e+01 2.516679999999999851e+01 2.789999999999999858e+01 2.815700000000000003e+01 6.662561104450976934e-01 7.394373315951102699e-01
-4.475129999999999941e-01 1.210350000000000037e-01 1.119129999999999986e-01 -7.053369999999999918e-01 -5.314029999999999587e-01 -4.661640000000000228e-01 0.000000000000000000e+00 7.922757976668981517e-02 -5.736620000000000053e-01 0.000000000000000000e+00 nan nan 2.198580122427150618e-01 1.096203056549999999e-01 7.912696450799999726e-02 2.634667703110000203e-01 1.428509999999999991e+01 2.516679999999999851e+01 2.789999999999999858e+01 2.815700000000000003e+01 6.285013603096141210e-01 6.875311538153184854e-01
-4.723720000000000141e-01 -7.217120000000000202e-01 -8.024790000000000534e-01 -5.359939999999999705e-01 -5.872410000000000130e-01 -4.806830000000000269e-01 0.000000000000000000e+00 8.687870528590269092e-02 -4.439890000000000225e-01 0.000000000000000000e+00 nan nan 1.826281410664916116e-01 1.102821229409999965e-01 8.681380361469999418e-02 2.670958110869999791e-01 9.070009999999999906e+00 2.225059999999999860e+01 2.347889999999999944e+01 -1.000000000000000000e+00 6.285013603096141210e-01 6.875311538153184854e-01
-4.744950000000000001e-01 -1.392050000000000010e+00 -1.403140000000000054e+00 -6.843730000000000091e-01 -5.602300000000000058e-01 -4.843140000000000223e-01 0.000000000000000000e+00 9.477970537670654672e-02 7.470290000000000263e-02 0.000000000000000000e+00 nan nan 1.481993698636685508e-01 1.102821229409999965e-01 8.681380361469999418e-02 2.670958110869999791e-01 9.070009999999999906e+00 2.225059999999999860e+01 2.347889999999999944e+01 -1.000000000000000000e+00 3.103969257550128757e-01 5.491506990654726472e-01
-4.723890000000000033e-01 -7.667450000000000099e-01 -7.203159999999999563e-01 -7.102779999999999649e-01 -6.366570000000000285e-01 -4.796770000000000200e-01 0.000000000000000000e+00 1.028934145847261172e-01 -5.497010000000000091e-02 0.000000000000000000e+00 nan nan 1.165765204107674924e-01 9.521721644929999340e-02 6.857508321419999997e-02 4.229258580570000037e-01 8.295149999999999579e+00 1.539269999999999960e+01 -1.000000000000000000e+00 -1.000000000000000000e+00 3.103969257550128757e-01 5.491506990654726472e-01
-4.743189999999999906e-01 -1.319320000000000048e+00 -1.158530000000000060e+00 -6.826999999999999735e-01 -6.859579999999999567e-01 -4.466019999999999990e-01 0.000000000000000000e+00 1.111802573762937785e-01 -1.198069999999999968e-01 0.000000000000000000e+00 nan nan 8.773262226969369415e-02 9.521721644929999340e-02 6.857508321419999997e-02 4.229258580570000037e-01 8.295149999999999579e+00 1.539269999999999960e+01 -1.000000000000000000e+00 -1.000000000000000000e+00 6.857712161770099790e-01 7.931595807350034777e-01
-4.704380000000000228e-01 -5.513320000000000443e-01 -5.173990000000000533e-01 -6.529509999999999481e-01 -6.537929999999999575e-01 -4.438139999999999863e-01 0.000000000000000000e+00 1.195986965450601680e-01 -1.198069999999999968e-01 0.000000000000000000e+00 nan nan 6.160921837357724584e-02 9.563991339079999654e-02 5.919342843509999702e-02 5.281858306069999731e-01 6.934529999999999639e+00 -1.000000000000000000e+00 -1.000000000000000000e+00 -1.000000000000000000e+00 6.857712161770099790e-01 7.931595807350034777e-01
-4.611729999999999996e-01 -2.168480000000000130e-01 -4.257580000000000392e-03 -5.205359999999999987e-01 -3.109219999999999762e-01 -3.898059999999999858e-01 0.000000000000000000e+00 1.281057038451384189e-01 -5.088249999999999718e-01 0.000000000000000000e+00 nan nan 3.811702736869815311e-02 9.563991339079999654e-02 5.919342843509999702e-02 5.281858306069999731e-01 6.934529999999999639e+00 -1.000000000000000000e+00 -1.000000000000000000e+00 -1.000000000000000000e+00 0.000000000000000000e+00 0.000000000000000000e+00
