-4.477650000000000241e-01 -1.159350000000000103e+00 -1.131380000000000052e+00 -1.027420000000000000e+00 -9.935730000000000395e-01 -4.722779999999999756e-01 0.000000000000000000e+00 1.356369600909781425e-01 1.048669999999999991e+00 6.207431107534078230e-03 0.000000000000000000e+00 nan 7.696800629384987769e-01 1.940348335149999839e-02 2.319754361890000172e-02 1.372856927970000050e-02 -1.000000000000000000e+00 -1.000000000000000000e+00 -1.000000000000000000e+00 -1.000000000000000000e+00 0.000000000000000000e+00 0.000000000000000000e+00
-4.480089999999999906e-01 -1.707759999999999945e+00 -1.666269999999999918e+00 -8.198109999999999564e-01 -1.005910000000000082e+00 -4.722379999999999911e-01 0.000000000000000000e+00 1.271492625192804926e-01 9.472340000000000204e-01 1.206860395721365276e-02 0.000000000000000000e+00 nan 8.078893209899500327e-01 1.500534538770000037e-02 2.301334064220000170e-02 1.598283222730000064e-02 4.470309999999999562e+00 -1.000000000000000000e+00 -1.000000000000000000e+00 -1.000000000000000000e+00 0.000000000000000000e+00 0.000000000000000000e+00
-4.477749999999999786e-01 -1.144689999999999985e+00 -1.188139999999999974e+00 -8.712029999999999497e-01 -1.014059999999999961e+00 -4.717890000000000139e-01 0.000000000000000000e+00 1.204828145457030875e-01 -3.714350000000000152e-01 1.903390946802030470e-02 0.000000000000000000e+00 nan 8.436324181573655601e-01 1.500534538770000037e-02 2.301334064220000170e-02 1.598283222730000064e-02 4.470309999999999562e+00 -1.000000000000000000e+00 -1.000000000000000000e+00 -1.000000000000000000e+00 0.000000000000000000e+00 0.000000000000000000e+00
-4.479879999999999973e-01 -1.563369999999999926e+00 -1.651399999999999979e+00 -8.963539999999999841e-01 -9.596959999999999935e-01 -4.719140000000000001e-01 0.000000000000000000e+00 1.157392021130136950e-01 -1.685629999999999906e-01 2.727400905555399380e-02 0.000000000000000000e+00 nan 8.765043708676218959e-01 1.208731140610000074e-02 2.018495034300000004e-02 1.232737542080000054e-02 2.786430000000000184e+00 8.577109999999999346e+00 -1.000000000000000000e+00 -1.000000000000000000e+00 0.000000000000000000e+00 0.000000000000000000e+00
-4.477630000000000221e-01 -1.126600000000000046e+00 -1.191030000000000033e+00 -8.940270000000000161e-01 -1.058999999999999941e+00 -4.721980000000000066e-01 0.000000000000000000e+00 1.113570958753368201e-01 -3.714350000000000152e-01 3.694512020914286765e-02 0.000000000000000000e+00 nan 9.061327267615455483e-01 1.208731140610000074e-02 2.018495034300000004e-02 1.232737542080000054e-02 2.786430000000000184e+00 8.577109999999999346e+00 -1.000000000000000000e+00 -1.000000000000000000e+00 8.038018578454037000e-01 7.386991182320788996e-01
-4.472169999999999757e-01 -8.347170000000000423e-01 -8.279039999999999733e-01 -9.381340000000000234e-01 -1.011540000000000106e+00 -4.721910000000000274e-01 0.000000000000000000e+00 1.076059990038217284e-01 -3.714350000000000152e-01 4.818724648526917509e-02 0.000000000000000000e+00 nan 9.321817847279683100e-01 1.682540091339999877e-02 2.482473760280000039e-02 1.676166544260000030e-02 1.220599999999999952e+01 1.307290000000000063e+01 1.420839999999999925e+01 -1.000000000000000000e+00 8.038018578454037000e-01 7.386991182320788996e-01
-4.479730000000000101e-01 -1.552980000000000027e+00 -1.481950000000000101e+00 -9.859639999999999516e-01 -1.166239999999999943e+00 -4.722410000000000219e-01 1.086914219215029398e-03 1.047482650813608140e-01 -2.699989999999999890e-01 6.112259121133067907e-02 0.000000000000000000e+00 nan 9.543563985314552633e-01 1.682540091339999877e-02 2.482473760280000039e-02 1.676166544260000030e-02 1.220599999999999952e+01 1.307290000000000063e+01 1.420839999999999925e+01 -1.000000000000000000e+00 7.313164642091547485e-01 7.694999138592617527e-01
-4.480230000000000046e-01 -1.805449999999999999e+00 -1.805549999999999988e+00 -8.834689999999999488e-01 -1.045549999999999979e+00 -4.721969999999999779e-01 4.131206369778039900e-03 1.030361255316638580e-01 8.457980000000000498e-01 7.585417287311146950e-02 0.000000000000000000e+00 nan 9.724053209370865369e-01 2.673225087630000038e-02 2.819014534599999927e-02 2.316897287870000113e-02 4.875779999999999781e+00 1.585749999999999993e+01 1.739580000000000126e+01 1.526319999999999943e+01 7.313164642091547485e-01 7.694999138592617527e-01
-4.480259999999999798e-01 -1.839020000000000099e+00 -1.803690000000000015e+00 -9.276879999999999571e-01 -1.072729999999999961e+00 -4.720570000000000044e-01 8.204707319079296290e-03 1.027088317364410752e-01 1.048669999999999991e+00 9.246465787417446069e-02 0.000000000000000000e+00 nan 9.861240504420233366e-01 2.673225087630000038e-02 2.819014534599999927e-02 2.316897287870000113e-02 4.875779999999999781e+00 1.585749999999999993e+01 1.739580000000000126e+01 1.526319999999999943e+01 7.268715060316927046e-01 8.006859935159518216e-01
-4.479199999999999848e-01 -1.340359999999999996e+00 -1.459889999999999910e+00 -9.116499999999999604e-01 -1.101760000000000073e+00 -4.720070000000000099e-01 1.272450459596374817e-02 1.039899442216477565e-01 -2.699989999999999890e-01 1.110154238924763170e-01 0.000000000000000000e+00 nan 9.953571483592480451e-01 2.694398919869999895e-02 2.606449121420000015e-02 3.295556403049999805e-02 1.381530000000000058e+01 1.439639999999999986e+01 1.529369999999999941e+01 1.685340000000000060e+01 7.268715060316927046e-01 8.006859935159518216e-01
-4.473909999999999831e-01 -8.815530000000000310e-01 -9.491939999999999822e-01 -8.590039999999999898e-01 -9.775530000000000053e-01 -4.717129999999999934e-01 1.791237982632709613e-02 1.070847996273961433e-01 -5.743070000000000119e-01 1.315458644467517590e-01 0.000000000000000000e+00 nan 1.000000000000000000e+00 2.694398919869999895e-02 2.606449121420000015e-02 3.295556403049999805e-02 1.381530000000000058e+01 1.439639999999999986e+01 1.529369999999999941e+01 1.685340000000000060e+01 6.583897272077676721e-01 7.723973750567746377e-01
-4.475120000000000209e-01 -9.723420000000000396e-01 -9.391810000000000436e-01 -9.483200000000000518e-01 -1.055290000000000061e+00 -4.716409999999999769e-01 2.398178221488711515e-02 1.121781841617730535e-01 -4.728709999999999858e-01 1.540729425522054941e-01 0.000000000000000000e+00 nan 1.000000000000000000e+00 3.057590111230000171e-02 2.851715630170000015e-02 7.104763538960000291e-02 5.576900000000000190e+00 1.487529999999999930e+01 1.982679999999999865e+01 2.161919999999999931e+01 6.583897272077676721e-01 7.723973750567746377e-01
-4.477490000000000081e-01 -1.127720000000000056e+00 -1.143399999999999972e+00 -8.096680000000000543e-01 -9.147440000000000015e-01 -4.718740000000000157e-01 3.115490109554730491e-02 1.194322398992664347e-01 -4.728709999999999858e-01 1.785909985227706054e-01 0.000000000000000000e+00 nan 9.953571483592478231e-01 3.057590111230000171e-02 2.851715630170000015e-02 7.104763538960000291e-02 5.576900000000000190e+00 1.487529999999999930e+01 1.982679999999999865e+01 2.161919999999999931e+01 6.832888487243075071e-01 7.711851399395448503e-01
-4.472740000000000049e-01 -8.621229999999999727e-01 -8.346010000000000373e-01 -8.997810000000000530e-01 -1.077939999999999898e+00 -4.720280000000000031e-01 3.963935559453268809e-02 1.289846276462731645e-01 -2.699989999999999890e-01 2.050718140976146575e-01 0.000000000000000000e+00 nan 9.861240504420233366e-01 3.237004033730000313e-02 2.737033798150000086e-02 7.910559965169999819e-02 1.285779999999999923e+01 2.188680000000000092e+01 2.902599999999999980e+01 3.444959999999999667e+01 6.832888487243075071e-01 7.711851399395448503e-01
-4.478929999999999856e-01 -1.334340000000000082e+00 -1.298669999999999991e+00 -9.423289999999999722e-01 -1.020690000000000097e+00 -4.721569999999999934e-01 4.963450638532251880e-02 1.409469671891545595e-01 -2.699989999999999890e-01 2.334649321653096132e-01 0.000000000000000000e+00 nan 9.724053209370865369e-01 3.237004033730000313e-02 2.737033798150000086e-02 7.910559965169999819e-02 1.285779999999999923e+01 2.188680000000000092e+01 2.902599999999999980e+01 3.444959999999999667e+01 7.380837291412718493e-01 7.436482951964792365e-01
-4.476490000000000191e-01 -1.046499999999999986e+00 -1.051579999999999959e+00 -8.962919999999999776e-01 -1.013039999999999941e+00 -4.719920000000000226e-01 6.132689418454984054e-02 1.554035725974572957e-01 -4.728709999999999858e-01 2.636982284630664530e-01 0.000000000000000000e+00 nan 9.543563985314552633e-01 3.624804971009999710e-02 2.785593295769999908e-02 6.182677775570000200e-02 1.352730000000000032e+01 3.135210000000000008e+01 4.121099999999999852e+01 4.513470000000000226e+01 7.380837291412718493e-01 7.436482951964792365e-01
-4.480259999999999798e-01 -1.860950000000000104e+00 -1.765679999999999916e+00 -9.147690000000000543e-01 -1.035209999999999964e+00 -4.722509999999999764e-01 7.487654744783711624e-02 1.724104969118146480e-01 1.357450000000000045e-01 2.956787287734511382e-01 0.000000000000000000e+00 nan 9.321817847279685321e-01 3.624804971009999710e-02 2.785593295769999908e-02 6.182677775570000200e-02 1.352730000000000032e+01 3.135210000000000008e+01 4.121099999999999852e+01 4.513470000000000226e+01 7.938085830776343554e-01 8.170934548700842237e-01
-4.478420000000000178e-01 -1.251360000000000028e+00 -1.214530000000000109e+00 -9.762699999999999712e-01 -1.101920000000000011e+00 -4.719709999999999739e-01 9.041520376343570309e-02 1.919948970405985778e-01 3.430930000000000091e-02 3.292936623594195922e-01 0.000000000000000000e+00 nan 9.061327267615455483e-01 5.112809719369999784e-02 2.807838194330000009e-02 7.384839790229999479e-02 1.870570000000000022e+01 3.456889999999999930e+01 4.534790000000000276e+01 5.508429999999999893e+01 7.938085830776343554e-01 8.170934548700842237e-01
-4.477209999999999801e-01 -1.095420000000000060e+00 -1.130870000000000042e+00 -1.033760000000000012e+00 -1.043060000000000098e+00 -4.717319999999999847e-01 1.080609565438702679e-01 2.141547260612963743e-01 -4.728709999999999858e-01 3.644117397018288296e-01 0.000000000000000000e+00 nan 8.765043708676218959e-01 5.112809719369999784e-02 2.807838194330000009e-02 7.384839790229999479e-02 1.870570000000000022e+01 3.456889999999999930e+01 4.534790000000000276e+01 5.508429999999999893e+01 8.308919339245933733e-01 8.438127456968785856e-01
-4.478860000000000063e-01 -1.355599999999999916e+00 -1.232329999999999925e+00 -9.107570000000000388e-01 -1.092090000000000005e+00 -4.720070000000000099e-01 1.279130484682268198e-01 2.388587564129610596e-01 -4.728709999999999858e-01 4.008846400621496331e-01 0.000000000000000000e+00 nan 8.436324181573657821e-01 1.166695915770000064e-01 2.368478649630000044e-02 1.031628810569999999e-01 1.409110000000000085e+01 5.041080000000000183e+01 6.569809999999999661e+01 6.926059999999999661e+01 8.308919339245933733e-01 8.438127456968785856e-01
-4.472209999999999797e-01 -8.156240000000000157e-01 -8.749879999999999880e-01 -8.914849999999999719e-01 -1.055900000000000061e+00 -4.718169999999999864e-01 1.500540630466341563e-01 2.660469337169543147e-01 -5.743070000000000119e-01 4.385486920157003476e-01 0.000000000000000000e+00 nan 8.078893209899500327e-01 1.166695915770000064e-01 2.368478649630000044e-02 1.031628810569999999e-01 1.409110000000000085e+01 5.041080000000000183e+01 6.569809999999999661e+01 6.926059999999999661e+01 7.908295153629524288e-01 7.643659258563172409e-01
-4.475459999999999994e-01 -9.634920000000000151e-01 -1.020299999999999985e+00 -9.231310000000000349e-01 -9.827080000000000259e-01 -4.702299999999999813e-01 1.745372288192944543e-01 2.956310572170531836e-01 -6.712680000000000036e-02 4.772267279142874408e-01 0.000000000000000000e+00 nan 7.696800629384987769e-01 2.351077106949999995e-01 2.668093736470000116e-02 1.227628429230000068e-01 3.068049999999999855e+01 6.742879999999999541e+01 8.592489999999999384e+01 8.978660000000000707e+01 7.908295153629524288e-01 7.643659258563172409e-01
-4.479949999999999766e-01 -1.673189999999999955e+00 -1.526210000000000067e+00 -8.551330000000000320e-01 -1.035279999999999978e+00 -4.344430000000000236e-01 2.013871239071228780e-01 3.274957791292613107e-01 2.371820000000000039e-01 5.167300912664529733e-01 0.000000000000000000e+00 nan 7.294375701643798227e-01 2.351077106949999995e-01 2.668093736470000116e-02 1.227628429230000068e-01 3.068049999999999855e+01 6.742879999999999541e+01 8.592489999999999384e+01 8.978660000000000707e+01 8.204257912656046647e-01 7.777662923460039179e-01
-4.479750000000000121e-01 -1.553399999999999892e+00 -1.488469999999999960e+00 -1.020000000000000018e+00 -1.145960000000000090e+00 -3.368740000000000068e-01 2.305948707313344448e-01 3.614999115782924211e-01 -2.699989999999999890e-01 5.568607742909060798e-01 0.000000000000000000e+00 nan 6.876178061908080341e-01 3.541163997480000214e-01 2.922860251589999916e-02 1.197781854579999944e-01 2.184090000000000131e+01 7.888809999999999434e+01 1.027939999999999969e+02 1.042459999999999951e+02 8.204257912656046647e-01 7.777662923460039179e-01
-4.413719999999999866e-01 -2.396040000000000114e-01 -2.546559999999999935e-01 8.903940000000000188e-01 9.461310000000000553e-01 -1.954230000000000134e-01 2.621206673364654405e-01 3.974780263126127533e-01 -5.743070000000000119e-01 5.974136614238042542e-01 0.000000000000000000e+00 nan 6.446946056539337722e-01 3.541163997480000214e-01 2.922860251589999916e-02 1.197781854579999944e-01 2.184090000000000131e+01 7.888809999999999434e+01 1.027939999999999969e+02 1.042459999999999951e+02 5.418960951620361843e-01 6.537925417782580739e-01
-3.688949999999999868e-02 9.529919999999999503e-01 1.031279999999999974e+00 2.064599999999999991e+00 2.289169999999999927e+00 2.398899999999999991e-02 2.957638933591454355e-01 4.352423290726331606e-01 1.357450000000000045e-01 6.381788533600522006e-01 0.000000000000000000e+00 nan 6.011543055670807156e-01 4.694441765060000105e-01 3.241858888759999863e-02 1.498964533009999878e-01 3.824040000000000106e+01 8.134839999999999804e+01 1.052330000000000041e+02 1.110669999999999931e+02 5.418960951620361843e-01 6.537925417782580739e-01
5.925139999999999851e-01 1.212250000000000050e+00 1.384090000000000042e+00 1.167850000000000055e+00 1.494129999999999958e+00 2.151069999999999927e-01 3.301732346044279343e-01 4.745847873747084389e-01 3.386179999999999746e-01 6.756807023723846450e-01 0.000000000000000000e+00 nan 5.617137093234887413e-01 4.694441765060000105e-01 3.241858888759999863e-02 1.498964533009999878e-01 3.824040000000000106e+01 8.134839999999999804e+01 1.052330000000000041e+02 1.110669999999999931e+02 1.821854903114623614e-01 4.807342323294022668e-01
1.392239999999999922e+00 1.378260000000000041e+00 1.464739999999999931e+00 1.162339999999999929e+00 1.359969999999999901e+00 4.096440000000000081e-01 3.670824208906632302e-01 5.152794876023032433e-01 -6.712680000000000036e-02 7.128639435158981019e-01 0.000000000000000000e+00 nan 5.227816531463211902e-01 4.993845750090000202e-01 3.917884304960000258e-02 1.978709655600000006e-01 2.100860000000000127e+01 7.343710000000000093e+01 9.807829999999999870e+01 1.052519999999999953e+02 1.821854903114623614e-01 4.807342323294022668e-01
7.909470000000000389e-02 1.030909999999999993e+00 1.150649999999999951e+00 1.192779999999999951e+00 1.499190000000000023e+00 6.991100000000000092e-01 4.059295248510678134e-01 5.553081531203964971e-01 -1.685629999999999906e-01 7.493072758107669484e-01 0.000000000000000000e+00 nan 4.851222649430022571e-01 4.993845750090000202e-01 3.917884304960000258e-02 1.978709655600000006e-01 2.100860000000000127e+01 7.343710000000000093e+01 9.807829999999999870e+01 1.052519999999999953e+02 1.879912571981000591e-01 4.565709721373866214e-01
9.847000000000000197e-01 1.273740000000000094e+00 1.380910000000000082e+00 9.837230000000000141e-01 1.139610000000000012e+00 1.306540000000000035e+00 4.460094321671287387e-01 5.943590696119650518e-01 -6.712680000000000036e-02 7.845977817400738852e-01 0.000000000000000000e+00 nan 4.494852527842797540e-01 5.689382940449999593e-01 4.429081606670000337e-02 1.944135979509999945e-01 2.071440000000000126e+01 5.803970000000000340e+01 8.508240000000000691e+01 9.370770000000000266e+01 1.879912571981000591e-01 4.565709721373866214e-01
2.109259999999999913e+00 1.445089999999999986e+00 1.297109999999999985e+00 1.296839999999999993e+00 1.644749999999999934e+00 2.426400000000000112e+00 4.872988290875844841e-01 6.337727422672922994e-01 3.430930000000000091e-02 8.183356057702693143e-01 0.000000000000000000e+00 nan 4.165974104122160959e-01 5.689382940449999593e-01 4.429081606670000337e-02 1.944135979509999945e-01 2.071440000000000126e+01 5.803970000000000340e+01 8.508240000000000691e+01 9.370770000000000266e+01 1.944012441679626724e-01 4.522952591270028577e-01
2.627190000000000136e+00 1.502559999999999896e+00 1.395159999999999956e+00 1.396670000000000078e+00 1.780429999999999957e+00 3.230970000000000120e+00 5.275938922101011119e-01 6.737522253712505682e-01 1.357450000000000045e-01 8.501384848741403433e-01 0.000000000000000000e+00 nan 3.827933287302623944e-01 6.768521247340000269e-01 3.864364896030000190e-02 1.442704114080000100e-01 1.524690000000000012e+01 4.350719999999999743e+01 5.973969999999999914e+01 7.649840000000000373e+01 1.944012441679626724e-01 4.522952591270028577e-01
3.927319999999999922e+00 1.604929999999999968e+00 1.419929999999999914e+00 1.732189999999999896e+00 1.772399999999999975e+00 3.842290000000000205e+00 5.682687169532261162e-01 7.131650766196031555e-01 2.371820000000000039e-01 8.796460797236543838e-01 0.000000000000000000e+00 nan 3.526794958867358609e-01 6.768521247340000269e-01 3.864364896030000190e-02 1.442704114080000100e-01 1.524690000000000012e+01 4.350719999999999743e+01 5.973969999999999914e+01 7.649840000000000373e+01 1.996868563742592029e-01 4.447493304515340862e-01
3.398299999999999876e+00 1.564850000000000074e+00 1.410830000000000028e+00 2.146539999999999893e+00 1.988520000000000065e+00 4.013860000000000205e+00 6.102983776762604951e-01 7.515647326591299304e-01 2.371820000000000039e-01 9.065240574785302652e-01 0.000000000000000000e+00 nan 3.265971136406307096e-01 7.824035974040000063e-01 3.339709006350000120e-02 9.513242952070000147e-02 7.646130000000000315e+00 2.412389999999999901e+01 4.073440000000000083e+01 5.466749999999999687e+01 1.996868563742592029e-01 4.447493304515340862e-01
3.594199999999999839e+00 1.579599999999999893e+00 1.447270000000000056e+00 1.600740000000000052e+00 1.720739999999999936e+00 3.859410000000000007e+00 6.525351558921164141e-01 7.885161100431790082e-01 2.371820000000000039e-01 9.304678799109097342e-01 0.000000000000000000e+00 nan 3.048417058047863115e-01 7.824035974040000063e-01 3.339709006350000120e-02 9.513242952070000147e-02 7.646130000000000315e+00 2.412389999999999901e+01 4.073440000000000083e+01 5.466749999999999687e+01 1.996395695851372887e-01 4.463311876458520011e-01
3.391620000000000079e+00 1.564270000000000049e+00 1.458299999999999930e+00 1.741190000000000015e+00 1.659270000000000023e+00 3.640390000000000015e+00 6.932358045075848185e-01 8.236005349009677401e-01 1.357450000000000045e-01 9.512062539451681120e-01 0.000000000000000000e+00 nan 2.876597698430030103e-01 8.147871876690000459e-01 3.665140472469999994e-02 7.581025911739999734e-02 4.515109999999999957e+00 1.348520000000000074e+01 2.554210000000000136e+01 4.137789999999999679e+01 1.996395695851372887e-01 4.463311876458520011e-01
3.301639999999999908e+00 1.557460000000000067e+00 1.441349999999999909e+00 1.590689999999999937e+00 1.662849999999999939e+00 3.202929999999999833e+00 7.324368848391291653e-01 8.564204866798327265e-01 1.357450000000000045e-01 9.685042055168634478e-01 0.000000000000000000e+00 nan 2.752459839552809928e-01 8.147871876690000459e-01 3.665140472469999994e-02 7.581025911739999734e-02 4.515109999999999957e+00 1.348520000000000074e+01 2.554210000000000136e+01 4.137789999999999679e+01 1.980108024042706028e-01 4.455574871963539074e-01
3.179419999999999913e+00 1.547500000000000098e+00 1.449310000000000098e+00 1.804589999999999916e+00 1.866049999999999986e+00 2.734999999999999876e+00 7.703666888731921514e-01 8.866041022119319770e-01 2.371820000000000039e-01 9.821657419227776131e-01 0.000000000000000000e+00 nan 2.677410012960250718e-01 8.228780928629999547e-01 4.138530794129999940e-02 6.605235258989999858e-02 2.066800000000000193e+00 6.664799999999999613e+00 1.458270000000000088e+01 2.712539999999999907e+01 1.980108024042706028e-01 4.455574871963539074e-01
2.995439999999999880e+00 1.532429999999999959e+00 1.455770000000000008e+00 1.815280000000000005e+00 1.914430000000000076e+00 2.629160000000000164e+00 8.065954567740870607e-01 9.138093890725260682e-01 2.371820000000000039e-01 9.920360724965588961e-01 0.000000000000000000e+00 nan 2.652298563176037627e-01 8.228780928629999547e-01 4.138530794129999940e-02 6.605235258989999858e-02 2.066800000000000193e+00 6.664799999999999613e+00 1.458270000000000088e+01 2.712539999999999907e+01 1.952051195830355468e-01 4.426318344844868413e-01
2.811570000000000125e+00 1.516350000000000087e+00 1.452520000000000033e+00 1.851709999999999967e+00 1.868349999999999955e+00 2.375020000000000131e+00 8.407127021252156496e-01 9.377281004908032402e-01 2.371820000000000039e-01 9.980033624488221511e-01 0.000000000000000000e+00 nan 2.677410012960250718e-01 8.233146630819999645e-01 4.402226451300000204e-02 5.862715776070000218e-02 1.937969999999999970e+00 3.911630000000000162e+00 9.350699999999999790e+00 1.958149999999999835e+01 1.952051195830355468e-01 4.426318344844868413e-01
2.441129999999999800e+00 1.480460000000000109e+00 1.408060000000000089e+00 1.779330000000000078e+00 1.857490000000000085e+00 1.936700000000000088e+00 8.723318629041900696e-01 9.580892279089625596e-01 2.371820000000000039e-01 1.000000000000000000e+00 0.000000000000000000e+00 nan 2.752459839552809928e-01 8.233146630819999645e-01 4.402226451300000204e-02 5.862715776070000218e-02 1.937969999999999970e+00 3.911630000000000162e+00 9.350699999999999790e+00 1.958149999999999835e+01 1.911857425076709527e-01 4.375291703863803949e-01
1.856519999999999948e+00 1.413810000000000011e+00 1.348519999999999941e+00 1.837520000000000042e+00 1.841080000000000050e+00 1.437780000000000058e+00 9.010946813850089221e-01 9.746620716174622112e-01 1.357450000000000045e-01 9.980033624488220401e-01 0.000000000000000000e+00 nan 2.876597698430030103e-01 7.870975031169999969e-01 5.390200973869999773e-02 6.887515731809999708e-02 3.157589999999999897e+00 5.626170000000000115e+00 1.027159999999999940e+01 1.864949999999999974e+01 1.911857425076709527e-01 4.375291703863803949e-01
1.336999999999999966e+00 1.338880000000000070e+00 1.300240000000000062e+00 1.683859999999999912e+00 1.537179999999999991e+00 1.083080000000000043e+00 9.266752633412453921e-01 9.872588546749128113e-01 1.357450000000000045e-01 9.920360724965588961e-01 0.000000000000000000e+00 nan 3.048417058047863115e-01 7.870975031169999969e-01 5.390200973869999773e-02 6.887515731809999708e-02 3.157589999999999897e+00 5.626170000000000115e+00 1.027159999999999940e+01 1.864949999999999974e+01 1.864150308940355494e-01 4.321633854876348879e-01
8.707909999999999817e-01 1.250000000000000000e+00 1.197459999999999969e+00 1.511519999999999975e+00 1.282170000000000032e+00 6.856229999999999825e-01 9.487837705578533454e-01 9.957368504958543642e-01 2.371820000000000039e-01 9.821657419227776131e-01 0.000000000000000000e+00 nan 3.265971136406304876e-01 7.201407748320000080e-01 7.010210472139999371e-02 8.605404993019999393e-02 2.089770000000000127e+00 9.284240000000000492e+00 1.572889999999999944e+01 2.275339999999999918e+01 1.864150308940355494e-01 4.321633854876348879e-01
4.738049999999999762e-01 1.143899999999999917e+00 1.072459999999999969e+00 1.377320000000000100e+00 1.278089999999999948e+00 1.601680000000000048e-01 9.671697048139576980e-01 1.000000000000000000e+00 1.357450000000000045e-01 9.685042055168634478e-01 0.000000000000000000e+00 nan 3.484560214913007270e-01 7.201407748320000080e-01 7.010210472139999371e-02 8.605404993019999393e-02 2.089770000000000127e+00 9.284240000000000492e+00 1.572889999999999944e+01 2.275339999999999918e+01 1.806512967088393928e-01 4.253159798900530975e-01
2.489929999999999921e-01 1.061590000000000034e+00 1.006210000000000049e+00 1.342359999999999998e+00 1.073970000000000091e+00 -1.298320000000000030e-01 9.816247461277898267e-01 1.000000000000000000e+00 3.430930000000000091e-02 9.512062539451682230e-01 0.000000000000000000e+00 nan 3.742088006884116691e-01 6.472092403029999774e-01 8.479326866839999310e-02 1.034802744659999996e-01 6.664170000000000371e+00 1.423049999999999926e+01 2.381169999999999831e+01 3.467069999999999652e+01 1.806512967088393928e-01 4.253159798900530975e-01
5.392519999999999952e-02 9.648069999999999702e-01 9.892339999999999467e-01 1.412300000000000111e+00 9.477149999999999741e-01 -1.483659999999999979e-01 9.919851131053230020e-01 9.957368504958543642e-01 1.357450000000000045e-01 9.304678799109097342e-01 0.000000000000000000e+00 nan 4.032406497988952898e-01 6.472092403029999774e-01 8.479326866839999310e-02 1.034802744659999996e-01 6.664170000000000371e+00 1.423049999999999926e+01 2.381169999999999831e+01 3.467069999999999652e+01 1.737159009709553503e-01 4.114958730755375882e-01
-1.204199999999999993e-01 8.405669999999999531e-01 1.037519999999999998e+00 5.566510000000000069e-01 6.278259999999999952e-01 -2.993779999999999775e-01 9.981334186489085880e-01 9.872588546749128113e-01 3.430930000000000091e-02 9.065240574785302652e-01 0.000000000000000000e+00 nan 4.348996142173149337e-01 5.811565606520000538e-01 9.161001740709999452e-02 1.150748817630000004e-01 5.177880000000000038e+00 1.941730000000000089e+01 3.308149999999999835e+01 4.680709999999999837e+01 1.737159009709553503e-01 4.114958730755375882e-01
-1.537389999999999868e-01 8.074529999999999763e-01 8.624810000000000532e-01 8.614030000000000298e-01 8.173759999999999915e-01 -2.928129999999999900e-01 1.000000000000000000e+00 9.746620716174622112e-01 3.430930000000000091e-02 8.796460797236546059e-01 0.000000000000000000e+00 nan 4.685039730720533813e-01 5.811565606520000538e-01 9.161001740709999452e-02 1.150748817630000004e-01 5.177880000000000038e+00 1.941730000000000089e+01 3.308149999999999835e+01 4.680709999999999837e+01 1.666806775671472174e-01 3.988284859590597309e-01
-4.732209999999999889e-02 9.013360000000000261e-01 1.017390000000000017e+00 8.499419999999999753e-01 7.061809999999999476e-01 -2.990800000000000125e-01 9.975637080460411088e-01 9.580892279089625596e-01 1.357450000000000045e-01 8.501384848741404543e-01 0.000000000000000000e+00 nan 5.033499633951896701e-01 5.434500582179999650e-01 9.357623448099999797e-02 1.093066507910000068e-01 1.191290000000000049e+01 3.207900000000000063e+01 4.931009999999999849e+01 6.506810000000000116e+01 1.666806775671472174e-01 3.988284859590597309e-01
-1.424610000000000043e-01 8.183909999999999796e-01 8.236689999999999845e-01 1.072480000000000100e+00 6.923120000000000385e-01 -3.191979999999999817e-01 9.908521469483630995e-01 9.377281004908033513e-01 3.430930000000000091e-02 8.183356057702694253e-01 0.000000000000000000e+00 nan 5.387197540381347682e-01 5.434500582179999650e-01 9.357623448099999797e-02 1.093066507910000068e-01 1.191290000000000049e+01 3.207900000000000063e+01 4.931009999999999849e+01 6.506810000000000116e+01 1.594142743054096645e-01 4.032482889316981733e-01
-3.614049999999999763e-01 4.479549999999999921e-01 5.387250000000000094e-01 4.547809999999999908e-01 3.062420000000000142e-01 -4.297090000000000076e-01 9.799413613760065145e-01 9.138093890725261792e-01 3.430930000000000091e-02 7.845977817400739962e-01 0.000000000000000000e+00 nan 5.738895789853768470e-01 4.697001978340000217e-01 1.128693462970000033e-01 1.055448981499999966e-01 1.665399999999999991e+01 5.486599999999999966e+01 7.762300000000000466e+01 8.297870000000000346e+01 1.594142743054096645e-01 4.032482889316981733e-01
-1.424640000000000073e-01 8.217240000000000100e-01 9.690539999999999710e-01 8.839409999999999767e-01 6.314170000000000060e-01 -3.896249999999999991e-01 9.649549748892349843e-01 8.866041022119320880e-01 3.430930000000000091e-02 7.493072758107670595e-01 0.000000000000000000e+00 nan 6.124989915590535183e-01 4.697001978340000217e-01 1.128693462970000033e-01 1.055448981499999966e-01 1.665399999999999991e+01 5.486599999999999966e+01 7.762300000000000466e+01 8.297870000000000346e+01 1.542179815896768114e-01 4.135883099187144252e-01
-4.157420000000000004e-01 1.597959999999999936e-01 -4.688409999999999800e-02 2.899379999999999735e-01 3.277309999999999945e-01 -4.334379999999999900e-01 9.460627892351994861e-01 8.564204866798328375e-01 1.357450000000000045e-01 7.128639435158981019e-01 0.000000000000000000e+00 nan 6.498870572917319066e-01 3.781924374430000180e-01 1.196683688880000040e-01 1.018214487750000036e-01 2.904410000000000025e+01 7.412399999999999523e+01 9.106900000000000261e+01 9.461039999999999850e+01 1.542179815896768114e-01 4.135883099187144252e-01
-4.237589999999999968e-01 7.471350000000000213e-02 2.240739999999999954e-01 9.280880000000000032e-03 -2.815519999999999828e-02 -4.540620000000000211e-01 9.234788604262949008e-01 8.236005349009678511e-01 3.430930000000000091e-02 6.756807023723847561e-01 0.000000000000000000e+00 nan 6.856301544591474340e-01 3.781924374430000180e-01 1.196683688880000040e-01 1.018214487750000036e-01 2.904410000000000025e+01 7.412399999999999523e+01 9.106900000000000261e+01 9.461039999999999850e+01 1.582163423143204684e-01 4.283293395354665911e-01
-4.078260000000000218e-01 2.275109999999999910e-01 4.247540000000000204e-01 -4.866420000000000190e-01 -2.616240000000000232e-01 -4.578709999999999725e-01 8.974590734000060799e-01 7.885161100431790082e-01 -1.685629999999999906e-01 6.381788533600523117e-01 0.000000000000000000e+00 nan 7.193232994881765263e-01 3.090620459280000176e-01 1.191617000530000026e-01 9.839593469009999538e-02 2.788870000000000005e+01 8.415139999999999532e+01 1.011610000000000014e+02 9.520420000000000016e+01 1.582163423143204684e-01 4.283293395354665911e-01
-4.033519999999999883e-01 2.537320000000000131e-01 3.462870000000000115e-01 -3.572060000000000235e-01 -2.411830000000000085e-01 -4.609329999999999816e-01 8.682982427403201919e-01 7.515647326591300414e-01 -1.685629999999999906e-01 5.974136614238043652e-01 0.000000000000000000e+00 nan 7.505847355825425726e-01 3.090620459280000176e-01 1.191617000530000026e-01 9.839593469009999538e-02 2.788870000000000005e+01 8.415139999999999532e+01 1.011610000000000014e+02 9.520420000000000016e+01 1.665703417258627139e-01 4.672054378298798882e-01
-4.162649999999999961e-01 1.514770000000000005e-01 1.804580000000000073e-01 -4.921789999999999776e-01 -3.745689999999999853e-01 -4.681429999999999758e-01 8.363267723106884155e-01 7.131650766196033775e-01 3.430930000000000091e-02 5.568607742909061908e-01 0.000000000000000000e+00 nan 7.790602581798602433e-01 1.890661697640000083e-01 1.038656287990000066e-01 9.520657448899999542e-02 4.333619999999999806e+01 9.070680000000000121e+01 1.039230000000000018e+02 9.814560000000000173e+01 1.665703417258627139e-01 4.672054378298798882e-01
-4.469540000000000179e-01 -7.914550000000000196e-01 -7.515060000000000073e-01 -8.818449999999999900e-01 -8.042150000000000132e-01 -4.709929999999999950e-01 8.019069116462294033e-01 6.737522253712506792e-01 -1.685629999999999906e-01 5.167300912664531953e-01 0.000000000000000000e+00 nan 8.044272282308606581e-01 1.890661697640000083e-01 1.038656287990000066e-01 9.520657448899999542e-02 4.333619999999999806e+01 9.070680000000000121e+01 1.039230000000000018e+02 9.814560000000000173e+01 1.551216846706737762e-01 5.363936788360037511e-01
-4.471970000000000112e-01 -8.023329999999999629e-01 -9.019709999999999672e-01 -9.244970000000000132e-01 -9.741999999999999549e-01 -4.719349999999999934e-01 7.654286515217505471e-01 6.337727422672924105e-01 -5.743070000000000119e-01 4.772267279142875518e-01 0.000000000000000000e+00 nan 8.263982278287388406e-01 1.197778218779999987e-01 6.761610287810000675e-02 8.070833961249999911e-02 2.408780000000000143e+01 7.878679999999999950e+01 9.115149999999999864e+01 9.290560000000000684e+01 1.551216846706737762e-01 5.363936788360037511e-01
-4.474910000000000276e-01 -1.014010000000000078e+00 -8.771940000000000293e-01 -9.995540000000000536e-01 -1.018380000000000063e+00 -4.717970000000000219e-01 7.273053052004347929e-01 5.936796108262871741e-01 -1.685629999999999906e-01 4.385486920157004587e-01 0.000000000000000000e+00 nan 8.447243167688848198e-01 1.197778218779999987e-01 6.761610287810000675e-02 8.070833961249999911e-02 2.408780000000000143e+01 7.878679999999999950e+01 9.115149999999999864e+01 9.290560000000000684e+01 3.097757555378083394e-01 6.418675312064402450e-01
-4.476519999999999944e-01 -1.098219999999999974e+00 -9.814850000000000518e-01 -9.029580000000000384e-01 -1.030459999999999932e+00 -4.719999999999999751e-01 6.879688254294193950e-01 5.539271022478639006e-01 1.357450000000000045e-01 4.008846400621498551e-01 0.000000000000000000e+00 nan 8.591978531408733799e-01 8.501150664680000302e-02 4.809872697939999997e-02 7.708497457190000013e-02 2.600919999999999987e+01 5.200610000000000355e+01 7.164100000000000534e+01 7.867239999999999611e+01 3.097757555378083394e-01 6.418675312064402450e-01
-4.476890000000000036e-01 -1.072179999999999911e+00 -1.113960000000000061e+00 -9.515099999999999669e-01 -1.018080000000000096e+00 -4.716069999999999984e-01 6.478649102425695361e-01 5.131306955185326313e-01 -2.699989999999999890e-01 3.644117397018289406e-01 0.000000000000000000e+00 nan 8.696548459942778919e-01 8.501150664680000302e-02 4.809872697939999997e-02 7.708497457190000013e-02 2.600919999999999987e+01 5.200610000000000355e+01 7.164100000000000534e+01 7.867239999999999611e+01 4.580461098734815995e-01 6.905699384485270986e-01
-4.473260000000000014e-01 -8.550480000000000302e-01 -9.201230000000000242e-01 -8.732600000000000362e-01 -9.881879999999999553e-01 -4.713510000000000200e-01 6.074479530236636116e-01 4.715588386281205358e-01 -5.743070000000000119e-01 3.292936623594195922e-01 0.000000000000000000e+00 nan 8.759768134216673330e-01 5.591816613589999790e-02 3.663002074979999911e-02 7.059567480009999729e-02 1.508070000000000022e+01 4.259649999999999892e+01 5.115520000000000067e+01 7.010949999999999704e+01 4.580461098734815995e-01 6.905699384485270986e-01
-4.474060000000000259e-01 -8.990409999999999791e-01 -9.351080000000000503e-01 -9.285879999999999690e-01 -1.019169999999999909e+00 -4.718879999999999741e-01 5.671758940477884536e-01 4.311877816052396284e-01 -5.743070000000000119e-01 2.956787287734512493e-01 0.000000000000000000e+00 nan 8.780921250059590122e-01 5.591816613589999790e-02 3.663002074979999911e-02 7.059567480009999729e-02 1.508070000000000022e+01 4.259649999999999892e+01 5.115520000000000067e+01 7.010949999999999704e+01 5.843228531797739489e-01 6.841328760043227097e-01
-4.476149999999999851e-01 -1.016459999999999919e+00 -1.042580000000000062e+00 -9.878019999999999579e-01 -1.047909999999999897e+00 -4.720429999999999904e-01 5.275050318350393841e-01 3.922031273590463885e-01 -5.743070000000000119e-01 2.636982284630664530e-01 0.000000000000000000e+00 nan 8.759768134216673330e-01 3.402079990219999961e-02 2.424824236259999835e-02 4.034499570769999738e-02 1.509539999999999971e+01 3.202020000000000266e+01 4.930230000000000246e+01 5.927969999999999828e+01 5.843228531797739489e-01 6.841328760043227097e-01
-4.479620000000000268e-01 -1.467950000000000088e+00 -1.522259999999999946e+00 -9.201270000000000282e-01 -1.044589999999999907e+00 -4.720320000000000071e-01 4.877625327660576326e-01 3.547747703012588127e-01 -2.699989999999999890e-01 2.334649321653096132e-01 0.000000000000000000e+00 nan 8.696548459942778919e-01 3.402079990219999961e-02 2.424824236259999835e-02 4.034499570769999738e-02 1.509539999999999971e+01 3.202020000000000266e+01 4.930230000000000246e+01 5.927969999999999828e+01 8.406750451851540129e-01 7.341508872496045335e-01
-4.480100000000000193e-01 -1.708499999999999908e+00 -1.696220000000000061e+00 -9.461100000000000065e-01 -1.050740000000000007e+00 -4.721830000000000194e-01 4.474179021931469213e-01 3.190549713745859384e-01 1.357450000000000045e-01 2.050718140976146575e-01 0.000000000000000000e+00 nan 8.591978531408733799e-01 2.550734498190000005e-02 1.782176011770000151e-02 2.632279442450000118e-02 1.276290000000000013e+01 3.346289999999999765e+01 4.465990000000000038e+01 6.014000000000000057e+01 8.406750451851540129e-01 7.341508872496045335e-01
-4.478039999999999798e-01 -1.175529999999999964e+00 -1.226550000000000029e+00 -9.263959999999999972e-01 -1.026739999999999986e+00 -4.720759999999999956e-01 4.077312890129783929e-01 2.851766328754055113e-01 -1.685629999999999906e-01 1.785909985227706054e-01 0.000000000000000000e+00 nan 8.447243167688849308e-01 2.550734498190000005e-02 1.782176011770000151e-02 2.632279442450000118e-02 1.276290000000000013e+01 3.346289999999999765e+01 4.465990000000000038e+01 6.014000000000000057e+01 7.230622924635365933e-01 7.939983398330436870e-01
-4.475680000000000214e-01 -9.807489999999999819e-01 -1.024049999999999905e+00 -9.161920000000000064e-01 -1.071309999999999985e+00 -4.721369999999999734e-01 3.696592486975405212e-01 2.532517926176418577e-01 -5.743070000000000119e-01 1.540729425522054941e-01 0.000000000000000000e+00 nan 8.263982278287389516e-01 6.189306167619999799e-02 2.217877240369999989e-02 3.538015733429999976e-02 1.806729999999999947e+01 3.861149999999999949e+01 5.121900000000000119e+01 5.445389999999999731e+01 7.230622924635365933e-01 7.939983398330436870e-01
-4.479639999999999733e-01 -1.457359999999999989e+00 -1.567690000000000028e+00 -9.468980000000000175e-01 -1.117289999999999894e+00 -4.721799999999999886e-01 3.333573324181496877e-01 2.233703544995657708e-01 -5.743070000000000119e-01 1.315458644467518701e-01 0.000000000000000000e+00 nan 8.044272282308606581e-01 6.189306167619999799e-02 2.217877240369999989e-02 3.538015733429999976e-02 1.806729999999999947e+01 3.861149999999999949e+01 5.121900000000000119e+01 5.445389999999999731e+01 6.762956580219411373e-01 7.816817804507509848e-01
-4.480270000000000086e-01 -1.816689999999999916e+00 -1.871410000000000018e+00 -9.315069999999999739e-01 -1.144500000000000073e+00 -4.720770000000000244e-01 2.989635826142024166e-01 1.955990698567032782e-01 3.386179999999999746e-01 1.110154238924763170e-01 0.000000000000000000e+00 nan 7.790602581798602433e-01 1.263128860820000032e-01 2.118303139710000019e-02 4.511815651570000307e-02 2.208109999999999928e+01 5.435280000000000200e+01 6.469830000000000325e+01 5.988799999999999812e+01 6.762956580219411373e-01 7.816817804507509848e-01
-4.480430000000000246e-01 -2.066370000000000040e+00 -2.087320000000000064e+00 -9.591579999999999551e-01 -1.082789999999999919e+00 -4.685790000000000233e-01 2.665770305764300074e-01 1.699807811425313453e-01 1.758720000000000061e+00 9.246465787417446069e-02 0.000000000000000000e+00 nan 7.505847355825425726e-01 1.263128860820000032e-01 2.118303139710000019e-02 4.511815651570000307e-02 2.208109999999999928e+01 5.435280000000000200e+01 6.469830000000000325e+01 5.988799999999999812e+01 5.261338321213904212e-01 6.829237732775768066e-01
-4.479150000000000076e-01 -1.363639999999999963e+00 -1.360700000000000021e+00 -8.618259999999999810e-01 -1.152679999999999927e+00 -4.687000000000000055e-01 2.362768454566397391e-01 1.465339365063621502e-01 8.457980000000000498e-01 7.585417287311158052e-02 0.000000000000000000e+00 nan 7.193232994881766373e-01 1.868730450040000102e-01 1.544941265990000014e-02 5.001667364529999854e-02 2.756469999999999843e+01 6.787080000000000268e+01 7.174250000000000682e+01 6.319700000000000273e+01 5.261338321213904212e-01 6.829237732775768066e-01
-4.470759999999999734e-01 -7.924510000000000165e-01 -7.905079999999999885e-01 -3.556500000000000217e-01 -2.689679999999999849e-01 -4.687549999999999772e-01 2.081125670380570281e-01 1.252523807684382540e-01 -6.712680000000000036e-02 6.112259121133067907e-02 0.000000000000000000e+00 nan 6.856301544591474340e-01 1.868730450040000102e-01 1.544941265990000014e-02 5.001667364529999854e-02 2.756469999999999843e+01 6.787080000000000268e+01 7.174250000000000682e+01 6.319700000000000273e+01 2.852549283342439290e-01 6.599790129837586061e-01
-3.764359999999999928e-01 4.137239999999999807e-01 3.451670000000000016e-01 2.273200000000000109e+00 1.962520000000000042e+00 -4.649170000000000247e-01 1.821053804966442646e-01 1.061054251605799692e-01 1.860160000000000036e+00 4.818724648526928611e-02 0.000000000000000000e+00 nan 6.498870572917319066e-01 1.683797542880000053e-01 1.321502560610000009e-02 4.736660923460000311e-02 2.446320000000000050e+01 5.378909999999999769e+01 6.253940000000000055e+01 5.607739999999999725e+01 2.852549283342439290e-01 6.599790129837586061e-01
-4.289160000000000195e-01 1.744609999999999911e-02 -3.474579999999999891e-01 2.319869999999999877e+00 1.750520000000000076e+00 -4.607269999999999976e-01 1.582594145427856924e-01 8.903819504219101511e-02 5.106119999999999770e+00 3.694512020914286765e-02 0.000000000000000000e+00 nan 6.124989915590537404e-01 1.683797542880000053e-01 1.321502560610000009e-02 4.736660923460000311e-02 2.446320000000000050e+01 5.378909999999999769e+01 6.253940000000000055e+01 5.607739999999999725e+01 2.824912782144508583e-01 6.433146956099548008e-01
-4.234249999999999958e-01 8.138890000000000013e-02 -5.512380000000000058e-01 2.424009999999999998e+00 1.933040000000000092e+00 -4.689690000000000247e-01 1.365619864162983532e-01 7.397225165186283036e-02 6.221910000000000274e+00 2.727400905555399380e-02 0.000000000000000000e+00 nan 5.738895789853770690e-01 1.491572789729999904e-01 1.892511230820000112e-02 4.041648797630000012e-02 2.003200000000000003e+01 4.459799999999999898e+01 5.210390000000000299e+01 5.427620000000000289e+01 2.824912782144508583e-01 6.433146956099548008e-01
-4.314609999999999834e-01 -1.660489999999999883e-02 -1.240050000000000041e-01 1.819830000000000059e+00 1.589849999999999985e+00 -4.686859999999999915e-01 1.169673835902226289e-01 6.080648084988526936e-02 2.975960000000000161e+00 1.903390946802030470e-02 0.000000000000000000e+00 nan 5.344962796427000784e-01 1.491572789729999904e-01 1.892511230820000112e-02 4.041648797630000012e-02 2.003200000000000003e+01 4.459799999999999898e+01 5.210390000000000299e+01 5.427620000000000289e+01 2.727186751292505207e-01 6.317593071152249884e-01
-4.379890000000000172e-01 -1.095050000000000051e-01 -2.767899999999999805e-01 1.514389999999999903e+00 1.329479999999999995e+00 -4.642169999999999908e-01 9.940060482572232736e-02 4.941823878185092056e-02 1.048669999999999991e+00 1.206860395721365276e-02 0.000000000000000000e+00 nan 4.947654353533391669e-01 1.209821746760000039e-01 3.433484740610000252e-02 3.350230692730000320e-02 1.789189999999999969e+01 3.926420000000000243e+01 4.899980000000000047e+01 5.313409999999999656e+01 2.727186751292505207e-01 6.317593071152249884e-01
-4.436720000000000108e-01 -4.024409999999999932e-01 -4.451840000000000241e-01 1.503069999999999906e+00 1.039209999999999967e+00 -4.626170000000000004e-01 8.375427911894384181e-02 3.966474148253251730e-02 2.773080000000000211e+00 6.207431107534078230e-03 0.000000000000000000e+00 nan 4.551472124587329082e-01 1.209821746760000039e-01 3.433484740610000252e-02 3.350230692730000320e-02 1.789189999999999969e+01 3.926420000000000243e+01 4.899980000000000047e+01 5.313409999999999656e+01 2.042684208314068384e-01 6.255007909285972278e-01
-4.456019999999999981e-01 -5.816409999999999636e-01 -6.309420000000000028e-01 1.224159999999999915e+00 8.284129999999999550e-01 -4.669119999999999937e-01 6.990136319111484031e-02 3.138468267526262068e-02 4.294629999999999725e+00 1.267219239142303167e-03 0.000000000000000000e+00 nan 4.160905012549153126e-01 1.271962867839999956e-01 5.513897421629999906e-02 5.260487622030000227e-02 1.828509999999999991e+01 3.766470000000000340e+01 4.711200000000000188e+01 5.132260000000000133e+01 2.042684208314068384e-01 6.255007909285972278e-01
-4.459299999999999931e-01 -5.660519999999999996e-01 -6.579700000000000548e-01 9.601239999999999775e-01 5.495259999999999589e-01 -4.663180000000000103e-01 5.769542749275424764e-02 2.440006143650241821e-02 1.860160000000000036e+00 3.177047401993204900e-04 0.000000000000000000e+00 nan 3.780378298860960218e-01 1.271962867839999956e-01 5.513897421629999906e-02 5.260487622030000227e-02 1.828509999999999991e+01 3.766470000000000340e+01 4.711200000000000188e+01 5.132260000000000133e+01 1.696334748434281670e-01 6.092092280223653233e-01
-4.369020000000000126e-01 -6.118479999999999752e-02 -9.970039999999999458e-02 9.386550000000000171e-01 6.572940000000000449e-01 -4.579920000000000102e-01 4.697719638070552151e-02 1.851819901743145813e-02 -5.743070000000000119e-01 0.000000000000000000e+00 0.000000000000000000e+00 nan 3.414203503239595650e-01 1.385433736739999921e-01 7.892403274739999419e-02 8.477616982980000493e-02 2.038210000000000122e+01 3.358959999999999724e+01 3.770159999999999911e+01 4.527389999999999759e+01 1.696334748434281670e-01 6.092092280223653233e-01
-4.426820000000000199e-01 -3.265500000000000069e-01 -2.408879999999999910e-01 3.502310000000000145e-01 4.280570000000000208e-01 -4.533099999999999907e-01 3.757441921446458277e-02 1.353392197116232154e-02 -6.712680000000000036e-02 3.177047401993204900e-04 0.000000000000000000e+00 nan 3.066529532435474659e-01 1.385433736739999921e-01 7.892403274739999419e-02 8.477616982980000493e-02 2.038210000000000122e+01 3.358959999999999724e+01 3.770159999999999911e+01 4.527389999999999759e+01 2.443991425328906342e-01 6.025121771680057581e-01
-4.412730000000000263e-01 -2.132880000000000054e-01 -2.245810000000000028e-01 3.766950000000000021e-01 2.813849999999999962e-01 -4.337719999999999909e-01 2.943887225532260121e-02 9.231886849876191903e-03 -6.712680000000000036e-02 1.267219239142303167e-03 0.000000000000000000e+00 nan 2.741295671461276839e-01 1.569095799399999880e-01 6.971755840320000008e-02 1.449585388500000127e-01 9.898630000000000706e+00 3.270320000000000249e+01 3.810269999999999868e+01 3.774240000000000350e+01 2.443991425328906342e-01 6.025121771680057581e-01
-4.293379999999999974e-01 8.241719999999999602e-02 8.125079999999999802e-02 3.559930000000000039e-01 4.063919999999999755e-01 -4.082029999999999825e-01 2.368014241069171799e-02 5.389020132135269314e-03 -5.743070000000000119e-01 2.944088183618354115e-03 4.002609541271262561e-02 nan 2.398576413454541756e-01 1.569095799399999880e-01 6.971755840320000008e-02 1.449585388500000127e-01 9.898630000000000706e+00 3.270320000000000249e+01 3.810269999999999868e+01 3.774240000000000350e+01 5.650561136564247189e-01 7.128381023978449527e-01
-4.250749999999999806e-01 1.606920000000000015e-01 1.261790000000000134e-01 -2.276330000000000020e-01 -1.428099999999999925e-01 -4.084420000000000273e-01 1.826641741980672418e-02 1.777045735013915717e-03 -5.743070000000000119e-01 5.435615043913211153e-03 8.135603683252157214e-02 nan 2.081259526961737327e-01 1.564925137150000034e-01 5.690107146580000025e-02 2.187689776779999928e-01 2.183340000000000103e+01 3.451370000000000005e+01 4.028490000000000038e+01 3.939059999999999917e+01 5.650561136564247189e-01 7.128381023978449527e-01
-4.170269999999999810e-01 2.531149999999999789e-01 2.168170000000000097e-01 -4.332170000000000187e-01 -2.577039999999999886e-01 -4.243469999999999742e-01 1.337893926032907022e-02 0.000000000000000000e+00 -5.743070000000000119e-01 8.713569825135825120e-03 8.655664776465676891e-02 nan 1.789710217555458005e-01 1.564925137150000034e-01 5.690107146580000025e-02 2.187689776779999928e-01 2.183340000000000103e+01 3.451370000000000005e+01 4.028490000000000038e+01 3.939059999999999917e+01 8.166060695220882515e-01 7.982051402527839956e-01
-4.238069999999999893e-01 1.802549999999999986e-01 1.433709999999999984e-01 -4.932610000000000050e-01 -3.133389999999999787e-01 -4.501269999999999993e-01 9.341836092036981398e-03 0.000000000000000000e+00 -5.743070000000000119e-01 1.274081198981080743e-02 9.689894462900727756e-02 nan 1.524001733863705743e-01 1.596135361699999866e-01 5.726643657330000164e-02 2.444430649459999882e-01 1.119500000000000028e+01 3.445589999999999975e+01 4.006110000000000326e+01 3.901400000000000290e+01 8.166060695220882515e-01 7.982051402527839956e-01
-4.367690000000000183e-01 -5.268590000000000079e-02 -7.200629999999999531e-02 -4.051810000000000134e-01 -3.819859999999999922e-01 -4.167819999999999858e-01 5.783345743402668049e-03 0.000000000000000000e+00 -5.743070000000000119e-01 1.747171127500801724e-02 1.122657450695280223e-01 nan 1.283914537633670250e-01 1.596135361699999866e-01 5.726643657330000164e-02 2.444430649459999882e-01 1.119500000000000028e+01 3.445589999999999975e+01 4.006110000000000326e+01 3.901400000000000290e+01 5.857782354671935421e-01 7.150840263747278991e-01
-4.457820000000000116e-01 -5.349819999999999576e-01 -5.506579999999999808e-01 -3.830669999999999908e-01 -3.276430000000000176e-01 -3.510690000000000199e-01 4.549813627182430764e-03 0.000000000000000000e+00 -2.699989999999999890e-01 2.285266470145475015e-02 1.324829370969659026e-01 nan 1.068938791187847848e-01 2.094117832390000045e-01 5.585461910049999840e-02 2.305387390480000132e-01 1.301549999999999940e+01 2.056889999999999930e+01 3.033200000000000074e+01 3.440529999999999688e+01 5.857782354671935421e-01 7.150840263747278991e-01
-4.384290000000000131e-01 -1.237120000000000025e-01 -6.838639999999999997e-02 -4.599949999999999872e-01 -2.107759999999999911e-01 -1.653030000000000055e-01 3.902206793393703244e-03 0.000000000000000000e+00 -2.699989999999999890e-01 2.882270391670938015e-02 1.573214518472698664e-01 nan 8.782801340886536856e-02 2.094117832390000045e-01 5.585461910049999840e-02 2.305387390480000132e-01 1.301549999999999940e+01 2.056889999999999930e+01 3.033200000000000074e+01 3.440529999999999688e+01 6.805146904291539123e-01 7.416028442105593310e-01
-3.483570000000000277e-01 5.932650000000000423e-01 5.868619999999999948e-01 -1.891710000000000058e-01 -2.481490000000000085e-02 9.189239999999999908e-02 2.388173054896580716e-03 0.000000000000000000e+00 -5.743070000000000119e-01 3.531418599095670352e-02 1.864998590233524212e-01 nan 7.108686835595967590e-02 2.672323282460000171e-01 5.379759715799999759e-02 2.280555241999999982e-01 8.728239999999999554e+00 2.166250000000000142e+01 3.109669999999999845e+01 3.332260000000000133e+01 6.805146904291539123e-01 7.416028442105593310e-01
-1.997319999999999929e-01 8.646160000000000512e-01 8.595800000000000107e-01 -1.129259999999999986e-01 9.136589999999999989e-02 1.640570000000000084e-01 6.512417562569705609e-04 0.000000000000000000e+00 -5.743070000000000119e-01 4.225355983843048779e-02 2.196875556128081719e-01 nan 5.653711566846231218e-02 2.672323282460000171e-01 5.379759715799999759e-02 2.280555241999999982e-01 8.728239999999999554e+00 2.166250000000000142e+01 3.109669999999999845e+01 3.332260000000000133e+01 7.389348913454667489e-01 7.817538254318784352e-01
-1.627589999999999870e-01 9.088230000000000475e-01 8.930700000000000305e-01 -3.541400000000000103e-02 1.187890000000000057e-01 -1.355290000000000106e-01 0.000000000000000000e+00 0.000000000000000000e+00 -5.743070000000000119e-01 4.956219958060614772e-02 2.565085117521481717e-01 nan 4.402059770363309088e-02 2.977483057490000196e-01 6.091444549049999935e-02 2.129305344459999916e-01 1.639329999999999998e+01 2.576960000000000051e+01 2.851040000000000063e+01 2.949360000000000070e+01 7.389348913454667489e-01 7.817538254318784352e-01
-1.528690000000000049e-01 9.142500000000000071e-01 9.160519999999999774e-01 -1.485769999999999869e-01 2.080349999999999908e-02 2.092040000000000011e-01 0.000000000000000000e+00 0.000000000000000000e+00 -5.743070000000000119e-01 5.715729540882030779e-02 2.965455312954061728e-01 nan 3.335611945688343738e-02 2.977483057490000196e-01 6.091444549049999935e-02 2.129305344459999916e-01 1.639329999999999998e+01 2.576960000000000051e+01 2.851040000000000063e+01 2.949360000000000070e+01 7.780725904753899025e-01 7.733026359065922062e-01
-3.413740000000000108e-01 6.127960000000000074e-01 6.084969999999999546e-01 -1.757849999999999968e-01 4.293589999999999907e-02 4.234979999999999856e-01 0.000000000000000000e+00 0.000000000000000000e+00 -4.728709999999999858e-01 6.495279185249303033e-02 3.393449788131754907e-01 nan 2.434150157358228039e-02 3.293063676590000100e-01 5.546159970239999959e-02 2.787202227310000002e-01 9.006759999999999877e+00 2.014320000000000022e+01 2.046209999999999951e+01 2.031670000000000087e+01 7.780725904753899025e-01 7.733026359065922062e-01
-3.476850000000000218e-01 5.366340000000000554e-01 7.021359999999999824e-01 1.137949999999999934e-01 3.897599999999999953e-01 4.741440000000000099e-01 0.000000000000000000e+00 0.000000000000000000e+00 -4.728709999999999858e-01 7.286036282199526148e-02 3.844219194632886305e-01 nan 1.675587112192933326e-02 3.293063676590000100e-01 5.546159970239999959e-02 2.787202227310000002e-01 9.006759999999999877e+00 2.014320000000000022e+01 2.046209999999999951e+01 2.031670000000000087e+01 9.521983102854020276e-01 8.858243668655734204e-01
4.153169999999999917e-01 1.229810000000000070e+00 1.246029999999999971e+00 2.609259999999999913e-01 5.686569999999999681e-01 8.105599999999999472e-01 0.000000000000000000e+00 0.000000000000000000e+00 -5.743070000000000119e-01 8.079041237853745727e-02 4.312656134963480659e-01 nan 1.036216417152979741e-02 2.831728825629999946e-01 5.777934284359999978e-02 3.360549547780000146e-01 1.153609999999999935e+01 1.606850000000000023e+01 1.704410000000000025e+01 1.951139999999999830e+01 9.521983102854020276e-01 8.858243668655734204e-01
8.435179999999999900e-01 1.346300000000000052e+00 1.374889999999999946e+00 1.838950000000000029e-01 3.997109999999999830e-01 4.494569999999999954e-01 0.000000000000000000e+00 0.000000000000000000e+00 -5.743070000000000119e-01 8.865308989195697098e-02 4.793453031411688547e-01 nan 4.909811822450871333e-03 2.831728825629999946e-01 5.777934284359999978e-02 3.360549547780000146e-01 1.153609999999999935e+01 1.606850000000000023e+01 1.704410000000000025e+01 1.951139999999999830e+01 7.355827834054895487e-01 8.538520571974502760e-01
-1.033899999999999958e-01 9.645669999999999522e-01 9.505919999999999925e-01 2.577880000000000171e-01 5.668269999999999698e-01 -4.560600000000000070e-02 0.000000000000000000e+00 0.000000000000000000e+00 -5.743070000000000119e-01 9.635930808426007577e-02 5.281162263024058445e-01 nan 1.375792509806794683e-04 2.173543281879999900e-01 8.410999546330000243e-02 3.345937801810000001e-01 7.992259999999999920e+00 1.615459999999999852e+01 1.654949999999999832e+01 1.924630000000000152e+01 7.355827834054895487e-01 8.538520571974502760e-01
-3.843969999999999887e-01 4.617539999999999978e-01 4.476640000000000064e-01 -2.440499999999999892e-01 1.837700000000000054e-03 -2.227480000000000016e-01 0.000000000000000000e+00 0.000000000000000000e+00 -5.743070000000000119e-01 1.038217524240796497e-01 5.770257889327703449e-01 nan 0.000000000000000000e+00 2.173543281879999900e-01 8.410999546330000243e-02 3.345937801810000001e-01 7.992259999999999920e+00 1.615459999999999852e+01 1.654949999999999832e+01 1.924630000000000152e+01 7.719463242402588854e-01 8.322479600306974534e-01
-4.354899999999999882e-01 -1.214380000000000043e-01 1.230679999999999968e-01 -3.402910000000000101e-01 -1.888660000000000061e-01 -3.545429999999999970e-01 0.000000000000000000e+00 0.000000000000000000e+00 -4.728709999999999858e-01 1.109558704352041625e-01 6.255198261443906116e-01 nan 1.375792509806794683e-04 2.304453855430000087e-01 1.080519223290000025e-01 2.970626367199999951e-01 7.495400000000000063e+00 1.657000000000000028e+01 1.913260000000000005e+01 2.345880000000000010e+01 7.719463242402588854e-01 8.322479600306974534e-01
-2.963060000000000138e-01 7.148099999999999454e-01 7.212619999999999587e-01 -2.409860000000000058e-01 -1.167580000000000007e-02 -3.591400000000000148e-01 0.000000000000000000e+00 0.000000000000000000e+00 -4.728709999999999858e-01 1.176808297099183331e-01 6.730488811184247577e-01 nan 4.909811822450871333e-03 2.304453855430000087e-01 1.080519223290000025e-01 2.970626367199999951e-01 7.495400000000000063e+00 1.657000000000000028e+01 1.913260000000000005e+01 2.345880000000000010e+01 1.000000000000000000e+00 1.000000000000000000e+00
-2.046610000000000096e-01 8.445479999999999654e-01 8.884589999999999987e-01 -4.938350000000000239e-01 -2.456569999999999865e-01 -2.886150000000000104e-01 0.000000000000000000e+00 0.000000000000000000e+00 -5.743070000000000119e-01 1.239204337724825189e-01 7.190744306703704680e-01 nan 1.036216417152979741e-02 2.395584694650000068e-01 1.179133474320000069e-01 2.723779611980000070e-01 1.222059999999999924e+01 1.675979999999999848e+01 2.014170000000000016e+01 2.325319999999999965e+01 1.000000000000000000e+00 1.000000000000000000e+00
-4.373739999999999850e-01 -8.312369999999999481e-02 -5.557399999999999840e-02 -2.302049999999999930e-01 -3.342169999999999863e-02 -2.051800000000000013e-01 0.000000000000000000e+00 6.794587856780998081e-04 -5.743070000000000119e-01 1.296039854156483262e-01 7.630749869329274127e-01 nan 1.253239672649431036e-02 2.395584694650000068e-01 1.179133474320000069e-01 2.723779611980000070e-01 1.222059999999999924e+01 1.675979999999999848e+01 2.014170000000000016e+01 2.325319999999999965e+01 8.482251691816233841e-01 8.855205249886450858e-01
-4.240820000000000145e-01 1.314740000000000075e-01 2.385240000000000138e-01 -6.273950000000000360e-01 -4.917619999999999769e-01 -2.151399999999999979e-01 0.000000000000000000e+00 1.381050872532707530e-03 -4.728709999999999858e-01 1.346670877282670764e-01 8.045520060219109038e-01 nan 1.575697353173166615e-02 2.533832040819999909e-01 1.556889001360000080e-01 2.382936049499999875e-01 1.009580000000000055e+01 2.396809999999999974e+01 2.704479999999999862e+01 2.836049999999999827e+01 8.482251691816233841e-01 8.855205249886450858e-01
-3.177769999999999762e-01 6.323360000000000092e-01 7.524149999999999450e-01 2.452680000000000051e-03 2.903310000000000057e-01 -1.836180000000000034e-01 0.000000000000000000e+00 2.148792083770834083e-03 -4.728709999999999858e-01 1.390523737380234826e-01 8.430355367376668463e-01 nan 1.999935884356263127e-02 2.533832040819999909e-01 1.556889001360000080e-01 2.382936049499999875e-01 1.009580000000000055e+01 2.396809999999999974e+01 2.704479999999999862e+01 2.836049999999999827e+01 8.090611996132991424e-01 8.773794421212548489e-01
1.101339999999999958e-01 1.095750000000000002e+00 1.126740000000000075e+00 -3.417810000000000015e-01 -1.673719999999999930e-01 -1.210549999999999959e-01 0.000000000000000000e+00 3.025948746588014160e-03 -5.743070000000000119e-01 1.427101564021555635e-01 8.780895452999468720e-01 nan 2.521148474123335870e-02 2.832844591400000001e-01 1.479071709689999958e-01 1.889910833540000001e-01 1.430949999999999989e+01 3.243959999999999866e+01 3.466940000000000310e+01 3.115090000000000003e+01 8.090611996132991424e-01 8.773794421212548489e-01
-2.745119999999999783e-01 7.646950000000000136e-01 7.341210000000000235e-01 2.607249999999999845e-02 2.960599999999999898e-01 -5.003119999999999790e-02 0.000000000000000000e+00 4.054547467393754268e-03 -5.743070000000000119e-01 1.455989915815030233e-01 9.093168557848694267e-01 nan 3.133429575566304415e-02 2.832844591400000001e-01 1.479071709689999958e-01 1.889910833540000001e-01 1.430949999999999989e+01 3.243959999999999866e+01 3.466940000000000310e+01 3.115090000000000003e+01 8.461918372493799634e-01 9.302260019734059915e-01
-3.955049999999999955e-01 3.800390000000000157e-01 4.465169999999999972e-01 -2.116099999999999925e-01 -7.113809999999999578e-02 -2.773390000000000022e-01 0.000000000000000000e+00 5.274898953566697912e-03 -4.728709999999999858e-01 1.476861476191639877e-01 9.363636502868400990e-01 nan 3.829841799150746073e-02 3.551913237279999969e-01 1.473026899459999872e-01 1.296923229689999901e-01 1.784390000000000143e+01 3.372849999999999682e+01 3.403589999999999804e+01 3.034499999999999886e+01 8.461918372493799634e-01 9.302260019734059915e-01
-2.700319999999999943e-01 7.397240000000000482e-01 8.196039999999999992e-01 -1.899270000000000125e-01 7.303270000000000595e-02 -2.657919999999999727e-01 0.000000000000000000e+00 6.725141277033830356e-03 -4.728709999999999858e-01 1.489479762032462906e-01 9.589234778168007622e-01 nan 4.602494516111188538e-02 3.551913237279999969e-01 1.473026899459999872e-01 1.296923229689999901e-01 1.784390000000000143e+01 3.372849999999999682e+01 3.403589999999999804e+01 3.034499999999999886e+01 5.418488083729140481e-01 7.889395292017103989e-01
-1.587159999999999960e-01 9.053419999999999801e-01 9.177429999999999755e-01 -3.589439999999999853e-01 -1.350069999999999881e-01 -2.139610000000000123e-01 0.000000000000000000e+00 8.440807754675594410e-03 -5.743070000000000119e-01 1.493701803116914695e-01 9.767407265143872586e-01 nan 5.442633262428175911e-02 4.174536275230000260e-01 1.108274418909999948e-01 9.696421772589999821e-02 7.994519999999999627e+00 2.960170000000000101e+01 2.936899999999999977e+01 3.051749999999999829e+01 5.418488083729140481e-01 7.889395292017103989e-01
-3.862400000000000277e-01 3.625789999999999846e-01 5.934080000000000465e-01 -2.090930000000000011e-01 6.673170000000000490e-02 -8.962420000000000109e-02 0.000000000000000000e+00 1.045442434164778334e-02 -4.728709999999999858e-01 1.489479762032462906e-01 9.896135198324447213e-01 nan 6.340738930403455598e-02 4.174536275230000260e-01 1.108274418909999948e-01 9.696421772589999821e-02 7.994519999999999627e+00 2.960170000000000101e+01 2.936899999999999977e+01 3.051749999999999829e+01 5.235172964566436882e-02 5.826183652054065520e-01
-3.597710000000000075e-01 5.629840000000000400e-01 5.341510000000000424e-01 -3.713690000000000047e-01 -1.459600000000000064e-01 -1.240229999999999944e-01 0.000000000000000000e+00 1.279514109931256804e-02 -4.728709999999999858e-01 1.476861476191639877e-01 9.973960038789723148e-01 nan 7.286635623954107466e-02 3.738327422009999901e-01 1.291569399040000121e-01 9.706982354670000424e-02 2.128740000000000165e+01 3.057789999999999964e+01 3.410379999999999967e+01 3.257240000000000180e+01 5.235172964566436882e-02 5.826183652054065520e-01
-2.413929999999999965e-01 7.568859999999999477e-01 9.120110000000000161e-01 -1.021819999999999951e-01 1.820460000000000134e-01 -1.338779999999999970e-01 0.000000000000000000e+00 1.548840191339551087e-02 -4.728709999999999858e-01 1.455989915815030233e-01 1.000000000000000000e+00 nan 8.269605955581049717e-02 3.738327422009999901e-01 1.291569399040000121e-01 9.706982354670000424e-02 2.128740000000000165e+01 3.057789999999999964e+01 3.410379999999999967e+01 3.257240000000000180e+01 4.340139128241772282e-01 7.247380538457924848e-01
-2.628139999999999990e-02 1.002450000000000063e+00 1.065630000000000077e+00 2.448730000000000004e-02 2.340039999999999898e-01 -1.930219999999999991e-01 0.000000000000000000e+00 1.855565620459331821e-02 -4.728709999999999858e-01 1.427101564021555635e-01 9.973960038789723148e-01 nan 9.278512478651901318e-02 2.895754625559999740e-01 1.109686901999999975e-01 1.412099822979999975e-01 8.098729999999999762e+00 3.345230000000000103e+01 3.618869999999999720e+01 3.885199999999999676e+01 4.340139128241772282e-01 7.247380538457924848e-01
6.913919999999999788e-02 1.075039999999999996e+00 1.099010000000000042e+00 -1.172430000000000000e-01 1.547159999999999924e-01 -2.105529999999999902e-01 0.000000000000000000e+00 2.201411589806723246e-02 -5.743070000000000119e-01 1.390523737380234826e-01 9.896135198324448323e-01 nan 1.030192387912172158e-01 2.895754625559999740e-01 1.109686901999999975e-01 1.412099822979999975e-01 8.098729999999999762e+00 3.345230000000000103e+01 3.618869999999999720e+01 3.885199999999999676e+01 5.568965154890505032e-01 6.911619602499647907e-01
-3.924139999999999850e-01 4.114200000000000079e-01 4.324319999999999831e-01 -3.779829999999999995e-02 2.252760000000000040e-01 -3.732730000000000214e-01 0.000000000000000000e+00 2.587656040545260883e-02 -4.728709999999999858e-01 1.346670877282670764e-01 9.767407265143873696e-01 nan 1.132824449688871749e-01 2.318494149729999898e-01 8.390173445019999399e-02 1.694064106189999974e-01 1.903729999999999833e+01 2.921600000000000108e+01 3.521329999999999671e+01 3.521909999999999741e+01 5.568965154890505032e-01 6.911619602499647907e-01
-4.028829999999999911e-01 3.153369999999999784e-01 4.371189999999999798e-01 -7.129360000000000142e-01 -6.137799999999999923e-01 -4.454469999999999819e-01 0.000000000000000000e+00 3.015119182901904171e-02 -3.714350000000000152e-01 1.296039854156483262e-01 9.589234778168007622e-01 nan 1.234584570925666425e-01 2.318494149729999898e-01 8.390173445019999399e-02 1.694064106189999974e-01 1.903729999999999833e+01 2.921600000000000108e+01 3.521329999999999671e+01 3.521909999999999741e+01 4.302572401328241813e-02 5.460351767451330218e-01
-4.401789999999999869e-01 -1.816049999999999887e-01 -1.298179999999999890e-01 -6.107230000000000159e-01 -5.071069999999999744e-01 -4.421109999999999762e-01 0.000000000000000000e+00 3.484154202857470128e-02 -3.714350000000000152e-01 1.239204337724825189e-01 9.363636502868400990e-01 nan 1.334319768787665117e-01 1.923068495810000000e-01 7.623920180399999802e-02 1.459949898640000021e-01 9.855620000000000047e+00 2.382270000000000110e+01 2.676849999999999952e+01 2.885190000000000055e+01 4.302572401328241813e-02 5.460351767451330218e-01
-4.417189999999999728e-01 -2.951599999999999779e-01 -1.185549999999999937e-01 -8.396010000000000417e-01 -7.892749999999999488e-01 -4.604670000000000152e-01 0.000000000000000000e+00 3.994643260408248242e-02 -4.728709999999999858e-01 1.176808297099183331e-01 9.093168557848695377e-01 nan 1.430900003630927175e-01 1.923068495810000000e-01 7.623920180399999802e-02 1.459949898640000021e-01 9.855620000000000047e+00 2.382270000000000110e+01 2.676849999999999952e+01 2.885190000000000055e+01 5.299535538649069455e-01 7.339504142586414925e-01
-4.241099999999999870e-01 1.733560000000000101e-01 1.500720000000000109e-01 -7.948439999999999950e-01 -8.316270000000000051e-01 -4.599699999999999900e-01 0.000000000000000000e+00 4.545998824740371536e-02 -5.743070000000000119e-01 1.109558704352041625e-01 8.780895452999469830e-01 nan 1.523230982803174260e-01 1.402118463739999987e-01 6.511253108910000642e-02 1.421000800270000031e-01 1.435689999999999955e+01 2.794010000000000105e+01 3.024459999999999837e+01 2.891850000000000165e+01 5.299535538649069455e-01 7.339504142586414925e-01
-4.306139999999999968e-01 4.179259999999999919e-02 1.344589999999999952e-01 -7.377040000000000264e-01 -7.663299999999999557e-01 -4.613070000000000226e-01 0.000000000000000000e+00 5.137170331188767314e-02 -4.728709999999999858e-01 1.038217524240798717e-01 8.430355367376670683e-01 nan 1.610266559416797527e-01 1.402118463739999987e-01 6.511253108910000642e-02 1.421000800270000031e-01 1.435689999999999955e+01 2.794010000000000105e+01 3.024459999999999837e+01 2.891850000000000165e+01 9.895023328149300523e-01 8.495700794060988548e-01
-4.447360000000000202e-01 -4.291329999999999867e-01 -4.071020000000000194e-01 -8.031559999999999810e-01 -8.476540000000000186e-01 -4.587100000000000066e-01 0.000000000000000000e+00 5.766656084554522277e-02 -4.728709999999999858e-01 9.635930808426018679e-02 8.045520060219111258e-01 nan 1.691020585611112681e-01 1.143328784229999950e-01 5.253912293069999684e-02 1.132638034860000004e-01 8.525470000000000326e+00 2.463569999999999993e+01 3.255409999999999826e+01 2.961919999999999931e+01 9.895023328149300523e-01 8.495700794060988548e-01
-4.470939999999999914e-01 -7.865959999999999619e-01 -8.029669999999999863e-01 -8.310589999999999922e-01 -9.007079999999999531e-01 -4.183769999999999989e-01 0.000000000000000000e+00 6.432520273911523923e-02 -6.712680000000000036e-02 8.865308989195697098e-02 7.630749869329276347e-01 nan 1.764578086001666879e-01 1.143328784229999950e-01 5.253912293069999684e-02 1.132638034860000004e-01 8.525470000000000326e+00 2.463569999999999993e+01 3.255409999999999826e+01 2.961919999999999931e+01 8.470324912782145610e-01 8.452661748813606879e-01
-4.448010000000000019e-01 -4.312940000000000107e-01 -4.215360000000000218e-01 -7.360029999999999628e-01 -7.097360000000000335e-01 -3.825040000000000107e-01 0.000000000000000000e+00 7.132414906117845455e-02 -6.712680000000000036e-02 8.079041237853745727e-02 7.190744306703704680e-01 nan 1.830105624716950041e-01 1.343736938729999941e-01 4.534430619259999934e-02 9.897428199060000209e-02 8.049080000000000013e+00 1.657349999999999923e+01 2.197569999999999979e+01 2.522350000000000136e+01 8.470324912782145610e-01 8.452661748813606879e-01
-4.145980000000000221e-01 2.704409999999999870e-01 2.560149999999999926e-01 -5.788459999999999717e-01 -4.761040000000000272e-01 -3.441930000000000267e-01 0.000000000000000000e+00 7.863606409516143980e-02 -5.743070000000000119e-01 7.286036282199526148e-02 6.730488811184249798e-01 nan 1.886860748559839873e-01 1.343736938729999941e-01 4.534430619259999934e-02 9.897428199060000209e-02 8.049080000000000013e+00 1.657349999999999923e+01 2.197569999999999979e+01 2.522350000000000136e+01 8.175307889538060424e-01 8.357969584488402770e-01
-3.724540000000000073e-01 5.140770000000000062e-01 4.964100000000000179e-01 -5.692960000000000242e-01 -4.661040000000000183e-01 -3.378399999999999737e-01 0.000000000000000000e+00 8.623006606392935591e-02 -5.743070000000000119e-01 6.495279185249303033e-02 6.255198261443907226e-01 nan 1.934200399299002004e-01 1.321010067010000011e-01 4.625457008040000095e-02 9.019438126510000153e-02 4.637649999999999828e+00 1.097310000000000052e+01 1.541949999999999932e+01 -1.000000000000000000e+00 8.175307889538060424e-01 8.357969584488402770e-01
-3.845609999999999862e-01 4.660880000000000023e-01 4.336209999999999787e-01 -5.073330000000000339e-01 -4.302409999999999846e-01 -3.923940000000000206e-01 0.000000000000000000e+00 9.407207703265940690e-02 -5.743070000000000119e-01 5.715729540882030779e-02 5.770257889327705669e-01 nan 1.971588199775594630e-01 1.321010067010000011e-01 4.625457008040000095e-02 9.019438126510000153e-02 4.637649999999999828e+00 1.097310000000000052e+01 1.541949999999999932e+01 -1.000000000000000000e+00 7.892217645328064579e-01 6.757787905840342280e-01
-4.091469999999999829e-01 3.196330000000000005e-01 2.897710000000000008e-01 -5.143199999999999994e-01 -5.025950000000000140e-01 -4.393569999999999975e-01 0.000000000000000000e+00 1.021252090254604061e-01 -5.743070000000000119e-01 4.956219958060614772e-02 5.281162263024060666e-01 nan 1.998600531270814384e-01 1.211556694250000010e-01 4.963108045700000137e-02 8.635484086099999568e-02 4.538420000000000343e+00 1.003079999999999927e+01 -1.000000000000000000e+00 -1.000000000000000000e+00 7.892217645328064579e-01 6.757787905840342280e-01
-4.343230000000000146e-01 1.131249999999999964e-02 -2.490780000000000077e-02 -7.188489999999999602e-01 -6.704379999999999784e-01 -4.434930000000000261e-01 0.000000000000000000e+00 1.103501819808784257e-01 -5.743070000000000119e-01 4.225355983843048779e-02 4.793453031411690768e-01 nan 2.014931333275236103e-01 1.211556694250000010e-01 4.963108045700000137e-02 8.635484086099999568e-02 4.538420000000000343e+00 1.003079999999999927e+01 -1.000000000000000000e+00 -1.000000000000000000e+00 9.962012946072044128e-01 5.978605772995662093e-01
-4.464159999999999795e-01 -7.105470000000000397e-01 -5.107920000000000238e-01 -7.992010000000000502e-01 -8.663650000000000517e-01 -4.541669999999999874e-01 0.000000000000000000e+00 1.187057688106891717e-01 -4.728709999999999858e-01 3.531418599095670352e-02 4.312656134963481769e-01 nan 2.020395571276696334e-01 1.202771355379999990e-01 5.561058785450000153e-02 8.657396657539999374e-02 3.902390000000000025e+00 -1.000000000000000000e+00 -1.000000000000000000e+00 -1.000000000000000000e+00 9.962012946072044128e-01 5.978605772995662093e-01
-4.405240000000000267e-01 -1.703359999999999874e-01 -1.966579999999999995e-01 -8.509170000000000345e-01 -8.333549999999999569e-01 -4.471249999999999947e-01 0.000000000000000000e+00 1.271492625192804926e-01 -4.728709999999999858e-01 2.882270391670938015e-02 3.844219194632887415e-01 nan 2.014931333275237213e-01 1.202771355379999990e-01 5.561058785450000153e-02 8.657396657539999374e-02 3.902390000000000025e+00 -1.000000000000000000e+00 -1.000000000000000000e+00 -1.000000000000000000e+00 0.000000000000000000e+00 0.000000000000000000e+00
