-5.453500000000000014e-01 -9.650849999999999707e-01 -1.151359999999999939e+00 -1.144449999999999967e+00 -1.300310000000000077e+00 -5.193330000000000446e-01 0.000000000000000000e+00 2.069564036045267175e-01 -9.347889999999999810e-01 2.011275683624569321e-02 0.000000000000000000e+00 nan 3.023116380122579105e-01 1.368240290299999884e-01 2.147895058980000063e-02 5.997504027750000244e-02 -1.000000000000000000e+00 -1.000000000000000000e+00 -1.000000000000000000e+00 -1.000000000000000000e+00 0.000000000000000000e+00 0.000000000000000000e+00
-5.515949999999999465e-01 -1.188439999999999941e+00 -1.367729999999999890e+00 -1.243700000000000028e+00 -1.369950000000000001e+00 -5.284520000000000328e-01 0.000000000000000000e+00 1.915877346690735283e-01 -9.347889999999999810e-01 2.616636279191231207e-02 0.000000000000000000e+00 nan 3.447602651247433370e-01 1.609456497049999990e-01 2.228262880630000123e-02 6.123191687099999864e-02 7.668809999999999683e+00 -1.000000000000000000e+00 -1.000000000000000000e+00 -1.000000000000000000e+00 0.000000000000000000e+00 0.000000000000000000e+00
-5.591329999999999911e-01 -1.720909999999999940e+00 -1.899960000000000093e+00 -1.336920000000000108e+00 -1.499449999999999950e+00 -5.283529999999999616e-01 0.000000000000000000e+00 1.777839457800854950e-01 -9.347889999999999810e-01 3.336035211873478179e-02 0.000000000000000000e+00 nan 3.894677171130864757e-01 1.609456497049999990e-01 2.228262880630000123e-02 6.123191687099999864e-02 7.668809999999999683e+00 -1.000000000000000000e+00 -1.000000000000000000e+00 -1.000000000000000000e+00 0.000000000000000000e+00 0.000000000000000000e+00
-5.629250000000000087e-01 -2.908830000000000027e+00 -3.047260000000000080e+00 -1.334379999999999900e+00 -1.568170000000000064e+00 -5.109420000000000073e-01 0.000000000000000000e+00 1.656725384792155920e-01 -6.937750000000000306e-01 4.187098936109268088e-02 0.000000000000000000e+00 nan 4.359274406820680126e-01 1.678405745359999868e-01 3.058980494099999836e-02 6.477284173120000099e-02 9.826119999999999521e+00 2.345909999999999940e+01 -1.000000000000000000e+00 -1.000000000000000000e+00 0.000000000000000000e+00 0.000000000000000000e+00
-5.627419999999999645e-01 -2.717229999999999812e+00 -2.891509999999999803e+00 -1.276710000000000012e+00 -1.493509999999999893e+00 -4.608909999999999951e-01 0.000000000000000000e+00 1.539905596771046214e-01 -6.937750000000000306e-01 5.185962091637597027e-02 0.000000000000000000e+00 nan 4.836130285992877864e-01 1.678405745359999868e-01 3.058980494099999836e-02 6.477284173120000099e-02 9.826119999999999521e+00 2.345909999999999940e+01 -1.000000000000000000e+00 -1.000000000000000000e+00 8.637079565084848642e-01 9.045145062094215316e-01
-5.522230000000000194e-01 -1.221929999999999961e+00 -1.384160000000000057e+00 -1.031290000000000040e+00 -1.078799999999999981e+00 -3.992950000000000110e-01 0.000000000000000000e+00 1.430033993430031014e-01 -9.347889999999999810e-01 6.347084691583360083e-02 0.000000000000000000e+00 nan 5.319841840994494753e-01 1.887680597049999909e-01 3.598197668719999714e-02 9.337583692629999876e-02 1.704500000000000171e+01 3.255420000000000158e+01 3.103369999999999962e+01 -1.000000000000000000e+00 8.637079565084848642e-01 9.045145062094215316e-01
-4.867540000000000200e-01 -2.307230000000000114e-01 -3.442270000000000052e-01 -8.376440000000000552e-01 -8.125790000000000513e-01 -3.576610000000000067e-01 0.000000000000000000e+00 1.329685748752837959e-01 -9.347889999999999810e-01 7.683088284730543727e-02 0.000000000000000000e+00 nan 5.804928426626032589e-01 1.887680597049999909e-01 3.598197668719999714e-02 9.337583692629999876e-02 1.704500000000000171e+01 3.255420000000000158e+01 3.103369999999999962e+01 -1.000000000000000000e+00 9.559089523422417134e-01 9.998057498057497661e-01
-4.407699999999999951e-01 1.527940000000000027e-02 -1.020309999999999967e-01 -8.429649999999999643e-01 -8.597230000000000150e-01 -3.993599999999999928e-01 1.020147623560951899e-03 1.241328133264189004e-01 -9.347889999999999810e-01 9.204612948331281075e-02 0.000000000000000000e+00 nan 6.285893818041519143e-01 1.910171681160000023e-01 4.168285392940000028e-02 9.228012832630000384e-02 1.622830000000000084e+01 3.481589999999999918e+01 3.290100000000000335e+01 2.909840000000000160e+01 9.559089523422417134e-01 9.998057498057497661e-01
-4.865110000000000268e-01 -2.174550000000000094e-01 -3.742960000000000176e-01 -7.567970000000000530e-01 -8.547559999999999603e-01 -4.727190000000000003e-01 3.391151424300242745e-03 1.167292558868892050e-01 -9.347889999999999810e-01 1.092019673177904160e-01 0.000000000000000000e+00 nan 6.757288485172201487e-01 1.910171681160000023e-01 4.168285392940000028e-02 9.228012832630000384e-02 1.622830000000000084e+01 3.481589999999999918e+01 3.290100000000000335e+01 2.909840000000000160e+01 9.588761304745452296e-01 1.000000000000000000e+00
-5.151940000000000408e-01 -4.720880000000000076e-01 -5.869619999999999838e-01 -1.011889999999999956e+00 -1.012219999999999898e+00 -4.916460000000000274e-01 6.256956125632373578e-03 1.109748163023368539e-01 -9.347889999999999810e-01 1.283617891709727399e-01 0.000000000000000000e+00 nan 7.213771338079735251e-01 2.309862009870000121e-01 4.118602691190000054e-02 6.982236930150000076e-02 2.173730000000000118e+01 4.051489999999999725e+01 3.677729999999999677e+01 3.394380000000000308e+01 9.588761304745452296e-01 1.000000000000000000e+00
-5.582179999999999920e-01 -1.762930000000000108e+00 -1.544429999999999970e+00 -1.066959999999999908e+00 -1.162449999999999983e+00 -5.067700000000000538e-01 9.473823553987625878e-03 1.070677231541525831e-01 -6.937750000000000306e-01 1.495662819234114815e-01 0.000000000000000000e+00 nan 7.650170243639383694e-01 2.309862009870000121e-01 4.118602691190000054e-02 6.982236930150000076e-02 2.173730000000000118e+01 4.051489999999999725e+01 3.677729999999999677e+01 3.394380000000000308e+01 7.377248247129356562e-01 8.168418210791092982e-01
-5.510589999999999655e-01 -1.179710000000000036e+00 -1.307039999999999980e+00 -1.282329999999999970e+00 -1.461479999999999890e+00 -4.784959999999999769e-01 1.316280688255866416e-02 1.051852738504416296e-01 -6.937750000000000306e-01 1.728329655173608259e-01 0.000000000000000000e+00 nan 8.061540627875003473e-01 2.474093296880000015e-01 3.743754607989999844e-02 6.617773669309999496e-02 2.255849999999999866e+01 3.349600000000000222e+01 3.325139999999999674e+01 3.387760000000000105e+01 7.377248247129356562e-01 8.168418210791092982e-01
-5.473890000000000144e-01 -1.020650000000000057e+00 -1.233719999999999928e+00 -1.026960000000000095e+00 -1.124819999999999931e+00 -4.762529999999999819e-01 1.750265253694260892e-02 1.054818257755443245e-01 -9.347889999999999810e-01 1.981559944488304748e-01 0.000000000000000000e+00 nan 8.443221499957936915e-01 2.474093296880000015e-01 3.743754607989999844e-02 6.617773669309999496e-02 2.255849999999999866e+01 3.349600000000000222e+01 3.325139999999999674e+01 3.387760000000000105e+01 8.288334518849709287e-01 8.178887967023560357e-01
-5.189420000000000144e-01 -5.083269999999999733e-01 -6.448469999999999480e-01 -9.813389999999999613e-01 -1.090249999999999941e+00 -5.019179999999999753e-01 2.264747861794857986e-02 1.080870473591939440e-01 -9.347889999999999810e-01 2.255062239994823914e-01 0.000000000000000000e+00 nan 8.790888263095550936e-01 2.018502326249999868e-01 4.017030981829999847e-02 7.141026905580000195e-02 9.463210000000000122e+00 3.349210000000000065e+01 3.361679999999999779e+01 3.567549999999999955e+01 8.288334518849709287e-01 8.178887967023560357e-01
-5.139230000000000187e-01 -4.546410000000000173e-01 -5.834789999999999699e-01 -1.126360000000000028e+00 -1.146090000000000053e+00 -5.150059999999999638e-01 2.874211420078953694e-02 1.131044488813944815e-01 -9.347889999999999810e-01 2.548315404579348797e-01 0.000000000000000000e+00 nan 9.100601713940901227e-01 2.018502326249999868e-01 4.017030981829999847e-02 7.141026905580000195e-02 9.463210000000000122e+00 3.349210000000000065e+01 3.361679999999999779e+01 3.567549999999999955e+01 8.060715374453815141e-01 8.902519326248139464e-01
-5.536210000000000298e-01 -1.342240000000000100e+00 -1.341690000000000049e+00 -1.097820000000000018e+00 -1.115750000000000020e+00 -5.183539999999999814e-01 3.592446333701793115e-02 1.206102096595884632e-01 -6.937750000000000306e-01 2.860574515889364733e-01 0.000000000000000000e+00 nan 9.368852675340696434e-01 1.106758377479999944e-01 5.340814811910000320e-02 8.448187351890000529e-02 1.895349999999999824e+01 3.084369999999999834e+01 3.604070000000000107e+01 3.990760000000000218e+01 8.060715374453815141e-01 8.902519326248139464e-01
-5.595989999999999576e-01 -1.820030000000000037e+00 -1.876100000000000101e+00 -1.360479999999999912e+00 -1.510480000000000045e+00 -5.285330000000000306e-01 4.432384712810277794e-02 1.306523149065498268e-01 -4.527619999999999978e-01 3.190879306601561716e-01 0.000000000000000000e+00 nan 9.592601756714630445e-01 1.106758377479999944e-01 5.340814811910000320e-02 8.448187351890000529e-02 1.895349999999999824e+01 3.084369999999999834e+01 3.604070000000000107e+01 3.990760000000000218e+01 4.884005690478609996e-01 7.472640353996284901e-01
-5.614829999999999544e-01 -2.315319999999999823e+00 -2.045659999999999812e+00 -1.274219999999999908e+00 -1.425680000000000058e+00 -5.231590000000000407e-01 5.405516353465755763e-02 1.432500120387496523e-01 -6.937750000000000306e-01 3.538065044634318701e-01 0.000000000000000000e+00 nan 9.769313791565140681e-01 6.841736334009999865e-02 4.371244454139999736e-02 6.516610125570000689e-02 1.854459999999999908e+01 4.132059999999999889e+01 4.066749999999999687e+01 4.277259999999999707e+01 4.884005690478609996e-01 7.472640353996284901e-01
-5.488330000000000153e-01 -1.092039999999999900e+00 -1.223139999999999894e+00 -1.289889999999999981e+00 -1.432709999999999928e+00 -5.087359999999999660e-01 6.521627254754458480e-02 1.583935925954363944e-01 -9.347889999999999810e-01 3.900775730027585819e-01 0.000000000000000000e+00 nan 9.896986561926827131e-01 6.841736334009999865e-02 4.371244454139999736e-02 6.516610125570000689e-02 1.854459999999999908e+01 4.132059999999999889e+01 4.066749999999999687e+01 4.277259999999999707e+01 6.224265826643633481e-01 7.611940789906890270e-01
-5.448009999999999797e-01 -9.525069999999999926e-01 -1.126849999999999907e+00 -1.246010000000000062e+00 -1.340279999999999916e+00 -4.992039999999999811e-01 7.788963270035731412e-02 1.760445022393759551e-01 -9.347889999999999810e-01 4.277479458964267289e-01 0.000000000000000000e+00 nan 9.974173484296037229e-01 5.590243780640000160e-02 3.324967037720000240e-02 4.826105893740000041e-02 1.991479999999999961e+01 3.845570000000000022e+01 4.480740000000000123e+01 4.908679999999999666e+01 6.224265826643633481e-01 7.611940789906890270e-01
-5.535409999999999497e-01 -1.272710000000000008e+00 -1.488979999999999970e+00 -1.354549999999999921e+00 -1.421429999999999971e+00 -5.072440000000000282e-01 9.213636313524475874e-02 1.961357775928974645e-01 -9.347889999999999810e-01 4.666485780852582810e-01 0.000000000000000000e+00 nan 1.000000000000000000e+00 5.590243780640000160e-02 3.324967037720000240e-02 4.826105893740000041e-02 1.991479999999999961e+01 3.845570000000000022e+01 4.480740000000000123e+01 4.908679999999999666e+01 6.547098872065846287e-01 8.339193762922576525e-01
-5.537130000000000107e-01 -1.287400000000000100e+00 -1.482900000000000107e+00 -1.363040000000000029e+00 -1.453030000000000044e+00 -5.153790000000000315e-01 1.080034305445940479e-01 2.185728049597200906e-01 -9.347889999999999810e-01 5.065964851806741276e-01 0.000000000000000000e+00 nan 9.974173484296037229e-01 1.042881974159999975e-01 2.339516944060000131e-02 4.473413339730000077e-02 2.567530000000000001e+01 4.990359999999999729e+01 5.585370000000000346e+01 5.949399999999999977e+01 6.547098872065846287e-01 8.339193762922576525e-01
-5.509460000000000468e-01 -1.163270000000000026e+00 -1.332379999999999898e+00 -1.329679999999999973e+00 -1.427980000000000027e+00 -5.167840000000000211e-01 1.255217630211689084e-01 2.432343923359371329e-01 -9.347889999999999810e-01 5.473968167509339899e-01 0.000000000000000000e+00 nan 9.896986561926828241e-01 1.042881974159999975e-01 2.339516944060000131e-02 4.473413339730000077e-02 2.567530000000000001e+01 4.990359999999999729e+01 5.585370000000000346e+01 5.949399999999999977e+01 7.638349761203130361e-01 8.984960425638390813e-01
-5.566389999999999949e-01 -1.474779999999999980e+00 -1.672439999999999927e+00 -1.281800000000000050e+00 -1.446970000000000089e+00 -5.255739999999999856e-01 1.446938652117769619e-01 2.699741425638465531e-01 -9.347889999999999810e-01 5.888450640543860803e-01 0.000000000000000000e+00 nan 9.769313791565144012e-01 2.411078731999999891e-01 2.309217729159999954e-02 5.928462926789999921e-02 3.125929999999999964e+01 6.246880000000000166e+01 7.263120000000000687e+01 7.209669999999999845e+01 7.638349761203130361e-01 8.984960425638390813e-01
-5.608370000000000299e-01 -1.951999999999999957e+00 -2.274080000000000101e+00 -1.334989999999999899e+00 -1.530180000000000096e+00 -4.763839999999999741e-01 1.655034437377449485e-01 2.986221120702450271e-01 -9.347889999999999810e-01 6.273588927192292886e-01 0.000000000000000000e+00 nan 9.592601756714631556e-01 2.411078731999999891e-01 2.309217729159999954e-02 5.928462926789999921e-02 3.125929999999999964e+01 6.246880000000000166e+01 7.263120000000000687e+01 7.209669999999999845e+01 6.162026216847880100e-01 7.638806579484545001e-01
-5.576349999999999918e-01 -1.558340000000000058e+00 -1.755260000000000042e+00 -1.323260000000000103e+00 -1.515940000000000065e+00 -2.795150000000000134e-01 1.879206907761120648e-01 3.289867363950177426e-01 -9.347889999999999810e-01 6.659822033543542075e-01 0.000000000000000000e+00 nan 9.368852675340696434e-01 4.244412708629999864e-01 2.662405512579999953e-02 7.918994239250000400e-02 2.021330000000000027e+01 7.103270000000000550e+01 8.278910000000000480e+01 7.838960000000000150e+01 6.162026216847880100e-01 7.638806579484545001e-01
-5.219139999999999890e-01 -7.185949999999999838e-01 -5.281730000000000036e-01 1.509060000000000068e+00 1.542799999999999949e+00 3.162569999999999965e-02 2.118964412056918434e-01 3.608570006930174046e-01 -2.117479999999999918e-01 7.042773784171731943e-01 0.000000000000000000e+00 nan 9.100601713940901227e-01 4.244412708629999864e-01 2.662405512579999953e-02 7.918994239250000400e-02 2.021330000000000027e+01 7.103270000000000550e+01 8.278910000000000480e+01 7.838960000000000150e+01 2.514480235748398629e-01 5.730084416525094149e-01
-1.407920000000000005e-01 5.734930000000000305e-01 6.721460000000000212e-01 1.860090000000000021e+00 1.766029999999999989e+00 1.830819999999999947e-01 2.373653568692384308e-01 3.940048306165774283e-01 2.926600000000000035e-02 7.418105182722491975e-01 0.000000000000000000e+00 nan 8.790888263095550936e-01 6.232952926799999460e-01 2.190145908639999986e-02 9.755661832749999707e-02 3.083050000000000068e+01 6.385300000000000153e+01 8.122100000000000364e+01 8.035219999999999629e+01 2.514480235748398629e-01 5.730084416525094149e-01
1.508399999999999963e+00 1.352659999999999973e+00 1.485149999999999970e+00 1.176290000000000058e+00 9.928259999999999863e-01 1.380450000000000010e-01 2.642463956693968941e-01 4.281876764890034659e-01 -2.117479999999999918e-01 7.781563574475419687e-01 0.000000000000000000e+00 nan 8.443221499957940246e-01 6.232952926799999460e-01 2.190145908639999986e-02 9.755661832749999707e-02 3.083050000000000068e+01 6.385300000000000153e+01 8.122100000000000364e+01 8.035219999999999629e+01 3.198303017985977270e-01 5.760440124846903931e-01
2.783440000000000136e+00 1.572829999999999950e+00 1.707750000000000101e+00 1.289709999999999912e+00 1.599760000000000071e+00 1.787559999999999982e-01 2.924440212770518244e-01 4.631512614893297242e-01 7.523069999999999480e-01 8.129030830621351011e-01 0.000000000000000000e+00 nan 8.061540627875005693e-01 6.623630582749999718e-01 2.186140130150000110e-02 1.009987421489999954e-01 1.200140000000000029e+01 5.142249999999999943e+01 6.841160000000000707e+01 7.440049999999999386e+01 3.198303017985977270e-01 5.760440124846903931e-01
2.345670000000000144e+00 1.466290000000000093e+00 9.613730000000000331e-01 1.988939999999999930e+00 1.947019999999999973e+00 5.305560000000000276e-01 3.218529925468266439e-01 4.986324627103034812e-01 9.933210000000000095e-01 8.456570008307284780e-01 0.000000000000000000e+00 nan 7.650170243639384804e-01 6.623630582749999718e-01 2.186140130150000110e-02 1.009987421489999954e-01 1.200140000000000029e+01 5.142249999999999943e+01 6.841160000000000707e+01 7.440049999999999386e+01 3.392134945635606469e-01 5.739335993573281280e-01
1.122549999999999937e+00 1.200949999999999962e+00 1.237200000000000077e+00 1.986520000000000064e+00 1.838359999999999994e+00 2.935749999999999749e-01 3.523473052451973064e-01 5.356326648196685358e-01 9.933210000000000095e-01 8.760469957772021310e-01 0.000000000000000000e+00 nan 7.213771338079736362e-01 6.873802190990000449e-01 2.544098808169999865e-02 9.131936751960000043e-02 1.411270000000000024e+01 3.653340000000000032e+01 5.776129999999999853e+01 6.661780000000000257e+01 3.392134945635606469e-01 5.739335993573281280e-01
1.645019999999999927e+00 1.316710000000000047e+00 1.276310000000000056e+00 2.077170000000000183e+00 1.920469999999999899e+00 3.519010000000000193e-01 3.837830470180241260e-01 5.712446267197646144e-01 1.475349999999999939e+00 9.037287371155869886e-01 0.000000000000000000e+00 nan 6.757288485172203707e-01 6.873802190990000449e-01 2.544098808169999865e-02 9.131936751960000043e-02 1.411270000000000024e+01 3.653340000000000032e+01 5.776129999999999853e+01 6.661780000000000257e+01 3.598770450157503520e-01 5.769560006848142297e-01
1.169659999999999922e+00 1.207249999999999934e+00 1.222420000000000062e+00 1.606389999999999985e+00 1.525849999999999929e+00 3.034049999999999803e-01 4.160062467877282399e-01 6.052267800361594841e-01 1.716360000000000108e+00 9.283885796554561809e-01 0.000000000000000000e+00 nan 6.285893818041523584e-01 6.799628503860000173e-01 2.706184415609999908e-02 8.375407105380000550e-02 7.768869999999999720e+00 2.960810000000000031e+01 4.530879999999999797e+01 5.640879999999999939e+01 3.598770450157503520e-01 5.769560006848142297e-01
1.293020000000000058e+00 1.237670000000000048e+00 1.188679999999999959e+00 1.491689999999999960e+00 1.636980000000000102e+00 3.088049999999999962e-01 4.488619279760467373e-01 6.387273020482908681e-01 1.475349999999999939e+00 9.497471175272599320e-01 0.000000000000000000e+00 nan 5.804928426626034810e-01 6.799628503860000173e-01 2.706184415609999908e-02 8.375407105380000550e-02 7.768869999999999720e+00 2.960810000000000031e+01 4.530879999999999797e+01 5.640879999999999939e+01 3.806117264505640696e-01 5.876002528544901349e-01
1.140020000000000033e+00 1.181040000000000090e+00 8.357090000000000352e-01 1.943210000000000104e+00 1.717179999999999929e+00 2.388840000000000130e-01 4.821883065312204675e-01 6.713666184556315031e-01 1.234329999999999927e+00 9.675623499624723678e-01 0.000000000000000000e+00 nan 5.319841840994496973e-01 6.673594319829999622e-01 2.348570093070000142e-02 7.988627341189999398e-02 6.481489999999999974e+00 1.839290000000000092e+01 3.072479999999999833e+01 4.019339999999999691e+01 3.806117264505640696e-01 5.876002528544901349e-01
1.122500000000000053e+00 1.175359999999999960e+00 9.173470000000000235e-01 1.957060000000000022e+00 1.755630000000000024e+00 1.203400000000000025e-01 5.157781329293700256e-01 7.042597528991558775e-01 1.475349999999999939e+00 9.816324232589964671e-01 0.000000000000000000e+00 nan 4.836130285992880085e-01 6.673594319829999622e-01 2.348570093070000142e-02 7.988627341189999398e-02 6.481489999999999974e+00 1.839290000000000092e+01 3.072479999999999833e+01 4.019339999999999691e+01 4.037597805101107440e-01 5.782795359066545959e-01
1.156309999999999949e+00 1.185799999999999965e+00 9.165339999999999598e-01 2.127689999999999859e+00 1.881250000000000089e+00 1.654980000000000062e-01 5.494487292730547701e-01 7.370992053714766623e-01 1.475349999999999939e+00 9.917979178642666316e-01 0.000000000000000000e+00 nan 4.359274406820682346e-01 6.768702398339999649e-01 2.180984859349999888e-02 8.062450497779999337e-02 5.252410000000000245e+00 1.348770000000000024e+01 1.956960000000000122e+01 2.793639999999999901e+01 4.037597805101107440e-01 5.782795359066545959e-01
1.122379999999999933e+00 1.178490000000000038e+00 9.438469999999999915e-01 2.104389999999999983e+00 1.826680000000000081e+00 1.476290000000000102e-01 5.830756149546012512e-01 7.682068048320127573e-01 1.475349999999999939e+00 9.979436546624796955e-01 0.000000000000000000e+00 nan 3.894677171130866977e-01 6.768702398339999649e-01 2.180984859349999888e-02 8.062450497779999337e-02 5.252410000000000245e+00 1.348770000000000024e+01 1.956960000000000122e+01 2.793639999999999901e+01 4.127934153033228082e-01 5.655018239764002530e-01
9.783779999999999699e-01 1.131110000000000060e+00 1.016669999999999963e+00 1.836070000000000091e+00 1.775700000000000056e+00 1.121999999999999942e-01 6.160264880385929454e-01 7.974572114819113988e-01 1.716360000000000108e+00 1.000000000000000000e+00 0.000000000000000000e+00 nan 3.447602651247435590e-01 6.927082436179999858e-01 1.971327430970000114e-02 8.483093243200000300e-02 5.543440000000000367e+00 1.204269999999999996e+01 1.667830000000000013e+01 2.153300000000000125e+01 4.127934153033228082e-01 5.655018239764002530e-01
5.980020000000000335e-01 9.839050000000000296e-01 8.958300000000000152e-01 1.619320000000000093e+00 1.544850000000000056e+00 7.513419999999999821e-02 6.471894340410271340e-01 8.247461282589614306e-01 1.716360000000000108e+00 9.979436546624798066e-01 0.000000000000000000e+00 nan 3.023116380122581326e-01 6.927082436179999858e-01 1.971327430970000114e-02 8.483093243200000300e-02 5.543440000000000367e+00 1.204269999999999996e+01 1.667830000000000013e+01 2.153300000000000125e+01 4.161670561934763812e-01 5.660746974306295476e-01
4.658599999999999963e-01 9.214860000000000273e-01 7.590069999999999872e-01 1.523139999999999938e+00 1.385450000000000070e+00 6.206629999999999786e-02 6.777308708687328487e-01 8.499914825649822481e-01 1.716360000000000108e+00 9.917979178642666316e-01 0.000000000000000000e+00 nan 2.626027956824255050e-01 6.727431102740000224e-01 1.919836296019999944e-02 9.285976407599999538e-02 4.213230000000000253e+00 1.151839999999999975e+01 1.578599999999999959e+01 1.999419999999999931e+01 4.161670561934763812e-01 5.660746974306295476e-01
6.525900000000000034e-01 1.007330000000000059e+00 7.299750000000000405e-01 1.595229999999999926e+00 1.624540000000000095e+00 8.358609999999999651e-02 7.087534644807291784e-01 8.731343561811563125e-01 1.234329999999999927e+00 9.816324232589964671e-01 0.000000000000000000e+00 nan 2.260836551856911791e-01 6.727431102740000224e-01 1.919836296019999944e-02 9.285976407599999538e-02 4.213230000000000253e+00 1.151839999999999975e+01 1.578599999999999959e+01 1.999419999999999931e+01 4.163601260034549556e-01 5.550221906154109153e-01
7.948849999999999527e-01 1.063940000000000108e+00 7.225559999999999761e-01 1.772550000000000070e+00 1.637469999999999981e+00 4.895030000000000214e-02 7.382731051182146453e-01 8.941396528349907502e-01 1.234329999999999927e+00 9.675623499624723678e-01 0.000000000000000000e+00 nan 1.931679929761912495e-01 6.466115067090000279e-01 2.184694843670000053e-02 1.072055553290000018e-01 4.424940000000000317e+00 1.119319999999999915e+01 1.558500000000000085e+01 1.805900000000000105e+01 4.163601260034549556e-01 5.550221906154109153e-01
7.091929999999999623e-01 1.030589999999999895e+00 7.813229999999999897e-01 1.767640000000000100e+00 1.704499999999999904e+00 2.794019999999999837e-02 7.653777736947156018e-01 9.129964958551082255e-01 1.475349999999999939e+00 9.497471175272601540e-01 0.000000000000000000e+00 nan 1.642287566591907888e-01 6.466115067090000279e-01 2.184694843670000053e-02 1.072055553290000018e-01 4.424940000000000317e+00 1.119319999999999915e+01 1.558500000000000085e+01 1.805900000000000105e+01 4.166294075805304642e-01 5.490234812268710574e-01
5.455710000000000282e-01 9.602800000000000225e-01 8.310480000000000089e-01 1.464949999999999974e+00 1.687030000000000030e+00 -3.589060000000000167e-02 7.909883488078046643e-01 9.297183514082801858e-01 1.475349999999999939e+00 9.283885796554562919e-01 0.000000000000000000e+00 nan 1.395938393456931381e-01 6.339199183489999667e-01 2.341935187959999845e-02 1.209106123239999941e-01 7.074620000000000353e+00 1.067060000000000031e+01 1.408360000000000056e+01 1.739620000000000033e+01 4.166294075805304642e-01 5.490234812268710574e-01
3.414719999999999978e-01 8.554549999999999654e-01 7.838129999999999820e-01 1.469999999999999973e+00 1.492620000000000058e+00 -1.576430000000000053e-01 8.161541890275467726e-01 9.443428759223760904e-01 1.716360000000000108e+00 9.037287371155869886e-01 0.000000000000000000e+00 nan 1.195423644924741291e-01 6.339199183489999667e-01 2.341935187959999845e-02 1.209106123239999941e-01 7.074620000000000353e+00 1.067060000000000031e+01 1.408360000000000056e+01 1.739620000000000033e+01 4.149222639975611582e-01 5.375166264996773524e-01
1.087629999999999986e-01 7.026930000000000121e-01 6.384490000000000443e-01 1.320980000000000043e+00 1.285919999999999952e+00 -1.415820000000000134e-01 8.404249433247625856e-01 9.569314894239892011e-01 2.198389999999999844e+00 8.760469957772021310e-01 0.000000000000000000e+00 nan 1.043015233217834403e-01 6.481027752060000147e-01 2.406606462330000001e-02 1.329814743949999933e-01 2.419610000000000039e+00 7.986989999999999590e+00 1.180269999999999975e+01 1.580289999999999928e+01 4.149222639975611582e-01 5.375166264996773524e-01
1.167099999999999943e-01 7.086700000000000221e-01 5.654609999999999914e-01 1.310179999999999900e+00 1.314699999999999980e+00 -1.580129999999999868e-01 8.627397624642563212e-01 9.675686796249928223e-01 1.957379999999999898e+00 8.456570008307287001e-01 0.000000000000000000e+00 nan 8.017129445554560530e-02 6.481027752060000147e-01 2.406606462330000001e-02 1.329814743949999933e-01 2.419610000000000039e+00 7.986989999999999590e+00 1.180269999999999975e+01 1.580289999999999928e+01 4.139569149476679533e-01 5.265299672079333249e-01
3.003719999999999724e-01 8.319429999999999881e-01 5.133609999999999562e-01 1.494159999999999933e+00 1.422879999999999923e+00 -1.702460000000000084e-01 8.830546155772007744e-01 9.763610446430054379e-01 1.234329999999999927e+00 8.129030830621354342e-01 0.000000000000000000e+00 nan 5.983262741921790973e-02 6.288341990689999550e-01 2.756670692789999974e-02 1.432459630200000056e-01 7.722299999999999720e+00 1.137420000000000009e+01 1.436100000000000065e+01 1.688929999999999865e+01 4.139569149476679533e-01 5.265299672079333249e-01
4.690019999999999745e-01 9.262519999999999643e-01 6.834599999999999564e-01 1.320990000000000109e+00 1.524070000000000036e+00 -1.446280000000000066e-01 9.013464877272324705e-01 9.834360852021235555e-01 1.234329999999999927e+00 7.781563574475419687e-01 0.000000000000000000e+00 nan 4.248845136408518908e-02 6.288341990689999550e-01 2.756670692789999974e-02 1.432459630200000056e-01 7.722299999999999720e+00 1.137420000000000009e+01 1.436100000000000065e+01 1.688929999999999865e+01 4.140686922060766717e-01 5.156881724678334944e-01
3.684040000000000092e-01 8.742649999999999588e-01 7.477589999999999515e-01 1.193899999999999961e+00 1.418129999999999891e+00 -1.686600000000000044e-01 9.176611339272285894e-01 9.889407599987710684e-01 1.475349999999999939e+00 7.418105182722491975e-01 0.000000000000000000e+00 nan 2.730776666207790360e-02 5.983451245490000181e-01 2.968904172049999929e-02 1.518127381440000090e-01 6.179499999999999993e+00 1.295079999999999920e+01 1.436580000000000013e+01 1.764539999999999864e+01 4.140686922060766717e-01 5.156881724678334944e-01
1.435470000000000079e-01 7.289390000000000036e-01 6.482470000000000176e-01 1.121019999999999905e+00 1.297900000000000054e+00 -2.330649999999999944e-01 9.320633320719686754e-01 9.930398206009470874e-01 1.716360000000000108e+00 7.042773784171735274e-01 9.022989545771076259e-03 nan 1.343506046360765094e-02 5.983451245490000181e-01 2.968904172049999929e-02 1.518127381440000090e-01 6.179499999999999993e+00 1.295079999999999920e+01 1.436580000000000013e+01 1.764539999999999864e+01 4.101869728686109440e-01 5.012609800745393418e-01
-2.895829999999999932e-02 5.849079999999999835e-01 5.285300000000000553e-01 9.918400000000000549e-01 1.035209999999999964e+00 -2.268689999999999873e-01 9.446168255334334019e-01 9.959139447471285767e-01 1.716360000000000108e+00 6.659822033543543185e-01 1.833990206279434432e-02 nan 0.000000000000000000e+00 5.469732754599999636e-01 3.296348578060000201e-02 1.709926972810000001e-01 6.049199999999999910e+00 1.443769999999999953e+01 1.552580000000000027e+01 1.854909999999999926e+01 4.101869728686109440e-01 5.012609800745393418e-01
-1.947010000000000060e-02 5.937780000000000280e-01 3.742710000000000203e-01 1.145149999999999890e+00 1.097450000000000037e+00 -2.322970000000000035e-01 9.554219129535080901e-01 9.977576891952991689e-01 1.234329999999999927e+00 6.273588927192292886e-01 2.853525322886396598e-02 nan 0.000000000000000000e+00 5.469732754599999636e-01 3.296348578060000201e-02 1.709926972810000001e-01 6.049199999999999910e+00 1.443769999999999953e+01 1.552580000000000027e+01 1.854909999999999926e+01 4.005233208007316081e-01 4.828730591442456088e-01
8.803500000000000214e-02 6.892740000000000533e-01 4.537010000000000209e-01 1.603769999999999918e+00 1.477409999999999890e+00 -2.591729999999999867e-01 9.645941746344945944e-01 9.987772853171392740e-01 9.933210000000000095e-01 5.888450640543861914e-01 4.018360566087475494e-02 nan 0.000000000000000000e+00 4.827875389640000070e-01 4.311980410599999813e-02 2.196384262480000071e-01 7.607510000000000439e+00 1.287439999999999962e+01 1.541220000000000034e+01 2.003219999999999956e+01 4.005233208007316081e-01 4.828730591442456088e-01
-8.084700000000000220e-02 5.352529999999999788e-01 5.525980000000000336e-01 1.296559999999999935e+00 1.167820000000000080e+00 -2.651000000000000023e-01 9.722519800045426042e-01 9.991883024141803293e-01 1.475349999999999939e+00 5.473968167509341010e-01 5.384305889078777607e-02 nan 0.000000000000000000e+00 4.827875389640000070e-01 4.311980410599999813e-02 2.196384262480000071e-01 7.607510000000000439e+00 1.287439999999999962e+01 1.541220000000000034e+01 2.003219999999999956e+01 3.885682349354739884e-01 4.595498663295273234e-01
-1.750320000000000001e-02 5.979569999999999608e-01 6.036669999999999536e-01 1.573329999999999895e+00 1.529029999999999889e+00 -2.318630000000000135e-01 9.785281166476537118e-01 9.992132052314799395e-01 1.716360000000000108e+00 5.065964851806743496e-01 7.004892587492950184e-02 nan 0.000000000000000000e+00 4.378696150249999919e-01 5.611587930999999835e-02 2.418648924200000050e-01 7.150030000000000108e+00 2.019160000000000110e+01 2.430379999999999896e+01 2.745980000000000132e+01 3.885682349354739884e-01 4.595498663295273234e-01
-2.175310000000000021e-01 3.621090000000000142e-01 4.891079999999999872e-01 9.456099999999999506e-01 8.563889999999999558e-01 -2.308850000000000069e-01 9.835775047754568012e-01 9.990788333431688262e-01 1.716360000000000108e+00 4.666485780852583920e-01 8.930766768429498903e-02 nan 0.000000000000000000e+00 4.378696150249999919e-01 5.611587930999999835e-02 2.418648924200000050e-01 7.150030000000000108e+00 2.019160000000000110e+01 2.430379999999999896e+01 2.745980000000000132e+01 3.842343257799003542e-01 4.397264693874862740e-01
-2.657209999999999850e-01 2.839639999999999942e-01 4.435279999999999778e-01 5.376370000000000315e-01 5.297770000000000534e-01 -3.121459999999999790e-01 9.875754876397766502e-01 9.990138309694351904e-01 1.716360000000000108e+00 4.277479458964269510e-01 1.120911550982429672e-01 nan 0.000000000000000000e+00 4.013887519500000112e-01 5.471545867580000083e-02 3.114730765950000091e-01 1.242539999999999978e+01 2.324589999999999890e+01 2.959410000000000096e+01 3.257829999999999870e+01 3.842343257799003542e-01 4.397264693874862740e-01
-3.467520000000000047e-01 1.206330000000000041e-01 2.047120000000000051e-01 7.151300000000000434e-01 4.700610000000000066e-01 -4.107870000000000132e-01 9.906954688545310805e-01 9.992460563461488254e-01 1.475349999999999939e+00 3.900775730027588040e-01 1.298083325742446226e-01 nan 0.000000000000000000e+00 4.013887519500000112e-01 5.471545867580000083e-02 3.114730765950000091e-01 1.242539999999999978e+01 2.324589999999999890e+01 2.959410000000000096e+01 3.257829999999999870e+01 3.783253734376588184e-01 4.174304979389724668e-01
-3.047529999999999961e-01 2.119659999999999878e-01 4.259689999999999865e-01 1.995039999999999869e-01 1.806310000000000138e-01 -4.596740000000000270e-01 9.931125194834580228e-01 1.000000000000000000e+00 7.523069999999999480e-01 3.538065044634319811e-01 1.515753699290948164e-01 nan 0.000000000000000000e+00 3.762216288329999769e-01 4.876853574560000015e-02 3.036947860090000173e-01 9.907120000000000815e+00 2.505389999999999873e+01 3.056169999999999831e+01 3.273879999999999768e+01 3.783253734376588184e-01 4.174304979389724668e-01
-5.441279999999999728e-02 5.600030000000000285e-01 2.151959999999999984e-01 6.524229999999999752e-01 4.618639999999999968e-01 -4.784470000000000112e-01 9.950159009956576206e-01 9.999610325260398502e-01 5.112940000000000262e-01 3.190879306601562826e-01 1.771456379318965269e-01 nan 0.000000000000000000e+00 3.762216288329999769e-01 4.876853574560000015e-02 3.036947860090000173e-01 9.907120000000000815e+00 2.505389999999999873e+01 3.056169999999999831e+01 3.273879999999999768e+01 2.923229346611116997e-01 3.781689120672171445e-01
-5.229219999999999979e-01 -6.652770000000000072e-01 -5.958459999999999868e-01 5.357399999999999940e-01 2.161240000000000036e-02 -4.706830000000000180e-01 9.965918332357842635e-01 9.991947877906063313e-01 2.926600000000000035e-02 2.860574515889364733e-01 2.062294152288172144e-01 nan 0.000000000000000000e+00 3.223733092020000246e-01 5.360741085870000117e-02 2.951896273110000135e-01 2.261329999999999885e+01 2.686939999999999884e+01 3.228529999999999944e+01 3.343180000000000263e+01 2.923229346611116997e-01 3.781689120672171445e-01
-5.255220000000000447e-01 -7.702729999999999855e-01 -5.234429999999999916e-01 -8.173030000000000572e-02 -3.357530000000000237e-01 -4.703519999999999923e-01 9.980075409145503507e-01 9.977099476527279132e-01 2.926600000000000035e-02 2.548315404579348797e-01 2.384971710017949054e-01 nan 0.000000000000000000e+00 3.223733092020000246e-01 5.360741085870000117e-02 2.951896273110000135e-01 2.261329999999999885e+01 2.686939999999999884e+01 3.228529999999999944e+01 3.343180000000000263e+01 2.447007417945331609e-01 3.579306757272858741e-01
-4.638749999999999818e-01 -2.697019999999999973e-01 -6.240680000000000185e-03 1.351510000000000038e-02 -2.003159999999999941e-01 -4.797969999999999735e-01 9.994223423147320373e-01 9.954581435951911361e-01 2.926600000000000035e-02 2.255062239994823914e-01 2.735832986843810266e-01 nan 0.000000000000000000e+00 2.173765961799999924e-01 9.037372131849999435e-02 2.252300477349999941e-01 1.412739999999999974e+01 4.136800000000000210e+01 4.325000000000000000e+01 3.925540000000000163e+01 2.447007417945331609e-01 3.579306757272858741e-01
-1.900709999999999900e-01 4.004179999999999962e-01 4.135429999999999939e-01 3.267610000000000237e-01 3.443950000000000067e-01 -4.862279999999999935e-01 1.000000000000000000e+00 9.937709763798335816e-01 9.933210000000000095e-01 1.981559944488304748e-01 3.110902584302264184e-01 nan 0.000000000000000000e+00 2.173765961799999924e-01 9.037372131849999435e-02 2.252300477349999941e-01 1.412739999999999974e+01 4.136800000000000210e+01 4.325000000000000000e+01 3.925540000000000163e+01 3.407986993191748359e-01 3.705766926105908965e-01
-4.682899999999999840e-01 -2.473680000000000045e-01 -2.600939999999999919e-01 1.002470000000000028e-01 -1.822729999999999906e-01 -4.985510000000000219e-01 9.986112383365408629e-01 9.924404405523616912e-01 1.475349999999999939e+00 1.728329655173608259e-01 3.505930813983899608e-01 nan 0.000000000000000000e+00 1.349416353740000019e-01 1.214141735650000054e-01 2.257823747619999988e-01 3.308460000000000178e+01 3.906940000000000168e+01 4.288870000000000005e+01 4.104740000000000322e+01 3.407986993191748359e-01 3.705766926105908965e-01
-5.473369999999999624e-01 -1.141869999999999941e+00 -1.057879999999999932e+00 -2.900739999999999985e-01 -3.387510000000000243e-01 -5.056749999999999856e-01 9.959718566641400095e-01 9.912544898823543171e-01 5.112940000000000262e-01 1.495662819234115926e-01 3.916441848201152043e-01 nan 0.000000000000000000e+00 1.349416353740000019e-01 1.214141735650000054e-01 2.257823747619999988e-01 3.308460000000000178e+01 3.906940000000000168e+01 4.288870000000000005e+01 4.104740000000000322e+01 2.225586830606645083e-01 3.536110781873493814e-01
-5.444400000000000350e-01 -1.108540000000000081e+00 -8.622589999999999977e-01 -2.658659999999999912e-01 -5.381749999999999590e-01 -4.928290000000000171e-01 9.931669640803103549e-01 9.899994399317831872e-01 2.926600000000000035e-02 1.283617891709727399e-01 4.337784432904454590e-01 nan 0.000000000000000000e+00 1.799082796990000011e-01 1.205071886560000055e-01 2.851028663899999871e-01 1.052459999999999951e+01 3.048150000000000048e+01 3.142470000000000141e+01 3.619480000000000075e+01 2.225586830606645083e-01 3.536110781873493814e-01
-5.380300000000000082e-01 -9.790830000000000366e-01 -6.800469999999999571e-01 -3.581860000000000044e-01 -5.299679999999999946e-01 -4.708890000000000020e-01 9.903265921756807533e-01 9.884623891850793376e-01 2.926600000000000035e-02 1.125724518037883870e-01 4.765184588249162800e-01 nan 0.000000000000000000e+00 1.799082796990000011e-01 1.205071886560000055e-01 2.851028663899999871e-01 1.052459999999999951e+01 3.048150000000000048e+01 3.142470000000000141e+01 3.619480000000000075e+01 1.223960979575247077e-01 3.332049306625577412e-01
-5.234799999999999454e-01 -7.487369999999999859e-01 -4.363469999999999849e-01 -4.590819999999999901e-01 -4.607499999999999929e-01 -4.423710000000000142e-01 9.873239976253075367e-01 9.864336313083759133e-01 2.926600000000000035e-02 9.889689164631931817e-02 5.193799699694785499e-01 nan 0.000000000000000000e+00 2.711537105419999927e-01 1.208937482450000017e-01 2.885758935869999764e-01 1.570790000000000042e+01 3.174769999999999825e+01 3.851219999999999999e+01 3.723610000000000042e+01 1.223960979575247077e-01 3.332049306625577412e-01
-5.002490000000000547e-01 -5.122130000000000294e-01 -1.992510000000000114e-01 -1.704759999999999887e-01 -2.694579999999999753e-01 -4.146199999999999886e-01 9.839725025706574923e-01 9.837090312060650099e-01 2.926600000000000035e-02 8.411957377362833110e-02 5.709003282220445064e-01 nan 0.000000000000000000e+00 2.711537105419999927e-01 1.208937482450000017e-01 2.885758935869999764e-01 1.570790000000000042e+01 3.174769999999999825e+01 3.851219999999999999e+01 3.723610000000000042e+01 1.410679808962502779e-01 3.132070377833089392e-01
-4.642359999999999820e-01 -2.717240000000000211e-01 4.032680000000000292e-02 -3.787820000000000076e-01 -2.728140000000000009e-01 -4.028220000000000134e-01 9.801064676746827908e-01 9.800923379529992152e-01 2.926600000000000035e-02 7.163043346091357844e-02 6.218689548395605060e-01 nan 0.000000000000000000e+00 3.221220943659999780e-01 1.049597478209999962e-01 3.460241220699999953e-01 1.854080000000000084e+01 3.849309999999999832e+01 4.113790000000000191e+01 4.180610000000000070e+01 1.410679808962502779e-01 3.132070377833089392e-01
-4.467940000000000245e-01 -1.954009999999999914e-01 1.187079999999999941e-01 -3.804770000000000096e-01 -2.445170000000000121e-01 -3.897840000000000193e-01 9.755666700876313158e-01 9.753974083958919516e-01 5.112940000000000262e-01 6.131320234030068761e-02 6.633754453901103965e-01 nan 0.000000000000000000e+00 3.221220943659999780e-01 1.049597478209999962e-01 3.460241220699999953e-01 1.854080000000000084e+01 3.849309999999999832e+01 4.113790000000000191e+01 4.180610000000000070e+01 1.621024286149781446e-01 3.020063740402723074e-01
-4.455330000000000124e-01 -1.855650000000000077e-01 9.135780000000000289e-02 -3.941609999999999836e-01 -2.546410000000000062e-01 -3.684890000000000110e-01 9.701979893596346383e-01 9.694503162296224108e-01 9.933210000000000095e-01 5.302700344491850792e-02 7.042664272676280035e-01 nan 0.000000000000000000e+00 3.745014893520000054e-01 9.211238930659999824e-02 3.290572230800000164e-01 1.491050000000000075e+01 3.626959999999999695e+01 3.777239999999999753e+01 3.319599999999999795e+01 1.621024286149781446e-01 3.020063740402723074e-01
-4.564409999999999856e-01 -2.340170000000000028e-01 -7.462169999999999741e-03 -4.067509999999999737e-01 -4.108470000000000177e-01 -3.849929999999999741e-01 9.638509928892974310e-01 9.620913226517703309e-01 5.112940000000000262e-01 4.660794740122398139e-02 7.440785893082333402e-01 nan 0.000000000000000000e+00 3.745014893520000054e-01 9.211238930659999824e-02 3.290572230800000164e-01 1.491050000000000075e+01 3.626959999999999695e+01 3.777239999999999753e+01 3.319599999999999795e+01 1.740879991870745158e-01 3.174640801759446296e-01
-4.490149999999999975e-01 -2.046840000000000048e-01 5.580569999999999975e-02 -4.939509999999999734e-01 -3.700160000000000116e-01 -3.994590000000000085e-01 9.563878704733149716e-01 9.531766862670760787e-01 2.926600000000000035e-02 4.187098936109268088e-02 7.823608438078738514e-01 nan 0.000000000000000000e+00 3.864881714110000033e-01 1.267117454159999990e-01 2.811576915269999866e-01 1.090390000000000015e+01 2.892790000000000106e+01 3.118230000000000146e+01 2.926529999999999987e+01 1.740879991870745158e-01 3.174640801759446296e-01
-4.422010000000000107e-01 -1.769499999999999962e-01 8.651530000000000331e-02 -6.621879999999999988e-01 -4.966559999999999864e-01 -3.837499999999999800e-01 9.476853635012134625e-01 9.425802917348848897e-01 2.926600000000000035e-02 3.861202563388688169e-02 8.186794375262558265e-01 nan 0.000000000000000000e+00 3.864881714110000033e-01 1.267117454159999990e-01 2.811576915269999866e-01 1.090390000000000015e+01 2.892790000000000106e+01 3.118230000000000146e+01 2.926529999999999987e+01 1.465806320495884885e-01 3.294845455862405181e-01
-4.373659999999999770e-01 -1.534810000000000063e-01 1.161399999999999932e-01 -3.345890000000000253e-01 -2.255179999999999962e-01 -3.774830000000000130e-01 9.376334292577072071e-01 9.301950787063493209e-01 -2.117479999999999918e-01 3.661020626282751600e-02 8.526228662843760020e-01 nan 0.000000000000000000e+00 3.676551408109999808e-01 2.146664627419999916e-01 2.154506955009999891e-01 1.345689999999999920e+01 2.655679999999999907e+01 3.108439999999999870e+01 3.146039999999999992e+01 1.465806320495884885e-01 3.294845455862405181e-01
-4.067830000000000057e-01 -3.786649999999999738e-02 2.454300000000000093e-01 -2.096810000000000063e-01 -5.084629999999999705e-02 -3.743469999999999853e-01 9.261415805788402178e-01 9.159342548609615831e-01 -2.117479999999999918e-01 3.563043734325022083e-02 8.838065374712993361e-01 nan 0.000000000000000000e+00 3.676551408109999808e-01 2.146664627419999916e-01 2.154506955009999891e-01 1.345689999999999920e+01 2.655679999999999907e+01 3.108439999999999870e+01 3.146039999999999992e+01 1.156945432374758553e-01 3.252209184412573340e-01
-3.942990000000000106e-01 -2.592790000000000090e-04 2.984330000000000038e-01 -2.515740000000000198e-01 -9.655969999999999831e-03 -3.497410000000000241e-01 9.131320254033301609e-01 8.997322792982243023e-01 2.926600000000000035e-02 3.542604473048582836e-02 9.118771276321150365e-01 nan 0.000000000000000000e+00 3.560316209509999941e-01 2.823272000020000116e-01 1.540398580600000067e-01 6.851149999999999629e+00 2.302319999999999922e+01 2.800120000000000076e+01 3.320859999999999701e+01 1.156945432374758553e-01 3.252209184412573340e-01
-3.937470000000000137e-01 -2.939970000000000083e-03 3.055979999999999808e-01 -3.795290000000000052e-01 -7.687120000000000064e-02 -3.308639999999999914e-01 8.985416789699888218e-01 8.815456051422431161e-01 2.926600000000000035e-02 3.574156895648294974e-02 9.365165857638619862e-01 nan 0.000000000000000000e+00 3.560316209509999941e-01 2.823272000020000116e-01 1.540398580600000067e-01 6.851149999999999629e+00 2.302319999999999922e+01 2.800120000000000076e+01 3.320859999999999701e+01 8.421400264200795682e-02 3.179480594734831467e-01
-3.989269999999999761e-01 -2.075250000000000011e-02 2.972230000000000150e-01 -2.190769999999999940e-01 3.770359999999999684e-02 -3.516429999999999834e-01 8.823351315343447299e-01 8.613531729452299501e-01 -2.117479999999999918e-01 3.631565968765981811e-02 9.574457369604800760e-01 nan 0.000000000000000000e+00 3.422595235870000141e-01 2.825917015330000059e-01 1.231993419719999983e-01 8.338329999999999131e+00 1.594689999999999941e+01 2.191400000000000148e+01 3.181990000000000052e+01 8.421400264200795682e-02 3.179480594734831467e-01
-4.490910000000000180e-01 -2.042450000000000099e-01 1.377710000000000046e-01 -4.236130000000000173e-01 -1.666300000000000003e-01 -3.795520000000000005e-01 8.644956951361029152e-01 8.391566492994619875e-01 -2.117479999999999918e-01 4.036431460562128759e-02 9.744274455760469911e-01 nan 0.000000000000000000e+00 3.422595235870000141e-01 2.825917015330000059e-01 1.231993419719999983e-01 8.338329999999999131e+00 1.594689999999999941e+01 2.191400000000000148e+01 3.181990000000000052e+01 5.749415709785599127e-02 3.242529598461801887e-01
-4.310680000000000067e-01 -1.319079999999999975e-01 2.280560000000000087e-01 -4.340729999999999866e-01 -2.223320000000000018e-01 -3.987559999999999993e-01 8.450202955271002292e-01 8.149804079541254076e-01 2.926600000000000035e-02 4.447117634638808603e-02 9.872693020664017327e-01 nan 0.000000000000000000e+00 2.901784587780000257e-01 2.784139137619999760e-01 1.172906734170000020e-01 7.508860000000000312e+00 1.599029999999999951e+01 2.515259999999999962e+01 3.351140000000000185e+01 5.749415709785599127e-02 3.242529598461801887e-01
-4.441959999999999797e-01 -1.863239999999999896e-01 1.812070000000000070e-01 -3.826789999999999914e-01 -1.858899999999999997e-01 -4.190949999999999953e-01 8.239255066202504363e-01 7.888712536509974171e-01 2.926600000000000035e-02 4.858971252541888219e-02 9.958258030661634175e-01 nan 0.000000000000000000e+00 2.901784587780000257e-01 2.784139137619999760e-01 1.172906734170000020e-01 7.508860000000000312e+00 1.599029999999999951e+01 2.515259999999999962e+01 3.351140000000000185e+01 9.430952139010273516e-02 3.311406108016277106e-01
-4.755630000000000135e-01 -3.433160000000000101e-01 -1.428739999999999958e-03 -5.863000000000000433e-01 -3.643919999999999937e-01 -4.628729999999999789e-01 8.012446666564103648e-01 7.608978918080194775e-01 2.926600000000000035e-02 5.267325848212145445e-02 1.000000000000000000e+00 nan 0.000000000000000000e+00 2.197922069280000001e-01 1.899701146049999900e-01 1.477309162550000110e-01 9.573549999999999116e+00 2.741270000000000095e+01 3.419570000000000221e+01 4.268410000000000082e+01 9.430952139010273516e-02 3.311406108016277106e-01
-5.101869999999999461e-01 -5.980079999999999840e-01 -2.999109999999999832e-01 -7.280560000000000365e-01 -5.438939999999999886e-01 -4.954210000000000003e-01 7.770276313878562435e-01 7.311501500594594916e-01 2.702800000000000202e-01 5.667554600910440499e-02 9.997445975487267988e-01 nan 0.000000000000000000e+00 2.197922069280000001e-01 1.899701146049999900e-01 1.477309162550000110e-01 9.573549999999999116e+00 2.741270000000000095e+01 3.419570000000000221e+01 4.268410000000000082e+01 2.425820546692409874e-01 4.976788747975188221e-01
-5.303459999999999841e-01 -8.289400000000000102e-01 -5.720260000000000344e-01 -4.174869999999999970e-01 -4.969199999999999728e-01 -5.122529999999999584e-01 7.513397904695948704e-01 6.997379604729219160e-01 7.523069999999999480e-01 6.055122758945408190e-02 9.950624895241704237e-01 nan 0.000000000000000000e+00 1.716501211550000017e-01 1.151347364810000051e-01 1.486037075809999997e-01 1.690399999999999991e+01 3.427779999999999916e+01 5.035300000000000153e+01 5.009360000000000213e+01 2.425820546692409874e-01 4.976788747975188221e-01
-5.367659999999999654e-01 -9.223689999999999944e-01 -7.120130000000000070e-01 -7.005350000000000188e-01 -4.670989999999999864e-01 -5.111329999999999485e-01 7.242573859708792972e-01 6.667901139750946893e-01 2.702800000000000202e-01 6.425639020222129183e-02 9.860067260811246070e-01 nan 0.000000000000000000e+00 1.716501211550000017e-01 1.151347364810000051e-01 1.486037075809999997e-01 1.690399999999999991e+01 3.427779999999999916e+01 5.035300000000000153e+01 5.009360000000000213e+01 5.655929275480133800e-01 7.745808805130838248e-01
-5.365379999999999594e-01 -8.489609999999999657e-01 -7.620109999999999939e-01 -6.173610000000000486e-01 -4.648820000000000174e-01 -5.137389999999999457e-01 6.958789821419850696e-01 6.324528010990884130e-01 2.702800000000000202e-01 6.774905287449539681e-02 9.726799126378985472e-01 nan 0.000000000000000000e+00 1.515272616730000133e-01 8.446502800369999620e-02 1.608283496340000007e-01 1.269909999999999961e+01 4.547650000000000148e+01 5.178410000000000224e+01 5.270700000000000074e+01 5.655929275480133800e-01 7.745808805130838248e-01
-5.246690000000000520e-01 -6.225089999999999790e-01 -6.281609999999999694e-01 -4.988609999999999989e-01 -5.092160000000000020e-01 -5.194670000000000121e-01 6.663233990770173198e-01 5.984211642423725719e-01 2.926600000000000035e-02 7.098964234260241035e-02 9.552330473159282853e-01 nan 0.000000000000000000e+00 1.515272616730000133e-01 8.446502800369999620e-02 1.608283496340000007e-01 1.269909999999999961e+01 4.547650000000000148e+01 5.178410000000000224e+01 5.270700000000000074e+01 6.370389188090640475e-01 7.757002884121528830e-01
-5.410329999999999862e-01 -8.955589999999999939e-01 -9.516550000000000287e-01 -4.456359999999999766e-01 -5.075619999999999576e-01 -4.843859999999999832e-01 6.357223948287775706e-01 5.650156030995983070e-01 -4.527619999999999978e-01 7.394144143299496985e-02 9.338638100707252754e-01 nan 0.000000000000000000e+00 1.907563133450000115e-01 6.028257457870000308e-02 1.877044593539999862e-01 2.195779999999999887e+01 3.723559999999999803e+01 5.122299999999999898e+01 5.539909999999999712e+01 6.370389188090640475e-01 7.757002884121528830e-01
-5.621270000000000433e-01 -2.409279999999999866e+00 -2.587769999999999904e+00 -5.837909999999999489e-01 -6.019759999999999556e-01 -3.661820000000000075e-01 6.042116625566621435e-01 5.311297758888200438e-01 1.716360000000000108e+00 7.657100508249969906e-02 9.088143228989921107e-01 nan 0.000000000000000000e+00 1.907563133450000115e-01 6.028257457870000308e-02 1.877044593539999862e-01 2.195779999999999887e+01 3.723559999999999803e+01 5.122299999999999898e+01 5.539909999999999712e+01 5.364851133014938434e-01 6.870069666679835541e-01
-5.625200000000000200e-01 -2.633620000000000072e+00 -2.714649999999999785e+00 -5.072710000000000274e-01 -5.703099999999999836e-01 -1.569820000000000104e-01 5.719366507195843274e-01 4.971476225724250630e-01 2.439400000000000013e+00 7.884853928424728764e-02 8.803684064996515346e-01 nan 0.000000000000000000e+00 2.461505169319999908e-01 7.349499533459999401e-02 1.813500742359999973e-01 1.639760000000000062e+01 4.083010000000000161e+01 5.718050000000000210e+01 5.742849999999999966e+01 5.364851133014938434e-01 6.870069666679835541e-01
-4.539790000000000214e-01 -6.811549999999999550e-02 -1.037409999999999999e-01 -2.125460000000000127e-01 -1.687649999999999983e-01 4.627240000000000242e-01 5.390927793601736351e-01 4.619209658709761968e-01 2.702800000000000202e-01 8.074823866567581998e-02 8.488483644719193588e-01 nan 0.000000000000000000e+00 2.461505169319999908e-01 7.349499533459999401e-02 1.813500742359999973e-01 1.639760000000000062e+01 4.083010000000000161e+01 5.718050000000000210e+01 5.742849999999999966e+01 6.304440605629508809e-01 6.228912330607245806e-01
-7.689230000000000023e-03 7.810150000000000148e-01 7.420660000000000034e-01 -5.736339999999999772e-01 -4.551459999999999950e-01 1.989870000000000028e+00 5.058559787775411820e-01 4.256870084970444390e-01 -9.347889999999999810e-01 8.224857887371184173e-02 8.146113314867395871e-01 nan 0.000000000000000000e+00 3.517719352390000220e-01 8.153270082649999306e-02 1.833122301919999919e-01 2.004370000000000118e+01 4.290590000000000259e+01 5.574090000000000344e+01 5.630259999999999820e+01 6.304440605629508809e-01 6.228912330607245806e-01
-2.711600000000000121e-01 4.943930000000000269e-01 2.650290000000000146e-01 6.299670000000000269e-02 1.037099999999999966e-01 6.877299999999999525e-01 4.723462395495671151e-01 3.901140140709085102e-01 -9.347889999999999810e-01 8.333256045429326964e-02 7.780452268082587164e-01 nan 0.000000000000000000e+00 3.517719352390000220e-01 8.153270082649999306e-02 1.833122301919999919e-01 2.004370000000000118e+01 4.290590000000000259e+01 5.574090000000000344e+01 5.630259999999999820e+01 5.455390712325982605e-01 7.156473470032791440e-01
4.469589999999999952e-01 1.103040000000000020e+00 1.025160000000000071e+00 4.619199999999999973e-01 6.473689999999999722e-01 3.230259999999999909e+00 4.392082406220725321e-01 3.553779171006623550e-01 -9.347889999999999810e-01 8.398790146297474557e-02 7.395643590135578815e-01 nan 0.000000000000000000e+00 4.761999109589999946e-01 8.492679668079999855e-02 1.382202317450000051e-01 1.621630000000000038e+01 3.833050000000000068e+01 4.676120000000000232e+01 4.636679999999999779e+01 5.455390712325982605e-01 7.156473470032791440e-01
2.868230000000000057e+00 1.699729999999999963e+00 1.765490000000000004e+00 -2.534049999999999844e-02 1.030879999999999991e-01 5.267489999999999561e+00 4.076148159535069038e-01 3.216451697118176689e-01 -6.937750000000000306e-01 8.420717662426702166e-02 6.996047317109257424e-01 nan 0.000000000000000000e+00 4.761999109589999946e-01 8.492679668079999855e-02 1.382202317450000051e-01 1.621630000000000038e+01 3.833050000000000068e+01 4.676120000000000232e+01 4.636679999999999779e+01 3.372624733258811069e-02 5.638786825227503074e-01
1.315390000000000059e+00 1.263139999999999930e+00 1.647620000000000084e+00 8.129250000000000087e-01 7.928680000000000172e-01 3.858080000000000176e+00 3.764476076076216371e-01 2.890708556782104477e-01 -6.937750000000000306e-01 8.398790146297474557e-02 6.586191034447581583e-01 nan 0.000000000000000000e+00 4.542170633309999817e-01 9.986797927420000554e-02 1.229287341410000012e-01 1.970149999999999935e+01 3.329699999999999704e+01 3.934689999999999799e+01 4.105879999999999797e+01 3.372624733258811069e-02 5.638786825227503074e-01
6.127340000000000231e+00 2.066260000000000208e+00 2.068929999999999936e+00 6.921800000000000175e-01 8.956030000000000380e-01 6.656290000000000262e+00 3.445635437907941245e-01 2.577969332608756048e-01 -9.347889999999999810e-01 8.333256045429326964e-02 6.170718577603364619e-01 nan 0.000000000000000000e+00 4.542170633309999817e-01 9.986797927420000554e-02 1.229287341410000012e-01 1.970149999999999935e+01 3.329699999999999704e+01 3.934689999999999799e+01 4.105879999999999797e+01 3.989940046743212232e-02 5.449573966523119095e-01
6.043650000000000411e+00 2.050769999999999982e+00 2.084979999999999833e+00 6.717659999999999743e-01 8.395000000000000240e-01 3.815030000000000143e+00 3.139216790229518717e-01 2.279506267642253947e-01 -9.347889999999999810e-01 8.224857887371184173e-02 5.754337415527025490e-01 nan 0.000000000000000000e+00 4.059234049089999741e-01 1.056734857899999935e-01 1.232923538179999945e-01 1.350450000000000017e+01 3.423839999999999861e+01 3.702159999999999940e+01 3.746500000000000341e+01 3.989940046743212232e-02 5.449573966523119095e-01
7.572719999999999452e-01 1.226480000000000015e+00 1.207179999999999920e+00 7.241619999999999724e-01 8.583380000000000454e-01 1.073949999999999960e+00 2.854936927145627079e-01 1.996429850338445888e-01 -9.347889999999999810e-01 8.074823866567581998e-02 5.341765313162358808e-01 nan 0.000000000000000000e+00 4.059234049089999741e-01 1.056734857899999935e-01 1.232923538179999945e-01 1.350450000000000017e+01 3.423839999999999861e+01 3.702159999999999940e+01 3.746500000000000341e+01 4.932425566507470105e-02 5.259636785060513020e-01
1.572820000000000051e-01 8.835939999999999905e-01 9.526550000000000296e-01 -1.514000000000000068e-01 4.978719999999999674e-02 1.896859999999999935e-01 2.584082955230327938e-01 1.729676232286966320e-01 -6.937750000000000306e-01 7.884853928424728764e-02 4.937676877284603583e-01 nan 0.000000000000000000e+00 3.538785786909999787e-01 9.346254800509999627e-02 1.173666047250000039e-01 1.636289999999999978e+01 2.695289999999999964e+01 3.321840000000000259e+01 3.311039999999999850e+01 4.932425566507470105e-02 5.259636785060513020e-01
-4.745489999999999986e-01 -3.371870000000000145e-01 2.840890000000000082e-02 -2.348729999999999915e-02 3.749820000000000236e-02 1.726749999999999952e-01 2.315895881448637450e-01 1.479996621239660914e-01 -6.937750000000000306e-01 7.657100508249969906e-02 4.546650591337801917e-01 nan 0.000000000000000000e+00 3.538785786909999787e-01 9.346254800509999627e-02 1.173666047250000039e-01 1.636289999999999978e+01 2.695289999999999964e+01 3.321840000000000259e+01 3.311039999999999850e+01 3.418046946448531909e-01 6.650830337271014248e-01
-1.523849999999999927e-01 6.225730000000000430e-01 5.878489999999999549e-01 -4.096549999999999914e-01 -2.864209999999999812e-01 1.242799999999999905e+00 2.054317068708834126e-01 1.247948769626594512e-01 -9.347889999999999810e-01 7.394144143299496985e-02 4.173116939387906399e-01 nan 0.000000000000000000e+00 2.843126652610000193e-01 1.381292957009999933e-01 1.089661626300000019e-01 9.569000000000000838e+00 2.224820000000000064e+01 2.327459999999999951e+01 2.529619999999999891e+01 3.418046946448531909e-01 6.650830337271014248e-01
-9.552950000000000330e-02 7.123570000000000180e-01 5.960269999999999735e-01 -9.434270000000000156e-02 -1.230419999999999986e-01 1.435880000000000045e+00 1.809841827106076773e-01 1.033890654998143033e-01 -9.347889999999999810e-01 7.098964234260241035e-02 3.821308206967982679e-01 nan 0.000000000000000000e+00 2.843126652610000193e-01 1.381292957009999933e-01 1.089661626300000019e-01 9.569000000000000838e+00 2.224820000000000064e+01 2.327459999999999951e+01 2.529619999999999891e+01 5.352809673813636593e-01 7.759044157349241910e-01
2.580560000000000076e-01 1.006259999999999932e+00 8.861259999999999692e-01 2.747809999999999975e-01 3.775589999999999780e-01 1.108049999999999979e+00 1.583164464449614561e-01 8.379764239963183314e-02 -9.347889999999999810e-01 6.774905287449539681e-02 3.495210527591988692e-01 nan 0.000000000000000000e+00 2.841131158190000061e-01 1.372531781259999917e-01 1.263962223200000012e-01 1.117639999999999922e+01 1.708909999999999840e+01 2.422200000000000131e+01 2.647609999999999886e+01 5.352809673813636593e-01 7.759044157349241910e-01
1.448860000000000037e+00 1.430739999999999901e+00 1.464820000000000011e+00 -8.373880000000000212e-02 -5.160979999999999734e-02 7.080720000000000347e-01 1.374820069498313702e-01 6.724576019952455130e-02 -9.347889999999999810e-01 6.425639020222129183e-02 3.198518718269272032e-01 nan 0.000000000000000000e+00 2.841131158190000061e-01 1.372531781259999917e-01 1.263962223200000012e-01 1.117639999999999922e+01 1.708909999999999840e+01 2.422200000000000131e+01 2.647609999999999886e+01 5.549740879991871267e-02 5.751616556701302230e-01
-1.590010000000000034e-01 6.133100000000000218e-01 5.797860000000000236e-01 2.088379999999999959e-01 4.036020000000000163e-01 2.552759999999999838e-03 1.184687031044853178e-01 5.251755748347042285e-02 -9.347889999999999810e-01 6.055122758945408190e-02 2.934594415751492491e-01 nan 0.000000000000000000e+00 3.156929956249999725e-01 1.299674065109999999e-01 1.379873322350000098e-01 1.169660000000000011e+01 2.755740000000000123e+01 2.588870000000000005e+01 2.522080000000000055e+01 5.549740879991871267e-02 5.751616556701302230e-01
-4.926409999999999956e-01 -2.577789999999999804e-01 -4.331740000000000035e-01 -4.161210000000000186e-01 -2.871920000000000028e-01 -3.142630000000000146e-01 1.012463517749673247e-01 3.964688219179246520e-02 -9.347889999999999810e-01 5.667554600910462703e-02 2.613258862674744387e-01 nan 0.000000000000000000e+00 3.156929956249999725e-01 1.299674065109999999e-01 1.379873322350000098e-01 1.169660000000000011e+01 2.755740000000000123e+01 2.588870000000000005e+01 2.522080000000000055e+01 6.073569759170815985e-02 5.894571530164749440e-01
-4.776880000000000015e-01 -1.894039999999999890e-01 -2.500729999999999897e-01 -6.185040000000000537e-01 -4.841380000000000128e-01 -2.096939999999999915e-01 8.578693060721831465e-02 2.864653573686548604e-02 -6.937750000000000306e-01 5.267325848212145445e-02 2.321482014517652903e-01 nan 0.000000000000000000e+00 3.122686851159999777e-01 9.823174433669999706e-02 1.675372635179999958e-01 1.947500000000000142e+01 2.323039999999999949e+01 2.467449999999999832e+01 2.439349999999999952e+01 6.073569759170815985e-02 5.894571530164749440e-01
-1.018550000000000011e-01 6.139090000000000380e-01 7.882639999999999647e-01 -6.838480000000000114e-01 -5.809469999999999912e-01 -2.530399999999999872e-01 7.202651830932205179e-02 1.950812795799883315e-02 -6.937750000000000306e-01 4.858971252541888219e-02 2.055669019363338679e-01 nan 0.000000000000000000e+00 3.122686851159999777e-01 9.823174433669999706e-02 1.675372635179999958e-01 1.947500000000000142e+01 2.323039999999999949e+01 2.467449999999999832e+01 2.439349999999999952e+01 4.345594959861798223e-02 5.711054482240922603e-01
-6.978030000000000344e-02 5.985650000000000137e-01 8.983100000000000529e-01 -3.675129999999999786e-01 -3.553729999999999944e-01 -1.997170000000000056e-01 5.988552086370857452e-02 1.220217218530850189e-02 -6.937750000000000306e-01 4.447117634638808603e-02 1.811930844465763357e-01 nan 0.000000000000000000e+00 3.268649187039999737e-01 6.279645021539999317e-02 1.607868173499999997e-01 1.868220000000000169e+01 2.516560000000000130e+01 2.123219999999999885e+01 1.997919999999999874e+01 4.345594959861798223e-02 5.711054482240922603e-01
-2.660699999999999732e-01 4.176329999999999765e-01 4.971869999999999901e-01 -7.295949999999999935e-01 -5.896599999999999620e-01 -2.968100000000000183e-01 4.928119336751524138e-02 6.678419335470087148e-03 -4.527619999999999978e-01 4.036431460562128759e-02 1.586128340544735726e-01 nan 0.000000000000000000e+00 3.268649187039999737e-01 6.279645021539999317e-02 1.607868173499999997e-01 1.868220000000000169e+01 2.516560000000000130e+01 2.123219999999999885e+01 1.997919999999999874e+01 4.066253429529519403e-01 7.240692452556858338e-01
-5.508459999999999468e-01 -1.313930000000000042e+00 -1.063239999999999963e+00 -5.131040000000000045e-01 -4.281889999999999863e-01 -3.229870000000000241e-01 4.011603971345645281e-02 2.866427253911396633e-03 -4.527619999999999978e-01 3.631565968765981811e-02 1.373919140001168548e-01 nan 0.000000000000000000e+00 2.626619154850000082e-01 6.291717591499999818e-02 1.481553805459999984e-01 1.416840000000000011e+01 2.026030000000000086e+01 1.984359999999999857e+01 2.056220000000000070e+01 4.066253429529519403e-01 7.240692452556858338e-01
-4.516390000000000127e-01 -1.039759999999999990e-01 2.868289999999999902e-03 -3.591610000000000080e-01 -1.996549999999999991e-01 -3.150789999999999980e-01 3.226942809734489881e-02 6.763588525701136334e-04 -6.937750000000000306e-01 3.237108447048497872e-02 1.170806857677095802e-01 nan 0.000000000000000000e+00 2.626619154850000082e-01 6.291717591499999818e-02 1.481553805459999984e-01 1.416840000000000011e+01 2.026030000000000086e+01 1.984359999999999857e+01 2.056220000000000070e+01 6.473986383497611907e-01 8.627902229597145256e-01
-3.178469999999999906e-02 7.574469999999999814e-01 7.204770000000000341e-01 -8.797409999999999952e-01 -9.336419999999999719e-01 -1.316130000000000078e-01 2.559835823596079418e-02 0.000000000000000000e+00 -9.347889999999999810e-01 2.857528256747920992e-02 9.721920366961855908e-02 nan 0.000000000000000000e+00 2.177054269850000057e-01 8.517012644549999678e-02 1.520346165779999925e-01 1.388770000000000060e+01 2.075440000000000040e+01 2.080110000000000170e+01 1.999650000000000105e+01 6.473986383497611907e-01 8.627902229597145256e-01
-4.243540000000000090e-01 -4.246169999999999806e-02 1.997240000000000126e-01 -2.566680000000000073e-01 -1.660129999999999939e-01 -1.633630000000000082e-01 1.995961717554295412e-02 7.119856307189476041e-04 -6.937750000000000306e-01 2.497126193092946700e-02 8.665933873182229963e-02 nan 0.000000000000000000e+00 2.177054269850000057e-01 8.517012644549999678e-02 1.520346165779999925e-01 1.388770000000000060e+01 2.075440000000000040e+01 2.080110000000000170e+01 1.999650000000000105e+01 3.305558378213591109e-02 5.911626038744681733e-01
-4.276499999999999746e-01 4.450609999999999983e-02 1.014660000000000041e-02 -6.066049999999999498e-01 -5.269650000000000167e-01 -1.320310000000000095e-01 1.520653420156525826e-02 2.671220181495237433e-03 -6.937750000000000306e-01 2.159985755474103097e-02 7.649774889780291964e-02 nan 0.000000000000000000e+00 2.091176829470000054e-01 8.864821730909999697e-02 1.393921539780000052e-01 1.591690000000000005e+01 2.272879999999999967e+01 2.233409999999999940e+01 2.134659999999999869e+01 3.305558378213591109e-02 5.911626038744681733e-01
-3.100220000000000198e-01 3.805279999999999774e-01 3.101249999999999840e-01 -4.187739999999999796e-01 -4.032200000000000228e-01 -2.770070000000000171e-02 1.117621223973175315e-02 5.722476260457298736e-03 -9.347889999999999810e-01 1.849926879764118848e-02 6.684956904074490502e-02 nan 0.000000000000000000e+00 2.091176829470000054e-01 8.864821730909999697e-02 1.393921539780000052e-01 1.591690000000000005e+01 2.272879999999999967e+01 2.233409999999999940e+01 2.134659999999999869e+01 3.395488263387858030e-02 5.834123503615028516e-01
-2.116139999999999965e-01 5.526950000000000474e-01 4.782330000000000192e-01 -4.396559999999999913e-01 -4.679289999999999838e-01 5.163720000000000115e-02 7.706556085688709423e-03 9.698153435469758499e-03 -9.347889999999999810e-01 1.570462656918036881e-02 5.782411689364619356e-02 nan 0.000000000000000000e+00 1.927856483360000095e-01 9.574490410649999506e-02 1.199265605450000050e-01 1.002030000000000065e+01 1.597119999999999962e+01 1.766009999999999991e+01 1.665549999999999997e+01 3.395488263387858030e-02 5.834123503615028516e-01
-3.661710000000000242e-01 2.473410000000000053e-01 1.860229999999999939e-01 -5.698609999999999509e-01 -4.104800000000000115e-01 -9.243659999999999377e-02 4.652983122208409483e-03 1.595338586909067491e-02 -9.347889999999999810e-01 1.324759528248908858e-02 4.952365443572070980e-02 nan 0.000000000000000000e+00 1.927856483360000095e-01 9.574490410649999506e-02 1.199265605450000050e-01 1.002030000000000065e+01 1.597119999999999962e+01 1.766009999999999991e+01 1.665549999999999997e+01 4.325271821969300934e-02 5.888381862958134150e-01
-5.179139999999999855e-01 -4.636790000000000078e-01 -7.335730000000000306e-01 -3.831849999999999978e-01 -4.215840000000000143e-01 -1.598469999999999891e-01 1.878081498991823750e-03 2.444620018055632116e-02 -9.347889999999999810e-01 1.115601408382582704e-02 4.204222922331368739e-02 nan 0.000000000000000000e+00 1.698228749429999962e-01 9.464605657350000367e-02 1.496852346539999934e-01 1.008200000000000074e+01 1.891750000000000043e+01 1.854860000000000042e+01 1.739509999999999934e+01 4.325271821969300934e-02 5.888381862958134150e-01
-2.951019999999999754e-01 3.988169999999999771e-01 3.685939999999999772e-01 -7.437740000000000462e-01 -6.359719999999999818e-01 -1.341219999999999912e-01 2.715727200802708907e-04 3.368962250374363254e-02 -9.347889999999999810e-01 9.453581423924717342e-03 3.546460879350710194e-02 nan 0.000000000000000000e+00 1.698228749429999962e-01 9.464605657350000367e-02 1.496852346539999934e-01 1.008200000000000074e+01 1.891750000000000043e+01 1.854860000000000042e+01 1.739509999999999934e+01 3.523524032110547655e-02 6.256140281564011030e-01
-4.144349999999999978e-01 9.776690000000000380e-02 4.731140000000000345e-02 -5.158300000000000107e-01 -4.466890000000000027e-01 -9.688360000000000027e-03 0.000000000000000000e+00 4.367301442170712367e-02 -9.347889999999999810e-01 8.159586545079866582e-03 2.986532021405474691e-02 nan 0.000000000000000000e+00 1.728642398799999924e-01 6.738424881849999770e-02 2.036749392899999955e-01 1.144050000000000011e+01 1.634990000000000165e+01 2.355369999999999919e+01 2.256559999999999988e+01 3.523524032110547655e-02 6.256140281564011030e-01
-4.798549999999999760e-01 -1.816730000000000012e-01 -3.107849999999999779e-01 -4.962099999999999844e-01 -4.950309999999999988e-01 -2.919530000000000181e-01 0.000000000000000000e+00 5.437735336631610572e-02 -9.347889999999999810e-01 7.288690926323004859e-03 2.530780566192381009e-02 nan 0.000000000000000000e+00 1.728642398799999924e-01 6.738424881849999770e-02 2.036749392899999955e-01 1.144050000000000011e+01 1.634990000000000165e+01 2.355369999999999919e+01 2.256559999999999988e+01 2.843715069606744805e-02 6.032061159179803456e-01
-3.418490000000000140e-01 3.205640000000000156e-01 2.138970000000000038e-01 -5.652949999999999919e-01 -5.290319999999999467e-01 -2.438259999999999872e-01 0.000000000000000000e+00 6.577544815155189628e-02 -9.347889999999999810e-01 6.850762163006507421e-03 2.184370359808052164e-02 nan 0.000000000000000000e+00 1.405704802809999987e-01 6.652121010710000670e-02 2.755843303370000275e-01 9.670740000000000336e+00 1.876320000000000121e+01 2.080750000000000099e+01 2.141570000000000107e+01 2.843715069606744805e-02 6.032061159179803456e-01
-3.032920000000000060e-01 3.950969999999999760e-01 3.216370000000000062e-01 -6.882759999999999989e-01 -5.898970000000000047e-01 -1.111800000000000010e-01 0.000000000000000000e+00 7.783224706051083963e-02 -9.347889999999999810e-01 3.370484485997971014e-03 1.951226368309300074e-02 nan 0.000000000000000000e+00 1.405704802809999987e-01 6.652121010710000670e-02 2.755843303370000275e-01 9.670740000000000336e+00 1.876320000000000121e+01 2.080750000000000099e+01 2.141570000000000107e+01 3.654659079361852747e-01 7.137278916939934215e-01
-4.764860000000000206e-01 -3.452959999999999918e-01 2.045049999999999993e-02 -4.521100000000000119e-01 -4.688019999999999965e-01 -2.506900000000000239e-01 0.000000000000000000e+00 9.050523499536289318e-02 -6.937750000000000306e-01 0.000000000000000000e+00 1.833990206279434432e-02 nan 0.000000000000000000e+00 1.539212309359999920e-01 6.023456545650000132e-02 3.089104269960000204e-01 9.492969999999999686e+00 1.285130000000000017e+01 1.702649999999999864e+01 1.767340000000000089e+01 3.654659079361852747e-01 7.137278916939934215e-01
-3.433610000000000273e-01 3.232380000000000253e-01 1.926279999999999937e-01 -4.142000000000000126e-01 -2.615319999999999867e-01 -1.313870000000000038e-01 0.000000000000000000e+00 1.037449151903975242e-01 -6.937750000000000306e-01 0.000000000000000000e+00 9.022989545771076259e-03 nan 0.000000000000000000e+00 1.539212309359999920e-01 6.023456545650000132e-02 3.089104269960000204e-01 9.492969999999999686e+00 1.285130000000000017e+01 1.702649999999999864e+01 1.767340000000000089e+01 9.525099075297225326e-01 9.529552368535418871e-01
-1.027519999999999961e-01 6.840530000000000221e-01 6.424279999999999990e-01 -7.009469999999999867e-01 -7.031399999999999872e-01 7.295659999999999645e-02 0.000000000000000000e+00 1.174953700301578641e-01 -9.347889999999999810e-01 0.000000000000000000e+00 0.000000000000000000e+00 nan 0.000000000000000000e+00 1.810832986700000036e-01 5.789599506319999950e-02 2.754933701319999817e-01 7.884750000000000369e+00 1.371909999999999918e+01 1.501089999999999947e+01 -1.000000000000000000e+00 9.525099075297225326e-01 9.529552368535418871e-01
-4.681029999999999913e-01 -1.097920000000000007e-01 -2.515709999999999891e-01 -3.594089999999999785e-01 -2.860869999999999802e-01 3.142139999999999933e-01 0.000000000000000000e+00 1.316948946183672531e-01 -9.347889999999999810e-01 0.000000000000000000e+00 0.000000000000000000e+00 nan 0.000000000000000000e+00 1.810832986700000036e-01 5.789599506319999950e-02 2.754933701319999817e-01 7.884750000000000369e+00 1.371909999999999918e+01 1.501089999999999947e+01 -1.000000000000000000e+00 1.000000000000000000e+00 9.630529545783782508e-01
-4.943290000000000184e-01 -2.754730000000000234e-01 -4.244600000000000040e-01 -6.250440000000000440e-01 -5.987369999999999637e-01 5.509900000000000214e-02 0.000000000000000000e+00 1.462766959190596738e-01 -9.347889999999999810e-01 0.000000000000000000e+00 0.000000000000000000e+00 nan 0.000000000000000000e+00 1.849481279269999945e-01 6.196715926020000126e-02 2.612101388429999838e-01 6.099910000000000387e+00 1.245960000000000001e+01 -1.000000000000000000e+00 -1.000000000000000000e+00 1.000000000000000000e+00 9.630529545783782508e-01
-3.042679999999999829e-01 4.016890000000000183e-01 2.965539999999999843e-01 -2.372569999999999957e-01 -1.047970000000000013e-01 -1.580120000000000136e-01 0.000000000000000000e+00 1.611696495483667668e-01 -9.347889999999999810e-01 0.000000000000000000e+00 0.000000000000000000e+00 nan 0.000000000000000000e+00 1.849481279269999945e-01 6.196715926020000126e-02 2.612101388429999838e-01 6.099910000000000387e+00 1.245960000000000001e+01 -1.000000000000000000e+00 -1.000000000000000000e+00 9.942688751143177184e-01 9.980640828098454875e-01
2.141649999999999943e-01 9.615500000000000158e-01 9.033649999999999736e-01 -4.298529999999999851e-01 -4.737000000000000099e-01 -1.308189999999999908e-01 0.000000000000000000e+00 1.762991056422069658e-01 -9.347889999999999810e-01 0.000000000000000000e+00 0.000000000000000000e+00 nan 0.000000000000000000e+00 2.032343414359999989e-01 7.120728224450000032e-02 2.663070499190000051e-01 5.219020000000000437e+00 -1.000000000000000000e+00 -1.000000000000000000e+00 -1.000000000000000000e+00 9.942688751143177184e-01 9.980640828098454875e-01
-1.914549999999999863e-01 5.186709999999999932e-01 6.442329999999999446e-01 -2.220179999999999931e-01 -8.288570000000000659e-02 -2.957679999999999754e-01 0.000000000000000000e+00 1.915877346690735283e-01 -6.937750000000000306e-01 0.000000000000000000e+00 0.000000000000000000e+00 nan 0.000000000000000000e+00 2.032343414359999989e-01 7.120728224450000032e-02 2.663070499190000051e-01 5.219020000000000437e+00 -1.000000000000000000e+00 -1.000000000000000000e+00 -1.000000000000000000e+00 0.000000000000000000e+00 0.000000000000000000e+00
