-4.272440000000000127e-01 -8.645699999999999497e-01 -6.105840000000000156e-01 -7.541619999999999990e-01 -9.079620000000000468e-01 -4.337010000000000032e-01 0.000000000000000000e+00 1.682870031035549330e-01 -1.844939999999999913e-01 1.846999226957246609e-02 nan nan 0.000000000000000000e+00 1.097206248060000056e-01 1.404180104290000120e-01 6.497608014219999339e-02 -1.000000000000000000e+00 -1.000000000000000000e+00 -1.000000000000000000e+00 -1.000000000000000000e+00 0.000000000000000000e+00 0.000000000000000000e+00
-4.283609999999999918e-01 -8.394350000000000422e-01 -7.989920000000000355e-01 -1.102549999999999919e+00 -1.002240000000000020e+00 -4.374259999999999815e-01 0.000000000000000000e+00 1.611333464167852281e-01 -1.844939999999999913e-01 2.402915335895161597e-02 nan nan 0.000000000000000000e+00 1.007793337489999996e-01 1.269217568290000042e-01 8.830949275060000214e-02 6.239939999999999820e+00 -1.000000000000000000e+00 -1.000000000000000000e+00 -1.000000000000000000e+00 0.000000000000000000e+00 0.000000000000000000e+00
-4.338049999999999962e-01 -1.340580000000000105e+00 -1.305849999999999955e+00 -8.966699999999999671e-01 -9.842379999999999463e-01 -4.365149999999999864e-01 0.000000000000000000e+00 1.542434436328720126e-01 -1.844939999999999913e-01 3.063555388055216877e-02 nan nan 0.000000000000000000e+00 1.007793337489999996e-01 1.269217568290000042e-01 8.830949275060000214e-02 6.239939999999999820e+00 -1.000000000000000000e+00 -1.000000000000000000e+00 -1.000000000000000000e+00 0.000000000000000000e+00 0.000000000000000000e+00
-4.361110000000000264e-01 -2.209159999999999791e+00 -1.936360000000000081e+00 -8.408560000000000478e-01 -1.061879999999999935e+00 -4.378500000000000170e-01 1.003780732206416282e-03 1.478780600816683721e-01 -1.844939999999999913e-01 3.845106148874877228e-02 nan nan 0.000000000000000000e+00 1.203266350590000006e-01 1.137013865709999988e-01 9.296138067530000659e-02 1.107869999999999955e+01 1.634280000000000044e+01 -1.000000000000000000e+00 -1.000000000000000000e+00 0.000000000000000000e+00 0.000000000000000000e+00
-4.358230000000000159e-01 -2.066440000000000055e+00 -1.661389999999999922e+00 -9.247199999999999864e-01 -1.106659999999999977e+00 -4.359250000000000069e-01 4.006297635093192255e-03 1.422920180805332668e-01 -1.844939999999999913e-01 4.762384417148957105e-02 nan nan 0.000000000000000000e+00 1.203266350590000006e-01 1.137013865709999988e-01 9.296138067530000659e-02 1.107869999999999955e+01 1.634280000000000044e+01 -1.000000000000000000e+00 -1.000000000000000000e+00 7.462624208438624063e-01 7.925140835249515625e-01
-4.338529999999999887e-01 -1.320140000000000091e+00 -1.376419999999999977e+00 -9.979679999999999662e-01 -1.108689999999999953e+00 -4.364879999999999871e-01 8.104844340653394319e-03 1.377313096956545024e-01 -1.844939999999999913e-01 5.828669144778919620e-02 nan nan 0.000000000000000000e+00 1.619434922530000043e-01 1.027824126709999952e-01 1.020528627130000004e-01 9.892379999999999285e+00 2.482169999999999987e+01 2.408800000000000097e+01 -1.000000000000000000e+00 7.462624208438624063e-01 7.925140835249515625e-01
-4.327880000000000060e-01 -1.218129999999999935e+00 -1.131070000000000020e+00 -1.059350000000000014e+00 -1.186399999999999899e+00 -4.361809999999999854e-01 1.253347046815189714e-02 1.344303095536453219e-01 -6.714179999999999593e-01 7.055550980941760475e-02 nan nan 0.000000000000000000e+00 1.619434922530000043e-01 1.027824126709999952e-01 1.020528627130000004e-01 9.892379999999999285e+00 2.482169999999999987e+01 2.408800000000000097e+01 -1.000000000000000000e+00 7.113833824965518637e-01 7.937367637567742662e-01
-4.310899999999999732e-01 -1.056589999999999918e+00 -9.378459999999999575e-01 -9.029230000000000311e-01 -9.014510000000000023e-01 -4.293870000000000187e-01 1.753864588927922519e-02 1.326091192833730448e-01 -6.714179999999999593e-01 8.452800945403382560e-02 nan nan 0.000000000000000000e+00 2.056899925569999898e-01 7.733549080969999434e-02 1.053151593960000021e-01 1.957979999999999876e+01 2.629639999999999844e+01 2.362519999999999953e+01 1.890419999999999945e+01 7.113833824965518637e-01 7.937367637567742662e-01
-4.333049999999999957e-01 -1.388339999999999907e+00 -1.043009999999999993e+00 -9.376619999999999955e-01 -9.491950000000000109e-01 -4.128200000000000203e-01 2.333813565856246441e-02 1.324710736765564167e-01 -5.091099999999999515e-01 1.002825971896049717e-01 nan nan 0.000000000000000000e+00 2.056899925569999898e-01 7.733549080969999434e-02 1.053151593960000021e-01 1.957979999999999876e+01 2.629639999999999844e+01 2.362519999999999953e+01 1.890419999999999945e+01 7.208166799222786025e-01 8.701364407356837471e-01
-4.354589999999999850e-01 -1.845140000000000002e+00 -1.551209999999999978e+00 -1.016229999999999967e+00 -1.115299999999999958e+00 -4.211820000000000008e-01 3.015289395419595841e-02 1.342004368233267186e-01 -3.468019999999999992e-01 1.178774880539406045e-01 nan nan 0.000000000000000000e+00 2.214176486040000114e-01 5.583122058790000036e-02 1.188103882429999980e-01 9.272309999999999164e+00 2.317439999999999856e+01 2.053549999999999898e+01 1.709390000000000143e+01 7.208166799222786025e-01 8.701364407356837471e-01
-4.065599999999999770e-01 -2.232310000000000128e-01 -2.132850000000000024e-01 -9.461899999999999755e-01 -1.030690000000000106e+00 -4.015730000000000133e-01 3.821674396724972222e-02 1.379603143264581666e-01 -5.091099999999999515e-01 1.373500457150541587e-01 nan nan 0.000000000000000000e+00 2.214176486040000114e-01 5.583122058790000036e-02 1.188103882429999980e-01 9.272309999999999164e+00 2.317439999999999856e+01 2.053549999999999898e+01 1.709390000000000143e+01 7.086248728971398236e-01 7.504240462607714157e-01
-3.653719999999999746e-01 2.005200000000000038e-01 1.530320000000000014e-01 -7.922099999999999698e-01 -8.812900000000000178e-01 -3.819719999999999782e-01 4.773462891661761631e-02 1.438908052497156476e-01 -6.714179999999999593e-01 1.587163591258740070e-01 nan nan 0.000000000000000000e+00 1.538732872559999965e-01 4.699367865279999862e-02 1.445437879310000062e-01 1.481850000000000023e+01 2.217389999999999972e+01 2.077980000000000160e+01 2.103770000000000095e+01 7.086248728971398236e-01 7.504240462607714157e-01
-4.282409999999999828e-01 -9.277419999999999556e-01 -6.459489999999999954e-01 -7.581729999999999858e-01 -9.221270000000000300e-01 -4.052250000000000019e-01 5.888049205447909440e-02 1.521074147394799736e-01 -5.091099999999999515e-01 1.819710602299773328e-01 nan nan 0.000000000000000000e+00 1.538732872559999965e-01 4.699367865279999862e-02 1.445437879310000062e-01 1.481850000000000023e+01 2.217389999999999972e+01 2.077980000000000160e+01 2.103770000000000095e+01 7.019349837409014636e-01 7.945021550955280176e-01
-3.936620000000000119e-01 -4.810609999999999886e-02 -6.093049999999999855e-02 -9.675340000000000051e-01 -9.820090000000000208e-01 -4.172150000000000025e-01 7.180604656789801865e-02 1.626997453052878573e-01 -5.091099999999999515e-01 2.070873847838156090e-01 nan nan 0.000000000000000000e+00 1.126773238370000069e-01 4.575801265090000125e-02 1.533527392379999965e-01 7.469909999999999606e+00 1.934120000000000061e+01 2.167749999999999844e+01 2.531040000000000134e+01 7.019349837409014636e-01 7.945021550955280176e-01
-3.970380000000000020e-01 -6.734260000000000246e-02 -1.430440000000000045e-01 -7.906130000000000102e-01 -9.218190000000000550e-01 -4.193799999999999750e-01 8.661563931298532637e-02 1.757304815875934123e-01 -6.714179999999999593e-01 2.340174756062872730e-01 nan nan 0.000000000000000000e+00 1.126773238370000069e-01 4.575801265090000125e-02 1.533527392379999965e-01 7.469909999999999606e+00 1.934120000000000061e+01 2.167749999999999844e+01 2.531040000000000134e+01 7.403628346203021682e-01 8.186800891226864163e-01
-4.311800000000000077e-01 -1.012289999999999912e+00 -1.043619999999999992e+00 -9.380119999999999569e-01 -9.600340000000000540e-01 -4.277449999999999863e-01 1.034306745060745714e-01 1.912346801157465137e-01 -6.714179999999999593e-01 2.626929248197236166e-01 nan nan 0.000000000000000000e+00 1.089254192169999969e-01 4.791290483990000293e-02 1.677419393809999881e-01 8.885369999999999990e+00 1.676210000000000022e+01 2.145289999999999964e+01 3.128910000000000124e+01 7.403628346203021682e-01 8.186800891226864163e-01
-4.359160000000000257e-01 -2.043229999999999880e+00 -1.823269999999999946e+00 -8.811269999999999936e-01 -9.976519999999999833e-01 -4.352070000000000105e-01 1.223496462481615810e-01 2.092193721035050524e-01 4.647379999999999844e-01 2.930255489384758771e-01 nan nan 0.000000000000000000e+00 1.089254192169999969e-01 4.791290483990000293e-02 1.677419393809999881e-01 8.885369999999999990e+00 1.676210000000000022e+01 2.145289999999999964e+01 3.128910000000000124e+01 7.104118636047881408e-01 7.789964941184864822e-01
-4.315729999999999844e-01 -1.074780000000000069e+00 -1.018399999999999972e+00 -8.417409999999999615e-01 -9.060139999999999860e-01 -4.280189999999999828e-01 1.434006124235407409e-01 2.296634837825753950e-01 4.647379999999999844e-01 3.249083880230448917e-01 nan nan 0.000000000000000000e+00 1.267632753969999970e-01 5.618905061369999787e-02 1.620041655689999915e-01 1.179219999999999935e+01 2.930760000000000076e+01 4.093059999999999832e+01 5.306459999999999866e+01 7.104118636047881408e-01 7.789964941184864822e-01
-4.285510000000000153e-01 -8.217659999999999965e-01 -8.724750000000000005e-01 -7.547669999999999657e-01 -8.744739999999999736e-01 -4.224530000000000229e-01 1.666109107661934985e-01 2.525180751768268950e-01 -6.714179999999999593e-01 3.582169175789339244e-01 nan nan 0.000000000000000000e+00 1.267632753969999970e-01 5.618905061369999787e-02 1.620041655689999915e-01 1.179219999999999935e+01 2.930760000000000076e+01 4.093059999999999832e+01 5.306459999999999866e+01 7.300989640487672849e-01 8.089148631862981276e-01
-4.324350000000000138e-01 -1.284869999999999957e+00 -9.305660000000000043e-01 -8.139499999999999513e-01 -9.038890000000000535e-01 -4.109349999999999947e-01 1.919831275800341075e-01 2.777068946117769999e-01 -1.844939999999999913e-01 3.928104594689296736e-01 nan nan 0.000000000000000000e+00 2.151631838070000025e-01 5.695574351600000279e-02 1.507169661009999939e-01 2.118130000000000024e+01 4.956980000000000075e+01 6.571710000000000207e+01 7.829850000000000421e+01 7.300989640487672849e-01 8.089148631862981276e-01
-4.074300000000000144e-01 -2.252780000000000060e-01 -2.517409999999999926e-01 -8.226170000000000426e-01 -9.309849999999999515e-01 -3.920529999999999848e-01 2.194996685510225420e-01 3.051272426765322399e-01 -1.844939999999999913e-01 4.285337758526084340e-01 nan nan 0.000000000000000000e+00 2.151631838070000025e-01 5.695574351600000279e-02 1.507169661009999939e-01 2.118130000000000024e+01 4.956980000000000075e+01 6.571710000000000207e+01 7.829850000000000421e+01 6.527952561688932231e-01 7.997334103048916454e-01
-4.154470000000000107e-01 -3.955489999999999839e-01 -3.656749999999999723e-01 -6.729669999999999819e-01 -6.448589999999999600e-01 -3.823750000000000204e-01 2.490891007371893728e-01 3.346511358491495169e-01 -5.091099999999999515e-01 4.652188280930978914e-01 nan nan 0.000000000000000000e+00 2.767678592280000127e-01 4.915705806409999962e-02 1.349018397079999876e-01 2.591720000000000113e+01 7.011480000000000246e+01 9.361539999999999395e+01 1.042459999999999951e+02 6.527952561688932231e-01 7.997334103048916454e-01
-4.029760000000000009e-01 -1.982160000000000033e-01 -1.101609999999999950e-01 -8.133949999999999791e-01 -8.210100000000000176e-01 -3.049859999999999793e-01 2.806354754832960374e-01 3.661267566010794061e-01 -5.091099999999999515e-01 5.026866807019777506e-01 nan nan 0.000000000000000000e+00 2.767678592280000127e-01 4.915705806409999962e-02 1.349018397079999876e-01 2.591720000000000113e+01 7.011480000000000246e+01 9.361539999999999395e+01 1.042459999999999951e+02 7.174843197857624366e-01 7.387193965083885816e-01
-3.426799999999999846e-01 3.442069999999999852e-01 2.513179999999999858e-01 -8.504770000000000385e-01 -8.472650000000000459e-01 -2.585720000000000240e-01 3.140631651966361293e-01 3.993801735504287631e-01 -6.714179999999999593e-01 5.407495287498631509e-01 nan nan 0.000000000000000000e+00 3.187586624109999822e-01 4.825337921399999730e-02 1.452798036619999955e-01 3.742029999999999745e+01 1.085319999999999965e+02 1.357700000000000102e+02 1.318590000000000089e+02 7.174843197857624366e-01 7.387193965083885816e-01
-3.933400000000000230e-01 -3.206180000000000141e-02 -8.522250000000000658e-02 -7.505180000000000184e-01 -7.986060000000000381e-01 -6.108070000000000166e-02 3.485111062942695126e-01 4.342173121740158237e-01 -6.714179999999999593e-01 5.792128257712969575e-01 nan nan 0.000000000000000000e+00 3.187586624109999822e-01 4.825337921399999730e-02 1.452798036619999955e-01 3.742029999999999745e+01 1.085319999999999965e+02 1.357700000000000102e+02 1.318590000000000089e+02 8.473859597901922669e-01 8.424234365422473836e-01
-2.138920000000000057e-02 9.588160000000000016e-01 1.045139999999999958e+00 2.040490000000000137e+00 2.622129999999999850e+00 -8.199349999999999694e-02 3.829706965203789615e-01 4.704261537492669953e-01 1.401219999999999966e-01 6.178774880539404935e-01 nan nan 0.000000000000000000e+00 3.471994919570000060e-01 5.838945502509999830e-02 1.542702380300000065e-01 6.038569999999999993e+01 1.518329999999999984e+02 1.683770000000000095e+02 1.536810000000000116e+02 8.473859597901922669e-01 8.424234365422473836e-01
2.073440000000000005e-01 1.174690000000000012e+00 1.259179999999999966e+00 8.691010000000000124e-01 1.572880000000000056e+00 -3.397850000000000176e-02 4.191289635620071286e-01 5.077791376110611932e-01 1.401219999999999966e-01 6.565421503365841405e-01 nan nan 0.000000000000000000e+00 3.471994919570000060e-01 5.838945502509999830e-02 1.542702380300000065e-01 6.038569999999999993e+01 1.518329999999999984e+02 1.683770000000000095e+02 1.536810000000000116e+02 1.000000000000000000e+00 8.326095628512774072e-01
1.073640000000000011e-01 1.145329999999999959e+00 1.087699999999999889e+00 6.447239999999999638e-01 9.833319999999999839e-01 4.965760000000000174e-01 4.584410050567151451e-01 5.460357395049953988e-01 -1.844939999999999913e-01 6.950054473580178360e-01 nan nan 0.000000000000000000e+00 4.226644992129999778e-01 5.854767052959999885e-02 1.647794138989999990e-01 6.082489999999999952e+01 1.597019999999999982e+02 1.779600000000000080e+02 1.565809999999999889e+02 1.000000000000000000e+00 8.326095628512774072e-01
5.397799999999999820e-02 1.063730000000000064e+00 1.040470000000000006e+00 9.800609999999999600e-01 1.086619999999999919e+00 1.376270000000000104e+00 4.983430209058674620e-01 5.849451968232943777e-01 4.647379999999999844e-01 7.299731044826526238e-01 nan nan 5.267444454088665573e-03 4.226644992129999778e-01 5.854767052959999885e-02 1.647794138989999990e-01 6.082489999999999952e+01 1.597019999999999982e+02 1.779600000000000080e+02 1.565809999999999889e+02 1.383483172084687407e-01 8.278550556368153845e-01
1.672060000000000102e+00 1.661820000000000075e+00 1.743659999999999988e+00 9.986239999999999561e-01 1.544729999999999936e+00 2.383230000000000182e+00 5.385885124754874465e-01 6.242493498453574041e-01 4.647379999999999844e-01 7.642449406372158194e-01 nan nan 1.070647537816027395e-02 4.840767131150000013e-01 5.750352838469999922e-02 1.883728336290000083e-01 4.656210000000000093e+01 1.283530000000000086e+02 1.498619999999999948e+02 1.416109999999999900e+02 1.383483172084687407e-01 8.278550556368153845e-01
4.363690000000000069e+00 2.049939999999999873e+00 2.189420000000000144e+00 1.951249999999999929e+00 1.702919999999999989e+00 3.874699999999999811e+00 5.803257542224475873e-01 6.620736716647745990e-01 -2.218600000000000086e-02 7.974326422237455469e-01 nan nan 1.665832156891311477e-02 4.840767131150000013e-01 5.750352838469999922e-02 1.883728336290000083e-01 4.656210000000000093e+01 1.283530000000000086e+02 1.498619999999999948e+02 1.416109999999999900e+02 1.658780416595354579e-01 9.069887364232225302e-01
3.868469999999999853e+00 1.996199999999999974e+00 2.158430000000000071e+00 1.262010000000000076e+00 1.675839999999999996e+00 4.335320000000000285e+00 6.223223149412460131e-01 6.989636618247130340e-01 -2.218600000000000086e-02 8.291601793221335948e-01 nan nan 2.345840142116373261e-02 5.517733093519999743e-01 5.599292266030000270e-02 1.994911987080000004e-01 2.780339999999999989e+01 7.959369999999999834e+01 1.085799999999999983e+02 1.178130000000000024e+02 1.658780416595354579e-01 9.069887364232225302e-01
3.690819999999999990e+00 1.975819999999999910e+00 2.134749999999999925e+00 1.082430000000000003e+00 1.371490000000000098e+00 4.061460000000000292e+00 6.621284901768198505e-01 7.353308077166740286e-01 1.401219999999999966e-01 8.590680662593747074e-01 nan nan 3.143252250340644594e-02 5.517733093519999743e-01 5.599292266030000270e-02 1.994911987080000004e-01 2.780339999999999989e+01 7.959369999999999834e+01 1.085799999999999983e+02 1.178130000000000024e+02 1.851070684291596935e-01 9.047087783251551718e-01
3.730760000000000076e+00 1.987559999999999993e+00 2.145659999999999901e+00 1.087679999999999980e+00 1.291949999999999932e+00 3.725099999999999856e+00 6.996484271322179760e-01 7.707630550461275210e-01 1.401219999999999966e-01 8.868174347258847012e-01 nan nan 4.089319002787727975e-02 5.924955623950000083e-01 5.115675211719999949e-02 2.255196352169999974e-01 1.610650000000000048e+01 4.871220000000000283e+01 7.271760000000000446e+01 9.099819999999999709e+01 1.851070684291596935e-01 9.047087783251551718e-01
3.393990000000000062e+00 1.945680000000000076e+00 2.113859999999999850e+00 1.120900000000000007e+00 1.181570000000000009e+00 3.342649999999999899e+00 7.365604701782841879e-01 8.048589422928232873e-01 -2.218600000000000086e-02 9.120938732888529410e-01 nan nan 5.213606604162734914e-02 5.924955623950000083e-01 5.115675211719999949e-02 2.255196352169999974e-01 1.610650000000000048e+01 4.871220000000000283e+01 7.271760000000000446e+01 9.099819999999999709e+01 1.817747082926437496e-01 9.344066109055293445e-01
2.987569999999999837e+00 1.886360000000000037e+00 2.079559999999999853e+00 1.403969999999999940e+00 1.309029999999999916e+00 3.034050000000000136e+00 7.724463911180021736e-01 8.372321494302307210e-01 -2.218600000000000086e-02 9.346109897994089311e-01 nan nan 6.543661945739043251e-02 6.775670398449999965e-01 3.675381758900000267e-02 2.012427875259999999e-01 9.928089999999999193e+00 2.930409999999999826e+01 4.943760000000000332e+01 6.531900000000000261e+01 1.817747082926437496e-01 9.344066109055293445e-01
2.819819999999999993e+00 1.864190000000000014e+00 2.062809999999999810e+00 1.575120000000000076e+00 1.284010000000000096e+00 2.757610000000000117e+00 8.068995881278384630e-01 8.675158750858060763e-01 -2.218600000000000086e-02 9.541136563301042539e-01 nan nan 8.104700488072902331e-02 6.775670398449999965e-01 3.675381758900000267e-02 2.012427875259999999e-01 9.928089999999999193e+00 2.930409999999999826e+01 4.943760000000000332e+01 6.531900000000000261e+01 1.745713739189964642e-01 9.529122167484489481e-01
2.554850000000000065e+00 1.824629999999999974e+00 2.027229999999999865e+00 1.411350000000000104e+00 1.307839999999999892e+00 2.537420000000000009e+00 8.395296927188726777e-01 8.953669925471086088e-01 -2.218600000000000086e-02 9.703808998762765148e-01 nan nan 9.919320559759781109e-02 7.481742078369999494e-01 2.843863066410000015e-02 1.447233573160000009e-01 4.407910000000000217e+00 1.479289999999999949e+01 2.754690000000000083e+01 4.077470000000000283e+01 1.745713739189964642e-01 9.529122167484489481e-01
2.407630000000000159e+00 1.797800000000000065e+00 2.011060000000000070e+00 1.381459999999999910e+00 1.298280000000000101e+00 2.296839999999999993e+00 8.699669927677604608e-01 9.204699375245601889e-01 -2.218600000000000086e-02 9.832284060684862714e-01 nan nan 1.200724730934153994e-01 7.481742078369999494e-01 2.843863066410000015e-02 1.447233573160000009e-01 4.407910000000000217e+00 1.479289999999999949e+01 2.754690000000000083e+01 4.077470000000000283e+01 1.699000291959045228e-01 9.472982658697083336e-01
2.188660000000000050e+00 1.763079999999999981e+00 1.974229999999999929e+00 1.460820000000000007e+00 1.318019999999999969e+00 2.008160000000000167e+00 8.978666215028190400e-01 9.425402836209381130e-01 -2.218600000000000086e-02 9.925106075279732654e-01 nan nan 1.438510921149166455e-01 8.142416559699999778e-01 2.043431904029999885e-02 9.638163949950000198e-02 4.020290000000000141e+00 8.295540000000000802e+00 1.410469999999999935e+01 1.991649999999999920e+01 1.699000291959045228e-01 9.472982658697083336e-01
1.859320000000000084e+00 1.698800000000000088e+00 1.906870000000000065e+00 1.628039999999999932e+00 1.363539999999999974e+00 1.663300000000000001e+00 9.229124649823552407e-01 9.613279649961076201e-01 -2.218600000000000086e-02 9.981223332032221895e-01 nan nan 1.653950521434401910e-01 8.142416559699999778e-01 2.043431904029999885e-02 9.638163949950000198e-02 4.020290000000000141e+00 8.295540000000000802e+00 1.410469999999999935e+01 1.991649999999999920e+01 1.711635071328615476e-01 9.464907131436504084e-01
1.453219999999999956e+00 1.604049999999999976e+00 1.811290000000000067e+00 1.448569999999999913e+00 1.184220000000000050e+00 1.305770000000000097e+00 9.448207437919340368e-01 9.766201097129116881e-01 -2.218600000000000086e-02 1.000000000000000000e+00 nan nan 1.898992824274046143e-01 8.430247635159999753e-01 1.497520695839999957e-02 7.620685468360000048e-02 2.434730000000000061e+00 9.535460000000000491e+00 1.208510000000000062e+01 1.465029999999999966e+01 1.711635071328615476e-01 9.464907131436504084e-01
1.125269999999999992e+00 1.525009999999999977e+00 1.698010000000000019e+00 1.555209999999999981e+00 1.144490000000000007e+00 9.994039999999999591e-01 9.633432283785393624e-01 9.882434516612779163e-01 -1.844939999999999913e-01 9.981223332032220785e-01 nan nan 2.170861402462989087e-01 8.430247635159999753e-01 1.497520695839999957e-02 7.620685468360000048e-02 2.434730000000000061e+00 9.535460000000000491e+00 1.208510000000000062e+01 1.465029999999999966e+01 1.664116219835093391e-01 9.560321594089623565e-01
7.474650000000000460e-01 1.387669999999999959e+00 1.560489999999999933e+00 1.506620000000000070e+00 1.211759999999999948e+00 7.216949999999999754e-01 9.782700515905948802e-01 9.960662937324791244e-01 -1.844939999999999913e-01 9.925106075279732654e-01 nan nan 2.466475876377178800e-01 8.651403584119999879e-01 1.328549613539999931e-02 5.810634781460000120e-02 6.456019999999999648e+00 1.066360000000000063e+01 1.520969999999999978e+01 2.046280000000000143e+01 1.664116219835093391e-01 9.560321594089623565e-01
5.583000000000000185e-01 1.299509999999999943e+00 1.474699999999999900e+00 1.866840000000000055e+00 1.378710000000000102e+00 5.638330000000000286e-01 9.894320865566526013e-01 1.000000000000000000e+00 -2.218600000000000086e-02 9.832284060684862714e-01 nan nan 2.782486815905617084e-01 8.651403584119999879e-01 1.328549613539999931e-02 5.810634781460000120e-02 6.456019999999999648e+00 1.066360000000000063e+01 1.520969999999999978e+01 2.046280000000000143e+01 1.608996365613264423e-01 9.554710886394520708e-01
6.344739999999999824e-01 1.340729999999999977e+00 1.500289999999999901e+00 2.075000000000000178e+00 1.399140000000000050e+00 8.308110000000000495e-02 9.967028629604243184e-01 1.000000000000000000e+00 -2.218600000000000086e-02 9.703808998762765148e-01 nan nan 3.115313690831881255e-01 8.638451527960000487e-01 1.602282165669999953e-02 4.505429557119999817e-02 3.743059999999999832e+00 1.704009999999999891e+01 2.604319999999999879e+01 3.309609999999999985e+01 1.608996365613264423e-01 9.554710886394520708e-01
4.547149999999999803e-01 1.246830000000000105e+00 1.386290000000000022e+00 2.172309999999999963e+00 1.580070000000000086e+00 6.671660000000000090e-02 1.000000000000000000e+00 9.960662937324792354e-01 -2.218600000000000086e-02 9.541136563301042539e-01 nan nan 3.513859884213075269e-01 8.638451527960000487e-01 1.602282165669999953e-02 4.505429557119999817e-02 3.743059999999999832e+00 1.704009999999999891e+01 2.604319999999999879e+01 3.309609999999999985e+01 1.619013581129378210e-01 9.533176147032973446e-01
4.671609999999999929e-01 1.251759999999999984e+00 1.389049999999999896e+00 2.279780000000000140e+00 1.475689999999999946e+00 5.388359999999999678e-02 9.992861397952526037e-01 9.882434516612779163e-01 6.270459999999999923e-01 9.346109897994089311e-01 nan nan 3.923247951090438335e-01 8.015254859529999942e-01 2.502200732649999954e-02 5.254302824749999823e-02 1.200150000000000006e+01 2.644200000000000017e+01 4.032159999999999656e+01 4.600200000000000244e+01 1.619013581129378210e-01 9.533176147032973446e-01
-9.345320000000000016e-02 8.106560000000000432e-01 7.767830000000000013e-01 1.425789999999999891e+00 8.678690000000000015e-01 9.479930000000000301e-02 9.945693706675455825e-01 9.766201097129116881e-01 6.270459999999999923e-01 9.120938732888532741e-01 nan nan 4.342867912987026235e-01 8.015254859529999942e-01 2.502200732649999954e-02 5.254302824749999823e-02 1.200150000000000006e+01 2.644200000000000017e+01 4.032159999999999656e+01 4.600200000000000244e+01 1.484662082574071951e-01 9.469090838330539439e-01
3.444940000000000224e-01 1.182649999999999979e+00 1.071209999999999996e+00 1.173229999999999995e+00 1.316810000000000036e+00 -7.787159999999999915e-02 9.859031354958216475e-01 9.613279649961077311e-01 1.401219999999999966e-01 8.868174347258848123e-01 nan nan 4.771993859966868756e-01 7.240934546709999475e-01 3.529311155740000316e-02 6.152294149519999672e-02 1.155729999999999968e+01 3.600789999999999935e+01 4.835600000000000165e+01 5.627850000000000108e+01 1.484662082574071951e-01 9.469090838330539439e-01
1.542529999999999957e+00 1.625780000000000003e+00 1.611450000000000049e+00 2.862699999999999800e+00 2.104589999999999961e+00 8.308609999999999260e-03 9.733856261874280769e-01 9.425402836209381130e-01 6.270459999999999923e-01 8.590680662593748185e-01 nan nan 5.157117730943713285e-01 7.240934546709999475e-01 3.529311155740000316e-02 6.152294149519999672e-02 1.155729999999999968e+01 3.600789999999999935e+01 4.835600000000000165e+01 5.627850000000000108e+01 1.519999194595738068e-01 9.287213099867354105e-01
-3.311290000000000067e-01 2.739739999999999953e-01 -2.671740000000000226e-01 1.466790000000000038e+00 1.372870000000000035e+00 -2.424580000000000068e-01 9.571586711245716472e-01 9.204699375245602999e-01 9.516620000000000079e-01 8.291601793221335948e-01 nan nan 5.548266227812420626e-01 5.823525622680000291e-01 4.691838542509999682e-02 9.529985041239999455e-02 2.016920000000000002e+01 4.405380000000000251e+01 6.233379999999999654e+01 6.570359999999999445e+01 1.519999194595738068e-01 9.287213099867354105e-01
-3.541340000000000043e-01 1.150960000000000039e-01 1.702559999999999907e-01 7.285310000000000397e-01 3.075899999999999745e-01 -3.487910000000000177e-01 9.374061281920771371e-01 8.953669925471088309e-01 6.270459999999999923e-01 7.974326422237456580e-01 nan nan 5.941007481808455726e-01 5.823525622680000291e-01 4.691838542509999682e-02 9.529985041239999455e-02 2.016920000000000002e+01 4.405380000000000251e+01 6.233379999999999654e+01 6.570359999999999445e+01 1.534647484621811664e-01 9.253483990023967376e-01
3.620720000000000188e-02 9.478600000000000358e-01 9.156429999999999847e-01 1.236569999999999947e+00 5.111630000000000340e-01 -3.741019999999999901e-01 9.143518015940851340e-01 8.675158750858060763e-01 4.647379999999999844e-01 7.642449406372159304e-01 nan nan 6.330891577592603348e-01 4.008274815849999784e-01 6.036161593650000295e-02 1.332013412989999923e-01 2.144729999999999848e+01 6.713320000000000221e+01 8.113379999999999370e+01 8.275000000000000000e+01 1.534647484621811664e-01 9.253483990023967376e-01
-3.238010000000000055e-01 2.826409999999999756e-01 1.577479999999999993e-01 1.045970000000000066e+00 4.172759999999999803e-01 -3.981359999999999899e-01 8.882569060629926794e-01 8.372321494302308320e-01 4.647379999999999844e-01 7.299731044826526238e-01 nan nan 6.713500972569846903e-01 4.008274815849999784e-01 6.036161593650000295e-02 1.332013412989999923e-01 2.144729999999999848e+01 6.713320000000000221e+01 8.113379999999999370e+01 8.275000000000000000e+01 1.551611311902868495e-01 9.063044246754383693e-01
-3.880109999999999948e-01 2.186290000000000108e-02 -4.791009999999999713e-02 1.386610000000000065e-01 -3.921259999999999746e-01 -4.062490000000000268e-01 8.594171071921580252e-01 8.048589422928233983e-01 -1.844939999999999913e-01 6.950054473580180581e-01 nan nan 7.084500549412139359e-01 2.719133303710000171e-01 6.778926547359999388e-02 1.614777815850000076e-01 3.111250000000000071e+01 7.658379999999999654e+01 9.696309999999999718e+01 9.210360000000000014e+01 1.551611311902868495e-01 9.063044246754383693e-01
-3.689870000000000094e-01 1.807189999999999908e-01 1.046679999999999972e-01 -5.325370000000000381e-01 -5.562939999999999552e-01 -4.051799999999999846e-01 8.281591714265865711e-01 7.707630550461277430e-01 -6.714179999999999593e-01 6.565421503365841405e-01 nan nan 7.439686734669948009e-01 2.719133303710000171e-01 6.778926547359999388e-02 1.614777815850000076e-01 3.111250000000000071e+01 7.658379999999999654e+01 9.696309999999999718e+01 9.210360000000000014e+01 1.319403195441412047e-01 5.892864671676304456e-01
-4.237079999999999735e-01 -6.691420000000000146e-01 -5.714749999999999552e-01 -3.631170000000000231e-01 -5.089759999999999840e-01 -4.169189999999999841e-01 7.948372636685399062e-01 7.353308077166740286e-01 -1.844939999999999913e-01 6.178774880539406045e-01 nan nan 7.775035126939102703e-01 2.248277251359999951e-01 6.123610380499999728e-02 1.742730026089999995e-01 1.985849999999999937e+01 6.394709999999999894e+01 8.159860000000000468e+01 8.321819999999999595e+01 1.319403195441412047e-01 5.892864671676304456e-01
-4.247029999999999972e-01 -6.698969999999999647e-01 -6.623580000000000023e-01 -5.789570000000000549e-01 -6.423860000000000126e-01 -4.296280000000000099e-01 7.598289344476752971e-01 6.989636618247131450e-01 -1.844939999999999913e-01 5.792128257712971795e-01 nan nan 8.086746094936774210e-01 2.248277251359999951e-01 6.123610380499999728e-02 1.742730026089999995e-01 1.985849999999999937e+01 6.394709999999999894e+01 8.159860000000000468e+01 8.321819999999999595e+01 1.689436116340645722e-01 6.721303500368100980e-01
-4.218199999999999728e-01 -6.106639999999999846e-01 -4.569550000000000001e-01 -6.618479999999999919e-01 -7.096890000000000143e-01 -4.285979999999999790e-01 7.235308421226838149e-01 6.620736716647748210e-01 -5.091099999999999515e-01 5.407495287498633729e-01 nan nan 8.371287828842167711e-01 2.051839653049999934e-01 7.275898123910000403e-02 1.545853804539999987e-01 1.796369999999999933e+01 4.532520000000000238e+01 5.967589999999999861e+01 6.622339999999999804e+01 1.689436116340645722e-01 6.721303500368100980e-01
-4.297719999999999874e-01 -9.228389999999999649e-01 -8.991670000000000496e-01 -4.311960000000000237e-01 -6.512369999999999548e-01 -4.311789999999999790e-01 6.863542585835893384e-01 6.234144088118894755e-01 -5.091099999999999515e-01 5.026866807019778616e-01 nan nan 8.625436357113025476e-01 2.051839653049999934e-01 7.275898123910000403e-02 1.545853804539999987e-01 1.796369999999999933e+01 4.532520000000000238e+01 5.967589999999999861e+01 6.622339999999999804e+01 7.179625285666824119e-01 8.662835385728047122e-01
-4.262480000000000158e-01 -7.439820000000000322e-01 -6.711939999999999573e-01 -7.165169999999999595e-01 -7.870749999999999691e-01 -4.303390000000000271e-01 6.487204093768987878e-01 5.832481166366960679e-01 -5.091099999999999515e-01 4.652188280930978914e-01 nan nan 8.846312075371441930e-01 1.661342685699999933e-01 7.976908291419999852e-02 1.200933085290000063e-01 2.078059999999999974e+01 4.324199999999999733e+01 5.313539999999999708e+01 5.650450000000000017e+01 7.179625285666824119e-01 8.662835385728047122e-01
-4.342929999999999846e-01 -1.473710000000000075e+00 -1.327309999999999990e+00 -1.005719999999999947e+00 -9.451669999999999794e-01 -4.349939999999999918e-01 6.110557010518471444e-01 5.433952339718436386e-01 -5.091099999999999515e-01 4.285337758526085450e-01 nan nan 9.031412373472087474e-01 1.661342685699999933e-01 7.976908291419999852e-02 1.200933085290000063e-01 2.078059999999999974e+01 4.324199999999999733e+01 5.313539999999999708e+01 5.650450000000000017e+01 7.158835788138409040e-01 8.191535939339493755e-01
-4.299830000000000041e-01 -9.108789999999999942e-01 -9.707249999999999490e-01 -9.738090000000000357e-01 -1.028780000000000028e+00 -4.315419999999999812e-01 5.727504110158441186e-01 5.040607534692236325e-01 -6.714179999999999593e-01 3.928104594689298956e-01 nan nan 9.178639991075157045e-01 1.231004390190000020e-01 9.600546044480000318e-02 1.023924391399999995e-01 1.580869999999999997e+01 3.754200000000000159e+01 4.160949999999999704e+01 4.588219999999999743e+01 7.158835788138409040e-01 8.191535939339493755e-01
-4.287489999999999912e-01 -8.436740000000000350e-01 -8.631440000000000223e-01 -1.030950000000000033e+00 -1.088980000000000059e+00 -4.317010000000000014e-01 5.331354832873795857e-01 4.654437940770865811e-01 -6.714179999999999593e-01 3.582169175789340354e-01 nan nan 9.286326780444036366e-01 1.231004390190000020e-01 9.600546044480000318e-02 1.023924391399999995e-01 1.580869999999999997e+01 3.754200000000000159e+01 4.160949999999999704e+01 4.588219999999999743e+01 7.807890948262843356e-01 9.446420984695416134e-01
-4.353339999999999987e-01 -1.687449999999999894e+00 -1.708059999999999912e+00 -8.435099999999999820e-01 -1.011670000000000069e+00 -4.325649999999999773e-01 4.934339804756291414e-01 4.277353449427946375e-01 -5.091099999999999515e-01 3.249083880230448917e-01 nan nan 9.353252607225719384e-01 1.183012389850000012e-01 8.028082177039999601e-02 9.878616536720000174e-02 1.681119999999999948e+01 3.427459999999999951e+01 3.886889999999999645e+01 3.889309999999999690e+01 7.807890948262843356e-01 9.446420984695416134e-01
-4.356269999999999865e-01 -1.864379999999999926e+00 -1.703279999999999905e+00 -9.154539999999999900e-01 -1.175629999999999953e+00 -4.260379999999999723e-01 4.547865547017674315e-01 3.911161014294659566e-01 -3.468019999999999992e-01 2.930255489384759882e-01 nan nan 9.378659175060564124e-01 1.183012389850000012e-01 8.028082177039999601e-02 9.878616536720000174e-02 1.681119999999999948e+01 3.427459999999999951e+01 3.886889999999999645e+01 3.889309999999999690e+01 9.226711232369197990e-01 8.856096698763373798e-01
-4.312400000000000122e-01 -1.058750000000000080e+00 -9.720419999999999616e-01 -8.455310000000000326e-01 -9.078819999999999668e-01 -4.122879999999999878e-01 4.173379145523362643e-01 3.557544177653088058e-01 -5.091099999999999515e-01 2.626929248197236166e-01 nan nan 9.362258617383053538e-01 1.273505067440000027e-01 6.700339880120000091e-02 1.173278455459999953e-01 2.957999999999999829e+01 3.659779999999999944e+01 3.129599999999999937e+01 3.567379999999999995e+01 9.226711232369197990e-01 8.856096698763373798e-01
-4.325379999999999781e-01 -1.150130000000000097e+00 -1.177759999999999918e+00 -7.728679999999999994e-01 -8.677049999999999486e-01 -4.139709999999999779e-01 3.812419214224386232e-01 3.218043995229449283e-01 -6.714179999999999593e-01 2.340174756062872730e-01 nan nan 9.304236759065004359e-01 1.273505067440000027e-01 6.700339880120000091e-02 1.173278455459999953e-01 2.957999999999999829e+01 3.659779999999999944e+01 3.129599999999999937e+01 3.567379999999999995e+01 6.780446798014678755e-01 7.749814327736680442e-01
-4.081710000000000060e-01 -2.422759999999999914e-01 -2.536820000000000186e-01 -8.339990000000000459e-01 -9.339699999999999669e-01 -4.220289999999999875e-01 3.466255203090603532e-01 2.894041575416942402e-01 -6.714179999999999593e-01 2.070873847838156090e-01 nan nan 9.205251010945517676e-01 1.365105279150000128e-01 6.702097438359999604e-02 1.283264434109999963e-01 7.769619999999999749e+00 2.438090000000000046e+01 2.540719999999999956e+01 3.001960000000000051e+01 6.780446798014678755e-01 7.749814327736680442e-01
-4.002890000000000059e-01 -1.092339999999999978e-01 -1.798339999999999939e-01 -8.240359999999999907e-01 -8.357510000000000217e-01 -4.213230000000000031e-01 3.135735926749880775e-01 2.586742430765791578e-01 -6.714179999999999593e-01 1.819710602299773328e-01 nan nan 9.066422921103485244e-01 1.365105279150000128e-01 6.702097438359999604e-02 1.283264434109999963e-01 7.769619999999999749e+00 2.438090000000000046e+01 2.540719999999999956e+01 3.001960000000000051e+01 6.476104662283925784e-01 8.070273303085241379e-01
-4.299000000000000044e-01 -9.739889999999999937e-01 -8.263639999999999874e-01 -8.407639999999999558e-01 -9.607189999999999896e-01 -4.288589999999999902e-01 2.821664669561715355e-01 2.297162819044351600e-01 -1.844939999999999913e-01 1.587163591258740070e-01 nan nan 8.889325467269708625e-01 1.067455480880000057e-01 6.468400324789999600e-02 1.336514655159999898e-01 2.591100000000000136e+01 3.027060000000000173e+01 3.315339999999999776e+01 3.454710000000000036e+01 6.476104662283925784e-01 8.070273303085241379e-01
-4.307110000000000105e-01 -9.994060000000000166e-01 -9.471180000000000154e-01 -8.669909999999999561e-01 -9.711999999999999522e-01 -4.364779999999999771e-01 2.524795443982893461e-01 2.026118228632517448e-01 -1.844939999999999913e-01 1.373500457150543808e-01 nan nan 8.728639678901563004e-01 1.067455480880000057e-01 6.468400324789999600e-02 1.336514655159999898e-01 2.591100000000000136e+01 3.027060000000000173e+01 3.315339999999999776e+01 3.454710000000000036e+01 6.948725951132097567e-01 8.082305514385141887e-01
-4.338469999999999827e-01 -1.350019999999999998e+00 -1.312389999999999946e+00 -9.479980000000000073e-01 -1.129459999999999908e+00 -4.349600000000000133e-01 2.245721720625264428e-01 1.774214138712528754e-01 -1.844939999999999913e-01 1.178774880539406045e-01 nan nan 8.535824432851271126e-01 1.220407364080000057e-01 5.524078313579999788e-02 1.071518536480000061e-01 1.363519999999999932e+01 3.595069999999999766e+01 3.741029999999999944e+01 4.267269999999999897e+01 6.948725951132097567e-01 8.082305514385141887e-01
-4.333589999999999942e-01 -1.332109999999999905e+00 -1.127990000000000048e+00 -9.833469999999999711e-01 -1.147799999999999931e+00 -4.347650000000000126e-01 1.985113105759369612e-01 1.541839158947895250e-01 -1.844939999999999913e-01 1.002825971896049717e-01 nan nan 8.317092954805592742e-01 1.220407364080000057e-01 5.524078313579999788e-02 1.071518536480000061e-01 1.363519999999999932e+01 3.595069999999999766e+01 3.741029999999999944e+01 4.267269999999999897e+01 6.401051052562695132e-01 7.326222112674686260e-01
-4.355269999999999975e-01 -1.813819999999999988e+00 -1.672069999999999945e+00 -8.731039999999999912e-01 -1.065839999999999899e+00 -4.211790000000000256e-01 1.743047041442934431e-01 1.329160626380632149e-01 -5.091099999999999515e-01 8.452800945403393662e-02 nan nan 8.078952111715398399e-01 1.508849696809999863e-01 4.046369973390000208e-02 9.107132427439999789e-02 2.062130000000000152e+01 3.053579999999999828e+01 3.735470000000000113e+01 4.123270000000000124e+01 6.401051052562695132e-01 7.326222112674686260e-01
-4.334919999999999884e-01 -1.295179999999999998e+00 -1.248799999999999910e+00 -7.872620000000000173e-01 -7.999420000000000419e-01 -3.891660000000000119e-01 1.519380158942250647e-01 1.136122709435704037e-01 -5.091099999999999515e-01 7.055550980941760475e-02 nan nan 7.828128686393097668e-01 1.508849696809999863e-01 4.046369973390000208e-02 9.107132427439999789e-02 2.062130000000000152e+01 3.053579999999999828e+01 3.735470000000000113e+01 4.123270000000000124e+01 8.019661931560773116e-01 7.481084131426773975e-01
-4.220119999999999982e-01 -5.385600000000000387e-01 -6.056219999999999937e-01 -6.853690000000000060e-01 -8.252990000000000048e-01 -3.638759999999999772e-01 1.314228522626963436e-01 9.624470405150864494e-02 -6.714179999999999593e-01 5.828669144778941824e-02 nan nan 7.571493160375495357e-01 1.789218924519999920e-01 3.873801953900000289e-02 8.448124284430000297e-02 1.347240000000000038e+01 4.431380000000000052e+01 5.373890000000000100e+01 5.232150000000000034e+01 8.019661931560773116e-01 7.481084131426773975e-01
-3.902619999999999978e-01 8.408459999999999546e-03 -7.223849999999999716e-02 -7.965189999999999770e-01 -8.669919999999999849e-01 -3.778739999999999877e-01 1.127273123638530272e-01 8.076358700138741575e-02 -6.714179999999999593e-01 4.762384417148957105e-02 nan nan 7.315981868622667417e-01 1.789218924519999920e-01 3.873801953900000289e-02 8.448124284430000297e-02 1.347240000000000038e+01 4.431380000000000052e+01 5.373890000000000100e+01 5.232150000000000034e+01 6.123438270797048055e-01 8.476287462825008445e-01
-3.604649999999999799e-01 2.481140000000000012e-01 1.457660000000000067e-01 -1.014429999999999943e+00 -1.009090000000000042e+00 -4.003340000000000232e-01 9.579923108257404341e-02 6.709777060222010814e-02 -6.714179999999999593e-01 3.845106148874877228e-02 nan nan 7.068518408071251535e-01 3.044829983319999878e-01 2.581078252690000019e-02 9.078854608670000603e-02 3.837740000000000151e+01 6.842079999999999984e+01 7.647849999999999682e+01 6.798640000000000327e+01 6.123438270797048055e-01 8.476287462825008445e-01
-3.950859999999999927e-01 -5.977940000000000337e-02 -8.637569999999999970e-02 -8.782309999999999839e-01 -8.901069999999999816e-01 -4.214550000000000241e-01 8.056192047799992650e-02 5.515553758128755035e-02 -6.714179999999999593e-01 3.063555388055216877e-02 nan nan 6.835935190514627058e-01 3.044829983319999878e-01 2.581078252690000019e-02 9.078854608670000603e-02 3.837740000000000151e+01 6.842079999999999984e+01 7.647849999999999682e+01 6.798640000000000327e+01 5.006493571867229875e-01 6.752762381664336733e-01
-4.345660000000000078e-01 -1.590119999999999978e+00 -1.291309999999999958e+00 -9.445059999999999567e-01 -9.749600000000000488e-01 -4.172819999999999863e-01 6.694960536210758928e-02 4.482564177748582512e-02 -5.091099999999999515e-01 2.402915335895161597e-02 nan nan 6.624896028647192514e-01 3.256475476699999816e-01 1.775439801320000122e-02 9.110281868679999395e-02 1.845459999999999923e+01 6.736809999999999832e+01 7.076290000000000191e+01 6.353399999999999892e+01 5.006493571867229875e-01 6.752762381664336733e-01
-4.020880000000000010e-01 -2.962119999999999753e-01 -9.660590000000000011e-01 1.344510000000000094e+00 1.943980000000000041e+00 -4.130849999999999800e-01 5.490117267218597163e-02 3.597856860478432228e-02 1.600889999999999924e+00 1.846999226957246609e-02 nan nan 6.441820632403822966e-01 3.256475476699999816e-01 1.775439801320000122e-02 9.110281868679999395e-02 1.845459999999999923e+01 6.736809999999999832e+01 7.076290000000000191e+01 6.353399999999999892e+01 4.962800390621067148e-01 6.648688618695657304e-01
-3.349900000000000100e-01 2.112229999999999941e-01 -1.062179999999999902e+00 1.789749999999999952e+00 2.069700000000000095e+00 -4.136099999999999777e-01 4.427575349678392058e-02 2.846800250423531242e-02 3.710900000000000087e+00 1.378433731681782959e-02 nan nan 6.292811871081119834e-01 2.931637932689999948e-01 1.741235264329999907e-02 1.007259835860000036e-01 2.358490000000000109e+01 5.003620000000000090e+01 5.826370000000000005e+01 5.410900000000000176e+01 4.962800390621067148e-01 6.648688618695657304e-01
-2.762540000000000134e-02 8.778470000000000439e-01 -2.332439999999999861e-02 2.079569999999999919e+00 2.735189999999999788e+00 -4.056819999999999871e-01 3.570346514981825869e-02 2.213248475772333634e-02 3.873209999999999820e+00 9.788558031527117009e-03 nan nan 6.183586625389694280e-01 2.931637932689999948e-01 1.741235264329999907e-02 1.007259835860000036e-01 2.358490000000000109e+01 5.003620000000000090e+01 5.826370000000000005e+01 5.410900000000000176e+01 3.528677425525275080e-01 6.562160479212815201e-01
-2.685319999999999929e-01 4.848580000000000112e-01 1.674529999999999907e-01 8.410060000000000313e-01 1.505239999999999911e+00 -3.874589999999999979e-01 2.997810355787133840e-02 1.679724287975570274e-02 2.737049999999999983e+00 6.291207377567498149e-03 nan nan 6.119411012911372127e-01 2.112924057810000034e-01 3.232716926890000231e-02 8.519908238260000266e-02 2.842559999999999931e+01 5.447350000000000136e+01 5.875970000000000226e+01 5.992900000000000205e+01 3.528677425525275080e-01 6.562160479212815201e-01
-3.937379999999999769e-01 -7.285389999999999922e-02 -1.901400000000000035e-01 8.790109999999999868e-01 1.066899999999999959e+00 -3.957399999999999807e-01 2.512868976387971909e-02 1.227617085955901022e-02 7.893540000000000001e-01 3.095190923250723536e-03 nan nan 6.105040720882750627e-01 2.112924057810000034e-01 3.232716926890000231e-02 8.519908238260000266e-02 2.842559999999999931e+01 5.447350000000000136e+01 5.875970000000000226e+01 5.992900000000000205e+01 3.288012564306497243e-01 6.828328560448078122e-01
-3.570450000000000013e-01 2.466319999999999901e-01 1.721930000000000127e-01 1.099739999999999940e+00 1.036089999999999955e+00 -3.976410000000000222e-01 1.926498080937699697e-02 8.373937816546050961e-03 -3.468019999999999992e-01 0.000000000000000000e+00 nan nan 6.144667122358538069e-01 1.850266724759999926e-01 2.945708739290000058e-02 6.487357311630000123e-02 1.731400000000000006e+01 5.261019999999999897e+01 5.645100000000000051e+01 5.764300000000000068e+01 3.288012564306497243e-01 6.828328560448078122e-01
-3.944779999999999953e-01 -4.033049999999999830e-02 -2.228199999999999903e-01 1.115850000000000009e+00 1.004529999999999923e+00 -4.033749999999999836e-01 1.450822150600306060e-02 4.888201177242201823e-03 -6.714179999999999593e-01 0.000000000000000000e+00 nan nan 6.134805032498453770e-01 1.850266724759999926e-01 2.945708739290000058e-02 6.487357311630000123e-02 1.731400000000000006e+01 5.261019999999999897e+01 5.645100000000000051e+01 5.764300000000000068e+01 9.137160345921131466e-01 8.123137196397471893e-01
-3.923260000000000081e-01 -1.144330000000000069e-01 -1.112790000000000029e-01 1.045350000000000001e+00 1.326699999999999990e+00 -4.179059999999999997e-01 1.071941741902004974e-02 1.611899297495389405e-03 1.438590000000000035e+00 0.000000000000000000e+00 nan nan 6.178602394598955438e-01 2.739520720190000147e-01 2.880750928689999879e-02 6.913584320900000024e-02 2.967310000000000159e+01 3.671399999999999864e+01 4.563219999999999743e+01 5.196119999999999806e+01 9.137160345921131466e-01 8.123137196397471893e-01
-4.161779999999999924e-01 -4.801179999999999892e-01 -7.344330000000000025e-01 1.097739999999999938e+00 1.065280000000000005e+00 -4.269169999999999909e-01 6.306478584556574063e-03 0.000000000000000000e+00 3.710900000000000087e+00 0.000000000000000000e+00 nan nan 6.271534415142963059e-01 2.739520720190000147e-01 2.880750928689999879e-02 6.913584320900000024e-02 2.967310000000000159e+01 3.671399999999999864e+01 4.563219999999999743e+01 5.196119999999999806e+01 1.255071529966071964e-01 6.588819448723645111e-01
-4.148089999999999833e-01 -4.153789999999999982e-01 -5.125870000000000148e-01 1.194770000000000110e+00 1.071639999999999926e+00 -4.118530000000000246e-01 2.037101861778189971e-03 0.000000000000000000e+00 3.873209999999999820e+00 0.000000000000000000e+00 nan nan 6.408519585300015420e-01 3.244586292259999949e-01 3.351707303069999949e-02 7.442825073400000102e-02 1.599329999999999963e+01 3.613779999999999859e+01 3.744930000000000092e+01 4.484579999999999700e+01 1.255071529966071964e-01 6.588819448723645111e-01
-4.138720000000000176e-01 -4.058579999999999965e-01 -4.419230000000000103e-01 7.645610000000000461e-01 9.586529999999999774e-01 -4.102930000000000188e-01 0.000000000000000000e+00 0.000000000000000000e+00 3.061669999999999892e+00 0.000000000000000000e+00 nan nan 6.583977256451788440e-01 3.244586292259999949e-01 3.351707303069999949e-02 7.442825073400000102e-02 1.599329999999999963e+01 3.613779999999999859e+01 3.744930000000000092e+01 4.484579999999999700e+01 2.489806602301442018e-01 6.289538462536363728e-01
-4.234010000000000273e-01 -6.826109999999999678e-01 -7.136019999999999586e-01 5.685029999999999806e-01 7.401950000000000474e-01 -4.175030000000000130e-01 0.000000000000000000e+00 0.000000000000000000e+00 1.113969999999999905e+00 0.000000000000000000e+00 nan nan 6.791890871170858102e-01 3.800780848720000105e-01 4.167335430199999718e-02 1.001844570649999960e-01 1.337529999999999930e+01 2.859100000000000108e+01 3.575630000000000308e+01 4.128399999999999892e+01 2.489806602301442018e-01 6.289538462536363728e-01
-3.663589999999999902e-01 1.656720000000000137e-01 8.673319999999999641e-02 3.474960000000000271e-01 4.088490000000000180e-01 -4.096110000000000029e-01 0.000000000000000000e+00 0.000000000000000000e+00 -2.218600000000000086e-02 0.000000000000000000e+00 nan nan 7.025876133220447795e-01 3.800780848720000105e-01 4.167335430199999718e-02 1.001844570649999960e-01 1.337529999999999930e+01 2.859100000000000108e+01 3.575630000000000308e+01 4.128399999999999892e+01 1.988140422233184434e-01 6.179270218817600746e-01
-3.927499999999999880e-01 -8.802989999999999426e-02 -9.125060000000000116e-02 1.925590000000000079e-01 6.221649999999999681e-01 -4.153439999999999910e-01 0.000000000000000000e+00 0.000000000000000000e+00 1.438590000000000035e+00 0.000000000000000000e+00 nan nan 7.279253344181820795e-01 3.673571845849999962e-01 5.130386532350000167e-02 1.373626265729999962e-01 2.091910000000000025e+01 3.199320000000000164e+01 3.685699999999999932e+01 4.135070000000000334e+01 1.988140422233184434e-01 6.179270218817600746e-01
-4.199649999999999772e-01 -6.009060000000000512e-01 -8.648339999999999916e-01 2.895929999999999893e-01 4.348029999999999951e-01 -4.109129999999999727e-01 0.000000000000000000e+00 0.000000000000000000e+00 3.061669999999999892e+00 0.000000000000000000e+00 nan nan 7.545123087106441195e-01 3.673571845849999962e-01 5.130386532350000167e-02 1.373626265729999962e-01 2.091910000000000025e+01 3.199320000000000164e+01 3.685699999999999932e+01 4.135070000000000334e+01 2.769634245789246441e-01 6.217993831464718735e-01
-4.090090000000000114e-01 -3.024959999999999871e-01 -3.080729999999999857e-01 1.626620000000000010e-01 3.854199999999999848e-01 -3.901370000000000116e-01 0.000000000000000000e+00 0.000000000000000000e+00 3.223980000000000068e+00 0.000000000000000000e+00 nan nan 7.816444399666870879e-01 3.496927144979999902e-01 5.682219489430000159e-02 1.113771515710000048e-01 1.476040000000000063e+01 3.364730000000000132e+01 3.711730000000000018e+01 4.444250000000000256e+01 2.769634245789246441e-01 6.217993831464718735e-01
-4.263270000000000115e-01 -8.600139999999999452e-01 -7.632449999999999513e-01 4.717700000000000227e-01 9.310840000000000227e-01 -3.611900000000000110e-01 0.000000000000000000e+00 1.611899297495389405e-03 2.087819999999999787e+00 0.000000000000000000e+00 nan nan 8.086114551073355639e-01 3.496927144979999902e-01 5.682219489430000159e-02 1.113771515710000048e-01 1.476040000000000063e+01 3.364730000000000132e+01 3.711730000000000018e+01 4.444250000000000256e+01 3.083339206072748251e-01 6.026321678412397409e-01
-3.836260000000000225e-01 4.756740000000000274e-02 -2.736929999999999918e-02 4.045050000000000034e-01 6.453200000000000047e-01 -2.498400000000000065e-01 0.000000000000000000e+00 4.888201177242090800e-03 1.401219999999999966e-01 0.000000000000000000e+00 nan nan 8.347049518851789029e-01 3.757231095499999896e-01 4.343492552349999952e-02 9.180522868580000273e-02 1.821569999999999823e+01 3.016440000000000055e+01 3.724159999999999826e+01 3.879860000000000042e+01 3.083339206072748251e-01 6.026321678412397409e-01
-3.300750000000000073e-01 4.013979999999999770e-01 3.014060000000000072e-01 7.551399999999999779e-02 1.575940000000000119e-01 -1.978719999999999923e-01 0.000000000000000000e+00 8.373937816546050961e-03 -6.714179999999999593e-01 0.000000000000000000e+00 nan nan 8.646654562889687368e-01 3.757231095499999896e-01 4.343492552349999952e-02 9.180522868580000273e-02 1.821569999999999823e+01 3.016440000000000055e+01 3.724159999999999826e+01 3.879860000000000042e+01 2.435693503407866389e-01 6.062645335166813032e-01
-3.404880000000000129e-01 3.635769999999999835e-01 2.174119999999999941e-01 6.907710000000000239e-02 2.108410000000000006e-01 -2.986770000000000258e-01 0.000000000000000000e+00 1.227617085955901022e-02 -6.714179999999999593e-01 0.000000000000000000e+00 nan nan 8.928860593781114963e-01 3.760113913570000133e-01 3.721826209379999750e-02 8.155602368950000403e-02 1.796519999999999939e+01 3.091560000000000130e+01 3.090170000000000172e+01 3.693099999999999739e+01 2.435693503407866389e-01 6.062645335166813032e-01
-2.831529999999999880e-01 5.826989999999999670e-01 4.493969999999999909e-01 1.606410000000000060e-01 3.361370000000000191e-01 -3.119620000000000171e-01 0.000000000000000000e+00 1.679724287975570274e-02 -6.714179999999999593e-01 0.000000000000000000e+00 nan nan 9.190470104432261200e-01 3.760113913570000133e-01 3.721826209379999750e-02 8.155602368950000403e-02 1.796519999999999939e+01 3.091560000000000130e+01 3.090170000000000172e+01 3.693099999999999739e+01 3.072013208629906789e-01 6.365396527847596575e-01
-3.402549999999999741e-01 3.485139999999999905e-01 2.691350000000000131e-01 6.271119999999999819e-03 1.876240000000000130e-01 -3.004910000000000081e-01 0.000000000000000000e+00 2.213248475772333634e-02 -1.844939999999999913e-01 0.000000000000000000e+00 nan nan 9.428518954553593012e-01 2.907029108490000180e-01 5.247054962759999802e-02 9.895046373480000101e-02 1.024990000000000023e+01 2.498989999999999867e+01 2.907339999999999947e+01 3.306490000000000151e+01 3.072013208629906789e-01 6.365396527847596575e-01
-4.213080000000000158e-01 -6.867919999999999581e-01 -3.677889999999999771e-01 2.918080000000000118e-01 4.154289999999999927e-01 -3.540309999999999846e-01 0.000000000000000000e+00 2.685610737846233498e-02 1.401219999999999966e-01 0.000000000000000000e+00 nan nan 9.640309955553741927e-01 2.907029108490000180e-01 5.247054962759999802e-02 9.895046373480000101e-02 1.024990000000000023e+01 2.498989999999999867e+01 2.907339999999999947e+01 3.306490000000000151e+01 8.180591770781947547e-01 9.646136233171931362e-01
-3.422009999999999774e-01 3.384619999999999851e-01 2.577699999999999991e-01 1.146439999999999959e-01 1.614220000000000099e-01 -2.656540000000000012e-01 0.000000000000000000e+00 3.109037173515794006e-02 -3.468019999999999992e-01 0.000000000000000000e+00 nan nan 9.823443430763986184e-01 2.147622408350000067e-01 6.722391520350000371e-02 1.098970434799999979e-01 2.034590000000000032e+01 3.234349999999999881e+01 3.822610000000000241e+01 3.917830000000000013e+01 8.180591770781947547e-01 9.646136233171931362e-01
-3.196260000000000212e-01 4.554230000000000222e-01 3.281819999999999737e-01 6.713249999999999600e-03 4.319250000000000173e-02 -2.128670000000000007e-01 0.000000000000000000e+00 3.645170867469627041e-02 -6.714179999999999593e-01 0.000000000000000000e+00 nan nan 9.921454095493055236e-01 2.147622408350000067e-01 6.722391520350000371e-02 1.098970434799999979e-01 2.034590000000000032e+01 3.234349999999999881e+01 3.822610000000000241e+01 3.917830000000000013e+01 2.228503256853486825e-01 5.760607642886563795e-01
-3.552060000000000217e-01 2.805509999999999948e-01 1.592520000000000047e-01 -9.851129999999999609e-02 1.338640000000000108e-01 -2.487640000000000129e-01 0.000000000000000000e+00 4.287937210727077453e-02 -6.714179999999999593e-01 0.000000000000000000e+00 nan nan 9.981877342383432827e-01 1.656927322650000034e-01 6.805780969419999993e-02 1.163102580030000027e-01 1.255209999999999937e+01 3.625619999999999976e+01 3.826189999999999714e+01 3.694149999999999778e+01 2.228503256853486825e-01 5.760607642886563795e-01
-3.638069999999999915e-01 2.208199999999999885e-01 1.231919999999999960e-01 -1.711439999999999906e-01 1.125860000000000055e-02 -2.961719999999999908e-01 0.000000000000000000e+00 5.113547507129456715e-02 -6.714179999999999593e-01 0.000000000000000000e+00 nan nan 1.000000000000000000e+00 1.656927322650000034e-01 6.805780969419999993e-02 1.163102580030000027e-01 1.255209999999999937e+01 3.625619999999999976e+01 3.826189999999999714e+01 3.694149999999999778e+01 5.148748099749318463e-01 5.741764745945210358e-01
-3.492219999999999769e-01 3.090229999999999921e-01 2.013300000000000090e-01 -1.265799999999999981e-01 4.057290000000000202e-02 -3.037819999999999965e-01 0.000000000000000000e+00 6.032818992294286531e-02 -6.714179999999999593e-01 0.000000000000000000e+00 nan nan 9.971588179486569059e-01 1.813734425380000015e-01 7.118067144749999631e-02 1.518463131209999983e-01 1.851239999999999952e+01 3.017449999999999832e+01 3.530669999999999931e+01 3.309960000000000235e+01 5.148748099749318463e-01 5.741764745945210358e-01
-3.772159999999999958e-01 1.209149999999999947e-01 2.657090000000000146e-02 -1.761129999999999987e-02 7.985589999999999355e-02 -3.266819999999999724e-01 0.000000000000000000e+00 7.041721598458305920e-02 -6.714179999999999593e-01 0.000000000000000000e+00 nan nan 9.947325555459113344e-01 1.813734425380000015e-01 7.118067144749999631e-02 1.518463131209999983e-01 1.851239999999999952e+01 3.017449999999999832e+01 3.530669999999999931e+01 3.309960000000000235e+01 3.366992519807912032e-01 5.626404703913550076e-01
-4.101659999999999751e-01 -2.548819999999999975e-01 -4.072729999999999961e-01 -8.695120000000000626e-02 2.213290000000000049e-02 -3.542989999999999751e-01 0.000000000000000000e+00 8.135209701442580599e-02 -6.714179999999999593e-01 0.000000000000000000e+00 nan nan 9.874812588601830088e-01 1.899319492140000010e-01 6.260428593029999933e-02 1.512348521150000125e-01 1.299980000000000047e+01 3.003209999999999980e+01 2.910500000000000043e+01 2.949540000000000006e+01 3.366992519807912032e-01 5.626404703913550076e-01
-3.894969999999999821e-01 1.154130000000000086e-02 -6.292349999999999333e-02 -3.349690000000000167e-01 -3.369969999999999910e-01 -3.650370000000000004e-01 0.000000000000000000e+00 9.307279289590553173e-02 -6.714179999999999593e-01 0.000000000000000000e+00 nan nan 9.754870879803924089e-01 1.899319492140000010e-01 6.260428593029999933e-02 1.512348521150000125e-01 1.299980000000000047e+01 3.003209999999999980e+01 2.910500000000000043e+01 2.949540000000000006e+01 4.734115917808495722e-01 5.686598192249440187e-01
-4.018510000000000137e-01 -1.231339999999999935e-01 -2.614620000000000277e-01 -5.001240000000000130e-01 -3.415799999999999947e-01 -3.794199999999999795e-01 0.000000000000000000e+00 1.055103599161918426e-01 -6.714179999999999593e-01 0.000000000000000000e+00 nan nan 9.588859416552351078e-01 1.678660318619999980e-01 5.936644988129999995e-02 1.771331565660000107e-01 2.431940000000000168e+01 3.200269999999999726e+01 3.400569999999999737e+01 3.274560000000000315e+01 4.734115917808495722e-01 5.686598192249440187e-01
-4.099999999999999756e-01 -2.552130000000000232e-01 -3.447339999999999849e-01 -4.810280000000000111e-01 -5.142809999999999881e-01 -4.155989999999999962e-01 0.000000000000000000e+00 1.185877319260044693e-01 -6.714179999999999593e-01 0.000000000000000000e+00 nan nan 9.378659175060564124e-01 1.678660318619999980e-01 5.936644988129999995e-02 1.771331565660000107e-01 2.431940000000000168e+01 3.200269999999999726e+01 3.400569999999999737e+01 3.274560000000000315e+01 4.497478077902727911e-01 5.788790908707623917e-01
-4.117009999999999836e-01 -2.943100000000000160e-01 -3.583299999999999819e-01 -4.843520000000000048e-01 -3.023449999999999749e-01 -4.024309999999999832e-01 0.000000000000000000e+00 1.322205935298788049e-01 -6.714179999999999593e-01 0.000000000000000000e+00 nan nan 9.126651808056425175e-01 1.723679091900000016e-01 4.309674585159999766e-02 1.931069415130000078e-01 1.400290000000000035e+01 2.406030000000000157e+01 2.641760000000000019e+01 3.157410000000000139e+01 4.497478077902727911e-01 5.788790908707623917e-01
-4.221530000000000005e-01 -5.864530000000000021e-01 -5.539079999999999560e-01 -3.973829999999999862e-01 -3.611210000000000253e-01 -4.045110000000000094e-01 0.000000000000000000e+00 1.463183354132869818e-01 7.893540000000000001e-01 0.000000000000000000e+00 nan nan 8.835692659705119967e-01 1.723679091900000016e-01 4.309674585159999766e-02 1.931069415130000078e-01 1.400290000000000035e+01 2.406030000000000157e+01 2.641760000000000019e+01 3.157410000000000139e+01 5.211871658830755649e-01 5.835006275560341571e-01
-4.275610000000000244e-01 -8.308429999999999982e-01 -7.478200000000000403e-01 -4.743959999999999844e-01 -3.112170000000000214e-01 -4.103229999999999933e-01 0.000000000000000000e+00 1.607850809823775373e-01 7.893540000000000001e-01 0.000000000000000000e+00 nan nan 8.509078413418846853e-01 1.894490663510000061e-01 3.740547204539999837e-02 2.122737750819999880e-01 7.996550000000000047e+00 1.834949999999999903e+01 2.662940000000000040e+01 2.862359999999999971e+01 5.211871658830755649e-01 5.835006275560341571e-01
-3.855180000000000273e-01 5.198359999999999786e-02 -2.796469999999999859e-02 -4.525699999999999723e-01 -4.475020000000000109e-01 -3.536360000000000059e-01 0.000000000000000000e+00 1.755207726840937177e-01 -6.714179999999999593e-01 0.000000000000000000e+00 nan nan 8.150509739116462704e-01 1.894490663510000061e-01 3.740547204539999837e-02 2.122737750819999880e-01 7.996550000000000047e+00 1.834949999999999903e+01 2.662940000000000040e+01 2.862359999999999971e+01 6.104863634990788102e-01 5.788012544634315582e-01
-3.998129999999999740e-01 -1.175319999999999976e-01 -1.483079999999999954e-01 -4.118330000000000046e-01 -4.625699999999999812e-01 -2.761230000000000073e-01 0.000000000000000000e+00 1.904223056982304874e-01 -1.844939999999999913e-01 0.000000000000000000e+00 nan nan 7.764049363154582606e-01 2.352798805080000000e-01 4.028016436290000196e-02 1.992274317770000025e-01 1.045899999999999963e+01 2.028750000000000142e+01 2.249399999999999977e+01 2.491900000000000048e+01 6.104863634990788102e-01 5.788012544634315582e-01
-4.276130000000000209e-01 -7.690669999999999451e-01 -8.615059999999999940e-01 -5.261599999999999611e-01 -4.138870000000000049e-01 -2.288979999999999904e-01 0.000000000000000000e+00 2.053846961562464379e-01 -1.844939999999999913e-01 0.000000000000000000e+00 nan nan 7.354076036014589590e-01 2.352798805080000000e-01 4.028016436290000196e-02 1.992274317770000025e-01 1.045899999999999963e+01 2.028750000000000142e+01 2.249399999999999977e+01 2.491900000000000048e+01 6.217418880689427052e-01 5.853200535773936952e-01
-3.613939999999999930e-01 2.393129999999999979e-01 1.441479999999999984e-01 -5.572949999999999848e-01 -3.756499999999999839e-01 -2.575299999999999812e-01 0.000000000000000000e+00 2.203022706504438322e-01 -6.714179999999999593e-01 0.000000000000000000e+00 nan nan 6.925234919310006010e-01 2.329235108999999915e-01 4.322438849899999658e-02 2.114446235519999995e-01 7.497359999999999580e+00 1.503870000000000040e+01 1.758990000000000009e+01 2.046559999999999846e+01 6.217418880689427052e-01 5.853200535773936952e-01
-2.488370000000000026e-01 6.770049999999999679e-01 5.581000000000000405e-01 -7.415829999999999922e-01 -4.640619999999999745e-01 -3.100550000000000250e-01 0.000000000000000000e+00 2.350698635559022032e-01 -6.714179999999999593e-01 0.000000000000000000e+00 nan nan 6.482384954249312825e-01 2.329235108999999915e-01 4.322438849899999658e-02 2.114446235519999995e-01 7.497359999999999580e+00 1.503870000000000040e+01 1.758990000000000009e+01 2.046559999999999846e+01 7.155765184387238298e-01 5.943134018077506076e-01
-2.343669999999999920e-01 7.099579999999999780e-01 5.986439999999999539e-01 -5.684320000000000483e-01 -3.997260000000000257e-01 -2.535459999999999936e-01 0.000000000000000000e+00 2.495840085990310708e-01 -6.714179999999999593e-01 0.000000000000000000e+00 nan nan 6.030543807890513808e-01 2.307486590560000050e-01 5.578969033790000254e-02 2.217510177710000085e-01 1.073269999999999946e+01 1.681650000000000134e+01 1.771760000000000090e+01 1.966979999999999862e+01 7.155765184387238298e-01 5.943134018077506076e-01
-3.964320000000000066e-01 -1.298290000000000000e-01 -7.068960000000000000e-03 -6.545910000000000339e-01 -4.569059999999999788e-01 -3.005610000000000226e-01 0.000000000000000000e+00 2.637441111717933051e-01 1.401219999999999966e-01 0.000000000000000000e+00 nan nan 5.574831020968417095e-01 2.307486590560000050e-01 5.578969033790000254e-02 2.217510177710000085e-01 1.073269999999999946e+01 1.681650000000000134e+01 1.771760000000000090e+01 1.966979999999999862e+01 6.708413454278208121e-01 5.821449767950210852e-01
-3.885660000000000225e-01 4.283450000000000278e-03 -1.127799999999999983e-02 -6.470650000000000013e-01 -3.874500000000000166e-01 -3.054640000000000133e-01 0.000000000000000000e+00 2.774535881088086020e-01 1.401219999999999966e-01 0.000000000000000000e+00 nan nan 5.120410001452440074e-01 2.096980741489999911e-01 8.821556279749999396e-02 2.056620427039999865e-01 6.466899999999999871e+00 1.575159999999999982e+01 1.842719999999999914e+01 1.983589999999999876e+01 6.708413454278208121e-01 5.821449767950210852e-01
-3.033649999999999958e-01 5.147749999999999826e-01 3.996569999999999845e-01 -6.870950000000000113e-01 -4.941720000000000002e-01 -1.841089999999999949e-01 0.000000000000000000e+00 2.906209620132106375e-01 -6.714179999999999593e-01 0.000000000000000000e+00 nan nan 4.672429521071123082e-01 2.096980741489999911e-01 8.821556279749999396e-02 2.056620427039999865e-01 6.466899999999999871e+00 1.575159999999999982e+01 1.842719999999999914e+01 1.983589999999999876e+01 6.956276616093991505e-01 6.090439418951218986e-01
-2.935760000000000036e-01 5.417819999999999858e-01 4.486140000000000128e-01 -7.964959999999999818e-01 -6.659230000000000427e-01 -1.733200000000000018e-01 0.000000000000000000e+00 3.031608977321064158e-01 -6.714179999999999593e-01 0.000000000000000000e+00 nan nan 4.235965377671104815e-01 2.092682130669999974e-01 9.049521213109999740e-02 1.873038840740000044e-01 9.394769999999999399e+00 1.562079999999999913e+01 1.642699999999999960e+01 1.669849999999999923e+01 6.956276616093991505e-01 6.090439418951218986e-01
-3.956779999999999742e-01 -2.266359999999999902e-02 -2.115960000000000063e-01 -7.695929999999999715e-01 -5.589129999999999932e-01 -2.928819999999999757e-01 0.000000000000000000e+00 3.149951692379558965e-01 -6.714179999999999593e-01 0.000000000000000000e+00 nan nan 3.815962884399332067e-01 2.092682130669999974e-01 9.049521213109999740e-02 1.873038840740000044e-01 9.394769999999999399e+00 1.562079999999999913e+01 1.642699999999999960e+01 1.669849999999999923e+01 5.789849892780558616e-01 7.473495081712011601e-01
-3.086849999999999872e-01 4.905189999999999828e-01 3.932479999999999865e-01 -8.189330000000000220e-01 -6.631909999999999750e-01 -2.869590000000000196e-01 0.000000000000000000e+00 3.260535459607220021e-01 -6.714179999999999593e-01 0.000000000000000000e+00 nan nan 3.417180837329052423e-01 1.997840985759999910e-01 1.025049061970000064e-01 2.072974570580000120e-01 9.971389999999999532e+00 1.439370000000000083e+01 1.496850000000000058e+01 1.488359999999999950e+01 5.789849892780558616e-01 7.473495081712011601e-01
-2.923910000000000120e-01 5.294539999999999802e-01 4.883069999999999911e-01 -9.650509999999999922e-01 -6.676940000000000097e-01 -3.184719999999999773e-01 0.000000000000000000e+00 3.362745885282919511e-01 -5.091099999999999515e-01 0.000000000000000000e+00 nan nan 3.044137596398795997e-01 1.997840985759999910e-01 1.025049061970000064e-01 2.072974570580000120e-01 9.971389999999999532e+00 1.439370000000000083e+01 1.496850000000000058e+01 1.488359999999999950e+01 8.458707930211721848e-01 1.000000000000000000e+00
-4.152359999999999940e-01 -5.305520000000000236e-01 -1.772029999999999994e-01 -7.375150000000000317e-01 -5.953920000000000323e-01 -3.750879999999999770e-01 0.000000000000000000e+00 3.456063448991130160e-01 -3.468019999999999992e-01 0.000000000000000000e+00 nan nan 2.701059890588816126e-01 2.440817174840000103e-01 8.328543829960000089e-02 2.513554711570000211e-01 6.011630000000000251e+00 1.044020000000000081e+01 1.177710000000000079e+01 -1.000000000000000000e+00 8.458707930211721848e-01 1.000000000000000000e+00
-3.255109999999999948e-01 3.946560000000000068e-01 3.919000000000000261e-01 -8.794539999999999580e-01 -7.144300000000000095e-01 -3.093170000000000086e-01 0.000000000000000000e+00 3.540069389995825766e-01 -5.091099999999999515e-01 0.000000000000000000e+00 nan nan 2.337444618152121345e-01 2.440817174840000103e-01 8.328543829960000089e-02 2.513554711570000211e-01 6.011630000000000251e+00 1.044020000000000081e+01 1.177710000000000079e+01 -1.000000000000000000e+00 7.137039535281740621e-01 7.440479472269159178e-01
-3.814919999999999978e-01 2.752430000000000154e-02 1.301279999999999937e-01 -7.705520000000000147e-01 -5.921720000000000317e-01 -2.795770000000000199e-01 0.000000000000000000e+00 3.614450451966941813e-01 -5.091099999999999515e-01 0.000000000000000000e+00 nan nan 2.006057578055648882e-01 2.568825134809999966e-01 6.974828903320000328e-02 2.476262156300000072e-01 4.944069999999999965e+00 8.523809999999999221e+00 -1.000000000000000000e+00 -1.000000000000000000e+00 7.137039535281740621e-01 7.440479472269159178e-01
-3.165319999999999800e-01 4.359600000000000142e-01 4.184570000000000234e-01 -5.535470000000000113e-01 -5.408990000000000187e-01 -3.231510000000000216e-01 0.000000000000000000e+00 3.679002432299776082e-01 -5.091099999999999515e-01 0.000000000000000000e+00 nan nan 1.706624965975289676e-01 2.568825134809999966e-01 6.974828903320000328e-02 2.476262156300000072e-01 4.944069999999999965e+00 8.523809999999999221e+00 -1.000000000000000000e+00 -1.000000000000000000e+00 5.555779278961834322e-01 7.411063796665358083e-01
-1.862499999999999989e-01 8.109769999999999479e-01 6.983190000000000230e-01 -6.236220000000000097e-01 -4.964709999999999956e-01 -2.325069999999999915e-01 0.000000000000000000e+00 3.733632495812084784e-01 -6.714179999999999593e-01 0.000000000000000000e+00 nan nan 1.438510921149167565e-01 2.201120975580000139e-01 4.962792336750000005e-02 2.754291943719999747e-01 3.899789999999999868e+00 -1.000000000000000000e+00 -1.000000000000000000e+00 -1.000000000000000000e+00 5.555779278961834322e-01 7.411063796665358083e-01
-3.295930000000000248e-01 3.846800000000000219e-01 3.586699999999999888e-01 -6.419810000000000239e-01 -5.250080000000000302e-01 -2.846060000000000256e-01 0.000000000000000000e+00 3.778360226603800776e-01 -5.091099999999999515e-01 0.000000000000000000e+00 nan nan 1.200724730934153994e-01 2.201120975580000139e-01 4.962792336750000005e-02 2.754291943719999747e-01 3.899789999999999868e+00 -1.000000000000000000e+00 -1.000000000000000000e+00 -1.000000000000000000e+00 0.000000000000000000e+00 0.000000000000000000e+00
