-4.811059999999999781e-01 -7.866379999999999484e-01 -5.828759999999999497e-01 -1.166879999999999917e+00 -1.225789999999999935e+00 -4.910939999999999750e-01 1.127720562029421725e-02 1.845769671151131774e-01 -6.103159999999999696e-01 9.455810136747233585e-03 1.642287566591905668e-01 nan 3.761533887986372449e-01 6.589620753579999990e-02 6.424895859590000480e-02 9.338621317110000486e-02 -1.000000000000000000e+00 -1.000000000000000000e+00 -1.000000000000000000e+00 -1.000000000000000000e+00 0.000000000000000000e+00 0.000000000000000000e+00
-4.806059999999999777e-01 -6.370299999999999851e-01 -4.962170000000000192e-01 -1.175640000000000018e+00 -1.249560000000000004e+00 -4.902389999999999803e-01 1.527972407636080110e-02 1.810037814734236639e-01 -6.382780000000000120e-01 1.331575867547618586e-02 1.931679929761912495e-01 nan 3.878445519106815675e-01 6.606106571559999807e-02 6.574742543769999947e-02 8.511701149189999926e-02 4.132209999999999717e+00 -1.000000000000000000e+00 -1.000000000000000000e+00 -1.000000000000000000e+00 0.000000000000000000e+00 0.000000000000000000e+00
-4.820030000000000148e-01 -1.586119999999999974e+00 -1.184690000000000021e+00 -1.151459999999999928e+00 -1.317800000000000082e+00 -4.907839999999999980e-01 2.000358864406293069e-02 1.786301516580475202e-01 -5.543900000000000494e-01 1.784213155459213329e-02 2.260836551856911791e-01 nan 3.977968130349542886e-01 6.606106571559999807e-02 6.574742543769999947e-02 8.511701149189999926e-02 4.132209999999999717e+00 -1.000000000000000000e+00 -1.000000000000000000e+00 -1.000000000000000000e+00 0.000000000000000000e+00 0.000000000000000000e+00
-4.820369999999999933e-01 -1.711719999999999908e+00 -1.297439999999999927e+00 -1.151010000000000089e+00 -1.298170000000000046e+00 -4.910180000000000100e-01 2.560796048094426958e-02 1.776332842850978366e-01 -4.145769999999999733e-01 2.321231699063441845e-02 2.626027956824253939e-01 nan 4.058974090761955367e-01 5.009687444060000050e-02 6.150172320550000016e-02 6.856738114400000306e-02 6.270870000000000388e+00 9.410740000000000549e+00 -1.000000000000000000e+00 -1.000000000000000000e+00 0.000000000000000000e+00 0.000000000000000000e+00
-4.811599999999999766e-01 -7.822350000000000136e-01 -6.436070000000000402e-01 -1.191179999999999906e+00 -1.418350000000000000e+00 -4.909899999999999820e-01 3.224133516727012427e-02 1.781747867020888609e-01 -4.984649999999999914e-01 2.959414246670166726e-02 3.023116380122579105e-01 nan 4.120545570444242856e-01 5.009687444060000050e-02 6.150172320550000016e-02 6.856738114400000306e-02 6.270870000000000388e+00 9.410740000000000549e+00 -1.000000000000000000e+00 -1.000000000000000000e+00 6.716769594116969166e-01 7.356641823093863497e-01
-4.811719999999999886e-01 -8.182819999999999538e-01 -5.866379999999999928e-01 -1.132309999999999928e+00 -1.272620000000000084e+00 -4.907340000000000035e-01 4.003960404511763826e-02 1.803988359121135865e-01 -6.662409999999999721e-01 3.714397318000861592e-02 3.447602651247433370e-01 nan 4.161984939928886629e-01 4.950420564809999979e-02 7.788397852329999316e-02 8.263881772660000569e-02 7.758740000000000414e+00 1.164600000000000080e+01 1.344299999999999962e+01 -1.000000000000000000e+00 6.716769594116969166e-01 7.356641823093863497e-01
-4.818689999999999918e-01 -1.239049999999999985e+00 -1.043949999999999934e+00 -1.161249999999999893e+00 -1.279260000000000064e+00 -4.911190000000000278e-01 4.912323176903821143e-02 1.844305449907879257e-01 -6.662409999999999721e-01 4.600494036172009249e-02 3.894677171130864757e-01 nan 4.182822674601296420e-01 4.950420564809999979e-02 7.788397852329999316e-02 8.263881772660000569e-02 7.758740000000000414e+00 1.164600000000000080e+01 1.344299999999999962e+01 -1.000000000000000000e+00 7.801425823739253085e-01 7.829959094910163842e-01
-4.817830000000000168e-01 -1.166230000000000100e+00 -9.019899999999999585e-01 -1.130830000000000002e+00 -1.323649999999999993e+00 -4.910649999999999737e-01 5.959662594556125459e-02 1.903745455051122359e-01 -6.103159999999999696e-01 5.630531954291106977e-02 4.359274406820680126e-01 nan 4.182822674601296420e-01 4.190970942020000312e-02 7.280943517219999606e-02 7.866581057129999610e-02 6.581979999999999720e+00 1.268140000000000001e+01 1.747919999999999874e+01 1.763119999999999976e+01 7.801425823739253085e-01 7.829959094910163842e-01
-4.818109999999999893e-01 -1.167499999999999982e+00 -9.808590000000000364e-01 -1.162989999999999968e+00 -1.341779999999999973e+00 -4.912429999999999852e-01 7.154933052535594751e-02 1.983138019960077880e-01 -5.823530000000000095e-01 6.815707714154251029e-02 4.836130285992877864e-01 nan 4.161984939928886629e-01 4.190970942020000312e-02 7.280943517219999606e-02 7.866581057129999610e-02 6.581979999999999720e+00 1.268140000000000001e+01 1.747919999999999874e+01 1.763119999999999976e+01 8.821366533144099353e-01 8.140265167321005801e-01
-4.818959999999999910e-01 -1.368770000000000042e+00 -9.537520000000000442e-01 -1.195650000000000102e+00 -1.310259999999999980e+00 -4.912070000000000047e-01 8.505762456303234131e-02 2.083086719569174905e-01 -5.543900000000000494e-01 8.165460183820583140e-02 5.319841840994494753e-01 nan 4.120545570444242856e-01 3.050301568509999894e-02 6.827150948299999522e-02 1.136925897639999988e-01 5.360479999999999912e+00 1.426600000000000001e+01 1.832789999999999964e+01 2.004860000000000042e+01 8.821366533144099353e-01 8.140265167321005801e-01
-4.814530000000000198e-01 -9.017370000000000108e-01 -7.583889999999999798e-01 -1.155759999999999899e+00 -1.316519999999999913e+00 -4.911690000000000222e-01 1.001816275445941429e-01 2.203962219592876526e-01 -6.103159999999999696e-01 9.687363511465718613e-02 5.804928426626032589e-01 nan 4.058974090761956477e-01 3.050301568509999894e-02 6.827150948299999522e-02 1.136925897639999988e-01 5.360479999999999912e+00 1.426600000000000001e+01 1.832789999999999964e+01 2.004860000000000042e+01 8.210815875851411594e-01 7.915789730172605454e-01
-4.817489999999999828e-01 -1.086189999999999989e+00 -9.689299999999999580e-01 -1.165429999999999966e+00 -1.231929999999999970e+00 -4.910470000000000113e-01 1.169584940044604560e-01 2.345898076735021265e-01 -4.984649999999999914e-01 1.138704130725635144e-01 6.285893818041519143e-01 nan 3.977968130349542886e-01 2.483902636690000013e-02 6.265597179699999852e-02 2.023494647630000032e-01 1.260940000000000083e+01 1.425619999999999976e+01 1.741219999999999857e+01 2.238980000000000103e+01 8.210815875851411594e-01 7.915789730172605454e-01
-4.819979999999999820e-01 -1.567639999999999922e+00 -1.172080000000000011e+00 -1.153170000000000028e+00 -1.333550000000000013e+00 -4.911639999999999895e-01 1.354056914048763494e-01 2.508789225438005088e-01 -4.984649999999999914e-01 1.326810292560001159e-01 6.757288485172201487e-01 nan 3.878445519106816786e-01 2.483902636690000013e-02 6.265597179699999852e-02 2.023494647630000032e-01 1.260940000000000083e+01 1.425619999999999976e+01 1.741219999999999857e+01 2.238980000000000103e+01 8.059411149042965405e-01 7.428218115807396771e-01
-4.818399999999999905e-01 -1.197510000000000074e+00 -1.027870000000000061e+00 -1.056550000000000100e+00 -1.176160000000000094e+00 -4.909270000000000023e-01 1.555217130531794112e-01 2.692293168317529961e-01 -6.942040000000000433e-01 1.533210256971744290e-01 7.213771338079735251e-01 nan 3.761533887986372449e-01 2.976645559010000081e-02 5.317378533290000042e-02 2.314586674180000025e-01 8.912290000000000489e+00 1.630300000000000082e+01 2.257829999999999870e+01 3.190810000000000102e+01 8.059411149042965405e-01 7.428218115807396771e-01
-4.818279999999999785e-01 -1.159769999999999968e+00 -1.083050000000000068e+00 -1.024259999999999948e+00 -1.146369999999999889e+00 -4.910909999999999997e-01 1.772848424273505419e-01 2.895833856794824968e-01 -6.942040000000000433e-01 1.757852168189899533e-01 7.650170243639383694e-01 nan 3.628557892484324254e-01 2.976645559010000081e-02 5.317378533290000042e-02 2.314586674180000025e-01 8.912290000000000489e+00 1.630300000000000082e+01 2.257829999999999870e+01 3.190810000000000102e+01 8.811557830249162615e-01 7.630916085172742003e-01
-4.813350000000000128e-01 -8.493389999999999551e-01 -7.104669999999999597e-01 -1.032880000000000020e+00 -1.145620000000000083e+00 -4.905399999999999761e-01 2.006546499134895800e-01 3.118608217957213880e-01 -6.382780000000000120e-01 2.000477481897074972e-01 8.061540627875003473e-01 nan 3.481024203764220282e-01 4.915069976659999784e-02 6.525279013159999975e-02 1.697119773959999967e-01 1.259309999999999974e+01 2.783680000000000021e+01 3.968580000000000041e+01 5.023850000000000193e+01 8.811557830249162615e-01 7.630916085172742003e-01
-4.818950000000000178e-01 -1.301760000000000028e+00 -1.074289999999999967e+00 -1.187629999999999963e+00 -1.175170000000000048e+00 -4.905900000000000261e-01 2.255730249038951918e-01 3.359595253695117911e-01 -5.543900000000000494e-01 2.260623894639877118e-01 8.443221499957936915e-01 nan 3.320604437470732195e-01 4.915069976659999784e-02 6.525279013159999975e-02 1.697119773959999967e-01 1.259309999999999974e+01 2.783680000000000021e+01 3.968580000000000041e+01 5.023850000000000193e+01 8.683825503723471284e-01 7.699020166239747276e-01
-4.815019999999999856e-01 -9.491730000000000445e-01 -7.509719999999999729e-01 -1.044810000000000016e+00 -1.094589999999999952e+00 -4.909749999999999948e-01 2.519669161367612542e-01 3.617567609018600416e-01 -6.103159999999999696e-01 2.537630581911760608e-01 8.790888263095550936e-01 nan 3.149116213656451002e-01 8.956718698939999945e-02 7.506507158380000544e-02 1.927808255850000096e-01 1.675189999999999912e+01 3.910430000000000206e+01 5.088759999999999906e+01 6.774630000000000507e+01 8.683825503723471284e-01 7.699020166239747276e-01
-4.807500000000000107e-01 -6.789770000000000527e-01 -5.099129999999999496e-01 -1.030939999999999968e+00 -1.047549999999999981e+00 -4.907869999999999733e-01 2.797464978468969798e-01 3.891105478479828239e-01 -6.942040000000000433e-01 2.830645685558741409e-01 9.100601713940901227e-01 nan 2.968502562420408664e-01 8.956718698939999945e-02 7.506507158380000544e-02 1.927808255850000096e-01 1.675189999999999912e+01 3.910430000000000206e+01 5.088759999999999906e+01 6.774630000000000507e+01 8.683222734271826004e-01 7.414755681177871427e-01
-4.812790000000000123e-01 -8.262779999999999569e-01 -6.991060000000000052e-01 -1.059839999999999893e+00 -1.158570000000000100e+00 -4.911360000000000170e-01 3.088012917322836559e-01 4.178612693136130041e-01 -6.662409999999999721e-01 3.138635965672669226e-01 9.368852675340696434e-01 nan 2.780809908600665459e-01 1.707593801689999968e-01 8.916784197789999478e-02 2.124407414689999940e-01 2.440080000000000027e+01 5.915630000000000166e+01 7.664709999999999468e+01 8.091979999999999507e+01 8.683222734271826004e-01 7.414755681177871427e-01
-4.819049999999999723e-01 -1.381280000000000063e+00 -9.918550000000000422e-01 -1.050890000000000102e+00 -1.083450000000000024e+00 -4.891510000000000025e-01 3.390066778271637604e-01 4.478334805781899464e-01 -6.662409999999999721e-01 3.460398507612244545e-01 9.592601756714630445e-01 nan 2.588164884963174428e-01 1.707593801689999968e-01 8.916784197789999478e-02 2.124407414689999940e-01 2.440080000000000027e+01 5.915630000000000166e+01 7.664709999999999468e+01 8.091979999999999507e+01 5.475228915398566709e-01 6.911132702446691756e-01
-4.818459999999999965e-01 -1.244569999999999954e+00 -1.006210000000000049e+00 -1.144160000000000066e+00 -1.221039999999999903e+00 -4.637470000000000203e-01 3.702259716812020818e-01 4.788378969536488672e-01 -4.984649999999999914e-01 3.794574351506566634e-01 9.769313791565140681e-01 nan 2.392750236602797509e-01 2.740133317530000223e-01 1.430909915720000036e-01 2.012373516950000107e-01 2.995420000000000016e+01 8.951970000000000027e+01 1.078750000000000000e+02 1.050810000000000031e+02 5.475228915398566709e-01 6.911132702446691756e-01
-4.790960000000000218e-01 -5.006059999999999954e-01 -1.660560000000000092e-01 -1.085779999999999967e+00 -9.960459999999999869e-01 -2.822799999999999754e-01 4.023066351466982882e-01 5.106735384555705082e-01 -4.705019999999999758e-01 4.139663889813485209e-01 9.896986561926827131e-01 nan 2.196780089569186911e-01 2.740133317530000223e-01 1.430909915720000036e-01 2.012373516950000107e-01 2.995420000000000016e+01 8.951970000000000027e+01 1.078750000000000000e+02 1.050810000000000031e+02 1.377876169235743298e-01 5.901389189238580579e-01
-4.686930000000000263e-01 -3.448500000000000176e-02 2.909680000000000044e-01 -1.001710000000000100e+00 -8.317510000000000181e-01 6.436820000000000042e-02 4.350860106704337316e-01 5.431300069867117664e-01 -5.823530000000000095e-01 4.494043858472263064e-01 9.974173484296037229e-01 nan 2.002474863933932925e-01 3.148871001190000074e-01 1.652576868760000095e-01 2.472197857790000008e-01 3.479849999999999710e+01 9.261650000000000205e+01 1.153089999999999975e+02 1.119369999999999976e+02 1.377876169235743298e-01 5.901389189238580579e-01
-3.576409999999999867e-01 6.799309999999999521e-01 9.656150000000000011e-01 -9.195759999999999490e-01 -7.854170000000000318e-01 5.559840000000000337e-01 4.684006745917473902e-01 5.759898702315187080e-01 -5.823530000000000095e-01 4.855985729134008055e-01 1.000000000000000000e+00 nan 1.812036115543910197e-01 3.148871001190000074e-01 1.652576868760000095e-01 2.472197857790000008e-01 3.479849999999999710e+01 9.261650000000000205e+01 1.153089999999999975e+02 1.119369999999999976e+02 1.604736671945466986e-01 4.598974783824366641e-01
4.980430000000000135e-01 1.344850000000000101e+00 1.558000000000000052e+00 -3.976679999999999798e-02 4.962880000000000069e-01 1.368039999999999923e+00 5.020816946822060922e-01 6.090311252511435569e-01 -5.543900000000000494e-01 5.223675294078553577e-01 9.974173484296037229e-01 nan 1.627621591513841448e-01 3.507530688819999742e-01 1.676504501340000119e-01 2.320231104559999924e-01 2.674060000000000059e+01 8.011769999999999925e+01 1.053970000000000056e+02 1.060319999999999965e+02 1.604736671945466986e-01 4.598974783824366641e-01
1.324200000000000044e+00 1.541740000000000110e+00 1.764159999999999950e+00 1.908810000000000021e-02 6.334490000000000398e-01 2.460020000000000095e+00 5.359565045439738107e-01 6.420297138654487146e-01 -5.823530000000000095e-01 5.595233221912845334e-01 9.896986561926828241e-01 nan 1.451320782089291495e-01 3.507530688819999742e-01 1.676504501340000119e-01 2.320231104559999924e-01 2.674060000000000059e+01 8.011769999999999925e+01 1.053970000000000056e+02 1.060319999999999965e+02 1.646875736337681806e-01 4.437791064232869953e-01
1.343620000000000037e+00 1.545169999999999932e+00 1.763640000000000096e+00 1.297729999999999995e-01 6.651329999999999742e-01 2.733039999999999914e+00 5.698355417511902221e-01 6.747620613217178986e-01 -5.823530000000000095e-01 5.968736351146570751e-01 9.769313791565144012e-01 nan 1.285131245887271012e-01 4.732344583349999967e-01 1.087478043920000054e-01 2.018190122000000086e-01 2.811980000000000146e+01 7.626359999999999673e+01 9.809739999999999327e+01 1.023179999999999978e+02 1.646875736337681806e-01 4.437791064232869953e-01
1.646539999999999893e+00 1.594680000000000097e+00 1.817010000000000014e+00 7.544560000000000155e-02 7.226939999999999475e-01 2.770270000000000010e+00 6.035635903084776155e-01 7.070076094859398808e-01 -5.823530000000000095e-01 6.342239480380296168e-01 9.592601756714631556e-01 nan 1.130935976758916661e-01 4.732344583349999967e-01 1.087478043920000054e-01 2.018190122000000086e-01 2.811980000000000146e+01 7.626359999999999673e+01 9.809739999999999327e+01 1.023179999999999978e+02 1.747373843093631418e-01 4.340538680133162464e-01
1.933750000000000080e+00 1.635410000000000030e+00 1.855420000000000069e+00 1.421139999999999903e-01 6.852869999999999795e-01 2.852500000000000036e+00 6.369903399349894357e-01 7.385513158545977674e-01 -5.543900000000000494e-01 6.713797408214587925e-01 9.368852675340696434e-01 nan 9.904820687167559257e-02 5.956162502449999785e-01 5.609002702060000151e-02 1.723234831840000092e-01 2.070230000000000103e+01 6.727009999999999934e+01 9.202230000000000132e+01 9.625799999999999557e+01 1.747373843093631418e-01 4.340538680133162464e-01
1.552890000000000104e+00 1.580259999999999998e+00 1.788140000000000063e+00 2.341010000000000035e-01 6.255410000000000137e-01 2.744200000000000195e+00 6.699255242244943620e-01 7.691860900721594341e-01 -5.823530000000000095e-01 7.081486973159133447e-01 9.100601713940901227e-01 nan 8.653609206614432114e-02 5.956162502449999785e-01 5.609002702060000151e-02 1.723234831840000092e-01 2.070230000000000103e+01 6.727009999999999934e+01 9.202230000000000132e+01 9.625799999999999557e+01 2.032483793721334697e-01 4.613411874354671482e-01
1.828580000000000094e+00 1.621070000000000011e+00 1.781060000000000088e+00 4.769849999999999923e-01 8.701950000000000518e-01 2.341099999999999959e+00 7.021661422323035584e-01 7.995434643329512037e-01 -5.823530000000000095e-01 7.443428843820880658e-01 8.790888263095550936e-01 nan 7.294110656560093275e-02 6.791705694920000536e-01 3.691154038660000164e-02 1.393362045500000090e-01 1.482990000000000030e+01 4.695870000000000033e+01 7.284380000000000166e+01 8.165170000000000528e+01 2.032483793721334697e-01 4.613411874354671482e-01
2.036369999999999791e+00 1.648859999999999992e+00 1.785679999999999934e+00 4.334180000000000255e-01 9.933199999999999807e-01 2.302210000000000090e+00 7.335419470047035428e-01 8.286889491083331283e-01 -5.823530000000000095e-01 7.767909068704346165e-01 8.443221499957940246e-01 nan 6.088392466638670175e-02 6.791705694920000536e-01 3.691154038660000164e-02 1.393362045500000090e-01 1.482990000000000030e+01 4.695870000000000033e+01 7.284380000000000166e+01 8.165170000000000528e+01 2.176655287110049741e-01 4.924753518660092144e-01
2.367039999999999811e+00 1.688579999999999970e+00 1.798669999999999991e+00 4.884530000000000260e-01 1.056380000000000097e+00 2.417019999999999946e+00 7.638889919845897047e-01 8.565039787030750418e-01 -5.823530000000000095e-01 8.082124882108574493e-01 8.061540627875005693e-01 nan 5.029688738336435261e-02 7.190728135249999653e-01 3.091969286919999879e-02 1.247389297010000064e-01 7.011940000000000062e+00 2.889460000000000051e+01 5.068739999999999668e+01 6.133539999999999992e+01 2.176655287110049741e-01 4.924753518660092144e-01
2.687689999999999912e+00 1.722909999999999942e+00 1.805509999999999948e+00 5.079759999999999831e-01 1.104589999999999961e+00 2.399459999999999926e+00 7.930300774692244925e-01 8.815012739276141263e-01 -5.823530000000000095e-01 8.382516093313425731e-01 7.650170243639384804e-01 nan 4.109567840545447215e-02 7.190728135249999653e-01 3.091969286919999879e-02 1.247389297010000064e-01 7.011940000000000062e+00 2.889460000000000051e+01 5.068739999999999668e+01 6.133539999999999992e+01 2.222356170989253643e-01 5.186753207988523684e-01
2.905569999999999986e+00 1.744329999999999936e+00 1.801120000000000054e+00 6.553219999999999601e-01 1.204879999999999951e+00 2.346299999999999830e+00 8.208604116098210390e-01 9.035485203485101868e-01 -5.543900000000000494e-01 8.665679149865712638e-01 7.213771338079736362e-01 nan 3.318027943313228700e-02 7.163913234490000281e-01 2.999037679189999958e-02 1.148800642799999994e-01 8.528010000000000090e+00 2.628699999999999903e+01 4.334669999999999845e+01 4.919590000000000174e+01 2.222356170989253643e-01 5.186753207988523684e-01
3.167619999999999880e+00 1.768350000000000088e+00 1.796869999999999967e+00 6.989100000000000312e-01 1.396560000000000024e+00 2.489409999999999901e+00 8.472650273404271903e-01 9.238247722453311050e-01 -4.984649999999999914e-01 8.928405701188480981e-01 6.757288485172203707e-01 nan 2.643610342572566552e-02 7.163913234490000281e-01 2.999037679189999958e-02 1.148800642799999994e-01 8.528010000000000090e+00 2.628699999999999903e+01 4.334669999999999845e+01 4.919590000000000174e+01 2.240768037875841001e-01 5.243618288199658473e-01
3.278620000000000090e+00 1.778019999999999934e+00 1.792389999999999928e+00 8.185780000000000278e-01 1.386449999999999960e+00 2.612969999999999793e+00 8.721280330551066662e-01 9.421002915821065082e-01 -4.705019999999999758e-01 9.167718950475038930e-01 6.285893818041523584e-01 nan 2.073529291837372668e-02 7.140575204160000133e-01 3.463993397649999667e-02 1.054611849299999932e-01 7.999139999999999695e+00 3.130910000000000082e+01 4.325990000000000180e+01 4.417110000000000269e+01 2.240768037875841001e-01 5.243618288199658473e-01
3.205319999999999947e+00 1.771719999999999962e+00 1.779179999999999984e+00 6.652540000000000120e-01 1.424790000000000001e+00 2.477009999999999934e+00 8.953602141180703189e-01 9.581680094222240207e-01 -4.425399999999999889e-01 9.380907382986248821e-01 5.804928426626034810e-01 nan 1.593816869819142390e-02 7.140575204160000133e-01 3.463993397649999667e-02 1.054611849299999932e-01 7.999139999999999695e+00 3.130910000000000082e+01 4.325990000000000180e+01 4.417110000000000269e+01 2.241425604550361106e-01 5.231678753415103245e-01
2.960820000000000007e+00 1.749589999999999979e+00 1.762599999999999945e+00 8.147980000000000222e-01 1.333970000000000100e+00 2.254770000000000163e+00 9.168466996367297117e-01 9.718458721022203983e-01 -4.425399999999999889e-01 9.565555488595982592e-01 5.319841840994496973e-01 nan 1.189481242556589269e-02 7.057983534059999453e-01 3.608414712699999777e-02 1.043138155499999942e-01 1.469389999999999930e+01 2.988850000000000051e+01 3.587129999999999797e+01 3.490520000000000067e+01 2.241425604550361106e-01 5.231678753415103245e-01
2.722319999999999851e+00 1.726420000000000066e+00 1.742089999999999916e+00 5.989309999999999912e-01 1.063250000000000028e+00 2.188270000000000159e+00 9.354914444642972171e-01 9.829789039725350674e-01 -4.705019999999999758e-01 9.719571130486043264e-01 4.836130285992880085e-01 nan 8.446765268848022146e-03 7.057983534059999453e-01 3.608414712699999777e-02 1.043138155499999942e-01 1.469389999999999930e+01 2.988850000000000051e+01 3.587129999999999797e+01 3.490520000000000067e+01 2.233425210010355766e-01 5.209048461718865930e-01
2.459890000000000132e+00 1.698890000000000011e+00 1.725049999999999972e+00 8.349710000000000187e-01 1.410530000000000062e+00 2.136000000000000121e+00 9.512167336189258915e-01 9.914409633335433680e-01 -4.705019999999999758e-01 9.841209249892287625e-01 4.359274406820682346e-01 nan 5.428823306231844725e-03 7.177161213710000487e-01 3.185377314579999897e-02 1.057720858729999935e-01 7.053410000000000402e+00 2.265800000000000125e+01 2.715889999999999915e+01 2.780170000000000030e+01 2.233425210010355766e-01 5.209048461718865930e-01
2.275959999999999983e+00 1.678090000000000082e+00 1.701060000000000016e+00 7.745410000000000350e-01 1.217379999999999907e+00 1.893860000000000099e+00 9.649517311205934034e-01 9.971361716714174372e-01 -4.425399999999999889e-01 9.929091638317716351e-01 3.894677171130866977e-01 nan 2.670909352200934173e-03 7.177161213710000487e-01 3.185377314579999897e-02 1.057720858729999935e-01 7.053410000000000402e+00 2.265800000000000125e+01 2.715889999999999915e+01 2.780170000000000030e+01 2.229644201631861833e-01 5.135583773197571755e-01
1.971689999999999943e+00 1.640430000000000055e+00 1.667559999999999931e+00 9.056980000000000031e-01 1.243659999999999988e+00 1.799029999999999907e+00 9.765951909439231082e-01 9.999999999999998890e-01 -4.145769999999999733e-01 9.982222553185450264e-01 3.447602651247435590e-01 nan 0.000000000000000000e+00 7.138760115969999820e-01 3.874779164279999744e-02 1.022966220690000039e-01 1.326099999999999923e+01 2.676559999999999917e+01 3.210920000000000130e+01 3.172540000000000049e+01 2.229644201631861833e-01 5.135583773197571755e-01
1.889289999999999914e+00 1.629440000000000000e+00 1.644670000000000076e+00 4.687220000000000275e-01 8.372540000000000537e-01 1.673000000000000043e+00 9.860151880366265775e-01 1.000000000000000000e+00 -4.425399999999999889e-01 1.000000000000000000e+00 3.023116380122581326e-01 nan 0.000000000000000000e+00 7.138760115969999820e-01 3.874779164279999744e-02 1.022966220690000039e-01 1.326099999999999923e+01 2.676559999999999917e+01 3.210920000000000130e+01 3.172540000000000049e+01 2.220383470965691108e-01 5.010766901903929149e-01
1.560060000000000002e+00 1.581329999999999902e+00 1.582850000000000090e+00 5.510599999999999943e-01 9.214090000000000336e-01 1.314329999999999998e+00 9.931049900676032216e-01 9.971361716714174372e-01 -4.705019999999999758e-01 9.982222553185451375e-01 2.626027956824255050e-01 nan 0.000000000000000000e+00 7.027983302750000494e-01 4.829541017069999970e-02 9.597534872040000553e-02 8.916909999999999670e+00 3.048560000000000159e+01 4.138900000000000290e+01 4.059170000000000300e+01 2.220383470965691108e-01 5.010766901903929149e-01
1.325709999999999944e+00 1.542070000000000052e+00 1.544229999999999992e+00 5.059150000000000036e-01 8.777740000000000542e-01 8.303449999999999998e-01 9.977842667469012383e-01 9.914409633335433680e-01 -4.705019999999999758e-01 9.929091638317717461e-01 2.260836551856911791e-01 nan 0.000000000000000000e+00 7.027983302750000494e-01 4.829541017069999970e-02 9.597534872040000553e-02 8.916909999999999670e+00 3.048560000000000159e+01 4.138900000000000290e+01 4.059170000000000300e+01 2.197752217917595674e-01 4.954389149643184664e-01
1.229800000000000004e+00 1.524459999999999926e+00 1.508650000000000047e+00 5.076150000000000384e-01 9.189699999999999536e-01 6.069639999999999480e-01 1.000000000000000000e+00 9.829789039725350674e-01 -4.705019999999999758e-01 9.841209249892287625e-01 1.931679929761912495e-01 nan 0.000000000000000000e+00 6.921883539519999573e-01 4.861252836939999877e-02 8.585670009750000220e-02 9.608769999999999811e+00 2.778930000000000078e+01 4.098969999999999914e+01 4.383509999999999707e+01 2.197752217917595674e-01 4.954389149643184664e-01
7.553600000000000314e-01 1.419990000000000085e+00 1.408449999999999980e+00 8.657899999999999485e-01 1.116430000000000033e+00 3.526250000000000218e-01 9.997270846837797986e-01 9.718458721022205093e-01 -4.145769999999999733e-01 9.719571130486043264e-01 1.642287566591907888e-01 nan 0.000000000000000000e+00 6.921883539519999573e-01 4.861252836939999877e-02 8.585670009750000220e-02 9.608769999999999811e+00 2.778930000000000078e+01 4.098969999999999914e+01 4.383509999999999707e+01 2.148708703442909762e-01 4.950581900030762705e-01
4.699240000000000084e-01 1.335409999999999986e+00 1.342819999999999903e+00 9.188429999999999653e-01 9.780389999999999917e-01 2.547009999999999899e-02 9.969686130378245803e-01 9.581680094222240207e-01 -3.586520000000000263e-01 9.565555488595982592e-01 1.395938393456931381e-01 nan 0.000000000000000000e+00 7.084222528620000014e-01 4.450112060539999914e-02 7.414608260509999993e-02 6.581970000000000098e+00 2.080920000000000059e+01 3.401830000000000354e+01 4.097420000000000329e+01 2.148708703442909762e-01 4.950581900030762705e-01
1.033130000000000021e-01 1.178989999999999982e+00 1.258119999999999905e+00 7.449040000000000106e-01 7.727429999999999577e-01 -4.231730000000000214e-02 9.917558396481128691e-01 9.421002915821065082e-01 -2.747640000000000082e-01 9.380907382986248821e-01 1.195423644924741291e-01 nan 0.000000000000000000e+00 7.084222528620000014e-01 4.450112060539999914e-02 7.414608260509999993e-02 6.581970000000000098e+00 2.080920000000000059e+01 3.401830000000000354e+01 4.097420000000000329e+01 2.031990618715443508e-01 4.972267993823118459e-01
-4.208279999999999660e-02 1.086759999999999948e+00 1.230529999999999902e+00 6.592829999999999524e-01 6.411369999999999569e-01 -2.508799999999999919e-02 9.841478273200682247e-01 9.238247722453311050e-01 -2.747640000000000082e-01 9.167718950475038930e-01 1.043015233217834403e-01 nan 0.000000000000000000e+00 6.870726750840000507e-01 5.650007546710000134e-02 7.128973002350000310e-02 5.709749999999999659e+00 1.915520000000000067e+01 3.126800000000000068e+01 4.337800000000000011e+01 2.031990618715443508e-01 4.972267993823118459e-01
-2.302289999999999892e-01 9.073489999999999611e-01 1.123250000000000082e+00 1.762650000000000050e-01 4.201969999999999872e-01 -7.481430000000000025e-02 9.742307778733749757e-01 9.035485203485102979e-01 -4.705019999999999758e-01 8.928405701188480981e-01 8.017129445554560530e-02 nan 0.000000000000000000e+00 6.870726750840000507e-01 5.650007546710000134e-02 7.128973002350000310e-02 5.709749999999999659e+00 1.915520000000000067e+01 3.126800000000000068e+01 4.337800000000000011e+01 1.920478270161268819e-01 4.981100812923937582e-01
1.285850000000000048e-01 1.193629999999999969e+00 1.326119999999999965e+00 1.135799999999999921e+00 1.151520000000000099e+00 -2.212619999999999865e-02 9.621170554409161912e-01 8.815012739276142373e-01 -4.705019999999999758e-01 8.665679149865712638e-01 5.983262741921790973e-02 nan 0.000000000000000000e+00 6.719120788689999513e-01 7.583059777419999536e-02 6.507280687499999994e-02 1.007590000000000074e+01 2.644030000000000058e+01 4.075520000000000209e+01 5.100370000000000203e+01 1.920478270161268819e-01 4.981100812923937582e-01
-1.323290000000000022e-01 1.012869999999999937e+00 1.145189999999999930e+00 2.765299999999999980e-01 5.009500000000000064e-01 -3.922540000000000054e-02 9.479439133382495664e-01 8.565039787030750418e-01 -4.425399999999999889e-01 8.382516093313426842e-01 4.248845136408518908e-02 nan 0.000000000000000000e+00 6.719120788689999513e-01 7.583059777419999536e-02 6.507280687499999994e-02 1.007590000000000074e+01 2.644030000000000058e+01 4.075520000000000209e+01 5.100370000000000203e+01 1.871379958463704751e-01 4.973760435671187308e-01
4.101769999999999722e-02 1.143219999999999903e+00 1.298620000000000108e+00 5.802340000000000275e-01 6.977489999999999526e-01 -2.288449999999999859e-02 9.318719389286982402e-01 8.286889491083331283e-01 -5.543900000000000494e-01 8.082124882108575603e-01 2.730776666207790360e-02 nan 0.000000000000000000e+00 6.403831895520000206e-01 8.143525411270000069e-02 6.868632711979999472e-02 1.046669999999999945e+01 3.636910000000000309e+01 4.835889999999999844e+01 6.093549999999999756e+01 1.871379958463704751e-01 4.973760435671187308e-01
-7.821480000000000099e-02 1.059169999999999945e+00 1.236359999999999904e+00 8.163479999999999348e-02 4.112709999999999977e-01 -1.507179999999999909e-01 9.136618698905775160e-01 7.995434643329512037e-01 -5.823530000000000095e-01 7.767909068704346165e-01 1.343506046360765094e-02 nan 0.000000000000000000e+00 6.403831895520000206e-01 8.143525411270000069e-02 6.868632711979999472e-02 1.046669999999999945e+01 3.636910000000000309e+01 4.835889999999999844e+01 6.093549999999999756e+01 1.784526360204065076e-01 5.022371398722591529e-01
-1.740730000000000055e-01 9.718799999999999661e-01 1.193880000000000052e+00 2.270989999999999953e-01 3.799020000000000175e-01 -1.691219999999999946e-01 8.926768609582075298e-01 7.691860900721595451e-01 -5.823530000000000095e-01 7.443428843820880658e-01 0.000000000000000000e+00 nan 0.000000000000000000e+00 6.123193266469999507e-01 6.039634164249999687e-02 7.059033949909999939e-02 1.811880000000000024e+01 3.940449999999999875e+01 5.359080000000000155e+01 6.233720000000000283e+01 1.784526360204065076e-01 5.022371398722591529e-01
-2.111820000000000086e-01 9.311420000000000252e-01 1.193170000000000064e+00 -9.839020000000000404e-03 1.130300000000000055e-01 -2.553659999999999819e-01 8.691978770483356209e-01 7.377491232133045473e-01 -5.823530000000000095e-01 7.081486973159134557e-01 0.000000000000000000e+00 nan 0.000000000000000000e+00 6.123193266469999507e-01 6.039634164249999687e-02 7.059033949909999939e-02 1.811880000000000024e+01 3.940449999999999875e+01 5.359080000000000155e+01 6.233720000000000283e+01 1.632847647281235881e-01 5.171950621495426947e-01
-2.993629999999999902e-01 8.036999999999999700e-01 1.077630000000000088e+00 1.745859999999999912e-01 2.340210000000000068e-01 -3.270290000000000141e-01 8.440345451832584889e-01 7.053770928592517642e-01 -5.823530000000000095e-01 6.713797408214590146e-01 0.000000000000000000e+00 nan 0.000000000000000000e+00 4.513570842690000084e-01 4.050512626799999960e-02 7.119584325729999552e-02 1.206269999999999953e+01 4.510679999999999978e+01 5.798790000000000333e+01 6.810110000000000241e+01 1.632847647281235881e-01 5.171950621495426947e-01
-3.611630000000000118e-01 6.721470000000000500e-01 9.711030000000000495e-01 4.497300000000000186e-01 3.623109999999999942e-01 -4.174280000000000213e-01 8.175086947606757803e-01 6.722251227559002951e-01 -5.823530000000000095e-01 6.342239480380296168e-01 0.000000000000000000e+00 nan 0.000000000000000000e+00 4.513570842690000084e-01 4.050512626799999960e-02 7.119584325729999552e-02 1.206269999999999953e+01 4.510679999999999978e+01 5.798790000000000333e+01 6.810110000000000241e+01 5.182666542459628545e-01 6.992821050130817451e-01
-4.073300000000000254e-01 5.183299999999999574e-01 8.068220000000000391e-01 6.710990000000000011e-01 7.546749999999999847e-01 -4.549309999999999743e-01 7.897360582296455433e-01 6.384571736781563533e-01 -5.264280000000000070e-01 5.968736351146571861e-01 0.000000000000000000e+00 nan 0.000000000000000000e+00 2.856392598360000257e-01 3.260274184910000317e-02 7.515204023950000645e-02 2.494969999999999999e+01 5.009550000000000125e+01 6.750520000000000209e+01 7.230020000000000380e+01 5.182666542459628545e-01 6.992821050130817451e-01
-4.492399999999999727e-01 2.513699999999999823e-01 4.792509999999999826e-01 1.124949999999999894e+00 8.546209999999999640e-01 -4.772009999999999863e-01 7.607834290389030585e-01 6.042441856888389751e-01 1.446759999999999990e-01 5.595233221912847554e-01 0.000000000000000000e+00 nan 0.000000000000000000e+00 2.856392598360000257e-01 3.260274184910000317e-02 7.515204023950000645e-02 2.494969999999999999e+01 5.009550000000000125e+01 6.750520000000000209e+01 7.230020000000000380e+01 9.667380857138160311e-01 8.784786839708699224e-01
-4.637220000000000231e-01 6.705949999999999411e-02 4.675370000000000220e-02 1.181680000000000064e+00 1.193049999999999944e+00 -4.884629999999999805e-01 7.307664136136897692e-01 5.697621413194637885e-01 8.717059999999999809e-01 5.223675294078555797e-01 0.000000000000000000e+00 nan 0.000000000000000000e+00 2.060731293349999937e-01 2.371745146490000095e-02 6.550070989079999351e-02 1.554039999999999999e+01 4.964999999999999858e+01 6.213519999999999754e+01 6.902089999999999748e+01 9.667380857138160311e-01 8.784786839708699224e-01
-4.675090000000000079e-01 9.230149999999999466e-03 -1.897469999999999990e-01 1.119320000000000093e+00 1.151489999999999903e+00 -4.868469999999999742e-01 6.998132315288780880e-01 5.351900716178419337e-01 1.095409999999999995e+00 4.855985729134009166e-01 0.000000000000000000e+00 nan 2.670909352200934173e-03 2.060731293349999937e-01 2.371745146490000095e-02 6.550070989079999351e-02 1.554039999999999999e+01 4.964999999999999858e+01 6.213519999999999754e+01 6.902089999999999748e+01 9.465891468620369897e-01 8.149798520350510778e-01
-4.650039999999999729e-01 4.459740000000000232e-02 -4.083220000000000183e-01 1.318959999999999910e+00 1.244539999999999980e+00 -4.854559999999999986e-01 6.680635592643821008e-01 5.007080276547715147e-01 1.514850000000000030e+00 4.494043858472264175e-01 0.000000000000000000e+00 nan 5.428823306231844725e-03 1.508784733300000125e-01 1.664839523820000125e-02 5.706861531449999858e-02 1.421799999999999997e+01 3.407600000000000051e+01 4.896650000000000347e+01 5.992329999999999757e+01 9.465891468620369897e-01 8.149798520350510778e-01
-4.574280000000000013e-01 1.589649999999999952e-01 -7.818469999999999587e-01 1.450960000000000027e+00 1.227610000000000090e+00 -4.839439999999999853e-01 6.356683294945977281e-01 4.664950404734597988e-01 1.794470000000000010e+00 4.139663889813486319e-01 0.000000000000000000e+00 nan 8.446765268848022146e-03 1.508784733300000125e-01 1.664839523820000125e-02 5.706861531449999858e-02 1.421799999999999997e+01 3.407600000000000051e+01 4.896650000000000347e+01 5.992329999999999757e+01 9.449616693425977321e-01 7.914693242284227548e-01
-4.640969999999999818e-01 7.042229999999999324e-02 -2.176710000000000034e-01 1.304499999999999993e+00 1.120030000000000081e+00 -4.858469999999999733e-01 6.027874063481761802e-01 4.327270925962676262e-01 1.458919999999999995e+00 3.794574351506567744e-01 0.000000000000000000e+00 nan 1.189481242556589269e-02 1.352023771610000036e-01 1.993497170719999920e-02 5.877176808969999944e-02 1.499559999999999960e+01 3.183259999999999934e+01 4.617190000000000083e+01 5.770230000000000103e+01 9.449616693425977321e-01 7.914693242284227548e-01
-4.388719999999999843e-01 3.414449999999999985e-01 -7.294329999999999981e-01 1.644269999999999898e+00 1.298720000000000097e+00 -4.852429999999999799e-01 5.695854107661427745e-01 3.995751240724111364e-01 1.794470000000000010e+00 3.460398507612245655e-01 0.000000000000000000e+00 nan 1.593816869819142390e-02 1.352023771610000036e-01 1.993497170719999920e-02 5.877176808969999944e-02 1.499559999999999960e+01 3.183259999999999934e+01 4.617190000000000083e+01 5.770230000000000103e+01 9.324898214158505727e-01 8.473902065356768709e-01
-4.329649999999999888e-01 3.840830000000000077e-01 -4.583030000000000159e-01 1.682180000000000009e+00 1.199950000000000072e+00 -4.867569999999999952e-01 5.362270824409873793e-01 3.672030956589006356e-01 2.130030000000000090e+00 3.138635965672669226e-01 0.000000000000000000e+00 nan 2.073529291837372668e-02 1.268140665420000035e-01 2.475069927829999863e-02 5.808914806660000346e-02 1.685470000000000113e+01 4.089500000000000313e+01 5.225560000000000116e+01 5.902550000000000097e+01 9.324898214158505727e-01 8.473902065356768709e-01
-4.537260000000000182e-01 2.190769999999999940e-01 -1.516240000000000088e-01 1.487330000000000041e+00 1.174180000000000001e+00 -4.870979999999999754e-01 5.028772617015233592e-01 3.357661310796475895e-01 2.018180000000000085e+00 2.830645685558742519e-01 0.000000000000000000e+00 nan 2.643610342572566552e-02 1.268140665420000035e-01 2.475069927829999863e-02 5.808914806660000346e-02 1.685470000000000113e+01 4.089500000000000313e+01 5.225560000000000116e+01 5.902550000000000097e+01 9.451205812889402758e-01 1.000000000000000000e+00
-4.624329999999999830e-01 8.649560000000000581e-02 -4.169619999999999993e-01 1.407459999999999933e+00 1.136929999999999996e+00 -4.885249999999999870e-01 4.697052394335085035e-01 3.054087594116888793e-01 2.018180000000000085e+00 2.537630581911760608e-01 0.000000000000000000e+00 nan 3.318027943313228700e-02 1.366232516960000087e-01 2.938309863690000134e-02 6.417362592790000486e-02 1.955900000000000105e+01 4.592170000000000130e+01 5.718370000000000175e+01 5.764959999999999951e+01 9.451205812889402758e-01 1.000000000000000000e+00
-4.544639999999999791e-01 2.078560000000000130e-01 -3.281370000000000120e-01 1.501100000000000101e+00 9.953729999999999523e-01 -4.891340000000000132e-01 4.368793240798959365e-01 2.762632775129933993e-01 1.962250000000000050e+00 2.260623894639877118e-01 0.000000000000000000e+00 nan 4.109567840545447215e-02 1.366232516960000087e-01 2.938309863690000134e-02 6.417362592790000486e-02 1.955900000000000105e+01 4.592170000000000130e+01 5.718370000000000175e+01 5.764959999999999951e+01 8.526721865735844563e-01 8.703494445984265582e-01
-4.606700000000000239e-01 1.269079999999999930e-01 -3.265469999999999762e-01 1.421680000000000055e+00 9.932159999999999878e-01 -4.888190000000000035e-01 4.045640580767488892e-01 2.484482510461970550e-01 2.130030000000000090e+00 2.000477481897074972e-01 0.000000000000000000e+00 nan 5.029688738336424159e-02 1.543832453639999991e-01 3.182848023599999659e-02 6.029553877470000128e-02 2.356909999999999883e+01 4.766060000000000230e+01 5.135799999999999699e+01 4.924340000000000117e+01 8.526721865735844563e-01 8.703494445984265582e-01
-4.675460000000000171e-01 -1.017269999999999980e-02 -1.125739999999999963e+00 1.341329999999999911e+00 9.239140000000000130e-01 -4.892739999999999867e-01 3.729196446155604860e-01 2.220671710822696987e-01 2.241880000000000095e+00 1.757852168189899533e-01 0.000000000000000000e+00 nan 6.088392466638670175e-02 1.543832453639999991e-01 3.182848023599999659e-02 6.029553877470000128e-02 2.356909999999999883e+01 4.766060000000000230e+01 5.135799999999999699e+01 4.924340000000000117e+01 7.062759259360735786e-01 6.152332625692538137e-01
-4.547030000000000238e-01 1.928179999999999894e-01 -1.011530000000000040e+00 1.523009999999999975e+00 1.147499999999999964e+00 -4.890280000000000182e-01 3.420989103534928244e-01 1.972072815053278472e-01 2.241880000000000095e+00 1.533210256971744290e-01 0.000000000000000000e+00 nan 7.294110656560071071e-02 1.609050356099999968e-01 2.444913786060000024e-02 6.167833003840000189e-02 2.289519999999999911e+01 5.803179999999999694e+01 6.045430000000000348e+01 5.162930000000000064e+01 7.062759259360735786e-01 6.152332625692538137e-01
-4.543630000000000169e-01 2.043959999999999944e-01 -2.671769999999999978e-01 1.501540000000000097e+00 1.149450000000000083e+00 -4.876090000000000146e-01 3.122449565684048967e-01 1.739385905045661707e-01 1.878360000000000030e+00 1.326810292560002269e-01 0.000000000000000000e+00 nan 8.653609206614432114e-02 1.609050356099999968e-01 2.444913786060000024e-02 6.167833003840000189e-02 2.289519999999999911e+01 5.803179999999999694e+01 6.045430000000000348e+01 5.162930000000000064e+01 7.022866881106464287e-01 6.769259352889397396e-01
-4.582450000000000134e-01 1.621190000000000131e-01 -3.538220000000000254e-01 1.452460000000000084e+00 1.159159999999999968e+00 -4.867619999999999725e-01 2.834873146876596417e-01 1.523130773535008586e-01 1.906320000000000014e+00 1.138704130725635144e-01 0.000000000000000000e+00 nan 1.017191162238767488e-01 1.897275123290000087e-01 2.269953419239999909e-02 5.605703879249999966e-02 2.906350000000000122e+01 6.197890000000000299e+01 6.387010000000000076e+01 5.351299999999999812e+01 7.022866881106464287e-01 6.769259352889397396e-01
-4.604400000000000159e-01 1.187259999999999982e-01 -9.914560000000000040e-01 1.455880000000000063e+00 9.074820000000000109e-01 -4.842400000000000038e-01 2.559430141357388333e-01 1.323641034640306025e-01 2.074100000000000055e+00 9.687363511465718613e-02 0.000000000000000000e+00 nan 1.185224209821233998e-01 1.897275123290000087e-01 2.269953419239999909e-02 5.605703879249999966e-02 2.906350000000000122e+01 6.197890000000000299e+01 6.387010000000000076e+01 5.351299999999999812e+01 6.722468505296150809e-01 7.046701246645812322e-01
-4.548200000000000021e-01 1.948830000000000007e-01 -6.044469999999999565e-01 1.472550000000000026e+00 1.390540000000000109e+00 -4.854479999999999906e-01 2.297202786061346425e-01 1.141060343883086858e-01 1.878360000000000030e+00 8.165460183820594242e-02 0.000000000000000000e+00 nan 1.369598898575751234e-01 1.532551632399999919e-01 1.817732932459999867e-02 3.800788516590000027e-02 2.316659999999999897e+01 4.911119999999999663e+01 5.262960000000000349e+01 4.571280000000000143e+01 6.722468505296150809e-01 7.046701246645812322e-01
-4.459560000000000191e-01 2.877899999999999903e-01 -3.799009999999999887e-01 1.567479999999999984e+00 1.335599999999999898e+00 -4.857049999999999979e-01 2.049121602653803942e-01 9.753407705129790717e-02 1.934290000000000065e+00 6.815707714154251029e-02 0.000000000000000000e+00 nan 1.570268906344950421e-01 1.532551632399999919e-01 1.817732932459999867e-02 3.800788516590000027e-02 2.316659999999999897e+01 4.911119999999999663e+01 5.262960000000000349e+01 4.571280000000000143e+01 5.675567562235945829e-01 7.028365532512388381e-01
-4.504110000000000058e-01 2.416820000000000079e-01 -4.678950000000000053e-01 1.542370000000000019e+00 1.273320000000000007e+00 -4.855599999999999916e-01 1.815947423298138741e-01 8.262433405822500188e-02 2.018180000000000085e+00 5.630531954291129182e-02 0.000000000000000000e+00 nan 1.787003278495754577e-01 1.113687679269999981e-01 1.433611909179999949e-02 2.993930678820000066e-02 1.430429999999999957e+01 3.881479999999999819e+01 4.308840000000000003e+01 4.026789999999999736e+01 5.675567562235945829e-01 7.028365532512388381e-01
-4.460399999999999920e-01 3.095640000000000058e-01 8.604830000000000811e-03 1.527539999999999898e+00 1.102409999999999890e+00 -4.803569999999999784e-01 1.598316842673110916e-01 6.933407446161266030e-02 1.710590000000000055e+00 4.600494036172009249e-02 0.000000000000000000e+00 nan 2.019389044727646354e-01 1.113687679269999981e-01 1.433611909179999949e-02 2.993930678820000066e-02 1.430429999999999957e+01 3.881479999999999819e+01 4.308840000000000003e+01 4.026789999999999736e+01 7.234877336416589699e-01 7.938176357893647062e-01
-4.602840000000000265e-01 1.478410000000000002e-01 -1.401670000000000138e-01 1.388230000000000075e+00 1.025139999999999940e+00 -4.792029999999999901e-01 1.396696018291795349e-01 5.760221791998920704e-02 1.766510000000000025e+00 3.714397318000861592e-02 0.000000000000000000e+00 nan 2.266835898191189580e-01 1.069325170769999944e-01 1.421375784859999977e-02 2.492322362240000089e-02 1.896689999999999898e+01 3.760880000000000223e+01 4.351930000000000121e+01 4.055949999999999989e+01 7.234877336416589699e-01 7.938176357893647062e-01
-4.507099999999999995e-01 2.477040000000000075e-01 -3.342530000000000223e-01 1.538990000000000080e+00 1.093520000000000048e+00 -4.805650000000000199e-01 1.211297482853651575e-01 4.735002676256383491e-02 2.074100000000000055e+00 2.959414246670166726e-02 0.000000000000000000e+00 nan 2.528582883900508671e-01 1.069325170769999944e-01 1.421375784859999977e-02 2.492322362240000089e-02 1.896689999999999898e+01 3.760880000000000223e+01 4.351930000000000121e+01 4.055949999999999989e+01 9.645900345770476170e-01 8.631979069264530402e-01
-4.561589999999999812e-01 1.843339999999999979e-01 -5.551840000000000108e-01 1.493900000000000006e+00 1.074200000000000044e+00 -4.842110000000000025e-01 1.042140540129143922e-01 3.848199811849783991e-02 1.878360000000000030e+00 2.321231699063441845e-02 0.000000000000000000e+00 nan 2.803707020657342230e-01 1.024675548770000028e-01 1.518253996900000014e-02 2.129446109250000135e-02 1.134130000000000038e+01 3.228739999999999810e+01 3.709420000000000073e+01 3.969919999999999760e+01 9.645900345770476170e-01 8.631979069264530402e-01
-4.699969999999999981e-01 -3.301860000000000211e-02 -2.893600000000000061e-01 1.199719999999999898e+00 9.182860000000000467e-01 -4.866199999999999970e-01 8.890506596750114010e-02 3.088694600259356271e-02 1.486879999999999979e+00 1.784213155459213329e-02 0.000000000000000000e+00 nan 3.091133758796816844e-01 1.024675548770000028e-01 1.518253996900000014e-02 2.129446109250000135e-02 1.134130000000000038e+01 3.228739999999999810e+01 3.709420000000000073e+01 3.969919999999999760e+01 8.521296940671045927e-01 7.897484474036080560e-01
-4.684880000000000155e-01 2.301809999999999967e-02 -1.845679999999999890e-02 1.121119999999999894e+00 8.554370000000000029e-01 -4.882779999999999898e-01 7.518191741070157086e-02 2.443926109693328463e-02 1.123369999999999980e+00 1.331575867547618586e-02 0.000000000000000000e+00 nan 3.389649155264531366e-01 9.119751988759999817e-02 1.687591324459999931e-02 2.199450477440000051e-02 1.089879999999999960e+01 2.146219999999999928e+01 2.733869999999999933e+01 3.135640000000000072e+01 8.521296940671045927e-01 7.897484474036080560e-01
-4.754530000000000145e-01 -2.547309999999999852e-01 -6.109400000000000386e-01 1.083849999999999980e+00 6.933920000000000083e-01 -4.901590000000000114e-01 6.297073654819262956e-02 1.900033395464240105e-02 1.654660000000000020e+00 9.455810136747233585e-03 0.000000000000000000e+00 nan 3.697913628076416881e-01 9.119751988759999817e-02 1.687591324459999931e-02 2.199450477440000051e-02 1.089879999999999960e+01 2.146219999999999928e+01 2.733869999999999933e+01 3.135640000000000072e+01 8.353617438668208273e-01 7.667861635411685750e-01
-4.766650000000000054e-01 -3.277240000000000153e-01 -9.359920000000000462e-01 1.055439999999999934e+00 5.441880000000000051e-01 -4.898509999999999809e-01 5.217549207439353687e-02 1.442012550030891127e-02 2.353730000000000100e+00 6.077346867800259567e-03 0.000000000000000000e+00 nan 4.014477134317894214e-01 7.911095936180000121e-02 2.149929981720000161e-02 3.390867584389999773e-02 1.260249999999999915e+01 2.222429999999999950e+01 2.756409999999999982e+01 3.231830000000000069e+01 8.353617438668208273e-01 7.667861635411685750e-01
-4.775139999999999940e-01 -3.784480000000000066e-01 -1.024639999999999995e+00 1.000639999999999974e+00 6.349339999999999984e-01 -4.883000000000000118e-01 4.272708992205276335e-02 1.053886703265882741e-02 2.130030000000000090e+00 2.989974377531123828e-03 0.000000000000000000e+00 nan 4.337795599709498573e-01 7.911095936180000121e-02 2.149929981720000161e-02 3.390867584389999773e-02 1.260249999999999915e+01 2.222429999999999950e+01 2.756409999999999982e+01 3.231830000000000069e+01 8.657796822857017904e-01 7.546973845718062401e-01
-4.787699999999999734e-01 -4.551439999999999930e-01 -6.332149999999999723e-01 8.263080000000000425e-01 5.383029999999999760e-01 -4.874580000000000024e-01 3.456131125293937512e-02 7.188870467783270435e-03 1.375029999999999974e+00 0.000000000000000000e+00 0.000000000000000000e+00 nan 4.666248413585455390e-01 7.385825178589999762e-02 2.288723089279999859e-02 4.979718054340000200e-02 9.882400000000000517e+00 2.952899999999999991e+01 3.608339999999999748e+01 3.670360000000000156e+01 8.657796822857017904e-01 7.546973845718062401e-01
-4.732230000000000047e-01 -9.877829999999999944e-02 -1.073309999999999959e-01 9.344740000000000268e-01 4.651020000000000154e-01 -4.862969999999999793e-01 2.757628146666202262e-02 4.196428312133404503e-03 6.200419999999999821e-01 0.000000000000000000e+00 0.000000000000000000e+00 nan 4.998156791060073267e-01 7.385825178589999762e-02 2.288723089279999859e-02 4.979718054340000200e-02 9.882400000000000517e+00 2.952899999999999991e+01 3.608339999999999748e+01 3.670360000000000156e+01 7.139804154725437613e-01 6.770843168728166717e-01
-4.757529999999999815e-01 -2.004479999999999873e-01 -1.997659999999999991e-01 8.043200000000000349e-01 4.487149999999999750e-01 -4.842910000000000270e-01 2.166131759305456317e-02 1.383781837832054329e-03 4.243029999999999857e-01 0.000000000000000000e+00 0.000000000000000000e+00 nan 5.331802794331321760e-01 7.699388554500000148e-02 2.677033724179999838e-02 6.295458986040000648e-02 1.586449999999999960e+01 2.749190000000000111e+01 3.347549999999999670e+01 3.679419999999999646e+01 7.139804154725437613e-01 6.770843168728166717e-01
-4.797910000000000230e-01 -5.730389999999999651e-01 -7.636330000000000062e-01 7.234180000000000055e-01 4.240140000000000020e-01 -4.846849999999999770e-01 1.672042165012044279e-02 0.000000000000000000e+00 1.347069999999999990e+00 0.000000000000000000e+00 0.000000000000000000e+00 nan 5.665448797602570252e-01 7.699388554500000148e-02 2.677033724179999838e-02 6.295458986040000648e-02 1.586449999999999960e+01 2.749190000000000111e+01 3.347549999999999670e+01 3.679419999999999646e+01 6.501909683217254043e-01 6.787716899010420857e-01
-4.805400000000000227e-01 -7.179820000000000091e-01 -1.163859999999999895e+00 6.405340000000000478e-01 3.744109999999999938e-01 -4.860959999999999726e-01 1.258839738113814999e-02 0.000000000000000000e+00 1.710590000000000055e+00 0.000000000000000000e+00 0.000000000000000000e+00 nan 5.997357175077189240e-01 1.035194110649999971e-01 3.603196226060000062e-02 8.726570662719999871e-02 1.162729999999999997e+01 3.090020000000000167e+01 3.907679999999999865e+01 3.731649999999999778e+01 6.501909683217254043e-01 6.787716899010420857e-01
-4.766360000000000041e-01 -2.451230000000000075e-01 -1.690319999999999878e-01 5.270869999999999722e-01 3.155109999999999859e-01 -4.833609999999999851e-01 9.115091065393210457e-03 0.000000000000000000e+00 2.565270000000000050e-01 0.000000000000000000e+00 0.000000000000000000e+00 nan 6.325809988953144947e-01 1.035194110649999971e-01 3.603196226060000062e-02 8.726570662719999871e-02 1.162729999999999997e+01 3.090020000000000167e+01 3.907679999999999865e+01 3.731649999999999778e+01 6.711289871829295706e-01 7.131648599998171578e-01
-4.753479999999999928e-01 -1.605769999999999975e-01 -1.242120000000000030e-01 3.584640000000000049e-01 1.886859999999999926e-01 -4.805139999999999967e-01 6.160230339959382739e-03 0.000000000000000000e+00 -4.145769999999999733e-01 0.000000000000000000e+00 0.000000000000000000e+00 nan 6.649128454344751527e-01 9.878376284110000627e-02 4.524476058049999722e-02 9.963130613460000062e-02 2.067599999999999838e+01 4.215449999999999875e+01 4.719599999999999795e+01 4.660990000000000322e+01 6.711289871829295706e-01 7.131648599998171578e-01
-4.796900000000000053e-01 -4.992190000000000238e-01 -5.061379999999999768e-01 2.561610000000000276e-01 1.424310000000000020e-01 -4.812790000000000123e-01 3.568710443225708850e-03 0.000000000000000000e+00 -2.468009999999999926e-01 0.000000000000000000e+00 0.000000000000000000e+00 nan 6.965691960586227749e-01 9.878376284110000627e-02 4.524476058049999722e-02 9.963130613460000062e-02 2.067599999999999838e+01 4.215449999999999875e+01 4.719599999999999795e+01 4.660990000000000322e+01 4.684504989287142651e-01 5.399350026346168008e-01
-4.795110000000000205e-01 -4.614960000000000173e-01 -3.679399999999999893e-01 -1.106730000000000040e-02 -1.543869999999999965e-01 -4.812560000000000171e-01 1.226542597702717785e-03 0.000000000000000000e+00 -4.705019999999999758e-01 0.000000000000000000e+00 0.000000000000000000e+00 nan 7.273956433398113264e-01 1.115004030280000030e-01 4.665090758910000329e-02 9.848810066850000045e-02 1.705740000000000123e+01 4.236019999999999897e+01 4.744689999999999941e+01 4.557419999999999760e+01 4.684504989287142651e-01 5.399350026346168008e-01
-4.787730000000000041e-01 -3.727480000000000238e-01 -2.980720000000000036e-01 -1.656920000000000059e-01 -3.331629999999999869e-01 -4.782179999999999764e-01 5.266154020167057581e-05 0.000000000000000000e+00 -6.942040000000000433e-01 0.000000000000000000e+00 0.000000000000000000e+00 nan 7.572471829865827786e-01 1.115004030280000030e-01 4.665090758910000329e-02 9.848810066850000045e-02 1.705740000000000123e+01 4.236019999999999897e+01 4.744689999999999941e+01 4.557419999999999760e+01 3.938879177603278325e-01 5.500379202061397299e-01
-4.782210000000000072e-01 -3.226620000000000044e-01 -2.437219999999999942e-01 -4.534549999999999970e-01 -5.110160000000000258e-01 -4.790829999999999811e-01 0.000000000000000000e+00 0.000000000000000000e+00 -6.942040000000000433e-01 0.000000000000000000e+00 0.000000000000000000e+00 nan 7.859898568005303510e-01 1.081564704859999948e-01 4.793708597069999688e-02 1.121579761960000005e-01 1.802459999999999951e+01 3.117510000000000048e+01 3.989770000000000039e+01 4.138389999999999702e+01 3.938879177603278325e-01 5.500379202061397299e-01
-4.784689999999999777e-01 -3.313429999999999986e-01 -2.942690000000000028e-01 -6.960260000000000336e-01 -7.085970000000000324e-01 -4.817440000000000055e-01 0.000000000000000000e+00 0.000000000000000000e+00 -6.942040000000000433e-01 0.000000000000000000e+00 0.000000000000000000e+00 nan 8.135022704762135959e-01 1.081564704859999948e-01 4.793708597069999688e-02 1.121579761960000005e-01 1.802459999999999951e+01 3.117510000000000048e+01 3.989770000000000039e+01 4.138389999999999702e+01 2.770602385871083762e-01 4.858507375403949835e-01
-4.758569999999999744e-01 -1.699759999999999882e-01 -8.394680000000000197e-02 -6.225619999999999488e-01 -6.841089999999999671e-01 -4.860090000000000243e-01 0.000000000000000000e+00 0.000000000000000000e+00 -6.942040000000000433e-01 0.000000000000000000e+00 0.000000000000000000e+00 nan 8.396769690471456160e-01 1.273948880430000041e-01 5.809247389979999704e-02 1.208231600230000036e-01 1.004940000000000033e+01 3.317260000000000275e+01 3.474779999999999802e+01 3.706779999999999831e+01 2.770602385871083762e-01 4.858507375403949835e-01
-4.790179999999999993e-01 -4.007919999999999816e-01 -3.266200000000000214e-01 -9.687409999999999632e-01 -7.667929999999999469e-01 -4.879390000000000116e-01 0.000000000000000000e+00 0.000000000000000000e+00 -6.382780000000000120e-01 0.000000000000000000e+00 0.000000000000000000e+00 nan 8.644216543934999386e-01 1.273948880430000041e-01 5.809247389979999704e-02 1.208231600230000036e-01 1.004940000000000033e+01 3.317260000000000275e+01 3.474779999999999802e+01 3.706779999999999831e+01 4.175274397093555745e-01 4.960663497004456080e-01
-4.809649999999999759e-01 -7.435460000000000402e-01 -6.033939999999999859e-01 -8.795530000000000292e-01 -7.360830000000000428e-01 -4.869350000000000067e-01 0.000000000000000000e+00 0.000000000000000000e+00 -4.705019999999999758e-01 0.000000000000000000e+00 0.000000000000000000e+00 nan 8.876602310166890053e-01 1.043649477940000042e-01 7.048832274199999526e-02 1.156404034739999948e-01 1.857010000000000005e+01 2.629870000000000019e+01 3.131769999999999854e+01 3.279979999999999762e+01 4.175274397093555745e-01 4.960663497004456080e-01
-4.815980000000000261e-01 -1.085539999999999949e+00 -9.144299999999999651e-01 -1.023560000000000025e+00 -8.755789999999999962e-01 -4.860639999999999961e-01 0.000000000000000000e+00 0.000000000000000000e+00 -3.866140000000000132e-01 0.000000000000000000e+00 0.000000000000000000e+00 nan 9.093336682317694208e-01 1.043649477940000042e-01 7.048832274199999526e-02 1.156404034739999948e-01 1.857010000000000005e+01 2.629870000000000019e+01 3.131769999999999854e+01 3.279979999999999762e+01 5.663073795420048295e-01 6.158180561097218453e-01
-4.797759999999999803e-01 -4.991760000000000086e-01 -3.607890000000000263e-01 -9.532549999999999635e-01 -8.054299999999999793e-01 -4.788629999999999831e-01 0.000000000000000000e+00 0.000000000000000000e+00 -5.543900000000000494e-01 0.000000000000000000e+00 0.000000000000000000e+00 nan 9.294006690086894507e-01 1.041342687710000020e-01 9.625122203600000592e-02 1.324940541630000024e-01 1.107179999999999964e+01 2.757000000000000028e+01 2.868789999999999907e+01 3.000740000000000052e+01 5.663073795420048295e-01 6.158180561097218453e-01
-4.753109999999999835e-01 -1.385750000000000037e-01 -6.099430000000000129e-02 -8.875250000000000083e-01 -8.786659999999999471e-01 -4.719329999999999914e-01 0.000000000000000000e+00 8.021926412934421435e-04 -6.942040000000000433e-01 0.000000000000000000e+00 0.000000000000000000e+00 nan 9.451672285319399069e-01 1.041342687710000020e-01 9.625122203600000592e-02 1.324940541630000024e-01 1.107179999999999964e+01 2.757000000000000028e+01 2.868789999999999907e+01 3.000740000000000052e+01 6.384150451255130587e-01 6.815646882167146758e-01
-4.753240000000000243e-01 -1.478049999999999919e-01 -4.819190000000000279e-02 -8.903020000000000378e-01 -7.213570000000000260e-01 -4.745969999999999911e-01 0.000000000000000000e+00 1.630516626688338633e-03 -6.942040000000000433e-01 0.000000000000000000e+00 0.000000000000000000e+00 nan 9.592126193361559805e-01 7.923435441130000090e-02 9.331396590090000609e-02 1.084736752490000067e-01 1.310660000000000025e+01 2.458500000000000085e+01 2.561489999999999867e+01 2.441989999999999839e+01 6.384150451255130587e-01 6.815646882167146758e-01
-4.753629999999999800e-01 -1.463049999999999906e-01 -6.261189999999999811e-02 -8.976539999999999520e-01 -7.291339999999999488e-01 -4.805989999999999984e-01 0.000000000000000000e+00 2.536938565817825619e-03 -6.942040000000000433e-01 0.000000000000000000e+00 0.000000000000000000e+00 nan 9.713777015312722307e-01 7.923435441130000090e-02 9.331396590090000609e-02 1.084736752490000067e-01 1.310660000000000025e+01 2.458500000000000085e+01 2.561489999999999867e+01 2.441989999999999839e+01 5.389854842156599490e-01 6.136951337258353956e-01
-4.741000000000000214e-01 -9.329360000000000430e-02 1.907950000000000054e-03 -9.260279999999999623e-01 -8.708679999999999755e-01 -4.830969999999999986e-01 0.000000000000000000e+00 3.572540187292583269e-03 -6.942040000000000433e-01 0.000000000000000000e+00 0.000000000000000000e+00 nan 9.815246398750977486e-01 6.318477845769999990e-02 9.706668737189999563e-02 9.254856970640000513e-02 1.663579999999999970e+01 2.130209999999999937e+01 1.994650000000000034e+01 1.969790000000000063e+01 5.389854842156599490e-01 6.136951337258353956e-01
-4.803709999999999924e-01 -5.812950000000000061e-01 -4.963259999999999894e-01 -1.028499999999999970e+00 -9.403829999999999689e-01 -4.865689999999999737e-01 0.000000000000000000e+00 4.786939562304803886e-03 -6.382780000000000120e-01 0.000000000000000000e+00 0.000000000000000000e+00 nan 9.895384655016865594e-01 6.318477845769999990e-02 9.706668737189999563e-02 9.254856970640000513e-02 1.663579999999999970e+01 2.130209999999999937e+01 1.994650000000000034e+01 1.969790000000000063e+01 5.988130921524896788e-01 6.629243941142966001e-01
-4.817409999999999748e-01 -1.127150000000000096e+00 -9.334780000000000300e-01 -9.582669999999999799e-01 -9.491460000000000452e-01 -4.895979999999999777e-01 0.000000000000000000e+00 6.227728912055363608e-03 -5.543900000000000494e-01 0.000000000000000000e+00 0.000000000000000000e+00 nan 9.953283785645266057e-01 8.037300687359999474e-02 1.035892641780000040e-01 1.065478251569999951e-01 8.018520000000000536e+00 1.843469999999999942e+01 1.695880000000000010e+01 1.664659999999999940e+01 5.988130921524896788e-01 6.629243941142966001e-01
-4.810949999999999949e-01 -7.580510000000000304e-01 -6.793449999999999767e-01 -1.026159999999999961e+00 -9.751360000000000028e-01 -4.905729999999999813e-01 0.000000000000000000e+00 7.939935368870054688e-03 -6.103159999999999696e-01 0.000000000000000000e+00 0.000000000000000000e+00 nan 9.988287770350843253e-01 8.037300687359999474e-02 1.035892641780000040e-01 1.065478251569999951e-01 8.018520000000000536e+00 1.843469999999999942e+01 1.695880000000000010e+01 1.664659999999999940e+01 4.846869160670936871e-01 6.149012704030506482e-01
-4.805309999999999859e-01 -6.145300000000000207e-01 -5.143170000000000242e-01 -1.046939999999999982e+00 -9.719100000000000517e-01 -4.899879999999999791e-01 0.000000000000000000e+00 9.965510800799215474e-03 -6.942040000000000433e-01 0.000000000000000000e+00 0.000000000000000000e+00 nan 1.000000000000000000e+00 7.795551069049999615e-02 9.144570071419999557e-02 8.872702979799999834e-02 9.792389999999999262e+00 1.492040000000000077e+01 1.493709999999999916e+01 1.532929999999999993e+01 4.846869160670936871e-01 6.149012704030506482e-01
-4.812379999999999991e-01 -8.766209999999999836e-01 -5.889790000000000303e-01 -9.554780000000000495e-01 -8.395519999999999650e-01 -4.896460000000000257e-01 0.000000000000000000e+00 1.234285648018940140e-02 -6.103159999999999696e-01 0.000000000000000000e+00 0.000000000000000000e+00 nan 9.988287770350843253e-01 7.795551069049999615e-02 9.144570071419999557e-02 8.872702979799999834e-02 9.792389999999999262e+00 1.492040000000000077e+01 1.493709999999999916e+01 1.532929999999999993e+01 4.294513154073351657e-01 5.958802513393903766e-01
-4.818319999999999825e-01 -1.266299999999999981e+00 -9.467090000000000227e-01 -9.949850000000000083e-01 -9.401519999999999877e-01 -4.885010000000000185e-01 0.000000000000000000e+00 1.510638798192265320e-02 -3.586520000000000263e-01 0.000000000000000000e+00 0.000000000000000000e+00 nan 9.953283785645266057e-01 8.989649828189999470e-02 6.985273765730000417e-02 9.953816704810000693e-02 8.504789999999999850e+00 1.405460000000000065e+01 1.404260000000000019e+01 1.496359999999999957e+01 4.294513154073351657e-01 5.958802513393903766e-01
-4.814089999999999758e-01 -8.886070000000000357e-01 -7.576460000000000417e-01 -7.857380000000000475e-01 -9.102729999999999988e-01 -4.875419999999999754e-01 0.000000000000000000e+00 1.828614524120197871e-02 -4.425399999999999889e-01 0.000000000000000000e+00 0.000000000000000000e+00 nan 9.895384655016864484e-01 8.989649828189999470e-02 6.985273765730000417e-02 9.953816704810000693e-02 8.504789999999999850e+00 1.405460000000000065e+01 1.404260000000000019e+01 1.496359999999999957e+01 5.550520299631214183e-01 6.444759853923446302e-01
-4.796050000000000035e-01 -4.627439999999999887e-01 -3.658669999999999978e-01 -9.163069999999999826e-01 -9.592019999999999991e-01 -4.885329999999999950e-01 0.000000000000000000e+00 2.190745218908241032e-02 -6.942040000000000433e-01 0.000000000000000000e+00 0.000000000000000000e+00 nan 9.815246398750977486e-01 1.024623090759999994e-01 7.585612449619999476e-02 1.147542087630000068e-01 9.413399999999999324e+00 1.281359999999999921e+01 1.591639999999999944e+01 1.795279999999999987e+01 5.550520299631214183e-01 6.444759853923446302e-01
-4.781190000000000162e-01 -3.186019999999999963e-01 -2.116109999999999935e-01 -1.065490000000000048e+00 -1.027130000000000098e+00 -4.870110000000000272e-01 0.000000000000000000e+00 2.599062982221256313e-02 -6.942040000000000433e-01 0.000000000000000000e+00 0.000000000000000000e+00 nan 9.713777015312722307e-01 1.024623090759999994e-01 7.585612449619999476e-02 1.147542087630000068e-01 9.413399999999999324e+00 1.281359999999999921e+01 1.591639999999999944e+01 1.795279999999999987e+01 5.866755072852908315e-01 5.961696023099344321e-01
-4.801429999999999865e-01 -5.552979999999999583e-01 -4.184559999999999946e-01 -1.011849999999999916e+00 -9.337060000000000359e-01 -4.877299999999999969e-01 0.000000000000000000e+00 3.055076595782302284e-02 -6.103159999999999696e-01 0.000000000000000000e+00 0.000000000000000000e+00 nan 9.592126193361559805e-01 8.140117553770000181e-02 8.116621609559999950e-02 1.269331070099999903e-01 6.878840000000000288e+00 1.533999999999999986e+01 1.709619999999999962e+01 1.988070000000000093e+01 5.866755072852908315e-01 5.961696023099344321e-01
-4.814780000000000171e-01 -9.771260000000000501e-01 -6.866700000000000026e-01 -1.025989999999999958e+00 -9.893849999999999589e-01 -4.900200000000000111e-01 0.000000000000000000e+00 3.559754428272821070e-02 -6.103159999999999696e-01 0.000000000000000000e+00 0.000000000000000000e+00 nan 9.451672285319400180e-01 8.140117553770000181e-02 8.116621609559999950e-02 1.269331070099999903e-01 6.878840000000000288e+00 1.533999999999999986e+01 1.709619999999999962e+01 1.988070000000000093e+01 6.980344236154110149e-01 6.380158442499870297e-01
-4.790670000000000206e-01 -4.009610000000000118e-01 -3.044569999999999776e-01 -1.024669999999999970e+00 -9.359389999999999654e-01 -4.899720000000000186e-01 0.000000000000000000e+00 4.113513463328555275e-02 -6.942040000000000433e-01 0.000000000000000000e+00 0.000000000000000000e+00 nan 9.294006690086894507e-01 5.898245519829999756e-02 7.130045560360000201e-02 1.121430418809999940e-01 1.116890000000000072e+01 1.701109999999999900e+01 1.798610000000000042e+01 1.731439999999999912e+01 6.980344236154110149e-01 6.380158442499870297e-01
-4.806340000000000057e-01 -6.484579999999999789e-01 -4.948710000000000053e-01 -9.647780000000000244e-01 -1.014839999999999964e+00 -4.908230000000000093e-01 0.000000000000000000e+00 4.716214574948340843e-02 -5.543900000000000494e-01 0.000000000000000000e+00 0.000000000000000000e+00 nan 9.093336682317694208e-01 5.898245519829999756e-02 7.130045560360000201e-02 1.121430418809999940e-01 1.116890000000000072e+01 1.701109999999999900e+01 1.798610000000000042e+01 1.731439999999999912e+01 5.184310459145931027e-01 6.825880769125337588e-01
-4.819419999999999815e-01 -1.423559999999999937e+00 -1.071350000000000025e+00 -1.039060000000000095e+00 -1.085040000000000004e+00 -4.913759999999999795e-01 0.000000000000000000e+00 5.367164103847288370e-02 -4.145769999999999733e-01 0.000000000000000000e+00 0.000000000000000000e+00 nan 8.876602310166890053e-01 5.115662702530000133e-02 9.194577619719999928e-02 9.473477209769999574e-02 1.245090000000000074e+01 2.312180000000000035e+01 2.233620000000000161e+01 2.179260000000000019e+01 5.184310459145931027e-01 6.825880769125337588e-01
-4.819280000000000230e-01 -1.402290000000000036e+00 -1.073739999999999917e+00 -1.052450000000000108e+00 -1.064540000000000042e+00 -4.913489999999999802e-01 0.000000000000000000e+00 6.065121716893606685e-02 -4.984649999999999914e-01 0.000000000000000000e+00 0.000000000000000000e+00 nan 8.644216543934999386e-01 5.115662702530000133e-02 9.194577619719999928e-02 9.473477209769999574e-02 1.245090000000000074e+01 2.312180000000000035e+01 2.233620000000000161e+01 2.179260000000000019e+01 6.199429012937622829e-01 7.623423417935495383e-01
-4.819620000000000015e-01 -1.485130000000000061e+00 -1.141319999999999890e+00 -1.036689999999999889e+00 -1.124659999999999993e+00 -4.912880000000000025e-01 0.000000000000000000e+00 6.808314460578690497e-02 -3.306890000000000107e-01 0.000000000000000000e+00 0.000000000000000000e+00 nan 8.396769690471456160e-01 7.314272928569999499e-02 8.859850651650000297e-02 7.997821459899999430e-02 1.596340000000000003e+01 2.671280000000000143e+01 2.461169999999999902e+01 2.227169999999999916e+01 6.199429012937622829e-01 7.623423417935495383e-01
-4.820249999999999813e-01 -1.646670000000000078e+00 -1.327139999999999986e+00 -9.692150000000000487e-01 -1.188339999999999952e+00 -4.911050000000000137e-01 0.000000000000000000e+00 7.594456849288711009e-02 -3.027259999999999951e-01 0.000000000000000000e+00 0.000000000000000000e+00 nan 8.135022704762135959e-01 7.314272928569999499e-02 8.859850651650000297e-02 7.997821459899999430e-02 1.596340000000000003e+01 2.671280000000000143e+01 2.461169999999999902e+01 2.227169999999999916e+01 1.000000000000000000e+00 8.520228678640719977e-01
-4.814120000000000066e-01 -8.917319999999999691e-01 -7.290680000000000494e-01 -9.674509999999999499e-01 -1.151650000000000063e+00 -4.906769999999999743e-01 0.000000000000000000e+00 8.420776760769921321e-02 -6.103159999999999696e-01 0.000000000000000000e+00 0.000000000000000000e+00 nan 7.859898568005303510e-01 7.106102600499999977e-02 8.559482613820000585e-02 9.409522514880000466e-02 1.833020000000000138e+01 2.728630000000000067e+01 2.606820000000000093e+01 2.319780000000000086e+01 1.000000000000000000e+00 8.520228678640719977e-01
-4.813370000000000148e-01 -8.927260000000000195e-01 -6.318529999999999980e-01 -1.062130000000000019e+00 -1.141659999999999897e+00 -4.904629999999999823e-01 0.000000000000000000e+00 9.284046845381443980e-02 -5.543900000000000494e-01 0.000000000000000000e+00 0.000000000000000000e+00 nan 7.572471829865827786e-01 7.106102600499999977e-02 8.559482613820000585e-02 9.409522514880000466e-02 1.833020000000000138e+01 2.728630000000000067e+01 2.606820000000000093e+01 2.319780000000000086e+01 7.535549698341288405e-01 7.009664322416171434e-01
-4.817830000000000168e-01 -1.159920000000000062e+00 -9.359180000000000277e-01 -9.720600000000000351e-01 -1.006410000000000027e+00 -4.909780000000000255e-01 0.000000000000000000e+00 1.018062109325631459e-01 -5.264280000000000070e-01 0.000000000000000000e+00 0.000000000000000000e+00 nan 7.273956433398113264e-01 7.194194737530000550e-02 8.758970299069999965e-02 1.120796506700000028e-01 9.232419999999999405e+00 2.365370000000000061e+01 2.263090000000000046e+01 -1.000000000000000000e+00 7.535549698341288405e-01 7.009664322416171434e-01
-4.808439999999999936e-01 -6.839560000000000084e-01 -5.714550000000000463e-01 -9.794340000000000268e-01 -1.102819999999999911e+00 -4.906190000000000273e-01 0.000000000000000000e+00 1.110647614505009262e-01 -6.942040000000000433e-01 0.000000000000000000e+00 0.000000000000000000e+00 nan 6.965691960586228859e-01 7.194194737530000550e-02 8.758970299069999965e-02 1.120796506700000028e-01 9.232419999999999405e+00 2.365370000000000061e+01 2.263090000000000046e+01 -1.000000000000000000e+00 6.481141535746968163e-01 7.229479686038968733e-01
-4.816090000000000093e-01 -9.872680000000000344e-01 -8.541079999999999783e-01 -9.373580000000000245e-01 -1.024550000000000072e+00 -4.895999999999999797e-01 0.000000000000000000e+00 1.205725687820997649e-01 -6.942040000000000433e-01 0.000000000000000000e+00 0.000000000000000000e+00 nan 6.649128454344751527e-01 6.617303516509999428e-02 6.780957411799999612e-02 1.051648926719999932e-01 1.384469999999999956e+01 1.772660000000000124e+01 -1.000000000000000000e+00 -1.000000000000000000e+00 6.481141535746968163e-01 7.229479686038968733e-01
-4.818890000000000118e-01 -1.352449999999999930e+00 -9.573960000000000248e-01 -1.064159999999999995e+00 -1.176889999999999992e+00 -4.891849999999999810e-01 0.000000000000000000e+00 1.302832575225341127e-01 -6.103159999999999696e-01 0.000000000000000000e+00 0.000000000000000000e+00 nan 6.325809988953147167e-01 6.617303516509999428e-02 6.780957411799999612e-02 1.051648926719999932e-01 1.384469999999999956e+01 1.772660000000000124e+01 -1.000000000000000000e+00 -1.000000000000000000e+00 6.375382895594851052e-01 6.830601758644740951e-01
-4.815840000000000121e-01 -9.643199999999999550e-01 -8.684319999999999817e-01 -1.082810000000000050e+00 -1.154109999999999969e+00 -4.881380000000000163e-01 0.000000000000000000e+00 1.401481535395497913e-01 -6.103159999999999696e-01 0.000000000000000000e+00 0.000000000000000000e+00 nan 5.997357175077191460e-01 5.331726865710000041e-02 6.673329161219999917e-02 9.384726260240000562e-02 6.115789999999999615e+00 -1.000000000000000000e+00 -1.000000000000000000e+00 -1.000000000000000000e+00 6.375382895594851052e-01 6.830601758644740951e-01
-4.792660000000000253e-01 -4.246809999999999752e-01 -3.154560000000000142e-01 -1.047770000000000090e+00 -1.088880000000000070e+00 -4.881289999999999796e-01 0.000000000000000000e+00 1.501168354708303232e-01 -6.942040000000000433e-01 0.000000000000000000e+00 0.000000000000000000e+00 nan 5.665448797602570252e-01 5.331726865710000041e-02 6.673329161219999917e-02 9.384726260240000562e-02 6.115789999999999615e+00 -1.000000000000000000e+00 -1.000000000000000000e+00 -1.000000000000000000e+00 0.000000000000000000e+00 0.000000000000000000e+00
