-4.220829999999999860e-01 -1.437060000000000073e-02 -1.029010000000000064e-01 -7.532849999999999824e-01 -7.738310000000000466e-01 -5.772659999999999458e-01 0.000000000000000000e+00 1.697997447634620460e-01 -1.001219999999999999e+00 6.358053598011870200e-02 3.166129910875296050e-01 nan 0.000000000000000000e+00 1.942759851950000005e-01 2.672697710669999852e-02 1.642277296109999896e-01 -1.000000000000000000e+00 -1.000000000000000000e+00 -1.000000000000000000e+00 -1.000000000000000000e+00 0.000000000000000000e+00 0.000000000000000000e+00
-4.255050000000000221e-01 -7.122330000000000327e-02 -9.229900000000000604e-02 -7.543670000000000098e-01 -7.358000000000000096e-01 -5.529669999999999863e-01 0.000000000000000000e+00 1.591742568408704983e-01 -4.544300000000000006e-01 7.321438507224076186e-02 3.405524643034331111e-01 nan 0.000000000000000000e+00 2.040294886189999990e-01 2.783419628349999980e-02 1.739931278740000087e-01 3.912770000000000081e+00 -1.000000000000000000e+00 -1.000000000000000000e+00 -1.000000000000000000e+00 0.000000000000000000e+00 0.000000000000000000e+00
-4.422579999999999845e-01 -3.557899999999999952e-01 -2.737490000000000201e-01 -8.786380000000000301e-01 -9.055320000000000036e-01 -5.264149999999999663e-01 0.000000000000000000e+00 1.486041063769479864e-01 -4.544300000000000006e-01 8.321906943284840263e-02 3.637346506807549451e-01 nan 0.000000000000000000e+00 2.040294886189999990e-01 2.783419628349999980e-02 1.739931278740000087e-01 3.912770000000000081e+00 -1.000000000000000000e+00 -1.000000000000000000e+00 -1.000000000000000000e+00 0.000000000000000000e+00 0.000000000000000000e+00
-4.344709999999999961e-01 -1.785410000000000053e-01 -2.207220000000000015e-01 -8.915020000000000167e-01 -9.239119999999999555e-01 -5.422400000000000553e-01 0.000000000000000000e+00 1.381440038348445976e-01 -8.189589999999999925e-01 9.369658318429519017e-02 3.858968867847083484e-01 nan 0.000000000000000000e+00 2.076198314250000121e-01 3.369419797499999952e-02 1.659845167510000108e-01 1.073770000000000024e+01 1.333169999999999966e+01 -1.000000000000000000e+00 -1.000000000000000000e+00 0.000000000000000000e+00 0.000000000000000000e+00
-4.436280000000000223e-01 -3.888119999999999910e-01 -2.982429999999999803e-01 -7.656539999999999457e-01 -6.934019999999999628e-01 -4.499779999999999891e-01 0.000000000000000000e+00 1.292779561396936172e-01 -8.189589999999999925e-01 1.047435631030029235e-01 4.067880656246556370e-01 nan 0.000000000000000000e+00 2.076198314250000121e-01 3.369419797499999952e-02 1.659845167510000108e-01 1.073770000000000024e+01 1.333169999999999966e+01 -1.000000000000000000e+00 -1.000000000000000000e+00 7.737060311334775786e-01 7.640972241765870976e-01
-3.435230000000000228e-01 4.189990000000000103e-01 3.606300000000000061e-01 -9.818369999999999598e-01 -1.008150000000000102e+00 -4.172850000000000170e-01 1.165748808941713399e-03 1.221041804757138083e-01 -1.001219999999999999e+00 1.164501936861720433e-01 4.261714817966485436e-01 nan 0.000000000000000000e+00 1.906020338889999888e-01 4.271900641470000037e-02 2.144131724130000083e-01 6.394239999999999924e+00 1.827840000000000131e+01 1.760480000000000089e+01 -1.000000000000000000e+00 7.737060311334775786e-01 7.640972241765870976e-01
-4.362889999999999824e-01 -2.791100000000000247e-01 -1.236249999999999988e-01 -7.238689999999999847e-01 -5.849670000000000147e-01 -4.578269999999999840e-01 4.555950091687188674e-03 1.153805721730416511e-01 -8.189589999999999925e-01 1.288991853253907971e-01 4.438275134502382979e-01 nan 0.000000000000000000e+00 1.906020338889999888e-01 4.271900641470000037e-02 2.144131724130000083e-01 6.394239999999999924e+00 1.827840000000000131e+01 1.760480000000000089e+01 -1.000000000000000000e+00 8.034836119006023569e-01 7.919117440126081098e-01
-3.317939999999999778e-01 4.485750000000000015e-01 4.188290000000000068e-01 -8.744429999999999703e-01 -7.640980000000000549e-01 -5.163470000000000004e-01 9.113194174476868525e-03 1.093370758034784007e-01 -8.189589999999999925e-01 1.421648371648501774e-01 4.595561106917973593e-01 nan 0.000000000000000000e+00 1.850987038609999968e-01 6.781833925850000444e-02 1.890627794949999996e-01 1.243650000000000055e+01 1.697850000000000037e+01 1.939709999999999823e+01 2.389140000000000086e+01 8.034836119006023569e-01 7.919117440126081098e-01
-3.649169999999999914e-01 3.339210000000000234e-01 2.878660000000000108e-01 -7.298940000000000428e-01 -6.840500000000000469e-01 -5.275570000000000537e-01 1.406211973063931087e-02 1.041959299988637344e-01 -4.544300000000000006e-01 1.563121952623519606e-01 4.731790622297502580e-01 nan 0.000000000000000000e+00 1.850987038609999968e-01 6.781833925850000444e-02 1.890627794949999996e-01 1.243650000000000055e+01 1.697850000000000037e+01 1.939709999999999823e+01 2.389140000000000086e+01 6.720085525801151594e-01 7.661547794382060905e-01
-4.540859999999999896e-01 -7.850099999999999856e-01 -5.624660000000000215e-01 -4.869950000000000112e-01 -6.446370000000000156e-01 -5.201219999999999732e-01 1.970409000682049605e-02 1.001691493985755743e-01 -4.544300000000000006e-01 1.713963155914817182e-01 4.845420145797167955e-01 nan 0.000000000000000000e+00 2.276918192800000129e-01 1.089790270320000060e-01 1.290401202989999996e-01 1.429710000000000036e+01 1.849909999999999854e+01 2.063710000000000022e+01 2.541839999999999833e+01 6.720085525801151594e-01 7.661547794382060905e-01
-4.409620000000000206e-01 -2.675910000000000233e-01 -3.792820000000000080e-01 -9.023630000000000262e-01 -9.732760000000000300e-01 -5.660009999999999764e-01 2.626157697929576429e-02 9.745612243894952176e-02 -1.001219999999999999e+00 1.874616402354302158e-01 4.935162209511665399e-01 nan 0.000000000000000000e+00 2.276918192800000129e-01 1.089790270320000060e-01 1.290401202989999996e-01 1.429710000000000036e+01 1.849909999999999854e+01 2.063710000000000022e+01 2.541839999999999833e+01 9.218481917029544004e-01 1.000000000000000000e+00
-4.496180000000000176e-01 -6.028250000000000552e-01 -3.845569999999999822e-01 -7.123570000000000180e-01 -6.773090000000000499e-01 -4.952790000000000248e-01 3.394883820392580187e-02 9.624135220262231005e-02 -8.189589999999999925e-01 2.045414938404312988e-01 5.000000000000000000e-01 nan 0.000000000000000000e+00 3.263049786680000119e-01 1.250064544439999925e-01 1.089883882430000006e-01 6.366970000000000240e+00 1.798529999999999873e+01 2.137879999999999825e+01 2.691189999999999927e+01 9.218481917029544004e-01 1.000000000000000000e+00
-3.559019999999999961e-01 3.614470000000000183e-01 3.431699999999999751e-01 -7.614689999999999515e-01 -7.700669999999999460e-01 8.857909999999999395e-02 4.295908505890400075e-02 9.669236592488328341e-02 -8.189589999999999925e-01 2.226577060342054271e-01 5.039198879188072633e-01 nan 0.000000000000000000e+00 3.263049786680000119e-01 1.250064544439999925e-01 1.089883882430000006e-01 6.366970000000000240e+00 1.798529999999999873e+01 2.137879999999999825e+01 2.691189999999999927e+01 7.013585043414773956e-01 8.824691913932902754e-01
-4.277900000000000036e-01 -1.394229999999999914e-01 -4.490870000000000278e-02 -5.877189999999999914e-01 -5.634799999999999809e-01 2.386919999999999931e+00 5.351839297055871469e-02 9.895781684315774207e-02 -8.189589999999999925e-01 2.418203640875540295e-01 5.052314708111604880e-01 nan 0.000000000000000000e+00 4.424069168649999995e-01 1.210548768540000014e-01 1.189724338160000061e-01 2.632600000000000051e+01 3.130649999999999977e+01 3.240740000000000265e+01 3.157679999999999865e+01 7.013585043414773956e-01 8.824691913932902754e-01
-3.952559999999999962e-01 1.715659999999999963e-01 1.548670000000000047e-01 -8.227379999999999693e-01 -8.171589999999999687e-01 3.064599999999999991e+00 6.587142121405631379e-02 1.031657998964269352e-01 -8.189589999999999925e-01 2.620276986215508419e-01 5.039198879188073743e-01 nan 0.000000000000000000e+00 4.424069168649999995e-01 1.210548768540000014e-01 1.189724338160000061e-01 2.632600000000000051e+01 3.130649999999999977e+01 3.240740000000000265e+01 3.157679999999999865e+01 7.209720737399283319e-02 6.186893560602507725e-01
4.571669999999999900e-01 1.170760000000000023e+00 1.337569999999999926e+00 5.217570000000000263e-01 8.410389999999999810e-01 3.649830000000000130e+00 7.845413841155823853e-02 1.094224003583870175e-01 -8.189589999999999925e-01 2.832661036553130174e-01 5.000000000000000000e-01 nan 0.000000000000000000e+00 5.363748107239999507e-01 8.182580307549999765e-02 1.123514729269999984e-01 1.025350000000000072e+01 3.043339999999999890e+01 3.478979999999999961e+01 3.224320000000000164e+01 7.209720737399283319e-02 6.186893560602507725e-01
9.353030000000000399e+00 2.188099999999999934e+00 2.223100000000000076e+00 4.499520000000000186e-01 6.523390000000000022e-01 4.605290000000000106e+00 9.119746170920162154e-02 1.178104918489072395e-01 -6.366950000000000109e-01 3.055102907671999324e-01 4.935162209511666509e-01 nan 0.000000000000000000e+00 5.363748107239999507e-01 8.182580307549999765e-02 1.123514729269999984e-01 1.025350000000000072e+01 3.043339999999999890e+01 3.478979999999999961e+01 3.224320000000000164e+01 4.109984094286980305e-01 7.266766104747699462e-01
8.364270000000000316e-01 1.287290000000000045e+00 1.514920000000000044e+00 6.334739999999999815e-01 9.282730000000000148e-01 2.309130000000000127e+00 1.057807656120262063e-01 1.283887973428028406e-01 -8.189589999999999925e-01 3.287235756227356864e-01 4.845420145797169065e-01 nan 0.000000000000000000e+00 4.805543493200000182e-01 7.621175466979999980e-02 1.109111159249999978e-01 1.933079999999999998e+01 3.040299999999999869e+01 3.486379999999999768e+01 3.787420000000000186e+01 4.109984094286980305e-01 7.266766104747699462e-01
-4.929719999999999935e-02 9.647059999999999524e-01 7.514349999999999641e-01 6.252689999999999637e-01 7.361450000000000493e-01 2.592639999999999834e+00 1.222068140483881793e-01 1.411912238150656584e-01 -1.001219999999999999e+00 3.528582936227773192e-01 4.731790622297502580e-01 nan 0.000000000000000000e+00 4.805543493200000182e-01 7.621175466979999980e-02 1.109111159249999978e-01 1.933079999999999998e+01 3.040299999999999869e+01 3.486379999999999768e+01 3.787420000000000186e+01 1.000000000000000000e+00 8.630318608367182343e-01
1.011840000000000073e+00 1.430779999999999941e+00 1.414080000000000004e+00 5.267939999999999845e-01 6.747009999999999952e-01 1.249030000000000085e+00 1.402894933259875021e-01 1.562264780612888648e-01 -1.001219999999999999e+00 3.778563399624682573e-01 4.595561106917973593e-01 nan 0.000000000000000000e+00 3.348744520229999799e-01 7.413811670200000370e-02 1.067854444620000010e-01 1.181310000000000038e+01 3.143359999999999843e+01 4.626700000000000301e+01 4.947279999999999944e+01 1.000000000000000000e+00 8.630318608367182343e-01
-3.794870000000000188e-01 2.366590000000000082e-01 1.773129999999999984e-01 7.461280000000000134e-01 8.231330000000000036e-01 9.347429999999999906e-01 1.598239194631368987e-01 1.734779680461941975e-01 -6.366950000000000109e-01 4.036498279818955259e-01 4.438275134502384089e-01 nan 0.000000000000000000e+00 3.348744520229999799e-01 7.413811670200000370e-02 1.067854444620000010e-01 1.181310000000000038e+01 3.143359999999999843e+01 4.626700000000000301e+01 4.947279999999999944e+01 9.632134755286694272e-01 8.175623911418806733e-01
5.164729999999999599e-01 1.236080000000000068e+00 1.305500000000000105e+00 8.562459999999999516e-01 8.623349999999999627e-01 2.687080000000000024e-01 1.817388476331843750e-01 1.929039908980211271e-01 -8.990080000000000293e-02 4.301618583490721681e-01 4.261714817966485436e-01 nan 0.000000000000000000e+00 2.699165217569999831e-01 7.348976892269999672e-02 1.022914434250000032e-01 1.873669999999999902e+01 4.706349999999999767e+01 5.706389999999999674e+01 6.178649999999999665e+01 9.632134755286694272e-01 8.175623911418806733e-01
-3.248400000000000176e-01 4.522769999999999846e-01 4.416869999999999963e-01 9.140460000000000251e-01 1.090170000000000083e+00 6.307209999999999761e-01 2.065813797999187518e-01 2.144382054187274900e-01 1.185950000000000060e+00 4.573073903600965995e-01 4.067880656246557480e-01 nan 0.000000000000000000e+00 2.699165217569999831e-01 7.348976892269999672e-02 1.022914434250000032e-01 1.873669999999999902e+01 4.706349999999999767e+01 5.706389999999999674e+01 6.178649999999999665e+01 8.494589450079529369e-01 7.630684465457775456e-01
-1.811119999999999952e-01 7.345409999999999995e-01 7.666619999999999546e-01 8.722710000000000186e-01 9.898179999999999756e-01 -1.893720000000000125e-01 2.331003601908373524e-01 2.379903837562724611e-01 6.391580000000000039e-01 4.849942054843074946e-01 3.858968867847084594e-01 nan 0.000000000000000000e+00 2.347736231710000065e-01 6.997429115309999892e-02 1.002093100260000036e-01 2.059329999999999927e+01 4.907000000000000028e+01 6.160229999999999961e+01 6.489610000000000412e+01 8.494589450079529369e-01 7.630684465457775456e-01
-3.484900000000000220e-01 4.246590000000000087e-01 2.125009999999999954e-01 9.476360000000000339e-01 1.028229999999999977e+00 -2.818459999999999854e-01 2.605054898051363255e-01 2.634474337222325602e-01 -1.001219999999999999e+00 5.131239522370856232e-01 3.637346506807549451e-01 nan 0.000000000000000000e+00 2.347736231710000065e-01 6.997429115309999892e-02 1.002093100260000036e-01 2.059329999999999927e+01 4.907000000000000028e+01 6.160229999999999961e+01 6.489610000000000412e+01 4.235143803290657427e-01 6.747999512190545612e-01
-2.145380000000000065e-01 7.091589999999999838e-01 6.487399999999999833e-01 7.861200000000000410e-01 8.453680000000000083e-01 -4.643559999999999910e-01 2.887561534274748487e-01 2.906746801714865658e-01 9.236379999999999590e-02 5.415932605414737200e-01 3.405524643034331111e-01 nan 0.000000000000000000e+00 2.666683924220000224e-01 7.109077904820000626e-02 9.965039494270000464e-02 2.147090000000000032e+01 4.906750000000000256e+01 5.894930000000000092e+01 6.173270000000000124e+01 4.235143803290657427e-01 6.747999512190545612e-01
-4.295570000000000221e-01 -1.996880000000000044e-01 -2.590270000000000072e-01 7.571020000000000527e-01 9.170369999999999910e-01 -5.411409999999999831e-01 3.178336687270372218e-01 3.195173909254227507e-01 6.391580000000000039e-01 5.702949129524528260e-01 3.166129910875296050e-01 nan 0.000000000000000000e+00 2.666683924220000224e-01 7.109077904820000626e-02 9.965039494270000464e-02 2.147090000000000032e+01 4.906750000000000256e+01 5.894930000000000092e+01 6.173270000000000124e+01 2.752731349899611990e-01 6.557503666388366792e-01
-4.107720000000000260e-01 -4.231879999999999670e-02 -8.489349999999999674e-02 6.985019999999999563e-01 8.279029999999999445e-01 -6.061929999999999819e-01 3.464463862931912441e-01 3.498025299493509044e-01 1.915010000000000101e+00 5.991190594734361330e-01 2.921874748303090463e-01 nan 0.000000000000000000e+00 3.645574072550000211e-01 5.285622560489999788e-02 9.969686403720000312e-02 2.709169999999999945e+01 7.286650000000000205e+01 8.147100000000000364e+01 7.706159999999999854e+01 2.752731349899611990e-01 6.557503666388366792e-01
-4.267799999999999927e-01 -1.282770000000000021e-01 -2.796150000000000024e-01 8.187879999999999603e-01 7.448430000000000328e-01 -5.250470000000000415e-01 3.738804835642757229e-01 3.813407179199163055e-01 1.732750000000000012e+00 6.279544622006243415e-01 2.675526663909066905e-01 nan 0.000000000000000000e+00 3.645574072550000211e-01 5.285622560489999788e-02 9.969686403720000312e-02 2.709169999999999945e+01 7.286650000000000205e+01 8.147100000000000364e+01 7.706159999999999854e+01 3.173528721545721965e-01 5.572972854654671959e-01
-3.917959999999999776e-01 8.107849999999999779e-02 -8.029740000000000488e-02 1.270229999999999970e+00 1.411750000000000060e+00 -7.257890000000000175e-02 4.011957956165695949e-01 4.139283779685060116e-01 6.391580000000000039e-01 6.566897556929043311e-01 2.429876879925108035e-01 nan 0.000000000000000000e+00 4.791165271430000150e-01 5.046166751919999721e-02 1.198769774069999988e-01 3.381750000000000256e+01 7.583689999999999998e+01 9.174120000000000630e+01 8.635760000000000502e+01 3.173528721545721965e-01 5.572972854654671959e-01
-1.849349999999999883e-01 6.415129999999999999e-01 4.464429999999999787e-01 1.906349999999999989e+00 2.083650000000000002e+00 4.736759999999999859e-01 4.287242511371683884e-01 4.473500422885152705e-01 1.368219999999999992e+00 6.852147087867961339e-01 2.187708706560428373e-01 nan 0.000000000000000000e+00 4.791165271430000150e-01 5.046166751919999721e-02 1.198769774069999988e-01 3.381750000000000256e+01 7.583689999999999998e+01 9.174120000000000630e+01 8.635760000000000502e+01 2.821308440457875877e-01 5.590233804569774145e-01
3.779819999999999847e-01 1.113429999999999920e+00 1.217419999999999947e+00 7.558840000000000003e-01 1.064650000000000096e+00 9.983090000000000019e-01 4.561539417252110651e-01 4.822590950584882963e-01 8.214219999999999855e-01 7.134214735595809653e-01 1.951766005984739705e-01 nan 0.000000000000000000e+00 6.166014883889999743e-01 3.688100130610000305e-02 1.332734994249999971e-01 1.661649999999999849e+01 5.683979999999999677e+01 7.405100000000000193e+01 7.817419999999999902e+01 2.821308440457875877e-01 5.590233804569774145e-01
1.453140000000000098e+00 1.418809999999999905e+00 1.487770000000000037e+00 1.319509999999999961e+00 1.467689999999999939e+00 2.123899999999999899e+00 4.838335137355239679e-01 5.176282261431366383e-01 4.568929999999999936e-01 7.412058072893596972e-01 1.724722103273483853e-01 nan 0.000000000000000000e+00 6.166014883889999743e-01 3.688100130610000305e-02 1.332734994249999971e-01 1.661649999999999849e+01 5.683979999999999677e+01 7.405100000000000193e+01 7.817419999999999902e+01 3.160752001251596610e-01 5.922882328477128144e-01
1.386800000000000033e+00 1.399739999999999984e+00 1.405030000000000001e+00 1.457869999999999999e+00 1.503049999999999997e+00 2.522769999999999957e+00 5.126437720722010205e-01 5.532755061228211702e-01 6.391580000000000039e-01 7.684682535667459735e-01 1.509149496566524196e-01 nan 0.000000000000000000e+00 6.699872398970000420e-01 3.875791731210000146e-02 1.128866905879999938e-01 1.376970000000000027e+01 3.497910000000000252e+01 5.253520000000000323e+01 6.073980000000000246e+01 3.160752001251596610e-01 5.922882328477128144e-01
9.128039999999999488e-01 1.279349999999999987e+00 1.360349999999999948e+00 1.253039999999999932e+00 1.275859999999999994e+00 2.022800000000000153e+00 5.417376166391900671e-01 5.890158540397794074e-01 4.568929999999999936e-01 7.951152691757237267e-01 1.307490709636286441e-01 nan 0.000000000000000000e+00 6.699872398970000420e-01 3.875791731210000146e-02 1.128866905879999938e-01 1.376970000000000027e+01 3.497910000000000252e+01 5.253520000000000323e+01 6.073980000000000246e+01 3.569554900784855933e-01 6.270696723233801784e-01
1.058619999999999894e+00 1.320340000000000069e+00 1.393420000000000103e+00 8.843400000000000150e-01 1.154800000000000049e+00 1.833490000000000064e+00 5.698612660635063998e-01 6.246631344393316354e-01 4.568929999999999936e-01 8.210602839756648841e-01 1.122030617117458773e-01 nan 0.000000000000000000e+00 7.221262127649999973e-01 3.096764458670000011e-02 9.658315051620000591e-02 1.063260000000000005e+01 3.109990000000000165e+01 4.330510000000000304e+01 5.061749999999999972e+01 3.569554900784855933e-01 6.270696723233801784e-01
1.128670000000000062e+00 1.344980000000000064e+00 1.376139999999999919e+00 1.303379999999999983e+00 1.427070000000000061e+00 1.530240000000000045e+00 5.967271342520683586e-01 6.586017165562518816e-01 4.568929999999999936e-01 8.462246817756118311e-01 9.548705559643699825e-02 nan 0.000000000000000000e+00 7.221262127649999973e-01 3.096764458670000011e-02 9.658315051620000591e-02 1.063260000000000005e+01 3.109990000000000165e+01 4.330510000000000304e+01 5.061749999999999972e+01 3.853093791556935210e-01 6.482987645287479062e-01
1.412770000000000081e+00 1.426390000000000047e+00 1.406279999999999974e+00 1.760569999999999968e+00 1.476320000000000077e+00 1.199049999999999949e+00 6.220660860726292540e-01 6.906030774001976624e-01 4.568929999999999936e-01 8.705386910871362183e-01 8.079045164636577958e-02 nan 0.000000000000000000e+00 7.699513185459999631e-01 2.695295772990000116e-02 8.008188287699999353e-02 9.075900000000000745e+00 2.655199999999999960e+01 3.776219999999999999e+01 4.204270000000000351e+01 3.853093791556935210e-01 6.482987645287479062e-01
1.397899999999999920e+00 1.433999999999999941e+00 1.347609999999999975e+00 1.732010000000000050e+00 1.615220000000000100e+00 1.257730000000000015e+00 6.460582535360477330e-01 7.217817719194288273e-01 2.746279999999999832e-01 8.911263984840417374e-01 7.841738810761555989e-02 nan 0.000000000000000000e+00 7.699513185459999631e-01 2.695295772990000116e-02 8.008188287699999353e-02 9.075900000000000745e+00 2.655199999999999960e+01 3.776219999999999999e+01 4.204270000000000351e+01 3.904096372975932594e-01 6.445745269655438481e-01
1.050640000000000018e+00 1.337029999999999941e+00 1.200939999999999896e+00 1.757560000000000011e+00 1.507200000000000095e+00 2.251119999999999788e+00 6.675384559727353118e-01 7.517845330466688125e-01 4.568929999999999936e-01 9.106620378508610836e-01 7.870222811177285394e-02 nan 0.000000000000000000e+00 7.850661532420000199e-01 2.897060292240000168e-02 7.975205031899999797e-02 6.661520000000000330e+00 2.030610000000000070e+01 2.941619999999999990e+01 3.254970000000000141e+01 3.904096372975932594e-01 6.445745269655438481e-01
1.084100000000000064e+00 1.333320000000000061e+00 1.208800000000000097e+00 1.539139999999999953e+00 1.425810000000000022e+00 2.325849999999999973e+00 6.872988651459867038e-01 7.817019608587602031e-01 8.214219999999999855e-01 9.289242625875229198e-01 8.241707147273302780e-02 nan 0.000000000000000000e+00 7.850661532420000199e-01 2.897060292240000168e-02 7.975205031899999797e-02 6.661520000000000330e+00 2.030610000000000070e+01 2.941619999999999990e+01 3.254970000000000141e+01 3.928554666110400939e-01 6.367070360259790007e-01
1.645199999999999996e+00 1.483260000000000023e+00 1.422239999999999949e+00 1.751519999999999966e+00 1.584240000000000093e+00 1.404819999999999958e+00 7.076078246647331538e-01 8.112578938305579079e-01 6.391580000000000039e-01 9.457061543905459500e-01 9.029515469579985076e-02 nan 0.000000000000000000e+00 7.930774402700000447e-01 3.297996755279999914e-02 8.186513519009999684e-02 7.244939999999999714e+00 1.499540000000000006e+01 1.862549999999999883e+01 2.110770000000000124e+01 3.928554666110400939e-01 6.367070360259790007e-01
2.512529999999999930e+00 1.687939999999999996e+00 1.566170000000000062e+00 1.584459999999999980e+00 1.307279999999999998e+00 1.013439999999999896e+00 7.274583945528720896e-01 8.388591185821321350e-01 9.236379999999999590e-02 9.608175677200981868e-01 9.255469132359750439e-02 nan 0.000000000000000000e+00 7.930774402700000447e-01 3.297996755279999914e-02 8.186513519009999684e-02 7.244939999999999714e+00 1.499540000000000006e+01 1.862549999999999883e+01 2.110770000000000124e+01 3.940601288102004718e-01 6.289364815805026376e-01
1.531150000000000011e+00 1.488459999999999894e+00 1.326719999999999899e+00 1.402460000000000040e+00 1.335080000000000044e+00 1.240620000000000056e+00 7.458598507413018996e-01 8.644117191764955077e-01 2.746279999999999832e-01 9.740872842249413965e-01 9.930769975413233919e-02 nan 0.000000000000000000e+00 8.087028526370000359e-01 3.383338174159999934e-02 7.507536804719999735e-02 2.646850000000000147e+00 1.167839999999999989e+01 1.499419999999999931e+01 1.522439999999999927e+01 3.940601288102004718e-01 6.289364815805026376e-01
9.096530000000000449e-01 1.278569999999999984e+00 1.198690000000000033e+00 1.199770000000000003e+00 1.125469999999999970e+00 1.199610000000000065e+00 7.629880965037638685e-01 8.878449914069499460e-01 8.214219999999999855e-01 9.853649527147662068e-01 1.104776657035212439e-01 nan 0.000000000000000000e+00 8.087028526370000359e-01 3.383338174159999934e-02 7.507536804719999735e-02 2.646850000000000147e+00 1.167839999999999989e+01 1.499419999999999931e+01 1.522439999999999927e+01 3.933561054470547935e-01 6.154404200164480532e-01
1.541309999999999958e+00 1.456139999999999990e+00 1.477360000000000007e+00 1.395529999999999937e+00 1.390149999999999997e+00 1.154609999999999914e+00 7.789617176830653245e-01 9.091122439040022485e-01 1.003689999999999971e+00 9.945227926992549206e-01 1.259380289942655384e-01 nan 0.000000000000000000e+00 8.033401880520000260e-01 3.498017763619999665e-02 7.228013805239999479e-02 7.256789999999999630e+00 1.211059999999999981e+01 1.485950000000000060e+01 1.459689999999999976e+01 3.933561054470547935e-01 6.154404200164480532e-01
1.148789999999999978e+00 1.345830000000000082e+00 1.340419999999999945e+00 1.285910000000000108e+00 1.426409999999999956e+00 1.142889999999999961e+00 7.939422082217209020e-01 9.281913271672350696e-01 6.391580000000000039e-01 9.985495413563263423e-01 1.458438494732644530e-01 nan 1.013761985086436557e-02 8.033401880520000260e-01 3.498017763619999665e-02 7.228013805239999479e-02 7.256789999999999630e+00 1.211059999999999981e+01 1.485950000000000060e+01 1.459689999999999976e+01 3.908581262548564972e-01 6.177262450867269106e-01
8.385780000000000456e-01 1.265079999999999982e+00 1.170230000000000103e+00 1.219789999999999930e+00 1.385119999999999907e+00 1.082980000000000054e+00 8.080291031055831796e-01 9.450848845279991028e-01 2.746279999999999832e-01 1.000000000000000000e+00 1.702998181811589129e-01 nan 2.060547164235959627e-02 7.931387293010000450e-01 3.527570845510000219e-02 6.937820595349999953e-02 2.054100000000000037e+00 1.050799999999999912e+01 1.307980000000000054e+01 1.243410000000000082e+01 3.908581262548564972e-01 6.177262450867269106e-01
8.388360000000000261e-01 1.262399999999999967e+00 1.153010000000000090e+00 1.697070000000000078e+00 1.588610000000000078e+00 9.035879999999999468e-01 8.213228604770423935e-01 9.598203221994114909e-01 6.391580000000000039e-01 9.986423831604412937e-01 1.990288392203797274e-01 nan 3.206027759590568404e-02 7.931387293010000450e-01 3.527570845510000219e-02 6.937820595349999953e-02 2.054100000000000037e+00 1.050799999999999912e+01 1.307980000000000054e+01 1.243410000000000082e+01 3.886626163594170125e-01 6.120914204948764148e-01
8.893130000000000202e-01 1.274899999999999922e+00 1.224310000000000009e+00 1.441119999999999957e+00 1.673859999999999904e+00 7.383089999999999931e-01 8.339526898633828900e-01 9.724494987530105661e-01 1.550480000000000080e+00 9.942767219850903171e-01 2.317054013030178661e-01 nan 4.514757734789986987e-02 7.970428877909999654e-01 3.269109027549999685e-02 7.008997977790000500e-02 4.589150000000000063e+00 6.493909999999999627e+00 8.384080000000000865e+00 8.767170000000000130e+00 3.886626163594170125e-01 6.120914204948764148e-01
1.230189999999999895e+00 1.386179999999999968e+00 1.363809999999999967e+00 1.501740000000000075e+00 1.689799999999999969e+00 6.892340000000000133e-01 8.460673490598221713e-01 9.830481375404189759e-01 1.915010000000000101e+00 9.896446308014356097e-01 2.679592659237852725e-01 nan 6.049441372769182035e-02 7.970428877909999654e-01 3.269109027549999685e-02 7.008997977790000500e-02 4.589150000000000063e+00 6.493909999999999627e+00 8.384080000000000865e+00 8.767170000000000130e+00 3.879064431175198724e-01 6.092771351826316018e-01
1.063690000000000024e+00 1.340189999999999992e+00 1.289809999999999901e+00 1.663780000000000037e+00 1.778450000000000086e+00 7.507449999999999957e-01 8.578596234797538633e-01 9.917149687175116357e-01 1.550480000000000080e+00 9.819828158743381108e-01 3.073796623102197367e-01 nan 7.870222811177274291e-02 7.950735757319999930e-01 3.505178578999999794e-02 7.096824599970000258e-02 2.130889999999999951e+00 5.637979999999999769e+00 7.216140000000000221e+00 7.700929999999999609e+00 3.879064431175198724e-01 6.092771351826316018e-01
8.383190000000000364e-01 1.265600000000000058e+00 1.194700000000000095e+00 1.310070000000000068e+00 1.617410000000000014e+00 6.432149999999999812e-01 8.694664067673669727e-01 9.971400607895939405e-01 1.550480000000000080e+00 9.713780886284275606e-01 3.495199416196713704e-01 nan 1.003400458526568784e-01 7.950735757319999930e-01 3.505178578999999794e-02 7.096824599970000258e-02 2.130889999999999951e+00 5.637979999999999769e+00 7.216140000000000221e+00 7.700929999999999609e+00 3.831608041511304075e-01 6.082639924702233358e-01
1.050629999999999953e+00 1.341660000000000075e+00 1.307220000000000049e+00 1.293770000000000087e+00 1.453119999999999967e+00 5.084459999999999535e-01 8.810485618154717535e-01 9.994179600019438281e-01 1.550480000000000080e+00 9.579506048608342761e-01 3.939026376491630010e-01 nan 1.259380289942655384e-01 7.799606188300000076e-01 3.420196366870000004e-02 7.607835843820000277e-02 2.702459999999999862e+00 5.941360000000000419e+00 7.507089999999999819e+00 8.431680000000000064e+00 3.831608041511304075e-01 6.082639924702233358e-01
9.684850000000000403e-01 1.339229999999999920e+00 1.293560000000000043e+00 1.589609999999999967e+00 1.476799999999999891e+00 5.221909999999999608e-01 8.920978236119843086e-01 1.000000000000000000e+00 1.185950000000000060e+00 9.418525033279954162e-01 4.400248767182549647e-01 nan 1.458438494732644530e-01 7.799606188300000076e-01 3.420196366870000004e-02 7.607835843820000277e-02 2.702459999999999862e+00 5.941360000000000419e+00 7.507089999999999819e+00 8.431680000000000064e+00 3.763135250710543112e-01 6.061376435676382179e-01
6.314260000000000428e-01 1.213829999999999965e+00 1.154870000000000063e+00 1.492969999999999908e+00 1.449289999999999967e+00 6.102699999999999791e-01 9.015843790505466693e-01 9.988795860380131897e-01 1.003689999999999971e+00 9.232661819527528957e-01 4.873640754287829058e-01 nan 1.702998181811589129e-01 7.710949142140000045e-01 3.085018321680000133e-02 8.359312413449999923e-02 2.846319999999999961e+00 5.771989999999999732e+00 7.656819999999999737e+00 9.979070000000000107e+00 3.763135250710543112e-01 6.061376435676382179e-01
3.808570000000000011e-01 1.082899999999999974e+00 1.046759999999999913e+00 1.717090000000000005e+00 1.384900000000000020e+00 5.981649999999999467e-01 9.103076322699246159e-01 9.960694128538675196e-01 6.391580000000000039e-01 9.052180083621451656e-01 5.353838617435722202e-01 nan 1.990288392203797274e-01 7.710949142140000045e-01 3.085018321680000133e-02 8.359312413449999923e-02 2.846319999999999961e+00 5.771989999999999732e+00 7.656819999999999737e+00 9.979070000000000107e+00 3.679643294829338940e-01 6.111032936519105174e-01
6.041579999999999728e-01 1.196939999999999893e+00 1.225170000000000092e+00 1.583730000000000082e+00 1.478539999999999965e+00 4.420040000000000080e-01 9.194253816606926533e-01 9.916013208326274198e-01 4.568929999999999936e-01 8.852203259326960616e-01 5.835401522959438037e-01 nan 2.317054013030178661e-01 7.498532439880000178e-01 3.567136722550000305e-02 8.005390050869999607e-02 1.470560000000000089e+00 4.266160000000000174e+00 8.396129999999999427e+00 1.366399999999999970e+01 3.679643294829338940e-01 6.111032936519105174e-01
3.650769999999999849e-01 1.078850000000000087e+00 1.151759999999999895e+00 1.638749999999999929e+00 1.303940000000000099e+00 3.599890000000000034e-01 9.288343194789857593e-01 9.855259352422527375e-01 8.214219999999999855e-01 8.608992904116880007e-01 6.312873170716613025e-01 nan 2.679592659237852725e-01 7.498532439880000178e-01 3.567136722550000305e-02 8.005390050869999607e-02 1.470560000000000089e+00 4.266160000000000174e+00 8.396129999999999427e+00 1.366399999999999970e+01 3.575604286720034386e-01 6.098556271634818504e-01
3.053469999999999795e-01 1.060670000000000002e+00 1.032659999999999911e+00 1.617680000000000007e+00 1.477559999999999985e+00 4.005850000000000244e-01 9.384278386997019217e-01 9.779120926290830740e-01 1.003689999999999971e+00 8.354379696855369630e-01 6.780843616150173947e-01 nan 3.073796623102197367e-01 7.128236158120000443e-01 4.154110395470000244e-02 8.284524489389999413e-02 3.834010000000000140e+00 7.811519999999999797e+00 1.372669999999999924e+01 2.324800000000000111e+01 3.575604286720034386e-01 6.098556271634818504e-01
8.197720000000000007e-02 9.367280000000000051e-01 8.370419999999999527e-01 1.316570000000000018e+00 1.300810000000000022e+00 2.643789999999999751e-01 9.480972409166943393e-01 9.688460608722631040e-01 1.185950000000000060e+00 8.062173498561276963e-01 7.234010567121853530e-01 nan 3.495199416196713704e-01 7.128236158120000443e-01 4.154110395470000244e-02 8.284524489389999413e-02 3.834010000000000140e+00 7.811519999999999797e+00 1.372669999999999924e+01 2.324800000000000111e+01 3.388855570910798143e-01 6.043615168372435953e-01
2.377219999999999889e-01 1.005430000000000046e+00 1.036249999999999893e+00 1.601630000000000109e+00 1.341990000000000016e+00 -6.188889999999999669e-02 9.577329679391475281e-01 9.584305617341998262e-01 1.003689999999999971e+00 7.761689382074060672e-01 7.667239461000816547e-01 nan 3.939026376491630010e-01 6.358922214819999752e-01 5.020721776789999896e-02 1.067685464759999953e-01 5.585259999999999891e+00 1.678450000000000131e+01 2.948710000000000164e+01 3.590780000000000172e+01 3.388855570910798143e-01 6.043615168372435953e-01
2.615080000000000182e-01 1.040980000000000016e+00 1.031079999999999997e+00 1.497549999999999937e+00 1.098440000000000083e+00 -2.546720000000000095e-01 9.672258431296560932e-01 9.467836069819497435e-01 2.746279999999999832e-01 7.454178440562599928e-01 8.075621641309930210e-01 nan 4.400248767182549647e-01 6.358922214819999752e-01 5.020721776789999896e-02 1.067685464759999953e-01 5.585259999999999891e+00 1.678450000000000131e+01 2.948710000000000164e+01 3.590780000000000172e+01 3.141195796719772337e-01 6.003996285143388123e-01
2.897109999999999963e-01 1.042300000000000004e+00 1.081800000000000095e+00 1.706129999999999924e+00 1.476569999999999938e+00 -1.760680000000000023e-01 9.764683084191508877e-01 9.340371612667430767e-01 4.568929999999999936e-01 7.140971383931080663e-01 8.454529974765057077e-01 nan 4.873640754287829058e-01 5.506738872490000158e-01 7.079008689549999567e-02 1.233416386330000031e-01 1.204850000000000065e+01 2.979779999999999873e+01 3.841040000000000276e+01 4.912819999999999965e+01 3.141195796719772337e-01 6.003996285143388123e-01
-7.823180000000000411e-02 7.618730000000000224e-01 5.387629999999999919e-01 1.081150000000000055e+00 8.624870000000000037e-01 -2.560379999999999878e-01 9.853556429828003171e-01 9.188585037580367931e-01 4.568929999999999936e-01 6.823463461344042580e-01 8.799671278544058950e-01 nan 5.353838617435722202e-01 5.506738872490000158e-01 7.079008689549999567e-02 1.233416386330000031e-01 1.204850000000000065e+01 2.979779999999999873e+01 3.841040000000000276e+01 4.912819999999999965e+01 2.818022998096529896e-01 5.962845179911007154e-01
-3.867990000000000039e-01 1.111840000000000050e-01 2.497989999999999933e-01 2.028149999999999953e-01 2.663019999999999832e-01 -1.801629999999999898e-01 9.925834268103896907e-01 9.012636000042775208e-01 9.236379999999999590e-02 6.503098652495846732e-01 9.107134963763653390e-01 nan 5.835401522959438037e-01 5.336656647549999910e-01 8.565521211599999574e-02 1.311613752470000005e-01 1.943199999999999861e+01 3.816360000000000241e+01 5.382469999999999999e+01 6.001100000000000279e+01 2.818022998096529896e-01 5.962845179911007154e-01
-7.488509999999999611e-02 7.758030000000000204e-01 8.784990000000000299e-01 1.466729999999999978e-01 3.600419999999999732e-01 -1.558130000000000071e-01 9.968886556988068026e-01 8.826635401299299799e-01 9.236379999999999590e-02 6.181353306743744280e-01 9.373437344014048378e-01 nan 6.312873170716613025e-01 5.336656647549999910e-01 8.565521211599999574e-02 1.311613752470000005e-01 1.943199999999999861e+01 3.816360000000000241e+01 5.382469999999999999e+01 6.001100000000000279e+01 2.413600688378398917e-01 5.856246306250527667e-01
2.430249999999999910e-01 1.007919999999999927e+00 1.000539999999999985e+00 9.118859999999999744e-01 7.263519999999999976e-01 -2.194230000000000139e-02 9.991383235329812651e-01 8.630502532772401647e-01 9.236379999999999590e-02 5.859719415479742732e-01 9.595561106917973593e-01 nan 6.780843616150173947e-01 4.166992363509999797e-01 1.378157187479999990e-01 1.290695538770000039e-01 2.081459999999999866e+01 6.559319999999999595e+01 7.916479999999999961e+01 7.659890000000000043e+01 2.413600688378398917e-01 5.856246306250527667e-01
4.733919999999999795e-02 8.765180000000000193e-01 1.028929999999999900e+00 7.285460000000000269e-01 4.004070000000000129e-01 -1.128159999999999996e-01 1.000000000000000000e+00 8.424271488549828213e-01 -8.990080000000000293e-02 5.539687707271963024e-01 9.770989501485574102e-01 nan 7.234010567121853530e-01 4.166992363509999797e-01 1.378157187479999990e-01 1.290695538770000039e-01 2.081459999999999866e+01 6.559319999999999595e+01 7.916479999999999961e+01 7.659890000000000043e+01 1.932987405804281744e-01 5.914627091561209804e-01
-2.941230000000000233e-01 4.302819999999999978e-01 6.507030000000000314e-01 1.075160000000000005e-01 4.408209999999999863e-04 -1.058719999999999939e-01 9.991082474118900825e-01 8.208090779084988853e-01 -4.544300000000000006e-01 5.222730757314300032e-01 9.897734853908772834e-01 nan 7.667239461000816547e-01 3.110381256399999961e-01 1.605018645309999881e-01 1.326340867859999995e-01 4.901180000000000092e+01 9.575329999999999586e+01 1.043970000000000056e+02 9.833719999999999573e+01 1.932987405804281744e-01 5.914627091561209804e-01
-3.556630000000000069e-01 2.477219999999999978e-01 4.493829999999999769e-01 -9.391230000000000411e-01 -7.240130000000000177e-01 -1.518480000000000107e-01 9.961889794619945837e-01 7.982221648514173928e-01 -2.721649999999999903e-01 4.910286302561068794e-01 9.974361088699739142e-01 nan 8.075621641309930210e-01 3.110381256399999961e-01 1.605018645309999881e-01 1.326340867859999995e-01 4.901180000000000092e+01 9.575329999999999586e+01 1.043970000000000056e+02 9.833719999999999573e+01 1.172224974576934198e-01 5.977854701576312824e-01
-2.385730000000000073e-01 5.429640000000000022e-01 7.783409999999999496e-01 -8.092850000000000321e-01 -6.427789999999999893e-01 -8.694150000000000489e-02 9.909914586271098003e-01 7.747035114656095622e-01 -8.990080000000000293e-02 4.603740951592807384e-01 1.000000000000000000e+00 nan 8.454529974765057077e-01 2.989940899799999885e-01 1.633975075269999966e-01 1.341028249329999922e-01 2.446659999999999968e+01 7.779040000000000532e+01 9.961100000000000421e+01 9.442069999999999652e+01 1.172224974576934198e-01 5.977854701576312824e-01
-1.999249999999999916e-01 6.118559999999999555e-01 8.628179999999999739e-01 -6.831679999999999975e-01 -6.061689999999999579e-01 -1.063090000000000007e-01 9.833014593974165329e-01 7.503007765231762827e-01 -2.721649999999999903e-01 4.304414473787014916e-01 9.974361088699739142e-01 nan 8.799671278544058950e-01 2.989940899799999885e-01 1.633975075269999966e-01 1.341028249329999922e-01 2.446659999999999968e+01 7.779040000000000532e+01 9.961100000000000421e+01 9.442069999999999652e+01 1.089619566634507652e-01 5.943082643051685876e-01
-2.350700000000000012e-01 5.571979999999999711e-01 7.893040000000000056e-01 -7.010330000000000172e-01 -5.724059999999999704e-01 -2.303040000000000087e-01 9.728858354897578220e-01 7.250716357935156342e-01 -2.721649999999999903e-01 4.013544845803740380e-01 9.897734853908772834e-01 nan 9.107134963763653390e-01 2.509449072450000151e-01 1.670634639390000120e-01 1.420035530930000012e-01 2.646999999999999886e+01 5.452609999999999957e+01 7.680190000000000339e+01 9.412250000000000227e+01 1.089619566634507652e-01 5.943082643051685876e-01
-3.000760000000000094e-01 4.215999999999999748e-01 6.549430000000000529e-01 -6.798070000000000501e-01 -5.408640000000000114e-01 -3.715040000000000009e-01 9.595035634935314972e-01 6.990831285538102735e-01 -2.721649999999999903e-01 3.732274224815360641e-01 9.770989501485576323e-01 nan 9.373437344014048378e-01 2.509449072450000151e-01 1.670634639390000120e-01 1.420035530930000012e-01 2.646999999999999886e+01 5.452609999999999957e+01 7.680190000000000339e+01 9.412250000000000227e+01 1.080649787489244007e-01 5.700616328483381068e-01
-3.428640000000000021e-01 2.872279999999999833e-01 5.441899999999999515e-01 -5.876500000000000057e-01 -4.711980000000000057e-01 -4.964330000000000132e-01 9.447895668841176375e-01 6.724108980072287522e-01 -2.721649999999999903e-01 3.461636007409429894e-01 9.595561106917974703e-01 nan 9.595561106917973593e-01 2.040369859639999950e-01 1.144286018559999979e-01 1.310985826409999944e-01 1.560159999999999947e+01 5.075750000000000028e+01 7.972329999999999472e+01 9.790869999999999607e+01 1.080649787489244007e-01 5.700616328483381068e-01
-3.744109999999999938e-01 1.648989999999999900e-01 4.221940000000000137e-01 -6.993899999999999562e-01 -5.744209999999999594e-01 -5.693150000000000155e-01 9.289569749187576164e-01 6.451383342152089417e-01 -2.721649999999999903e-01 3.202543120792421538e-01 9.373437344014049488e-01 nan 9.770989501485574102e-01 2.040369859639999950e-01 1.144286018559999979e-01 1.310985826409999944e-01 1.560159999999999947e+01 5.075750000000000028e+01 7.972329999999999472e+01 9.790869999999999607e+01 1.069333263800161804e-01 5.750648067367736260e-01
-4.140460000000000251e-01 -6.860610000000000319e-02 1.709350000000000036e-01 -6.495149999999999535e-01 -5.799779999999999935e-01 -6.090320000000000178e-01 9.104289904401431377e-01 6.173556292547401902e-01 -2.721649999999999903e-01 2.955777678959691235e-01 9.107134963763654500e-01 nan 9.897734853908772834e-01 1.363836704920000087e-01 7.914337295850000509e-02 9.770780648190000028e-02 1.822279999999999944e+01 4.460240000000000293e+01 7.675920000000000698e+01 1.049230000000000018e+02 1.069333263800161804e-01 5.750648067367736260e-01
-4.418779999999999930e-01 -3.865350000000000175e-01 -2.219420000000000004e-01 -8.377210000000000489e-01 -7.460860000000000269e-01 -6.183300000000000463e-01 8.892528442205871464e-01 5.891587553060926297e-01 -6.366950000000000109e-01 2.721982121031388813e-01 8.799671278544061170e-01 nan 9.974361088699739142e-01 1.363836704920000087e-01 7.914337295850000509e-02 9.770780648190000028e-02 1.822279999999999944e+01 4.460240000000000293e+01 7.675920000000000698e+01 1.049230000000000018e+02 2.595447315584991088e-01 6.338427189748496726e-01
-4.578499999999999792e-01 -9.254559999999999453e-01 -9.959409999999999652e-01 -9.960759999999999614e-01 -1.055190000000000072e+00 -6.236739999999999506e-01 8.656684704583157419e-01 5.606483772496657636e-01 -1.001219999999999999e+00 2.501651932160525726e-01 8.454529974765059297e-01 nan 1.000000000000000000e+00 1.476779592049999867e-01 6.140458568419999985e-02 7.541144072960000166e-02 1.680409999999999826e+01 4.385640000000000072e+01 7.395929999999999893e+01 1.086779999999999973e+02 2.595447315584991088e-01 6.338427189748496726e-01
-4.578530000000000100e-01 -9.286990000000000522e-01 -9.837669999999999471e-01 -8.600200000000000067e-01 -9.087300000000000377e-01 -6.405680000000000263e-01 8.399430895318932278e-01 5.319287120926703416e-01 -1.001219999999999999e+00 2.295130029488204881e-01 8.075621641309932430e-01 nan 9.974361088699739142e-01 1.476779592049999867e-01 6.140458568419999985e-02 7.541144072960000166e-02 1.680409999999999826e+01 4.385640000000000072e+01 7.395929999999999893e+01 1.086779999999999973e+02 5.764543297436834912e-01 6.991341382189326659e-01
-4.581910000000000149e-01 -9.422009999999999552e-01 -1.057690000000000019e+00 -8.175499999999999989e-01 -9.629820000000000046e-01 -6.363590000000000080e-01 8.111806282584319572e-01 5.031063481487934030e-01 -1.001219999999999999e+00 2.102602876755387262e-01 7.667239461000817657e-01 nan 9.897734853908772834e-01 2.365961454140000086e-01 4.637763607530000221e-02 8.392716539349999449e-02 1.602670000000000172e+01 5.677080000000000126e+01 8.937699999999999534e+01 1.109180000000000064e+02 5.764543297436834912e-01 6.991341382189326659e-01
-4.586060000000000136e-01 -1.014499999999999957e+00 -1.053379999999999983e+00 -7.808249999999999913e-01 -6.951650000000000329e-01 -6.400529999999999831e-01 7.788123765284646893e-01 4.742890373500137091e-01 -8.189589999999999925e-01 1.924098371594202828e-01 7.234010567121855750e-01 nan 9.770989501485576323e-01 2.365961454140000086e-01 4.637763607530000221e-02 8.392716539349999449e-02 1.602670000000000172e+01 5.677080000000000126e+01 8.937699999999999534e+01 1.109180000000000064e+02 4.974107585199863957e-01 7.057320737843069125e-01
-4.587539999999999951e-01 -1.102689999999999948e+00 -9.447910000000000474e-01 -8.582619999999999694e-01 -9.022010000000000307e-01 -5.376760000000000428e-01 7.440884633923948721e-01 4.455844743741568248e-01 -8.189589999999999925e-01 1.759485529436629614e-01 6.780843616150176167e-01 nan 9.595561106917974703e-01 3.518555947240000203e-01 4.069226799750000345e-02 9.701765779929999445e-02 4.227900000000000347e+01 8.322509999999999764e+01 9.383920000000000528e+01 1.021419999999999959e+02 4.974107585199863957e-01 7.057320737843069125e-01
-4.559509999999999952e-01 -7.739880000000000093e-01 -8.508040000000000047e-01 -9.984140000000000237e-01 -1.011030000000000095e+00 -5.419450000000000101e-01 7.078676406660948661e-01 4.170990764211628399e-01 -1.001219999999999999e+00 1.608475967621980640e-01 6.312873170716615245e-01 nan 9.373437344014049488e-01 3.518555947240000203e-01 4.069226799750000345e-02 9.701765779929999445e-02 4.227900000000000347e+01 8.322509999999999764e+01 9.383920000000000528e+01 1.021419999999999959e+02 2.560924095851476734e-01 6.578548266556598634e-01
-4.595690000000000053e-01 -1.249149999999999983e+00 -1.012990000000000057e+00 -7.187989999999999657e-01 -7.127980000000000427e-01 -5.122100000000000541e-01 6.702911885726983154e-01 3.889367774636891539e-01 -8.189589999999999925e-01 1.470627172887700729e-01 5.835401522959440257e-01 nan 9.107134963763654500e-01 3.521989502599999766e-01 4.579540529070000310e-02 1.064097177819999934e-01 2.203650000000000020e+01 8.568659999999999854e+01 9.429410000000000025e+01 9.173069999999999879e+01 2.560924095851476734e-01 6.578548266556598634e-01
-5.266839999999999716e-02 8.461140000000000327e-01 8.125160000000000160e-01 2.071899999999999853e+00 1.986420000000000075e+00 -5.290070000000000050e-01 6.314845158479219789e-01 3.611978506336699368e-01 9.236379999999999590e-02 1.345347515221427814e-01 5.353838617435724423e-01 nan 8.799671278544061170e-01 3.521989502599999766e-01 4.579540529070000310e-02 1.064097177819999934e-01 2.203650000000000020e+01 8.568659999999999854e+01 9.429410000000000025e+01 9.173069999999999879e+01 2.556074157127585789e-01 6.407439719572103343e-01
-2.298749999999999960e-01 5.611350000000000504e-01 6.318789999999999685e-01 1.044650000000000079e+00 8.460630000000000095e-01 -5.244360000000000133e-01 5.928909135053798130e-01 3.339777720876644374e-01 2.746279999999999832e-01 1.231902951265452240e-01 4.873640754287831278e-01 nan 8.454529974765059297e-01 3.100928340920000026e-01 4.796327123250000019e-02 1.358619893009999913e-01 5.599029999999999774e+01 8.808729999999999905e+01 9.845250000000000057e+01 9.364770000000000039e+01 2.556074157127585789e-01 6.407439719572103343e-01
-4.233750000000000013e-01 -6.493730000000000335e-02 -1.597639999999999894e-01 -1.977210000000000079e-01 -2.103609999999999924e-01 -6.083009999999999806e-01 5.554397007044749035e-01 3.073661392238525858e-01 1.368219999999999992e+00 1.129425341321262932e-01 4.400248767182550758e-01 nan 8.075621641309932430e-01 3.100928340920000026e-01 4.796327123250000019e-02 1.358619893009999913e-01 5.599029999999999774e+01 8.808729999999999905e+01 9.845250000000000057e+01 9.364770000000000039e+01 2.963416860055800850e-01 6.289646244336251080e-01
-4.607879999999999754e-01 -1.484420000000000073e+00 -1.741780000000000106e+00 -4.528920000000000168e-01 -3.449409999999999976e-01 -6.405459999999999487e-01 5.182661143794344838e-01 2.814456555077126110e-01 2.826330000000000009e+00 1.036922285719220627e-01 3.939026376491631121e-01 nan 7.667239461000817657e-01 2.705834697919999865e-01 6.001833781540000246e-02 1.437737773159999954e-01 2.056149999999999878e+01 8.157410000000000139e+01 9.557590000000000430e+01 8.907099999999999795e+01 2.963416860055800850e-01 6.289646244336251080e-01
-4.599280000000000035e-01 -1.230189999999999895e+00 -1.484189999999999898e+00 -5.173489999999999478e-01 -3.392970000000000153e-01 -6.358800000000000008e-01 4.811701591329790029e-01 2.562911934087106491e-01 2.097269999999999968e+00 9.532883691033622320e-02 3.495199416196715925e-01 nan 7.234010567121855750e-01 2.705834697919999865e-01 6.001833781540000246e-02 1.437737773159999954e-01 2.056149999999999878e+01 8.157410000000000139e+01 9.557590000000000430e+01 8.907099999999999795e+01 4.300591901123830274e-01 6.243241806521011572e-01
-4.553010000000000113e-01 -7.601179999999999604e-01 -8.273730000000000251e-01 -4.971110000000000251e-01 -3.579249999999999932e-01 -6.265680000000000138e-01 4.445721469608422405e-01 2.319689460653037161e-01 9.236379999999999590e-02 8.773176852290798244e-02 3.073796623102197367e-01 nan 6.780843616150176167e-01 2.761941523349999983e-01 6.702212572299999505e-02 1.029011220909999968e-01 2.706099999999999994e+01 5.918760000000000332e+01 8.005589999999999407e+01 7.742700000000000671e+01 4.300591901123830274e-01 6.243241806521011572e-01
-4.599509999999999987e-01 -1.315330000000000110e+00 -1.156930000000000014e+00 -4.758120000000000127e-01 -3.925210000000000088e-01 -5.995239999999999458e-01 4.082058312037235570e-01 2.085356772902320355e-01 -8.189589999999999925e-01 8.077175003627357075e-02 2.679592659237853836e-01 nan 6.312873170716615245e-01 2.761941523349999983e-01 6.702212572299999505e-02 1.029011220909999968e-01 2.706099999999999994e+01 5.918760000000000332e+01 8.005589999999999407e+01 7.742700000000000671e+01 5.105942478683737074e-01 6.332579730266387763e-01
-4.430239999999999734e-01 -3.376500000000000057e-01 -3.700680000000000081e-01 -1.735659999999999981e-01 -3.127409999999999912e-01 -6.078139999999999654e-01 3.712079039739357711e-01 1.860380784138381260e-01 -6.366950000000000109e-01 7.431229004714068331e-02 2.317054013030179771e-01 nan 5.835401522959440257e-01 2.483040746500000118e-01 6.723970121870000149e-02 1.026228917769999999e-01 1.384800000000000075e+01 4.313909999999999911e+01 5.794709999999999894e+01 6.289589999999999748e+01 5.105942478683737074e-01 6.332579730266387763e-01
-4.507519999999999860e-01 -6.410329999999999639e-01 -4.460480000000000000e-01 -5.047169999999999712e-01 -3.817749999999999755e-01 -6.136350000000000415e-01 3.344205561057986831e-01 1.645122392526386923e-01 -8.189589999999999925e-01 6.821122562442716308e-02 1.990288392203798384e-01 nan 5.353838617435724423e-01 2.483040746500000118e-01 6.723970121870000149e-02 1.026228917769999999e-01 1.384800000000000075e+01 4.313909999999999911e+01 5.794709999999999894e+01 6.289589999999999748e+01 4.994863236942973517e-01 6.405469719853531529e-01
-4.093419999999999837e-01 8.604710000000000136e-02 2.704689999999999872e-02 -3.999139999999999917e-01 -2.747490000000000210e-01 -6.140069999999999695e-01 2.991462458143496761e-01 1.439832391972810655e-01 -1.001219999999999999e+00 6.232233307207613038e-02 1.702998181811590239e-01 nan 4.873640754287831278e-01 1.954726216949999873e-01 7.585164521999999965e-02 1.150279666030000064e-01 1.959400000000000119e+01 3.809309999999999974e+01 4.512610000000000099e+01 4.758670000000000044e+01 4.994863236942973517e-01 6.405469719853531529e-01
-4.512300000000000200e-01 -5.414400000000000324e-01 -6.549960000000000226e-01 -5.636360000000000259e-01 -3.799270000000000147e-01 -6.305380000000000429e-01 2.657611698683887136e-01 1.259420128707726683e-01 -2.721649999999999903e-01 5.649698470195962940e-02 1.458438494732644530e-01 nan 4.400248767182550758e-01 1.954726216949999873e-01 7.585164521999999965e-02 1.150279666030000064e-01 1.959400000000000119e+01 3.809309999999999974e+01 4.512610000000000099e+01 4.758670000000000044e+01 4.393679434695314523e-01 6.385457024299789897e-01
-4.579849999999999755e-01 -9.984210000000000029e-01 -9.806390000000000384e-01 -3.208070000000000088e-01 -2.212210000000000010e-01 -6.409820000000000517e-01 2.346316721280464757e-01 1.105301596899375127e-01 -8.990080000000000293e-02 5.058583284497386590e-02 1.259380289942656495e-01 nan 3.939026376491631121e-01 2.096259316240000059e-01 8.034142122460000146e-02 9.303873264650000530e-02 8.396620000000000417e+00 2.376630000000000109e+01 3.015469999999999828e+01 3.276149999999999807e+01 4.393679434695314523e-01 6.385457024299789897e-01
-4.564420000000000144e-01 -8.797070000000000167e-01 -8.319229999999999681e-01 -5.878470000000000084e-01 -4.541240000000000276e-01 -6.418310000000000404e-01 2.056668456996731953e-01 9.649175876066906632e-02 9.236379999999999590e-02 4.734800285557738686e-02 1.003400458526568784e-01 nan 3.495199416196715925e-01 2.096259316240000059e-01 8.034142122460000146e-02 9.303873264650000530e-02 8.396620000000000417e+00 2.376630000000000109e+01 3.015469999999999828e+01 3.276149999999999807e+01 3.952700059972360513e-01 6.626234767680748705e-01
-4.611970000000000236e-01 -1.611599999999999921e+00 -1.667610000000000037e+00 -4.669429999999999970e-01 -3.184150000000000036e-01 -6.334779999999999855e-01 1.801405537642858379e-01 8.398587077495633935e-02 8.214219999999999855e-01 4.400440346218126297e-02 7.870222811177285394e-02 nan 3.073796623102197367e-01 2.349493115469999949e-01 8.294782236400000119e-02 8.773988952859999857e-02 1.796330000000000027e+01 2.089399999999999835e+01 2.222929999999999851e+01 2.564049999999999940e+01 3.952700059972360513e-01 6.626234767680748705e-01
-4.555319999999999925e-01 -7.898770000000000513e-01 -7.561440000000000383e-01 -5.641270000000000451e-01 -5.347539999999999516e-01 -6.093429999999999680e-01 1.573659528251707407e-01 7.167704928705931344e-02 1.003689999999999971e+00 4.059291898194739012e-02 6.049441372769182035e-02 nan 2.679592659237853836e-01 2.349493115469999949e-01 8.294782236400000119e-02 8.773988952859999857e-02 1.796330000000000027e+01 2.089399999999999835e+01 2.222929999999999851e+01 2.564049999999999940e+01 5.181716252509713794e-01 7.040560105316810979e-01
-4.606930000000000192e-01 -1.453070000000000084e+00 -1.351369999999999960e+00 -4.095440000000000191e-01 -3.363470000000000071e-01 -6.110299999999999621e-01 1.350608784005679075e-01 5.954874345658034418e-02 4.568929999999999936e-01 3.715220289719689539e-02 4.514757734789986987e-02 nan 2.317054013030179771e-01 2.586099402200000008e-01 1.007910715169999943e-01 9.944818334209999666e-02 9.608050000000000423e+00 1.807779999999999987e+01 1.819800000000000040e+01 1.984189999999999898e+01 5.181716252509713794e-01 7.040560105316810979e-01
-4.396559999999999913e-01 -3.052810000000000246e-01 -2.294309999999999961e-01 -5.798699999999999966e-01 -4.819740000000000135e-01 -5.952079999999999593e-01 1.141586637863090115e-01 4.895010466917193437e-02 -6.366950000000000109e-01 3.372123989601016891e-02 3.206027759590568404e-02 nan 1.990288392203798384e-01 2.586099402200000008e-01 1.007910715169999943e-01 9.944818334209999666e-02 9.608050000000000423e+00 1.807779999999999987e+01 1.819800000000000040e+01 1.984189999999999898e+01 5.592135798284268988e-01 6.942591706613883140e-01
-4.231599999999999806e-01 -2.085740000000000163e-02 -1.367109999999999992e-01 -5.062100000000000488e-01 -4.236179999999999946e-01 -5.562470000000000470e-01 9.562939251063062862e-02 3.978240276895916860e-02 -1.001219999999999999e+00 3.033890416013407254e-02 2.060547164235959627e-02 nan 1.702998181811590239e-01 2.012023234470000088e-01 8.306495094419999448e-02 9.800912416649999737e-02 1.201600000000000001e+01 1.469219999999999970e+01 1.539119999999999955e+01 1.787819999999999965e+01 5.592135798284268988e-01 6.942591706613883140e-01
-4.527269999999999905e-01 -6.550200000000000466e-01 -6.051870000000000305e-01 -6.840870000000000006e-01 -5.686839999999999673e-01 -5.898670000000000302e-01 7.929645765327697493e-02 3.193069451336150166e-02 -8.189589999999999925e-01 2.704351890496892175e-02 1.013761985086436557e-02 nan 1.458438494732644530e-01 2.012023234470000088e-01 8.306495094419999448e-02 9.800912416649999737e-02 1.201600000000000001e+01 1.469219999999999970e+01 1.539119999999999955e+01 1.787819999999999965e+01 5.700451096451200073e-01 6.548028905837139924e-01
-4.388569999999999971e-01 -2.574409999999999754e-01 -2.742330000000000045e-01 -7.727220000000000200e-01 -6.595010000000000039e-01 -6.119539999999999980e-01 6.502653869598817860e-02 2.526512592596041884e-02 -8.189589999999999925e-01 2.387242216222484892e-02 0.000000000000000000e+00 nan 1.259380289942656495e-01 1.863910852120000128e-01 6.836663522420000083e-02 8.278398411769999354e-02 9.075430000000000774e+00 1.369059999999999988e+01 1.509070000000000000e+01 1.599639999999999951e+01 5.700451096451200073e-01 6.548028905837139924e-01
-4.237139999999999795e-01 -3.467549999999999799e-02 -1.134840000000000015e-01 -7.611740000000000173e-01 -6.329000000000000181e-01 -5.982730000000000548e-01 5.263122979291612324e-02 1.964240359393987223e-02 -1.001219999999999999e+00 2.086154372510296007e-02 0.000000000000000000e+00 nan 1.104776657035212439e-01 1.863910852120000128e-01 6.836663522420000083e-02 8.278398411769999354e-02 9.075430000000000774e+00 1.369059999999999988e+01 1.509070000000000000e+01 1.599639999999999951e+01 6.379338218038643760e-01 6.620293498688231137e-01
-4.536330000000000084e-01 -6.323499999999999677e-01 -7.894130000000000313e-01 -7.509299999999999864e-01 -5.944439999999999724e-01 -6.144039999999999502e-01 4.197414552265810173e-02 1.490741823970953561e-02 -1.001219999999999999e+00 1.804499804938186625e-02 0.000000000000000000e+00 nan 9.930769975413233919e-02 1.209601805080000037e-01 7.500284830570000394e-02 6.441958480480000637e-02 9.173149999999999693e+00 1.461599999999999966e+01 1.595110000000000028e+01 1.633820000000000050e+01 6.379338218038643760e-01 6.620293498688231137e-01
-4.601930000000000187e-01 -1.328470000000000040e+00 -1.160500000000000087e+00 -8.121169999999999778e-01 -7.409890000000000088e-01 -6.274790000000000090e-01 3.291172063757730193e-02 1.089500217099947932e-02 4.568929999999999936e-01 1.545469772300211986e-02 0.000000000000000000e+00 nan 9.255469132359750439e-02 1.209601805080000037e-01 7.500284830570000394e-02 6.441958480480000637e-02 9.173149999999999693e+00 1.461599999999999966e+01 1.595110000000000028e+01 1.633820000000000050e+01 7.860551224218403910e-01 7.845320625271656745e-01
-4.607990000000000141e-01 -1.436809999999999921e+00 -1.350249999999999950e+00 -7.559599999999999653e-01 -7.310640000000000471e-01 -6.353400000000000158e-01 2.526595882593307696e-02 7.431800696810708651e-03 4.568929999999999936e-01 1.311999188369317171e-02 0.000000000000000000e+00 nan 9.029515469579985076e-02 9.909921153900000390e-02 8.162230180160000292e-02 7.383662295970000455e-02 8.832850000000000534e+00 1.711060000000000159e+01 1.541430000000000078e+01 1.492939999999999934e+01 7.860551224218403910e-01 7.845320625271656745e-01
-4.517430000000000057e-01 -5.627640000000000420e-01 -6.496760000000000312e-01 -7.875259999999999483e-01 -8.568789999999999463e-01 -6.329360000000000541e-01 1.883332840237894601e-02 4.338236305332809906e-03 -1.001219999999999999e+00 1.106733368151524566e-02 0.000000000000000000e+00 nan 8.241707147273302780e-02 9.909921153900000390e-02 8.162230180160000292e-02 7.383662295970000455e-02 8.832850000000000534e+00 1.711060000000000159e+01 1.541430000000000078e+01 1.492939999999999934e+01 6.732445047065265253e-01 8.051482659312001466e-01
-4.564549999999999996e-01 -7.785739999999999883e-01 -9.637909999999999533e-01 -8.405409999999999826e-01 -8.839879999999999960e-01 -6.349630000000000551e-01 1.335922074238360402e-02 1.430543348909463219e-03 -1.001219999999999999e+00 9.319980554099882575e-03 0.000000000000000000e+00 nan 7.870222811177274291e-02 1.058171351779999964e-01 7.889750989860000452e-02 7.824455762970000672e-02 8.695560000000000400e+00 1.222719999999999985e+01 1.301340000000000074e+01 1.312920000000000087e+01 6.732445047065265253e-01 8.051482659312001466e-01
-4.568280000000000118e-01 -9.006440000000000001e-01 -7.932719999999999771e-01 -8.069790000000000019e-01 -7.869810000000000416e-01 -6.407009999999999650e-01 8.639098214928253583e-03 0.000000000000000000e+00 -4.544300000000000006e-01 7.897730710587524960e-03 0.000000000000000000e+00 nan 7.841738810761544887e-02 1.058171351779999964e-01 7.889750989860000452e-02 7.824455762970000672e-02 8.695560000000000400e+00 1.222719999999999985e+01 1.301340000000000074e+01 1.312920000000000087e+01 6.560350447185210321e-01 7.933313946034517006e-01
-4.573249999999999815e-01 -8.772119999999999918e-01 -9.454399999999999471e-01 -8.868439999999999657e-01 -9.925690000000000346e-01 -6.373400000000000176e-01 4.440370510502833490e-03 0.000000000000000000e+00 -4.544300000000000006e-01 6.816698810007237874e-03 0.000000000000000000e+00 nan 8.079045164636555754e-02 1.382671237929999908e-01 6.485637148839999699e-02 7.147432576340000121e-02 9.962149999999999395e+00 1.358619999999999983e+01 1.319079999999999941e+01 1.377890000000000015e+01 6.560350447185210321e-01 7.933313946034517006e-01
-4.576479999999999992e-01 -9.902140000000000386e-01 -8.249579999999999691e-01 -8.282749999999999835e-01 -9.712509999999999755e-01 -6.284570000000000434e-01 1.216992914175540896e-03 0.000000000000000000e+00 -8.189589999999999925e-01 6.089133375751232258e-03 0.000000000000000000e+00 nan 9.548705559643699825e-02 1.382671237929999908e-01 6.485637148839999699e-02 7.147432576340000121e-02 9.962149999999999395e+00 1.358619999999999983e+01 1.319079999999999941e+01 1.377890000000000015e+01 6.344137049881359847e-01 7.402227037777090457e-01
-4.616230000000000055e-01 -1.771810000000000107e+00 -1.691659999999999942e+00 -8.782499999999999751e-01 -1.086619999999999919e+00 -6.257270000000000332e-01 0.000000000000000000e+00 0.000000000000000000e+00 -2.721649999999999903e-01 5.723278014909793932e-03 0.000000000000000000e+00 nan 1.122030617117458773e-01 1.509855499810000001e-01 6.360223810789999987e-02 8.183291385039999366e-02 1.037589999999999968e+01 1.256520000000000081e+01 1.314550000000000018e+01 1.330380000000000074e+01 6.344137049881359847e-01 7.402227037777090457e-01
-4.553679999999999950e-01 -7.611459999999999892e-01 -7.645469999999999766e-01 -9.403289999999999704e-01 -9.654829999999999801e-01 -6.184709999999999930e-01 0.000000000000000000e+00 0.000000000000000000e+00 -4.544300000000000006e-01 2.815777179139611341e-03 0.000000000000000000e+00 nan 1.307490709636286441e-01 1.509855499810000001e-01 6.360223810789999987e-02 8.183291385039999366e-02 1.037589999999999968e+01 1.256520000000000081e+01 1.314550000000000018e+01 1.330380000000000074e+01 6.231597611535553138e-01 7.029302964067830617e-01
-4.489739999999999842e-01 -4.507630000000000248e-01 -5.974059999999999926e-01 -9.002499999999999947e-01 -9.360650000000000359e-01 -6.235640000000000072e-01 0.000000000000000000e+00 0.000000000000000000e+00 -1.001219999999999999e+00 0.000000000000000000e+00 0.000000000000000000e+00 nan 1.509149496566521975e-01 1.213056612099999987e-01 6.017627820500000280e-02 7.524700605780000606e-02 8.634410000000000807e+00 1.207060000000000066e+01 1.314480000000000004e+01 1.412889999999999979e+01 6.231597611535553138e-01 7.029302964067830617e-01
-4.512590000000000212e-01 -5.273459999999999814e-01 -6.770080000000000542e-01 -5.837970000000000104e-01 -6.453069999999999640e-01 -6.139090000000000380e-01 0.000000000000000000e+00 8.505935867925140670e-04 -1.001219999999999999e+00 0.000000000000000000e+00 0.000000000000000000e+00 nan 1.724722103273483853e-01 1.213056612099999987e-01 6.017627820500000280e-02 7.524700605780000606e-02 8.634410000000000807e+00 1.207060000000000066e+01 1.314480000000000004e+01 1.412889999999999979e+01 6.156971135042111909e-01 7.569395585324441011e-01
-4.543960000000000221e-01 -7.077909999999999480e-01 -7.102800000000000225e-01 -8.114989999999999704e-01 -8.839930000000000287e-01 -6.166289999999999827e-01 0.000000000000000000e+00 1.728895173587763345e-03 9.236379999999999590e-02 0.000000000000000000e+00 0.000000000000000000e+00 nan 1.951766005984738594e-01 1.030146004749999955e-01 6.888648339590000558e-02 9.269518441929999741e-02 8.150610000000000355e+00 1.051040000000000063e+01 1.214659999999999940e+01 1.400479999999999947e+01 6.156971135042111909e-01 7.569395585324441011e-01
-4.607539999999999969e-01 -1.463899999999999979e+00 -1.290850000000000053e+00 -5.973920000000000341e-01 -7.217430000000000234e-01 -6.278650000000000064e-01 0.000000000000000000e+00 2.690006817679169160e-03 6.391580000000000039e-01 0.000000000000000000e+00 0.000000000000000000e+00 nan 2.187708706560427263e-01 1.030146004749999955e-01 6.888648339590000558e-02 9.269518441929999741e-02 8.150610000000000355e+00 1.051040000000000063e+01 1.214659999999999940e+01 1.400479999999999947e+01 7.246747151312873392e-01 7.888848238101044963e-01
-4.362400000000000166e-01 -2.107350000000000056e-01 -2.375549999999999884e-01 -5.615820000000000256e-01 -6.416650000000000409e-01 -6.154020000000000046e-01 0.000000000000000000e+00 3.788092305322510178e-03 -4.544300000000000006e-01 0.000000000000000000e+00 0.000000000000000000e+00 nan 2.429876879925106925e-01 1.031911828559999994e-01 5.838972311599999881e-02 9.679032570430000371e-02 9.370900000000000674e+00 1.363449999999999918e+01 1.569120000000000026e+01 2.028049999999999997e+01 7.246747151312873392e-01 7.888848238101044963e-01
-4.523190000000000266e-01 -5.663470000000000448e-01 -7.241940000000000044e-01 -6.122119999999999784e-01 -7.087609999999999744e-01 -6.005939999999999612e-01 0.000000000000000000e+00 5.075763454393200647e-03 -1.001219999999999999e+00 0.000000000000000000e+00 0.000000000000000000e+00 nan 2.675526663909065794e-01 1.031911828559999994e-01 5.838972311599999881e-02 9.679032570430000371e-02 9.370900000000000674e+00 1.363449999999999918e+01 1.569120000000000026e+01 2.028049999999999997e+01 8.303616594091418612e-01 8.149826296056561503e-01
-4.585980000000000056e-01 -9.753800000000000248e-01 -1.140020000000000033e+00 -7.170170000000000154e-01 -6.355870000000000131e-01 -6.054650000000000309e-01 0.000000000000000000e+00 6.603484001468928888e-03 -1.001219999999999999e+00 0.000000000000000000e+00 0.000000000000000000e+00 nan 2.921874748303089353e-01 1.138191547199999959e-01 5.622447025550000171e-02 7.647704476199999879e-02 1.380230000000000068e+01 1.815159999999999840e+01 1.957979999999999876e+01 2.089679999999999893e+01 8.303616594091418612e-01 8.149826296056561503e-01
-4.601939999999999920e-01 -1.220259999999999900e+00 -1.341399999999999926e+00 -8.527839999999999865e-01 -8.862489999999999535e-01 -6.122919999999999474e-01 0.000000000000000000e+00 8.418997827528751365e-03 -1.001219999999999999e+00 0.000000000000000000e+00 0.000000000000000000e+00 nan 3.166129910875296050e-01 1.138191547199999959e-01 5.622447025550000171e-02 7.647704476199999879e-02 1.380230000000000068e+01 1.815159999999999840e+01 1.957979999999999876e+01 2.089679999999999893e+01 8.177257437876457313e-01 7.967272988802271971e-01
-4.522289999999999921e-01 -5.820539999999999603e-01 -6.673839999999999772e-01 -8.802470000000000017e-01 -9.377830000000000332e-01 -6.278270000000000239e-01 0.000000000000000000e+00 1.056678800070431912e-02 -1.001219999999999999e+00 0.000000000000000000e+00 0.000000000000000000e+00 nan 3.405524643034331111e-01 1.290559854130000073e-01 5.177175445470000303e-02 7.360961997940000667e-02 1.314059999999999917e+01 2.885330000000000084e+01 2.705600000000000094e+01 2.527179999999999893e+01 8.177257437876457313e-01 7.967272988802271971e-01
-4.454690000000000039e-01 -3.621260000000000034e-01 -4.799289999999999945e-01 -8.228410000000000446e-01 -9.276250000000000329e-01 -6.106749999999999678e-01 0.000000000000000000e+00 1.308757276534378011e-02 -1.001219999999999999e+00 0.000000000000000000e+00 0.000000000000000000e+00 nan 3.637346506807549451e-01 1.290559854130000073e-01 5.177175445470000303e-02 7.360961997940000667e-02 1.314059999999999917e+01 2.885330000000000084e+01 2.705600000000000094e+01 2.527179999999999893e+01 7.878334332872676260e-01 7.997761079684925223e-01
-4.536160000000000192e-01 -6.503280000000000172e-01 -7.087360000000000326e-01 -8.136729999999999796e-01 -9.289359999999999840e-01 -6.205030000000000268e-01 0.000000000000000000e+00 1.601784418803298138e-02 -4.544300000000000006e-01 0.000000000000000000e+00 0.000000000000000000e+00 nan 3.858968867847083484e-01 1.581444944460000113e-01 6.199953011329999847e-02 7.194035409530000202e-02 1.584750000000000014e+01 2.620090000000000074e+01 2.407140000000000057e+01 2.280160000000000053e+01 7.878334332872676260e-01 7.997761079684925223e-01
-4.594820000000000015e-01 -1.182700000000000085e+00 -1.051849999999999952e+00 -8.998739999999999517e-01 -1.008720000000000061e+00 -6.307779999999999498e-01 0.000000000000000000e+00 1.938945468789943227e-02 -4.544300000000000006e-01 0.000000000000000000e+00 0.000000000000000000e+00 nan 4.067880656246556370e-01 1.581444944460000113e-01 6.199953011329999847e-02 7.194035409530000202e-02 1.584750000000000014e+01 2.620090000000000074e+01 2.407140000000000057e+01 2.280160000000000053e+01 8.352898229511616091e-01 8.115585824757581834e-01
-4.455239999999999756e-01 -3.743239999999999901e-01 -4.533119999999999927e-01 -8.618839999999999835e-01 -9.722319999999999851e-01 -6.363349999999999840e-01 0.000000000000000000e+00 2.322925613597603967e-02 -1.001219999999999999e+00 0.000000000000000000e+00 0.000000000000000000e+00 nan 4.261714817966485436e-01 1.550887894059999883e-01 6.225982856139999910e-02 6.229242455129999773e-02 1.367220000000000013e+01 2.738550000000000040e+01 2.614679999999999893e+01 2.183749999999999858e+01 8.352898229511616091e-01 8.115585824757581834e-01
-4.569699999999999873e-01 -8.706720000000000015e-01 -8.699789999999999468e-01 -8.683670000000000000e-01 -1.028270000000000017e+00 -6.298770000000000202e-01 0.000000000000000000e+00 2.755879561277263523e-02 -4.544300000000000006e-01 0.000000000000000000e+00 0.000000000000000000e+00 nan 4.438275134502382979e-01 1.550887894059999883e-01 6.225982856139999910e-02 6.229242455129999773e-02 1.367220000000000013e+01 2.738550000000000040e+01 2.614679999999999893e+01 2.183749999999999858e+01 8.721441422648692487e-01 8.455082442924730657e-01
-4.579489999999999950e-01 -9.711269999999999625e-01 -9.206499999999999684e-01 -8.525099999999999900e-01 -1.045670000000000099e+00 -6.382670000000000288e-01 0.000000000000000000e+00 3.239407127124493968e-02 -4.544300000000000006e-01 0.000000000000000000e+00 0.000000000000000000e+00 nan 4.595561106917973593e-01 1.432745194979999914e-01 6.010996455559999840e-02 4.881184072800000273e-02 1.319250000000000078e+01 3.089000000000000057e+01 3.266149999999999665e+01 2.842129999999999868e+01 8.721441422648692487e-01 8.455082442924730657e-01
-4.613789999999999836e-01 -1.653149999999999897e+00 -1.529339999999999922e+00 -8.803170000000000162e-01 -9.870449999999999502e-01 -6.338789999999999702e-01 0.000000000000000000e+00 3.774535107132770406e-02 -8.189589999999999925e-01 0.000000000000000000e+00 0.000000000000000000e+00 nan 4.731790622297502580e-01 1.432745194979999914e-01 6.010996455559999840e-02 4.881184072800000273e-02 1.319250000000000078e+01 3.089000000000000057e+01 3.266149999999999665e+01 2.842129999999999868e+01 7.638497040494380830e-01 8.127124394537785790e-01
-4.559929999999999817e-01 -7.822430000000000216e-01 -8.398360000000000269e-01 -9.347379999999999578e-01 -1.051390000000000047e+00 -6.269360000000000488e-01 0.000000000000000000e+00 4.361705643984659098e-02 -8.189589999999999925e-01 0.000000000000000000e+00 0.000000000000000000e+00 nan 4.845420145797167955e-01 9.764660642420000536e-02 5.070893880079999777e-02 5.360425853609999958e-02 1.397979999999999912e+01 2.858330000000000126e+01 3.129599999999999937e+01 2.729159999999999897e+01 7.638497040494380830e-01 8.127124394537785790e-01
-4.520460000000000034e-01 -5.631319999999999659e-01 -6.886229999999999851e-01 -9.769280000000000186e-01 -9.925580000000000513e-01 -6.226679999999999993e-01 0.000000000000000000e+00 5.000771217398558566e-02 -1.001219999999999999e+00 0.000000000000000000e+00 0.000000000000000000e+00 nan 4.935162209511665399e-01 9.764660642420000536e-02 5.070893880079999777e-02 5.360425853609999958e-02 1.397979999999999912e+01 2.858330000000000126e+01 3.129599999999999937e+01 2.729159999999999897e+01 8.169643555578732785e-01 8.186255655931732322e-01
-4.559830000000000272e-01 -7.575870000000000104e-01 -8.989660000000000428e-01 -8.780440000000000467e-01 -9.611020000000000119e-01 -6.372219999999999551e-01 0.000000000000000000e+00 5.690996315592411481e-02 -1.001219999999999999e+00 0.000000000000000000e+00 0.000000000000000000e+00 nan 5.000000000000000000e-01 6.260368020789999766e-02 4.835714772679999829e-02 6.013290582909999737e-02 7.969540000000000290e+00 1.909299999999999997e+01 2.344109999999999872e+01 2.168270000000000053e+01 8.169643555578732785e-01 8.186255655931732322e-01
-4.589250000000000274e-01 -1.039339999999999931e+00 -1.107450000000000045e+00 -8.855319999999999858e-01 -9.198129999999999917e-01 -6.424180000000000446e-01 0.000000000000000000e+00 6.431065768926080839e-02 -6.366950000000000109e-01 0.000000000000000000e+00 0.000000000000000000e+00 nan 5.039198879188072633e-01 6.260368020789999766e-02 4.835714772679999829e-02 6.013290582909999737e-02 7.969540000000000290e+00 1.909299999999999997e+01 2.344109999999999872e+01 2.168270000000000053e+01 8.469453208521290355e-01 7.895039665787983996e-01
-4.603249999999999842e-01 -1.290550000000000086e+00 -1.269430000000000058e+00 -9.138629999999999809e-01 -9.940999999999999837e-01 -6.445549999999999891e-01 0.000000000000000000e+00 7.219099651298888087e-02 6.391580000000000039e-01 0.000000000000000000e+00 0.000000000000000000e+00 nan 5.052314708111604880e-01 5.523367874000000011e-02 6.546268917630000683e-02 6.395033208009999470e-02 1.068420000000000059e+01 1.617960000000000065e+01 1.920439999999999969e+01 1.933909999999999840e+01 8.469453208521290355e-01 7.895039665787983996e-01
-4.619360000000000133e-01 -2.071919999999999984e+00 -1.962569999999999926e+00 -9.044539999999999802e-01 -9.997840000000000060e-01 -6.466809999999999503e-01 0.000000000000000000e+00 8.052674580463581311e-02 1.915010000000000101e+00 0.000000000000000000e+00 0.000000000000000000e+00 nan 5.039198879188073743e-01 5.523367874000000011e-02 6.546268917630000683e-02 6.395033208009999470e-02 1.068420000000000059e+01 1.617960000000000065e+01 1.920439999999999969e+01 1.933909999999999840e+01 7.813199134312013294e-01 7.219798809870011658e-01
-4.591480000000000006e-01 -1.088079999999999936e+00 -1.083779999999999966e+00 -1.131939999999999946e+00 -1.242909999999999959e+00 -6.459629999999999539e-01 0.000000000000000000e+00 8.928851175915408778e-02 1.003689999999999971e+00 0.000000000000000000e+00 0.000000000000000000e+00 nan 5.000000000000000000e-01 7.898976308909999577e-02 7.971330693549999458e-02 8.617748174650000093e-02 9.824669999999999348e+00 1.904169999999999874e+01 2.263050000000000139e+01 2.143370000000000175e+01 7.813199134312013294e-01 7.219798809870011658e-01
-4.612419999999999853e-01 -1.532710000000000017e+00 -1.577430000000000110e+00 -1.068759999999999932e+00 -1.131010000000000071e+00 -6.414840000000000542e-01 0.000000000000000000e+00 9.844207363247881037e-02 -2.721649999999999903e-01 0.000000000000000000e+00 0.000000000000000000e+00 nan 4.935162209511666509e-01 7.898976308909999577e-02 7.971330693549999458e-02 8.617748174650000093e-02 9.824669999999999348e+00 1.904169999999999874e+01 2.263050000000000139e+01 2.143370000000000175e+01 8.370316289014627653e-01 7.034118518935449371e-01
-4.618200000000000083e-01 -1.885709999999999997e+00 -1.930409999999999959e+00 -7.802689999999999904e-01 -9.702129999999999921e-01 -6.322560000000000402e-01 0.000000000000000000e+00 1.079487714762310535e-01 3.919919999999999849e+00 0.000000000000000000e+00 0.000000000000000000e+00 nan 4.845420145797169065e-01 1.063025521599999940e-01 6.492554489030000209e-02 8.458186592810000570e-02 1.137669999999999959e+01 1.390499999999999936e+01 1.708370000000000033e+01 -1.000000000000000000e+00 8.370316289014627653e-01 7.034118518935449371e-01
-4.620600000000000263e-01 -2.296310000000000073e+00 -2.233870000000000022e+00 -8.602170000000000094e-01 -8.622440000000000104e-01 -6.202950000000000408e-01 0.000000000000000000e+00 1.177659441703808874e-01 4.831240000000000201e+00 0.000000000000000000e+00 0.000000000000000000e+00 nan 4.731790622297502580e-01 1.063025521599999940e-01 6.492554489030000209e-02 8.458186592810000570e-02 1.137669999999999959e+01 1.390499999999999936e+01 1.708370000000000033e+01 -1.000000000000000000e+00 7.444134442387422279e-01 6.962541862494020517e-01
-4.578949999999999965e-01 -9.167729999999999491e-01 -1.020259999999999945e+00 -7.083450000000000024e-01 -7.755410000000000359e-01 -6.227610000000000090e-01 0.000000000000000000e+00 1.278474127907840430e-01 2.746279999999999832e-01 0.000000000000000000e+00 0.000000000000000000e+00 nan 4.595561106917973593e-01 1.501204096210000116e-01 5.393109399499999845e-02 8.326396628630000629e-02 4.332379999999999676e+00 1.013569999999999993e+01 -1.000000000000000000e+00 -1.000000000000000000e+00 7.444134442387422279e-01 6.962541862494020517e-01
-4.423300000000000010e-01 -3.049850000000000061e-01 -3.779629999999999934e-01 -8.139410000000000256e-01 -9.054379999999999651e-01 -6.200710000000000388e-01 0.000000000000000000e+00 1.381440038348445976e-01 -1.001219999999999999e+00 0.000000000000000000e+00 0.000000000000000000e+00 nan 4.438275134502384089e-01 1.501204096210000116e-01 5.393109399499999845e-02 8.326396628630000629e-02 4.332379999999999676e+00 1.013569999999999993e+01 -1.000000000000000000e+00 -1.000000000000000000e+00 7.952856509608615676e-01 6.881177747133337963e-01
-4.443630000000000080e-01 -3.536579999999999724e-01 -4.107480000000000020e-01 -8.461149999999999505e-01 -9.178330000000000100e-01 -6.229000000000000092e-01 0.000000000000000000e+00 1.486041063769478754e-01 -1.001219999999999999e+00 0.000000000000000000e+00 0.000000000000000000e+00 nan 4.261714817966485436e-01 1.705740578419999987e-01 4.729728802020000122e-02 7.886773814410000250e-02 5.071640000000000370e+00 -1.000000000000000000e+00 -1.000000000000000000e+00 -1.000000000000000000e+00 7.952856509608615676e-01 6.881177747133337963e-01
-4.601950000000000207e-01 -1.319339999999999957e+00 -1.157440000000000024e+00 -8.045050000000000257e-01 -8.869770000000000154e-01 -6.366709999999999869e-01 0.000000000000000000e+00 1.591742568408704983e-01 -4.544300000000000006e-01 0.000000000000000000e+00 0.000000000000000000e+00 nan 4.067880656246557480e-01 1.705740578419999987e-01 4.729728802020000122e-02 7.886773814410000250e-02 5.071640000000000370e+00 -1.000000000000000000e+00 -1.000000000000000000e+00 -1.000000000000000000e+00 0.000000000000000000e+00 0.000000000000000000e+00
