8.981440000000000534e-01 1.027230000000000087e+00 1.076230000000000020e+00 6.293549999999999978e-01 6.890849999999999476e-01 1.117420000000000080e+00 4.107031585283212882e-01 7.426018999792978192e-01 -2.971940000000000137e-01 4.580831098631541476e-01 1.037088071258744915e-01 nan 0.000000000000000000e+00 6.230346719870000216e-01 1.457162312499999945e-01 1.284233250279999961e-01 -1.000000000000000000e+00 -1.000000000000000000e+00 -1.000000000000000000e+00 -1.000000000000000000e+00 0.000000000000000000e+00 0.000000000000000000e+00
9.116649999999999476e-01 1.029619999999999980e+00 1.079029999999999934e+00 6.337310000000000443e-01 7.915980000000000238e-01 1.277320000000000011e+00 4.412420603303840450e-01 7.556574565442762959e-01 -2.971940000000000137e-01 4.816717171432278732e-01 1.207357228625060008e-01 nan 0.000000000000000000e+00 6.325812915540000025e-01 1.336439163600000035e-01 1.272500284970000117e-01 1.153669999999999973e+00 -1.000000000000000000e+00 -1.000000000000000000e+00 -1.000000000000000000e+00 0.000000000000000000e+00 0.000000000000000000e+00
9.460549999999999793e-01 1.035509999999999931e+00 1.079450000000000021e+00 8.030709999999999793e-01 9.183379999999999876e-01 1.469389999999999974e+00 4.720624113372957620e-01 7.688921198181747352e-01 -1.708010000000000084e-02 5.041966825603814151e-01 1.396266789081248572e-01 nan 0.000000000000000000e+00 6.325812915540000025e-01 1.336439163600000035e-01 1.272500284970000117e-01 1.153669999999999973e+00 -1.000000000000000000e+00 -1.000000000000000000e+00 -1.000000000000000000e+00 0.000000000000000000e+00 0.000000000000000000e+00
1.021700000000000053e+00 1.048259999999999970e+00 1.086699999999999999e+00 7.158970000000000056e-01 9.390100000000000113e-01 1.412979999999999903e+00 5.030148868575603505e-01 7.822363723728955609e-01 -1.708010000000000084e-02 5.255974325065855268e-01 1.601676331822912136e-01 nan 0.000000000000000000e+00 6.381012721219999628e-01 1.191498729560000053e-01 1.299939155850000083e-01 2.238140000000000018e+00 3.324660000000000171e+00 -1.000000000000000000e+00 -1.000000000000000000e+00 0.000000000000000000e+00 0.000000000000000000e+00
1.037469999999999892e+00 1.050810000000000022e+00 1.088810000000000056e+00 7.408689999999999998e-01 9.472380000000000244e-01 1.337180000000000035e+00 5.339468164302634268e-01 7.956194550899999829e-01 -1.708010000000000084e-02 5.458261311843101149e-01 1.821258484653299758e-01 nan 0.000000000000000000e+00 6.381012721219999628e-01 1.191498729560000053e-01 1.299939155850000083e-01 2.238140000000000018e+00 3.324660000000000171e+00 -1.000000000000000000e+00 -1.000000000000000000e+00 1.840054586266707259e-01 6.944015808346006846e-01
9.881590000000000096e-01 1.042650000000000077e+00 1.084270000000000067e+00 8.277390000000000025e-01 9.399380000000000512e-01 1.433189999999999964e+00 5.647011783432593912e-01 8.089701688897933396e-01 -1.708010000000000084e-02 5.648482226052258248e-01 2.052525294040266068e-01 nan 0.000000000000000000e+00 6.135698926039999668e-01 1.201139927279999964e-01 1.390354049760000044e-01 3.969440000000000079e+00 4.977199999999999847e+00 5.279810000000000336e+00 -1.000000000000000000e+00 1.840054586266707259e-01 6.944015808346006846e-01
9.407269999999999799e-01 1.034599999999999964e+00 1.085879999999999956e+00 4.749470000000000081e-01 7.168280000000000207e-01 1.389450000000000074e+00 5.951253731082819520e-01 8.222176814453481253e-01 -2.971940000000000137e-01 5.826428221233574956e-01 2.292856414623927197e-01 nan 0.000000000000000000e+00 6.135698926039999668e-01 1.201139927279999964e-01 1.390354049760000044e-01 3.969440000000000079e+00 4.977199999999999847e+00 5.279810000000000336e+00 -1.000000000000000000e+00 1.863521579430670316e-01 7.393806177540455105e-01
9.201510000000000522e-01 1.031099999999999905e+00 1.087329999999999908e+00 5.142069999999999697e-01 7.572699999999999987e-01 1.133059999999999956e+00 6.250692577148543316e-01 8.352923297410714820e-01 -2.971940000000000137e-01 5.992029530664706449e-01 2.539528798776629070e-01 nan 0.000000000000000000e+00 5.787893278290000554e-01 1.199353130879999979e-01 1.577781758719999927e-01 2.119200000000000195e+00 5.945719999999999672e+00 6.562330000000000219e+00 6.124990000000000379e+00 1.863521579430670316e-01 7.393806177540455105e-01
9.196729999999999627e-01 1.030999999999999917e+00 1.081990000000000007e+00 5.764439999999999564e-01 6.788149999999999462e-01 1.172260000000000080e+00 6.543821955362681964e-01 8.481264093825071626e-01 -1.708010000000000084e-02 6.145356257845533410e-01 2.789747549820636996e-01 nan 0.000000000000000000e+00 5.787893278290000554e-01 1.199353130879999979e-01 1.577781758719999927e-01 2.119200000000000195e+00 5.945719999999999672e+00 6.562330000000000219e+00 6.124990000000000379e+00 1.903185899398021075e-01 7.724589897016322926e-01
9.270380000000000287e-01 1.032219999999999915e+00 1.078999999999999959e+00 7.381469999999999976e-01 9.764549999999999619e-01 1.253819999999999935e+00 6.829239638511174215e-01 8.606549417141786673e-01 -1.708010000000000084e-02 6.286617582197512322e-01 3.040677589324282115e-01 nan 0.000000000000000000e+00 5.733651301490000352e-01 1.305724272040000022e-01 1.503528726460000020e-01 5.386790000000000411e+00 5.228030000000000399e+00 5.650540000000000340e+00 5.681210000000000093e+00 1.903185899398021075e-01 7.724589897016322926e-01
8.994609999999999550e-01 1.027479999999999949e+00 1.072060000000000013e+00 4.941960000000000242e-01 6.373729999999999674e-01 1.112360000000000015e+00 7.105702395492019541e-01 8.728164100537190162e-01 -2.971940000000000137e-01 6.416159388977240585e-01 3.289475779673431965e-01 nan 0.000000000000000000e+00 5.733651301490000352e-01 1.305724272040000022e-01 1.503528726460000020e-01 5.386790000000000411e+00 5.228030000000000399e+00 5.650540000000000340e+00 5.681210000000000093e+00 1.890687174778084012e-01 7.712600421111839299e-01
8.773990000000000400e-01 1.023519999999999985e+00 1.068650000000000100e+00 7.186660000000000270e-01 9.422009999999999552e-01 1.096780000000000088e+00 7.372066808739035082e-01 8.845534567004641469e-01 -1.708010000000000084e-02 6.534460350258288752e-01 3.533323137956719817e-01 nan 0.000000000000000000e+00 5.806002766009999982e-01 1.312557133070000048e-01 1.520623167840000067e-01 1.368810000000000082e+00 5.385769999999999946e+00 5.530649999999999622e+00 5.689809999999999590e+00 1.890687174778084012e-01 7.712600421111839299e-01
8.746070000000000233e-01 1.022980000000000000e+00 1.073600000000000110e+00 5.912739999999999663e-01 7.489310000000000134e-01 1.248050000000000104e+00 7.627293087892242918e-01 8.958135328211194182e-01 -1.708010000000000084e-02 6.642126501385343662e-01 3.769456776168332857e-01 nan 0.000000000000000000e+00 5.806002766009999982e-01 1.312557133070000048e-01 1.520623167840000067e-01 1.368810000000000082e+00 5.385769999999999946e+00 5.530649999999999622e+00 5.689809999999999590e+00 1.868941944699520352e-01 8.012522341500240008e-01
8.575340000000000185e-01 1.019949999999999912e+00 1.079579999999999984e+00 4.816770000000000218e-01 6.636020000000000252e-01 1.274119999999999919e+00 7.870460356007148439e-01 9.065494938490381571e-01 -2.971940000000000137e-01 6.739884374351587937e-01 3.995201205833119884e-01 nan 0.000000000000000000e+00 6.013520697749999977e-01 1.385438063009999943e-01 1.408695114680000027e-01 5.532860000000000333e+00 4.506689999999999863e+00 5.019790000000000418e+00 5.832010000000000360e+00 1.868941944699520352e-01 8.012522341500240008e-01
9.038070000000000270e-01 1.028159999999999963e+00 1.089390000000000081e+00 5.578410000000000313e-01 6.809899999999999842e-01 1.115339999999999998e+00 8.100785077799975697e-01 9.167201336510006904e-01 -2.971940000000000137e-01 6.828572765900915442e-01 4.207998652360082081e-01 nan 0.000000000000000000e+00 6.013520697749999977e-01 1.385438063009999943e-01 1.408695114680000027e-01 5.532860000000000333e+00 4.506689999999999863e+00 5.019790000000000418e+00 5.832010000000000360e+00 1.874362309968370388e-01 8.074875017114607756e-01
9.756249999999999645e-01 1.040550000000000086e+00 1.098270000000000080e+00 4.994469999999999743e-01 6.634980000000000322e-01 1.246029999999999971e+00 8.317614811745153158e-01 9.262906514091679977e-01 -1.708010000000000084e-02 6.909133233625657233e-01 4.405438035650524053e-01 nan 0.000000000000000000e+00 5.820118157029999795e-01 1.761790132000000120e-01 1.270842203170000073e-01 3.009520000000000195e+00 4.629990000000000272e+00 5.841829999999999856e+00 8.103920000000000456e+00 1.874362309968370388e-01 8.074875017114607756e-01
1.067280000000000006e+00 1.055620000000000003e+00 1.106289999999999996e+00 7.289940000000000309e-01 9.248619999999999619e-01 1.527300000000000102e+00 8.520431770942571426e-01 9.352330459282542918e-01 -1.708010000000000084e-02 6.982599427742824938e-01 4.585282288598988565e-01 nan 0.000000000000000000e+00 5.820118157029999795e-01 1.761790132000000120e-01 1.270842203170000073e-01 3.009520000000000195e+00 4.629990000000000272e+00 5.841829999999999856e+00 8.103920000000000456e+00 1.894385776961533541e-01 7.860063573825938343e-01
1.150900000000000034e+00 1.068750000000000089e+00 1.115199999999999969e+00 5.732819999999999583e-01 7.978790000000000049e-01 1.505749999999999922e+00 8.708872005187811016e-01 9.435264329002570616e-01 -2.971940000000000137e-01 7.050085379424136933e-01 4.745493703957454068e-01 nan 0.000000000000000000e+00 5.035168366309999977e-01 2.427397844770000090e-01 1.457069922370000103e-01 3.139590000000000103e+00 5.411129999999999995e+00 9.036469999999999558e+00 1.447509999999999941e+01 1.894385776961533541e-01 7.860063573825938343e-01
1.252059999999999951e+00 1.083830000000000071e+00 1.127729999999999899e+00 6.756940000000000168e-01 9.357029999999999514e-01 1.529079999999999995e+00 8.882728639903914036e-01 9.511572815320135099e-01 -1.708010000000000084e-02 7.112772878377688901e-01 4.884257022372675561e-01 nan 0.000000000000000000e+00 5.035168366309999977e-01 2.427397844770000090e-01 1.457069922370000103e-01 3.139590000000000103e+00 5.411129999999999995e+00 9.036469999999999558e+00 1.447509999999999941e+01 1.898148148148148806e-01 7.770253518208091181e-01
1.275139999999999940e+00 1.087229999999999919e+00 1.133990000000000054e+00 7.405100000000000016e-01 8.669529999999999736e-01 1.754159999999999942e+00 9.041938756109944020e-01 9.581195678544918160e-01 -1.708010000000000084e-02 7.171898082698353605e-01 4.999999999999998890e-01 nan 0.000000000000000000e+00 4.419539641590000123e-01 3.007243386769999915e-01 1.348412018219999897e-01 4.690439999999999721e+00 8.511710000000000775e+00 1.498869999999999969e+01 2.215690000000000026e+01 1.898148148148148806e-01 7.770253518208091181e-01
1.222059999999999924e+00 1.079690000000000039e+00 1.133480000000000043e+00 4.209820000000000229e-01 7.762329999999999508e-01 1.829639999999999933e+00 9.186578162168164141e-01 9.644148429767689379e-01 -2.971940000000000137e-01 7.228737512702603230e-01 5.091411222654360635e-01 nan 0.000000000000000000e+00 4.419539641590000123e-01 3.007243386769999915e-01 1.348412018219999897e-01 4.690439999999999721e+00 8.511710000000000775e+00 1.498869999999999969e+01 2.215690000000000026e+01 1.920531068258340968e-01 7.531611141331497894e-01
1.260490000000000110e+00 1.085380000000000011e+00 1.142439999999999900e+00 5.107639999999999958e-01 7.366629999999999567e-01 1.625920000000000032e+00 9.316855514111629377e-01 9.700522155113437961e-01 -2.971940000000000137e-01 7.284593587443276563e-01 5.157454964657014473e-01 nan 0.000000000000000000e+00 3.974851800320000073e-01 3.180599389880000016e-01 1.344972504999999985e-01 6.908800000000000274e+00 1.688429999999999964e+01 2.605120000000000147e+01 3.448610000000000042e+01 1.920531068258340968e-01 7.531611141331497894e-01
1.342670000000000030e+00 1.096810000000000063e+00 1.149499999999999966e+00 4.639519999999999755e-01 7.712069999999999759e-01 1.787080000000000002e+00 9.433125067996264157e-01 9.750482483699187686e-01 -1.708010000000000084e-02 7.340779867781271895e-01 5.197382924021329842e-01 nan 0.000000000000000000e+00 3.974851800320000073e-01 3.180599389880000016e-01 1.344972504999999985e-01 6.908800000000000274e+00 1.688429999999999964e+01 2.605120000000000147e+01 3.448610000000000042e+01 1.879718906234058018e-01 7.418821256896723781e-01
1.399119999999999919e+00 1.104470000000000063e+00 1.149250000000000105e+00 8.264799999999999924e-01 1.026429999999999954e+00 1.994399999999999951e+00 9.535877493576290220e-01 9.794267710989914555e-01 -1.708010000000000084e-02 7.398606173216125681e-01 5.210742701013306721e-01 nan 0.000000000000000000e+00 3.846158357360000002e-01 2.753297113529999951e-01 1.386416838200000001e-01 1.071579999999999977e+01 2.882829999999999870e+01 3.898839999999999861e+01 4.577810000000000201e+01 1.879718906234058018e-01 7.418821256896723781e-01
1.434220000000000050e+00 1.109199999999999964e+00 1.150560000000000027e+00 4.445370000000000155e-01 7.738909999999999956e-01 1.846079999999999943e+00 9.625741908781284550e-01 9.832186098815715036e-01 -2.971940000000000137e-01 7.459363741107708501e-01 5.197382924021329842e-01 nan 0.000000000000000000e+00 3.846158357360000002e-01 2.753297113529999951e-01 1.386416838200000001e-01 1.071579999999999977e+01 2.882829999999999870e+01 3.898839999999999861e+01 4.577810000000000201e+01 1.873852157943067809e-01 6.785599307274725600e-01
1.424539999999999917e+00 1.107939999999999925e+00 1.146770000000000067e+00 7.864290000000000447e-01 1.093329999999999913e+00 1.873150000000000093e+00 9.703462469743738827e-01 9.864612382642090616e-01 -1.708010000000000084e-02 7.524310596440979548e-01 5.157454964657014473e-01 nan 0.000000000000000000e+00 4.470071565739999753e-01 1.935108096260000077e-01 1.237271116060000009e-01 1.740429999999999922e+01 4.573219999999999885e+01 5.721099999999999852e+01 5.551389999999999958e+01 1.873852157943067809e-01 6.785599307274725600e-01
1.366940000000000044e+00 1.100130000000000052e+00 1.141909999999999981e+00 6.458420000000000272e-01 8.905809999999999560e-01 1.969209999999999905e+00 9.769879441513348306e-01 9.891983525667390476e-01 -1.708010000000000084e-02 7.594657297900233583e-01 5.091411222654360635e-01 nan 0.000000000000000000e+00 4.470071565739999753e-01 1.935108096260000077e-01 1.237271116060000009e-01 1.740429999999999922e+01 4.573219999999999885e+01 5.721099999999999852e+01 5.551389999999999958e+01 1.837758902152841767e-01 5.614479142382426957e-01
1.301239999999999952e+00 1.090969999999999995e+00 1.140279999999999960e+00 4.149360000000000270e-01 6.719009999999999705e-01 1.772210000000000063e+00 9.825967707152628572e-01 9.914793767855174522e-01 -2.971940000000000137e-01 7.671553221755486041e-01 5.000000000000000000e-01 nan 0.000000000000000000e+00 5.727086435199999492e-01 7.771403043860000692e-02 1.239321342159999950e-01 2.849399999999999977e+01 7.183719999999999573e+01 7.610670000000000357e+01 6.682479999999999620e+01 1.837758902152841767e-01 5.614479142382426957e-01
1.265099999999999891e+00 1.085739999999999927e+00 1.133310000000000040e+00 4.200639999999999930e-01 8.409879999999999578e-01 1.844309999999999894e+00 9.872775789626460075e-01 9.933589025997928701e-01 -2.971940000000000137e-01 7.756073538970067460e-01 4.884257022372676671e-01 nan 0.000000000000000000e+00 5.727086435199999492e-01 7.771403043860000692e-02 1.239321342159999950e-01 2.849399999999999977e+01 7.183719999999999573e+01 7.610670000000000357e+01 6.682479999999999620e+01 2.024410774410774216e-01 4.884490280753560620e-01
1.311569999999999903e+00 1.092919999999999892e+00 1.115650000000000031e+00 1.015120000000000022e+00 1.258210000000000051e+00 1.680260000000000087e+00 9.911383181036607093e-01 9.948960708261681551e-01 -1.708010000000000084e-02 7.849207033084002472e-01 4.745493703957455178e-01 nan 0.000000000000000000e+00 6.529157109800000081e-01 3.972510420050000268e-02 1.096507497560000044e-01 3.077599999999999980e+01 7.403650000000000375e+01 7.825230000000000530e+01 6.715770000000000550e+01 2.024410774410774216e-01 4.884490280753560620e-01
1.832649999999999890e+00 1.158239999999999936e+00 1.124370000000000092e+00 1.021959999999999980e+00 9.679010000000000113e-01 1.766829999999999901e+00 9.942989060692870584e-01 9.961539013295162004e-01 -1.708010000000000084e-02 7.951844896901388848e-01 4.585282288598989675e-01 nan 0.000000000000000000e+00 6.529157109800000081e-01 3.972510420050000268e-02 1.096507497560000044e-01 3.077599999999999980e+01 7.403650000000000375e+01 7.825230000000000530e+01 6.715770000000000550e+01 2.526145291296807427e-01 6.300913642469387899e-01
2.079950000000000188e+00 1.184709999999999930e+00 1.123930000000000096e+00 1.512010000000000076e+00 1.624039999999999928e+00 1.664469999999999894e+00 9.968953870229378955e-01 9.987317366431691656e-01 -1.708010000000000084e-02 8.038491448632067993e-01 4.405438035650525164e-01 nan 0.000000000000000000e+00 7.321772883429999990e-01 2.030866827029999960e-02 9.398353585879999639e-02 1.752220000000000155e+01 5.059159999999999968e+01 6.127120000000000033e+01 5.702850000000000108e+01 2.526145291296807427e-01 6.300913642469387899e-01
2.104649999999999910e+00 1.187829999999999941e+00 1.130039999999999933e+00 1.516850000000000032e+00 1.427580000000000071e+00 1.822370000000000045e+00 9.990719153048975842e-01 1.000000000000000000e+00 -2.971940000000000137e-01 8.133615098442834590e-01 4.207998652360083192e-01 nan 0.000000000000000000e+00 7.321772883429999990e-01 2.030866827029999960e-02 9.398353585879999639e-02 1.752220000000000155e+01 5.059159999999999968e+01 6.127120000000000033e+01 5.702850000000000108e+01 2.650176002448728640e-01 6.806765912883876446e-01
2.277519999999999989e+00 1.204830000000000068e+00 1.136390000000000011e+00 1.640980000000000105e+00 1.553460000000000063e+00 1.793269999999999920e+00 1.000000000000000000e+00 1.000000000000000000e+00 -1.708010000000000084e-02 8.236138057371850119e-01 3.995201205833119884e-01 nan 0.000000000000000000e+00 7.645967836820000141e-01 1.314247574109999976e-02 9.020046167280000582e-02 1.194539999999999935e+01 3.414710000000000178e+01 4.549900000000000233e+01 4.971730000000000160e+01 2.650176002448728640e-01 6.806765912883876446e-01
2.543130000000000113e+00 1.228920000000000012e+00 1.146390000000000020e+00 1.774129999999999985e+00 1.766710000000000003e+00 1.800629999999999953e+00 9.994208474511483420e-01 1.000000000000000000e+00 -1.708010000000000084e-02 8.344898699328352487e-01 3.769456776168333967e-01 nan 0.000000000000000000e+00 7.645967836820000141e-01 1.314247574109999976e-02 9.020046167280000582e-02 1.194539999999999935e+01 3.414710000000000178e+01 4.549900000000000233e+01 4.971730000000000160e+01 2.641439649015406843e-01 7.299999629954447844e-01
2.571709999999999940e+00 1.231219999999999981e+00 1.151980000000000004e+00 1.914269999999999916e+00 1.699429999999999996e+00 1.795330000000000092e+00 9.982373499501444591e-01 1.000000000000000000e+00 -1.708010000000000084e-02 8.458664722780427914e-01 3.533323137956720927e-01 nan 0.000000000000000000e+00 7.747030308479999627e-01 1.336124639360000005e-02 7.537727033240000651e-02 7.401049999999999685e+00 2.335119999999999862e+01 3.581000000000000227e+01 4.206519999999999726e+01 2.641439649015406843e-01 7.299999629954447844e-01
2.347599999999999909e+00 1.210839999999999916e+00 1.146749999999999936e+00 1.665850000000000053e+00 1.674460000000000059e+00 1.864069999999999894e+00 9.967006488359224647e-01 1.000000000000000000e+00 -1.708010000000000084e-02 8.576147113223767660e-01 3.289475779673433076e-01 nan 0.000000000000000000e+00 7.747030308479999627e-01 1.336124639360000005e-02 7.537727033240000651e-02 7.401049999999999685e+00 2.335119999999999862e+01 3.581000000000000227e+01 4.206519999999999726e+01 2.601073870013264067e-01 7.180770952904302895e-01
2.169080000000000119e+00 1.193570000000000020e+00 1.142900000000000027e+00 1.847709999999999964e+00 1.596680000000000099e+00 1.776580000000000048e+00 9.948050301181267097e-01 1.000000000000000000e+00 -2.971940000000000137e-01 8.696014748231069014e-01 3.040677589324283225e-01 nan 0.000000000000000000e+00 7.844567288999999555e-01 1.432929297680000068e-02 5.903267781439999751e-02 3.757940000000000058e+00 1.205599999999999916e+01 2.260820000000000007e+01 3.110660000000000025e+01 2.601073870013264067e-01 7.180770952904302895e-01
2.176219999999999821e+00 1.194299999999999917e+00 1.131780000000000008e+00 1.879289999999999905e+00 1.769200000000000106e+00 1.843709999999999960e+00 9.925570051170324870e-01 1.000000000000000000e+00 -1.708010000000000084e-02 8.816909479601018340e-01 2.789747549820638106e-01 nan 0.000000000000000000e+00 7.844567288999999555e-01 1.432929297680000068e-02 5.903267781439999751e-02 3.757940000000000058e+00 1.205599999999999916e+01 2.260820000000000007e+01 3.110660000000000025e+01 2.558667482909906532e-01 6.988236251882606886e-01
2.248180000000000067e+00 1.201379999999999892e+00 1.126589999999999980e+00 2.090149999999999952e+00 1.836959999999999926e+00 1.720220000000000082e+00 9.892103315413447451e-01 1.000000000000000000e+00 -1.708010000000000084e-02 8.937461521720113655e-01 2.539528798776630181e-01 nan 0.000000000000000000e+00 7.779326012930000145e-01 1.565321150869999900e-02 5.482548110330000279e-02 1.347509999999999986e+00 5.858550000000000146e+00 1.255419999999999980e+01 2.052499999999999858e+01 2.558667482909906532e-01 6.988236251882606886e-01
2.121220000000000105e+00 1.188790000000000013e+00 1.119839999999999947e+00 2.099479999999999791e+00 1.796510000000000051e+00 1.709640000000000049e+00 9.844529453139115871e-01 1.000000000000000000e+00 -1.708010000000000084e-02 9.056304971780992918e-01 2.292856414623927197e-01 nan 0.000000000000000000e+00 7.779326012930000145e-01 1.565321150869999900e-02 5.482548110330000279e-02 1.347509999999999986e+00 5.858550000000000146e+00 1.255419999999999980e+01 2.052499999999999858e+01 2.506313131313131493e-01 6.823380958195954804e-01
1.884549999999999947e+00 1.163810000000000011e+00 1.116950000000000109e+00 2.059750000000000192e+00 1.729209999999999914e+00 1.707359999999999989e+00 9.798796156530403811e-01 1.000000000000000000e+00 -1.708010000000000084e-02 9.172093286007034774e-01 2.052525294040266068e-01 nan 0.000000000000000000e+00 7.813828010000000157e-01 1.680644461110000071e-02 5.321670069300000333e-02 2.859370000000000189e+00 6.481200000000000294e+00 9.875349999999999184e+00 1.335950000000000060e+01 2.506313131313131493e-01 6.823380958195954804e-01
1.690979999999999928e+00 1.141669999999999963e+00 1.116719999999999935e+00 2.087540000000000173e+00 1.584319999999999951e+00 1.467340000000000089e+00 9.757392346379458736e-01 1.000000000000000000e+00 -2.971940000000000137e-01 9.283514536531392025e-01 1.821258484653300869e-01 nan 0.000000000000000000e+00 7.813828010000000157e-01 1.680644461110000071e-02 5.321670069300000333e-02 2.859370000000000189e+00 6.481200000000000294e+00 9.875349999999999184e+00 1.335950000000000060e+01 2.456126925823896023e-01 6.696233306320007461e-01
1.631909999999999972e+00 1.134589999999999987e+00 1.113240000000000007e+00 2.004560000000000120e+00 1.607850000000000001e+00 9.979069999999999885e-01 9.701396859858774091e-01 1.000000000000000000e+00 -2.971940000000000137e-01 9.389306276063953405e-01 1.601676331822912136e-01 nan 0.000000000000000000e+00 8.160640981679999628e-01 1.658475253690000137e-02 4.859765771720000321e-02 2.175780000000000047e+00 8.127929999999999211e+00 1.102319999999999922e+01 1.375089999999999968e+01 2.456126925823896023e-01 6.696233306320007461e-01
1.632579999999999920e+00 1.134759999999999991e+00 1.098070000000000102e+00 1.857229999999999936e+00 1.593390000000000084e+00 1.035479999999999956e+00 9.639494616865722509e-01 9.987317366431690546e-01 -1.708010000000000084e-02 9.488269841923580028e-01 1.396266789081249682e-01 nan 0.000000000000000000e+00 8.160640981679999628e-01 1.658475253690000137e-02 4.859765771720000321e-02 2.175780000000000047e+00 8.127929999999999211e+00 1.102319999999999922e+01 1.375089999999999968e+01 2.420416284052647748e-01 6.616969548951476821e-01
1.619639999999999969e+00 1.133080000000000087e+00 1.084989999999999899e+00 1.846149999999999958e+00 1.799160000000000093e+00 1.018429999999999946e+00 9.582380852233378654e-01 9.961539013295162004e-01 -1.708010000000000084e-02 9.579283937365248303e-01 1.207357228625061119e-01 nan 0.000000000000000000e+00 8.147833059379999687e-01 2.047413835530000059e-02 5.341892903679999749e-02 3.959529999999999994e+00 9.169790000000000774e+00 1.322310000000000052e+01 1.565179999999999971e+01 2.420416284052647748e-01 6.616969548951476821e-01
1.504899999999999904e+00 1.118589999999999973e+00 1.065350000000000019e+00 1.880849999999999911e+00 1.617890000000000050e+00 9.519410000000000371e-01 9.510111153821715346e-01 9.934112800742003202e-01 -2.971940000000000137e-01 9.661317336320216498e-01 1.037088071258744915e-01 nan 0.000000000000000000e+00 8.147833059379999687e-01 2.047413835530000059e-02 5.341892903679999749e-02 3.959529999999999994e+00 9.169790000000000774e+00 1.322310000000000052e+01 1.565179999999999971e+01 2.375586674829098799e-01 6.434500086960704968e-01
1.291830000000000034e+00 1.090070000000000094e+00 1.041060000000000096e+00 1.843210000000000015e+00 1.740339999999999998e+00 7.284789999999999877e-01 9.419453444422373201e-01 9.903409541873848809e-01 -2.971940000000000137e-01 9.733440567599441762e-01 8.873885345713683481e-02 nan 0.000000000000000000e+00 7.816580307239999748e-01 2.953401793839999928e-02 6.835946545000000374e-02 3.682110000000000216e+00 1.090060000000000073e+01 1.480519999999999925e+01 1.786390000000000100e+01 2.375586674829098799e-01 6.434500086960704968e-01
1.065409999999999968e+00 1.055879999999999930e+00 1.019800000000000040e+00 1.637299999999999978e+00 1.410959999999999992e+00 7.181239999999999846e-01 9.328092965927001767e-01 9.867837180036520550e-01 -1.708010000000000084e-02 9.794836446173549316e-01 7.599547741304957249e-02 nan 0.000000000000000000e+00 7.816580307239999748e-01 2.953401793839999928e-02 6.835946545000000374e-02 3.682110000000000216e+00 1.090060000000000073e+01 1.480519999999999925e+01 1.786390000000000100e+01 2.278211406999285371e-01 6.187383666929399118e-01
8.975210000000000132e-01 1.027099999999999902e+00 1.009749999999999925e+00 1.640509999999999913e+00 1.293709999999999916e+00 5.194250000000000256e-01 9.236917217109111844e-01 9.825858827458077149e-01 -2.971940000000000137e-01 9.844809332205745056e-01 6.562306653618710239e-02 nan 0.000000000000000000e+00 7.270765802159999680e-01 4.392975094550000126e-02 8.474222874049999743e-02 3.910419999999999785e+00 1.062930000000000064e+01 1.609299999999999997e+01 1.927199999999999847e+01 2.278211406999285371e-01 6.187383666929399118e-01
7.095259999999999900e-01 9.917300000000000004e-01 9.954969999999999652e-01 1.584510000000000085e+00 1.239400000000000057e+00 1.728149999999999964e-01 9.135957488543374749e-01 9.776010178801377570e-01 -2.971940000000000137e-01 9.909072199216896193e-01 5.228461615460722189e-02 nan 0.000000000000000000e+00 7.270765802159999680e-01 4.392975094550000126e-02 8.474222874049999743e-02 3.910419999999999785e+00 1.062930000000000064e+01 1.609299999999999997e+01 1.927199999999999847e+01 2.211827874706663311e-01 5.937491905253536872e-01
4.813950000000000173e-01 9.421000000000000485e-01 9.530560000000000143e-01 1.370200000000000085e+00 1.127939999999999943e+00 -1.067850000000000049e-01 9.033510368363992793e-01 9.716916102328658766e-01 -2.971940000000000137e-01 9.963393205532182773e-01 4.100970606869047685e-02 nan 0.000000000000000000e+00 6.589348496610000216e-01 6.415516172179999699e-02 9.953320798810000314e-02 2.847910000000000164e+00 1.058660000000000068e+01 1.776579999999999870e+01 2.048720000000000141e+01 2.211827874706663311e-01 5.937491905253536872e-01
2.237399999999999944e-01 8.735749999999999904e-01 8.661400000000000210e-01 1.344160000000000021e+00 1.028710000000000013e+00 -2.284370000000000012e-01 8.932680703628199659e-01 9.647306220693596668e-01 -2.971940000000000137e-01 9.983653154731038093e-01 3.680453534271888039e-02 nan 0.000000000000000000e+00 6.589348496610000216e-01 6.415516172179999699e-02 9.953320798810000314e-02 2.847910000000000164e+00 1.058660000000000068e+01 1.776579999999999870e+01 2.048720000000000141e+01 2.295365268850118046e-01 5.675721681338972147e-01
-5.810150000000000037e-02 7.734550000000000036e-01 7.229100000000000525e-01 1.105949999999999989e+00 1.038520000000000110e+00 -3.352990000000000137e-01 8.823719091438461115e-01 9.566029304824262836e-01 -5.773080000000000434e-01 9.995901679781338256e-01 3.426222200953643604e-02 nan 0.000000000000000000e+00 5.923888081150000540e-01 8.752284206619999340e-02 1.136806363729999936e-01 3.749820000000000153e+00 1.036170000000000080e+01 1.680339999999999989e+01 2.115640000000000143e+01 2.295365268850118046e-01 5.675721681338972147e-01
-2.631780000000000230e-01 6.698849999999999527e-01 6.273400000000000087e-01 8.689480000000000537e-01 8.922499999999999876e-01 -3.625539999999999874e-01 8.707456393669001926e-01 9.472066317808510716e-01 -5.773080000000000434e-01 1.000000000000000000e+00 3.341157149506512880e-02 nan 0.000000000000000000e+00 5.923888081150000540e-01 8.752284206619999340e-02 1.136806363729999936e-01 3.749820000000000153e+00 1.036170000000000080e+01 1.680339999999999989e+01 2.115640000000000143e+01 2.337962962962961688e-01 5.575106295584986160e-01
-3.451219999999999843e-01 6.153290000000000148e-01 6.101269999999999749e-01 8.383890000000000509e-01 8.120079999999999520e-01 -3.852070000000000216e-01 8.590789971435373040e-01 9.364541960989380964e-01 -2.971940000000000137e-01 9.995901679781338256e-01 3.426222200953643604e-02 nan 0.000000000000000000e+00 5.839435065439999573e-01 8.921655083370000350e-02 1.225595491149999994e-01 3.166830000000000034e+00 1.103659999999999997e+01 1.819709999999999894e+01 2.057560000000000144e+01 2.337962962962961688e-01 5.575106295584986160e-01
-3.505170000000000230e-01 6.113060000000000160e-01 6.119390000000000107e-01 1.003810000000000091e+00 9.514660000000000339e-01 -4.064860000000000140e-01 8.474842242202933473e-01 9.255417175511952976e-01 -2.971940000000000137e-01 9.983653154731038093e-01 3.680453534271888039e-02 nan 0.000000000000000000e+00 5.839435065439999573e-01 8.921655083370000350e-02 1.225595491149999994e-01 3.166830000000000034e+00 1.103659999999999997e+01 1.819709999999999894e+01 2.057560000000000144e+01 2.247666054484236398e-01 5.495694519995412142e-01
-3.361970000000000236e-01 6.217500000000000249e-01 6.388549999999999507e-01 8.544779999999999598e-01 7.897119999999999695e-01 -4.970310000000000006e-01 8.357704079046367474e-01 9.144545334096595424e-01 -2.971940000000000137e-01 9.963393205532181662e-01 4.100970606869047685e-02 nan 0.000000000000000000e+00 6.019910570759999802e-01 8.271622761180000283e-02 1.261065855090000021e-01 4.462710000000000399e+00 1.113969999999999949e+01 1.629329999999999856e+01 1.927299999999999969e+01 2.247666054484236398e-01 5.495694519995412142e-01
-4.732779999999999765e-01 5.019270000000000120e-01 5.464339999999999753e-01 5.893260000000000165e-01 4.143660000000000121e-01 -4.782250000000000112e-01 8.236290748902970194e-01 9.020086889935474694e-01 -5.773080000000000434e-01 9.909072199216895083e-01 5.228461615460722189e-02 nan 0.000000000000000000e+00 6.019910570759999802e-01 8.271622761180000283e-02 1.261065855090000021e-01 4.462710000000000399e+00 1.113969999999999949e+01 1.629329999999999856e+01 1.927299999999999969e+01 2.301550862156923616e-01 5.254757860692651494e-01
-4.808259999999999756e-01 4.955019999999999980e-01 5.181430000000000202e-01 4.543260000000000076e-01 4.038590000000000235e-01 -5.390880000000000116e-01 8.103993924286638784e-01 8.883452006932006650e-01 -5.773080000000000434e-01 9.844809332205745056e-01 6.562306653618710239e-02 nan 0.000000000000000000e+00 6.096460204310000242e-01 7.447173943710000410e-02 1.238694145909999961e-01 3.528000000000000025e+00 1.039039999999999964e+01 1.366070000000000029e+01 1.646880000000000166e+01 2.301550862156923616e-01 5.254757860692651494e-01
-6.224359999999999893e-01 2.662599999999999967e-01 2.372420000000000084e-01 1.963689999999999880e-01 1.974309999999999954e-01 -6.163020000000000165e-01 7.965837562711788333e-01 8.736188812907150769e-01 2.630339999999999900e-01 9.769386295953443877e-01 8.127793027740359832e-02 nan 0.000000000000000000e+00 6.096460204310000242e-01 7.447173943710000410e-02 1.238694145909999961e-01 3.528000000000000025e+00 1.039039999999999964e+01 1.366070000000000029e+01 1.646880000000000166e+01 2.480677992041627755e-01 5.108737885633720666e-01
-3.597429999999999795e-01 6.056129999999999569e-01 6.155549999999999633e-01 5.411280000000000534e-01 5.036279999999999646e-01 -5.738739999999999952e-01 7.831784336221129239e-01 8.579965858692595315e-01 8.232620000000000493e-01 9.681711231091576497e-01 9.947583455327291269e-02 nan 0.000000000000000000e+00 5.761935543420000361e-01 8.699990943700000590e-02 1.313426679759999993e-01 5.632380000000000386e+00 7.601779999999999760e+00 1.036660000000000004e+01 1.358789999999999942e+01 2.480677992041627755e-01 5.108737885633720666e-01
-5.092539999999999845e-01 4.614079999999999848e-01 3.851979999999999849e-01 6.407359999999999722e-01 3.805379999999999874e-01 -6.014399999999999746e-01 7.711526388024030343e-01 8.416553212783116633e-01 2.630339999999999900e-01 9.580831098631541476e-01 1.204145928734070559e-01 nan 0.000000000000000000e+00 5.761935543420000361e-01 8.699990943700000590e-02 1.313426679759999993e-01 5.632380000000000386e+00 7.601779999999999760e+00 1.036660000000000004e+01 1.358789999999999942e+01 2.482463524130190669e-01 5.106036553099686515e-01
-7.292520000000000113e-01 -4.000960000000000072e-01 -5.600720000000000143e-01 -3.708239999999999870e-01 -2.999140000000000139e-01 -6.582170000000000520e-01 7.595853381068573551e-01 8.247802405753247301e-01 -1.708010000000000084e-02 9.465942478277102889e-01 1.442609637759062480e-01 nan 0.000000000000000000e+00 6.137380805169999620e-01 7.766518817209999703e-02 1.135998631980000007e-01 3.543740000000000112e+00 6.690750000000000419e+00 8.694240000000000634e+00 1.226329999999999920e+01 2.482463524130190669e-01 5.106036553099686515e-01
-2.821870000000000211e-01 6.604719999999999480e-01 6.184370000000000145e-01 3.646249999999999769e-01 3.350310000000000232e-01 -6.165089999999999737e-01 7.482308637541874585e-01 8.075625451676039512e-01 8.232620000000000493e-01 9.336400671497375736e-01 1.711487613864897117e-01 nan 0.000000000000000000e+00 6.137380805169999620e-01 7.766518817209999703e-02 1.135998631980000007e-01 3.543740000000000112e+00 6.690750000000000419e+00 8.694240000000000634e+00 1.226329999999999920e+01 2.264819916335067962e-01 5.002201771038015110e-01
-4.012620000000000076e-01 5.713120000000000420e-01 4.920459999999999834e-01 1.080219999999999958e+00 5.750640000000000196e-01 -5.420310000000000406e-01 7.378615670051749120e-01 7.901973184239605708e-01 8.232620000000000493e-01 9.191727006218786133e-01 2.011773392509815794e-01 nan 0.000000000000000000e+00 5.746904435680000311e-01 9.188855439809999470e-02 1.168552705030000000e-01 6.272190000000000154e+00 7.265240000000000364e+00 8.053459999999999397e+00 1.133009999999999984e+01 2.264819916335067962e-01 5.002201771038015110e-01
-7.353920000000000456e-01 -5.885320000000000551e-01 -5.946789999999999576e-01 -2.596789999999999932e-01 -3.207769999999999788e-01 -6.478549999999999587e-01 7.278395338852721164e-01 7.728813153021929505e-01 2.630339999999999900e-01 9.031614260370938174e-01 2.344104646199371977e-01 nan 0.000000000000000000e+00 5.746904435680000311e-01 9.188855439809999470e-02 1.168552705030000000e-01 6.272190000000000154e+00 7.265240000000000364e+00 8.053459999999999397e+00 1.133009999999999984e+01 2.195056626874808403e-01 4.854183549995004787e-01
-5.880900000000000016e-01 3.404780000000000029e-01 3.405920000000000059e-01 -3.674080000000000124e-01 -2.273050000000000070e-01 -6.250240000000000240e-01 7.182505411234387793e-01 7.558107330367941357e-01 -1.708010000000000084e-02 8.855930142835430896e-01 2.708755959402137092e-01 nan 0.000000000000000000e+00 6.183754825039999847e-01 7.225016444029999652e-02 9.564769685129999310e-02 8.790729999999999933e+00 7.830820000000000114e+00 9.924239999999999284e+00 1.319780000000000086e+01 2.195056626874808403e-01 4.854183549995004787e-01
-4.292019999999999863e-02 7.826889999999999681e-01 7.584089999999999998e-01 8.617390000000000327e-01 7.495899999999999785e-01 -5.394250000000000433e-01 7.092216332711334115e-01 7.391789881458898925e-01 2.630339999999999900e-01 8.690168942577192190e-01 3.052811188754422922e-01 nan 0.000000000000000000e+00 6.183754825039999847e-01 7.225016444029999652e-02 9.564769685129999310e-02 8.790729999999999933e+00 7.830820000000000114e+00 9.924239999999999284e+00 1.319780000000000086e+01 2.215016324864810260e-01 4.951579539441305355e-01
-6.841239999999999544e-01 6.001139999999999947e-02 8.098299999999999943e-02 2.712030000000000274e-01 -8.510790000000000716e-03 -6.169369999999999576e-01 7.008519699390434177e-01 7.231745249448020552e-01 2.630339999999999900e-01 8.509929613942205373e-01 3.426917333347996308e-01 nan 0.000000000000000000e+00 6.158117041249999701e-01 7.130609263310000445e-02 9.534399714379999946e-02 5.508580000000000254e+00 1.256930000000000014e+01 1.469110000000000049e+01 1.673539999999999850e+01 2.215016324864810260e-01 4.951579539441305355e-01
-7.000450000000000284e-01 -4.103720000000000284e-02 -2.314940000000000053e-01 -1.033040000000000069e-01 1.263019999999999976e-01 -6.583050000000000290e-01 6.931750899369002461e-01 7.079786803966582331e-01 2.630339999999999900e-01 8.291804190323779356e-01 3.826835621079381911e-01 nan 0.000000000000000000e+00 6.158117041249999701e-01 7.130609263310000445e-02 9.534399714379999946e-02 5.508580000000000254e+00 1.256930000000000014e+01 1.469110000000000049e+01 1.673539999999999850e+01 2.290773900622385950e-01 5.009010609205992726e-01
-2.595899999999999874e-01 6.750490000000000101e-01 6.356640000000000068e-01 7.883499999999999952e-01 7.204800000000000093e-01 -6.414929999999999799e-01 6.862125644304908345e-01 6.937636294921400992e-01 1.103380000000000027e+00 8.062596873711102008e-01 4.248034817949342123e-01 nan 0.000000000000000000e+00 5.825926280940000312e-01 6.293218208600000196e-02 9.204186152759999406e-02 1.254180000000000028e+01 1.508730000000000082e+01 1.927060000000000173e+01 2.360229999999999961e+01 2.290773900622385950e-01 5.009010609205992726e-01
-6.206139999999999990e-01 2.719469999999999943e-01 2.057170000000000110e-01 8.497489999999999766e-01 7.066949999999999621e-01 -5.981520000000000170e-01 6.801443053411875272e-01 6.806904344380418914e-01 8.232620000000000493e-01 7.822958242081324842e-01 4.685742568754681647e-01 nan 2.504696305572928772e-03 5.825926280940000312e-01 6.293218208600000196e-02 9.204186152759999406e-02 1.254180000000000028e+01 1.508730000000000082e+01 1.927060000000000173e+01 2.360229999999999961e+01 2.478764921946740030e-01 5.028104959720541833e-01
-7.379660000000000108e-01 -7.368019999999999570e-01 -1.090260000000000007e+00 -2.212379999999999902e-01 -3.445210000000000217e-01 -6.628309999999999480e-01 6.750499994354606237e-01 6.689072197581105161e-01 5.431479999999999642e-01 7.573657064378888082e-01 5.134999469779633063e-01 nan 5.090982839803914750e-03 5.961002146330000029e-01 6.655020557570000272e-02 8.893100176819999925e-02 1.378229999999999933e+01 2.102629999999999910e+01 2.626249999999999929e+01 2.911629999999999896e+01 2.478764921946740030e-01 5.028104959720541833e-01
-6.648159999999999625e-01 1.385530000000000095e-01 1.034150000000000069e-01 -5.845320000000000515e-01 -2.717229999999999923e-01 -6.614419999999999744e-01 6.708047184213170588e-01 6.585474939830029406e-01 5.431479999999999642e-01 7.315571590056191287e-01 5.590715260821632615e-01 nan 7.921115610116435946e-03 5.961002146330000029e-01 6.655020557570000272e-02 8.893100176819999925e-02 1.378229999999999933e+01 2.102629999999999910e+01 2.626249999999999929e+01 2.911629999999999896e+01 2.302634935210692291e-01 4.941033241191991054e-01
-1.730109999999999981e-01 7.212659999999999627e-01 6.983930000000000415e-01 1.054880000000000040e+00 7.732780000000000209e-01 -6.444779999999999953e-01 6.674517658627530103e-01 6.497286369452879295e-01 8.232620000000000493e-01 7.049679598156367577e-01 6.047726499873387063e-01 nan 1.115458774864319658e-02 5.294505725539999652e-01 7.737445990569999377e-02 1.004117451170000036e-01 1.433370000000000033e+01 2.952860000000000085e+01 3.406589999999999918e+01 3.447630000000000194e+01 2.302634935210692291e-01 4.941033241191991054e-01
-6.817940000000000111e-01 7.465149999999999564e-02 4.183429999999999788e-02 5.205800000000000427e-01 1.277379999999999904e-01 -5.927170000000000494e-01 6.650680536606030646e-01 6.425505698190389081e-01 1.103380000000000027e+00 6.777047318686024724e-01 6.500855066984010389e-01 nan 1.494632239130877505e-02 5.294505725539999652e-01 7.737445990569999377e-02 1.004117451170000036e-01 1.433370000000000033e+01 2.952860000000000085e+01 3.406589999999999918e+01 3.447630000000000194e+01 2.424561269258238561e-01 5.113474468707097653e-01
-7.344540000000000513e-01 -5.567619999999999791e-01 -4.746429999999999816e-01 -4.526209999999999956e-01 -6.115209999999999813e-01 -6.557800000000000296e-01 6.636398855090474003e-01 6.370946229730065635e-01 -1.708010000000000084e-02 6.498817351803229947e-01 6.944966834427153124e-01 nan 1.944491733679565293e-02 5.665555804590000077e-01 8.245677917759999809e-02 1.027803362529999959e-01 2.740030000000000143e+01 3.713499999999999801e+01 4.181589999999999918e+01 4.023120000000000118e+01 2.424561269258238561e-01 5.113474468707097653e-01
-7.259100000000000552e-01 -3.290870000000000184e-01 -2.783970000000000056e-01 -4.425339999999999829e-01 -2.307760000000000089e-01 -6.645410000000000483e-01 6.628582976739790800e-01 6.334226144650421109e-01 -1.708010000000000084e-02 6.216195721701149868e-01 7.375029838419626671e-01 nan 2.479096137410796707e-02 5.665555804590000077e-01 8.245677917759999809e-02 1.027803362529999959e-01 2.740030000000000143e+01 3.713499999999999801e+01 4.181589999999999918e+01 4.023120000000000118e+01 2.227770125497399167e-01 5.338240137360908966e-01
-3.681780000000000053e-01 5.997780000000000333e-01 5.758269999999999778e-01 1.149320000000000064e-01 3.776479999999999837e-01 -6.660310000000000397e-01 6.629030973354781420e-01 6.315761496188009305e-01 1.383490000000000109e+00 5.930438211872055554e-01 7.786171293281737293e-01 nan 3.111544135541632894e-02 4.698511516009999944e-01 1.235179258450000012e-01 1.196854287030000019e-01 1.598080000000000034e+01 3.791049999999999898e+01 4.352049999999999841e+01 3.737429999999999808e+01 2.227770125497399167e-01 5.338240137360908966e-01
-5.522909999999999764e-01 4.005810000000000204e-01 3.685689999999999800e-01 4.796949999999999825e-01 5.935500000000000220e-01 -6.757849999999999691e-01 6.640203617891529131e-01 6.303078862619699851e-01 2.503950000000000120e+00 5.642836136578546213e-01 8.173732802046108636e-01 nan 3.853825806268251775e-02 4.698511516009999944e-01 1.235179258450000012e-01 1.196854287030000019e-01 1.598080000000000034e+01 3.791049999999999898e+01 4.352049999999999841e+01 3.737429999999999808e+01 2.384195490256095784e-01 6.165736002101859237e-01
-7.259280000000000177e-01 -2.991809999999999747e-01 -2.765489999999999893e-01 -7.992029999999999967e-01 -5.830910000000000259e-01 -6.762209999999999610e-01 6.655377873549285228e-01 6.295765157945582002e-01 1.943719999999999892e+00 5.354701709746991778e-01 8.533323137956718707e-01 nan 4.716686768389011242e-02 4.072993468469999767e-01 1.411150492830000047e-01 1.314963663660000115e-01 2.851599999999999824e+01 3.130049999999999955e+01 3.257489999999999952e+01 3.122619999999999862e+01 2.384195490256095784e-01 6.165736002101859237e-01
-7.376500000000000279e-01 -7.127149999999999874e-01 -6.927370000000000472e-01 -7.159330000000000416e-01 -5.945920000000000094e-01 -6.724130000000000384e-01 6.668598611241441931e-01 6.305059030472068837e-01 1.103380000000000027e+00 5.067353177059407132e-01 8.860867998822692382e-01 nan 5.709506429149757700e-02 4.072993468469999767e-01 1.411150492830000047e-01 1.314963663660000115e-01 2.851599999999999824e+01 3.130049999999999955e+01 3.257489999999999952e+01 3.122619999999999862e+01 2.075681052953780581e-01 7.831089007056768470e-01
-7.330259999999999554e-01 -5.076370000000000049e-01 -5.226549999999999807e-01 -3.132920000000000149e-01 -1.394309999999999994e-01 -6.783329999999999638e-01 6.682908388782848874e-01 6.328915240064236780e-01 1.103380000000000027e+00 4.782099879703121115e-01 9.152656170490134357e-01 nan 6.840191711811849373e-02 3.982642885339999772e-01 1.676868261999999998e-01 1.195429184779999987e-01 1.195139999999999958e+01 2.542229999999999990e+01 2.887310000000000088e+01 2.820629999999999882e+01 2.075681052953780581e-01 7.831089007056768470e-01
-4.222369999999999735e-01 5.535970000000000057e-01 5.518469999999999764e-01 -1.254830000000000112e-01 2.402410000000000101e-01 -6.735579999999999901e-01 6.701865607216854759e-01 6.365123549489399846e-01 2.630339999999999900e-01 4.500227419011950669e-01 9.405381576381413034e-01 nan 8.115087467052228831e-02 3.982642885339999772e-01 1.676868261999999998e-01 1.195429184779999987e-01 1.195139999999999958e+01 2.542229999999999990e+01 2.887310000000000088e+01 2.820629999999999882e+01 2.248622589531681371e-01 7.567875605487035529e-01
-5.725080000000000169e-01 3.687239999999999962e-01 3.882149999999999768e-01 1.819560000000000066e-01 3.154850000000000154e-01 -6.615959999999999619e-01 6.723522375561672426e-01 6.411333767288106555e-01 -2.971940000000000137e-01 4.222983090089380553e-01 9.616180736663831885e-01 nan 9.538904583269913751e-02 3.462730546689999911e-01 2.392548428659999893e-01 9.819233745909999866e-02 1.684349999999999881e+01 2.359799999999999898e+01 2.512340000000000018e+01 2.499109999999999943e+01 2.248622589531681371e-01 7.567875605487035529e-01
-7.375439999999999774e-01 -7.384640000000000093e-01 -7.078090000000000215e-01 -6.121870000000000367e-01 -5.323830000000000506e-01 -6.718539999999999512e-01 6.745943274884128593e-01 6.465082376382481621e-01 -1.708010000000000084e-02 3.951561749456653505e-01 9.782665212620319517e-01 nan 1.111466661033809755e-01 3.462730546689999911e-01 2.392548428659999893e-01 9.819233745909999866e-02 1.684349999999999881e+01 2.359799999999999898e+01 2.512340000000000018e+01 2.499109999999999943e+01 2.186001428425670134e-01 5.381831503458075483e-01
-7.381750000000000256e-01 -7.757330000000000059e-01 -7.894449999999999523e-01 -7.846379999999999466e-01 -5.686689999999999801e-01 -6.594250000000000389e-01 6.767178089255588835e-01 6.523820446709076570e-01 1.103380000000000027e+00 3.687092276850935102e-01 9.902948668614469652e-01 nan 1.284367550157597959e-01 4.769409626689999904e-01 1.658045170520000000e-01 1.122828232699999984e-01 1.056830000000000069e+01 1.583980000000000032e+01 1.785340000000000060e+01 2.062300000000000111e+01 2.186001428425670134e-01 5.381831503458075483e-01
-6.628650000000000375e-01 1.453689999999999982e-01 1.344599999999999962e-01 -3.848599999999999799e-01 -1.432620000000000005e-01 -5.852829999999999977e-01 6.785332659254919019e-01 6.584942515614997660e-01 5.431479999999999642e-01 3.430624784566824736e-01 9.975668245027037306e-01 nan 1.472549686209730924e-01 4.769409626689999904e-01 1.658045170520000000e-01 1.122828232699999984e-01 1.056830000000000069e+01 1.583980000000000032e+01 1.785340000000000060e+01 2.062300000000000111e+01 1.938195082134476221e-01 4.697321240244675122e-01
-4.131879999999999997e-01 5.609699999999999687e-01 5.856209999999999471e-01 9.622559999999999447e-02 2.521050000000000235e-01 -5.441820000000000546e-01 6.798622608810411805e-01 6.645816108790845167e-01 -2.971940000000000137e-01 3.183118719264442786e-01 1.000000000000000000e+00 nan 1.675796487067812146e-01 4.867930571130000272e-01 2.064902118620000060e-01 1.119611071709999961e-01 7.191460000000000186e+00 1.199319999999999986e+01 1.161890000000000001e+01 1.457929999999999993e+01 1.938195082134476221e-01 4.697321240244675122e-01
-7.090030000000000499e-01 -1.087680000000000036e-01 7.396950000000000226e-03 -6.288219999999999921e-01 -3.344619999999999815e-01 -5.599929999999999630e-01 6.805291797217818406e-01 6.703811567256532378e-01 -1.708010000000000084e-02 2.945431991055408316e-01 9.975668245027037306e-01 nan 1.893720681937659522e-01 4.867930571130000272e-01 2.064902118620000060e-01 1.119611071709999961e-01 7.191460000000000186e+00 1.199319999999999986e+01 1.161890000000000001e+01 1.457929999999999993e+01 1.884374043464952519e-01 5.050936770316426516e-01
-5.091149999999999842e-01 4.618249999999999855e-01 5.302099999999999591e-01 -4.328600000000000225e-01 -2.201929999999999860e-02 -5.272660000000000124e-01 6.803571134792010255e-01 6.756331842448279890e-01 -1.708010000000000084e-02 2.718311253038460107e-01 9.902948668614469652e-01 nan 2.125768699286149088e-01 4.870375656820000176e-01 2.389377828410000071e-01 1.035074297259999943e-01 1.040610000000000035e+01 1.010609999999999964e+01 1.237969999999999970e+01 1.697050000000000125e+01 1.884374043464952519e-01 5.050936770316426516e-01
-4.530699999999999728e-01 5.235389999999999766e-01 5.890290000000000248e-01 -4.572120000000000073e-01 -5.501230000000000009e-02 -5.103119999999999878e-01 6.791758034461381488e-01 6.800841921816573876e-01 -2.971940000000000137e-01 2.502383441421507371e-01 9.782665212620319517e-01 nan 2.371226939027877290e-01 4.870375656820000176e-01 2.389377828410000071e-01 1.035074297259999943e-01 1.040610000000000035e+01 1.010609999999999964e+01 1.237969999999999970e+01 1.697050000000000125e+01 1.987233445566778389e-01 6.088322472496363602e-01
-6.936550000000000216e-01 8.439900000000000180e-03 1.266770000000000118e-01 -8.861420000000000408e-02 7.656019999999999492e-02 -5.936960000000000015e-01 6.768408105418957099e-01 6.834897551531294857e-01 -2.971940000000000137e-01 2.298148672083881738e-01 9.616180736663831885e-01 nan 2.629229857899276768e-01 4.967888625429999760e-01 2.324002844839999915e-01 8.525723020169999333e-02 8.004459999999999908e+00 1.373680000000000057e+01 1.695980000000000132e+01 1.999299999999999855e+01 1.987233445566778389e-01 6.088322472496363602e-01
-3.957749999999999879e-01 5.756959999999999855e-01 6.386910000000000087e-01 -2.724010000000000042e-01 1.382960000000000023e-01 -6.356410000000000116e-01 6.732246751189543410e-01 6.856172930854281811e-01 -2.971940000000000137e-01 2.105974574063583793e-01 9.405381576381413034e-01 nan 2.898769776409636512e-01 4.967888625429999760e-01 2.324002844839999915e-01 8.525723020169999333e-02 8.004459999999999908e+00 1.373680000000000057e+01 1.695980000000000132e+01 1.999299999999999855e+01 1.887498724619937063e-01 4.999204402061894204e-01
-4.903109999999999968e-01 4.834479999999999889e-01 5.583820000000000450e-01 -1.848460000000000103e-01 2.333310000000000106e-01 -6.236150000000000304e-01 6.682163193907664223e-01 6.862487064391040725e-01 -2.971940000000000137e-01 1.926092124173394149e-01 9.152656170490135468e-01 nan 3.178708296252390486e-01 4.499122936650000182e-01 2.340101121289999975e-01 7.406144458699999433e-02 1.199390000000000001e+01 1.679949999999999832e+01 1.867899999999999849e+01 2.395939999999999870e+01 1.887498724619937063e-01 4.999204402061894204e-01
-7.255270000000000330e-01 -3.186350000000000016e-01 -1.986209999999999920e-01 -5.123659999999999881e-01 -3.425270000000000259e-01 -6.353860000000000063e-01 6.617321788843756325e-01 6.851828473640049211e-01 -1.708010000000000084e-02 1.758593029941282193e-01 8.860867998822694602e-01 nan 3.467789198812802898e-01 4.499122936650000182e-01 2.340101121289999975e-01 7.406144458699999433e-02 1.199390000000000001e+01 1.679949999999999832e+01 1.867899999999999849e+01 2.395939999999999870e+01 1.746505458626670393e-01 4.227770438540984221e-01
-7.363650000000000473e-01 -6.631879999999999997e-01 -7.381560000000000343e-01 -7.980319999999999636e-01 -7.920829999999999815e-01 -6.420139999999999736e-01 6.536857105123773382e-01 6.822377987847918490e-01 2.630339999999999900e-01 1.603428690527473055e-01 8.533323137956719817e-01 nan 3.764652678626837501e-01 4.874169396429999801e-01 1.456653895139999877e-01 8.450522230370000054e-02 1.257620000000000005e+01 1.651599999999999824e+01 2.065149999999999864e+01 2.955620000000000047e+01 1.746505458626670393e-01 4.227770438540984221e-01
-6.578619999999999468e-01 1.631890000000000007e-01 2.536309999999999953e-01 -3.035129999999999773e-01 -7.872220000000000606e-02 -6.281240000000000157e-01 6.439887231687073665e-01 6.772529355940937190e-01 -1.708010000000000084e-02 1.460410747391384101e-01 8.173732802046109747e-01 nan 4.067850750520409786e-01 4.874169396429999801e-01 1.456653895139999877e-01 8.450522230370000054e-02 1.257620000000000005e+01 1.651599999999999824e+01 2.065149999999999864e+01 2.955620000000000047e+01 1.735728497092133837e-01 3.760217882821376145e-01
-3.897220000000000129e-01 5.807440000000000380e-01 6.622670000000000501e-01 -5.294119999999999937e-01 -1.095980000000000010e-01 -6.324290000000000189e-01 6.333622785090625706e-01 6.700907445991559630e-01 -2.971940000000000137e-01 1.329213218469154079e-01 7.786171293281737293e-01 nan 4.375863655860009471e-01 3.417805616799999835e-01 1.272836006939999931e-01 1.021102852609999945e-01 8.642269999999999897e+00 2.417980000000000018e+01 3.275780000000000314e+01 3.763179999999999836e+01 1.735728497092133837e-01 3.760217882821376145e-01
-5.950839999999999463e-01 3.264340000000000019e-01 4.092520000000000047e-01 -2.283959999999999879e-01 1.870989999999999875e-01 -6.662529999999999841e-01 6.221517651359245171e-01 6.606383826012626193e-01 -2.971940000000000137e-01 1.209376191680677781e-01 7.375029838419626671e-01 nan 4.687117082025261672e-01 3.417805616799999835e-01 1.272836006939999931e-01 1.021102852609999945e-01 8.642269999999999897e+00 2.417980000000000018e+01 3.275780000000000314e+01 3.763179999999999836e+01 2.879999489847974159e-01 5.394709088688818266e-01
-7.299189999999999845e-01 -4.160860000000000114e-01 -2.779190000000000271e-01 -6.479770000000000252e-01 -4.625799999999999912e-01 -6.982770000000000366e-01 6.087630596431217178e-01 6.488089549542663814e-01 2.630339999999999900e-01 1.100311035917249658e-01 6.944966834427153124e-01 nan 4.999999999999998890e-01 2.320196061179999880e-01 1.100659743310000022e-01 1.274776058640000043e-01 1.877309999999999945e+01 3.714330000000000354e+01 4.173230000000000217e+01 4.724190000000000111e+01 2.879999489847974159e-01 5.394709088688818266e-01
-7.382480000000000153e-01 -7.934179999999999566e-01 -6.626260000000000483e-01 -9.934079999999999577e-01 -8.676789999999999781e-01 -7.052399999999999780e-01 5.929048886292285214e-01 6.345425001156519418e-01 -1.708010000000000084e-02 1.001307070467228888e-01 6.500855066984010389e-01 nan 5.312882917974737218e-01 2.320196061179999880e-01 1.100659743310000022e-01 1.274776058640000043e-01 1.877309999999999945e+01 3.714330000000000354e+01 4.173230000000000217e+01 4.724190000000000111e+01 6.265049484746454400e-01 9.423617047258517898e-01
-7.347110000000000030e-01 -5.747710000000000319e-01 -4.312289999999999734e-01 -9.898639999999999661e-01 -7.771029999999999882e-01 -7.054740000000000455e-01 5.765004650300995515e-01 6.178066690347716605e-01 -5.773080000000000434e-01 9.115396173124756807e-02 6.047726499873387063e-01 nan 5.624136344139989419e-01 1.756554581339999921e-01 1.059971529250000044e-01 1.181487865259999992e-01 1.476440000000000019e+01 3.942490000000000094e+01 4.748310000000000031e+01 5.027420000000000044e+01 6.265049484746454400e-01 9.423617047258517898e-01
-7.334559999999999969e-01 -5.224299999999999500e-01 -3.735379999999999812e-01 -1.111210000000000031e+00 -8.703849999999999643e-01 -7.058250000000000357e-01 5.587679029666563491e-01 5.999066685878360339e-01 -2.971940000000000137e-01 8.300793450598242806e-02 5.590715260821632615e-01 nan 5.932149249479587994e-01 1.756554581339999921e-01 1.059971529250000044e-01 1.181487865259999992e-01 1.476440000000000019e+01 3.942490000000000094e+01 4.748310000000000031e+01 5.027420000000000044e+01 7.446816651362104800e-01 9.223089362300499472e-01
-7.359059999999999491e-01 -6.262809999999999766e-01 -4.961090000000000222e-01 -1.020019999999999927e+00 -8.597960000000000047e-01 -7.075289999999999635e-01 5.386813340941734030e-01 5.809896247181455253e-01 -2.971940000000000137e-01 7.559027986371014141e-02 5.134999469779633063e-01 nan 6.235347321373163609e-01 1.290877168479999948e-01 8.937712324900000394e-02 9.897615904079999638e-02 1.450200000000000067e+01 3.650030000000000285e+01 4.331470000000000198e+01 5.196820000000000306e+01 7.446816651362104800e-01 9.223089362300499472e-01
-7.376350000000000406e-01 -7.544560000000000155e-01 -5.948729999999999851e-01 -8.382910000000000084e-01 -7.895280000000000076e-01 -7.069339999999999513e-01 5.183294223813530444e-01 5.600016166852785915e-01 -2.971940000000000137e-01 6.879039954480581365e-02 4.685742568754682758e-01 nan 6.532210801187194882e-01 1.290877168479999948e-01 8.937712324900000394e-02 9.897615904079999638e-02 1.450200000000000067e+01 3.650030000000000285e+01 4.331470000000000198e+01 5.196820000000000306e+01 5.288746046321803895e-01 8.789914038418129572e-01
-7.339200000000000168e-01 -5.053440000000000154e-01 -4.345450000000000146e-01 -9.379790000000000072e-01 -7.588439999999999630e-01 -7.010229999999999517e-01 4.982268656508020976e-01 5.371804470066303683e-01 2.630339999999999900e-01 6.249069565971032691e-02 4.248034817949343234e-01 nan 6.821291703747608404e-01 9.029265675809999836e-02 7.110159978320000629e-02 8.507884383519999372e-02 1.773880000000000123e+01 4.824589999999999890e+01 5.673910000000000053e+01 5.625600000000000023e+01 5.288746046321803895e-01 8.789914038418129572e-01
-7.342220000000000413e-01 -4.693109999999999782e-01 -5.213590000000000169e-01 -8.747840000000000060e-01 -8.024489999999999679e-01 -6.951829999999999954e-01 4.767667580085436230e-01 5.127846886535363247e-01 -2.971940000000000137e-01 5.656790312000914422e-02 3.826835621079383021e-01 nan 7.101230223590362378e-01 9.029265675809999836e-02 7.110159978320000629e-02 8.507884383519999372e-02 1.773880000000000123e+01 4.824589999999999890e+01 5.673910000000000053e+01 5.625600000000000023e+01 7.576012651770227535e-01 9.374178961430152945e-01
-7.358879999999999866e-01 -5.340319999999999512e-01 -6.263870000000000271e-01 -9.949310000000000098e-01 -1.002229999999999954e+00 -6.978999999999999648e-01 4.539753164446910239e-01 4.870907553161878401e-01 -1.417650000000000077e+00 5.089448628113835138e-02 3.426917333347997419e-01 nan 7.370770142100724343e-01 6.477847801809999417e-02 5.112423299910000274e-02 9.577579639330000005e-02 2.458589999999999876e+01 6.101970000000000027e+01 6.501709999999999923e+01 5.947670000000000101e+01 7.576012651770227535e-01 9.374178961430152945e-01
-7.336139999999999883e-01 -4.367889999999999828e-01 -5.139989999999999837e-01 -1.086400000000000032e+00 -1.023849999999999927e+00 -7.036040000000000072e-01 4.310077293361805895e-01 4.603897695260715794e-01 -1.417650000000000077e+00 4.534008397219824182e-02 3.052811188754424032e-01 nan 7.628773060972122710e-01 6.477847801809999417e-02 5.112423299910000274e-02 9.577579639330000005e-02 2.458589999999999876e+01 6.101970000000000027e+01 6.501709999999999923e+01 5.947670000000000101e+01 9.245995306601366703e-01 9.455292946561721923e-01
-7.330360000000000209e-01 -4.054170000000000273e-01 -5.140959999999999974e-01 -9.251989999999999936e-01 -9.444010000000000460e-01 -7.061199999999999699e-01 4.072119022639481001e-01 4.329842641213624832e-01 -1.417650000000000077e+00 3.977298654010907875e-02 2.708755959402138203e-01 nan 7.874231300713852022e-01 6.654307560380000319e-02 3.506578188590000339e-02 1.086942017320000065e-01 1.752870000000000061e+01 4.853479999999999706e+01 5.294339999999999691e+01 4.720620000000000260e+01 9.245995306601366703e-01 9.455292946561721923e-01
-7.385410000000000030e-01 -7.454199999999999715e-01 -8.052009999999999446e-01 -9.434109999999999996e-01 -9.793530000000000291e-01 -7.087670000000000359e-01 3.824316183912818135e-01 4.051847544289798320e-01 5.431479999999999642e-01 3.668954680138514224e-02 2.344104646199373088e-01 nan 8.106279318062340478e-01 6.654307560380000319e-02 3.506578188590000339e-02 1.086942017320000065e-01 1.752870000000000061e+01 4.853479999999999706e+01 5.294339999999999691e+01 4.720620000000000260e+01 8.293286399347005178e-01 9.296136354385224898e-01
-7.410139999999999505e-01 -1.688180000000000014e+00 -1.547879999999999923e+00 -9.957359999999999545e-01 -1.039709999999999912e+00 -7.104059999999999819e-01 3.578313996457404000e-01 3.773062200018590939e-01 3.064169999999999838e+00 3.357968633833552374e-02 2.011773392509816905e-01 nan 8.324203512932187854e-01 7.832286561340000286e-02 3.124523498280000131e-02 1.222012047019999936e-01 1.832700000000000173e+01 3.740259999999999962e+01 4.062910000000000110e+01 3.964269999999999783e+01 8.293286399347005178e-01 9.296136354385224898e-01
-7.409010000000000318e-01 -1.475570000000000048e+00 -1.422050000000000036e+00 -9.380749999999999922e-01 -1.024899999999999922e+00 -7.080779999999999852e-01 3.335600730537361391e-01 3.496645357747564242e-01 1.103380000000000027e+00 3.047864111264375619e-02 1.711487613864898227e-01 nan 8.527450313790269076e-01 7.832286561340000286e-02 3.124523498280000131e-02 1.222012047019999936e-01 1.832700000000000173e+01 3.740259999999999962e+01 4.062910000000000110e+01 3.964269999999999783e+01 8.610600959085806805e-01 9.380580749490262660e-01
-7.400259999999999616e-01 -1.019879999999999898e+00 -9.907489999999999908e-01 -1.018769999999999953e+00 -9.726639999999999731e-01 -7.022739999999999538e-01 3.091456792082427629e-01 3.225728930750217938e-01 -5.773080000000000434e-01 2.742154720583178662e-02 1.442609637759063590e-01 nan 8.715632449842402041e-01 7.869180907169999462e-02 2.631591396319999873e-02 1.319841556680000083e-01 1.225270000000000081e+01 3.721860000000000213e+01 3.862650000000000006e+01 3.873140000000000072e+01 8.610600959085806805e-01 9.380580749490262660e-01
-7.399900000000000366e-01 -9.955770000000000453e-01 -1.007290000000000019e+00 -9.735260000000000025e-01 -9.107070000000000443e-01 -6.975780000000000314e-01 2.846760936049834712e-01 2.950286792441541017e-01 -5.773080000000000434e-01 2.444304271341657397e-02 1.204145928734070559e-01 nan 8.888533338966189135e-01 7.869180907169999462e-02 2.631591396319999873e-02 1.319841556680000083e-01 1.225270000000000081e+01 3.721860000000000213e+01 3.862650000000000006e+01 3.873140000000000072e+01 7.003175696357514246e-01 9.080917860988688695e-01
-7.290389999999999926e-01 -2.960840000000000138e-01 -3.834110000000000018e-01 -8.858549999999999480e-01 -9.759839999999999627e-01 -6.945160000000000222e-01 2.605518018530491586e-01 2.672056660770077974e-01 -1.417650000000000077e+00 2.157687528144713873e-02 9.947583455327291269e-02 nan 9.046109541673008625e-01 7.303287508069999934e-02 2.527750040180000088e-02 1.178876160609999973e-01 1.447930000000000028e+01 2.496470000000000056e+01 3.003470000000000084e+01 3.021499999999999986e+01 7.003175696357514246e-01 9.080917860988688695e-01
-7.200900000000000079e-01 -1.276269999999999905e-01 -2.490489999999999926e-01 -9.675000000000000266e-01 -9.356100000000000527e-01 -6.966430000000000122e-01 2.373127546805693378e-01 2.404933691025538112e-01 -1.417650000000000077e+00 1.885551973219012911e-02 8.127793027740359832e-02 nan 9.188491253294777117e-01 7.303287508069999934e-02 2.527750040180000088e-02 1.178876160609999973e-01 1.447930000000000028e+01 2.496470000000000056e+01 3.003470000000000084e+01 3.021499999999999986e+01 6.869643403734312370e-01 9.360191239541587604e-01
-7.313220000000000276e-01 -3.575519999999999810e-01 -4.425049999999999817e-01 -9.606839999999999824e-01 -8.971059999999999590e-01 -7.020119999999999694e-01 2.158846226230295429e-01 2.150004556346498674e-01 -1.417650000000000077e+00 1.630981011141707793e-02 6.562306653618710239e-02 nan 9.315980828818813952e-01 6.738053283120000458e-02 2.615109929919999868e-02 7.972237701989999537e-02 7.416850000000000165e+00 1.645370000000000132e+01 1.995510000000000161e+01 2.694379999999999953e+01 6.869643403734312370e-01 9.360191239541587604e-01
-7.404979999999999896e-01 -1.136479999999999935e+00 -1.242839999999999945e+00 -8.510659999999999892e-01 -8.955039999999999667e-01 -7.045700000000000296e-01 1.960326006818692290e-01 1.908217768847835227e-01 -1.417650000000000077e+00 1.396859032634523157e-02 5.228461615460722189e-02 nan 9.429049357085024230e-01 6.738053283120000458e-02 2.615109929919999868e-02 7.972237701989999537e-02 7.416850000000000165e+00 1.645370000000000132e+01 1.995510000000000161e+01 2.694379999999999953e+01 6.540021426385062009e-01 9.089835958806529170e-01
-7.409019999999999495e-01 -1.412050000000000027e+00 -1.541449999999999987e+00 -9.650689999999999547e-01 -1.052179999999999893e+00 -7.018760000000000554e-01 1.769704191396525017e-01 1.680372932599450975e-01 -8.574220000000000175e-01 1.185838733264354961e-02 4.100970606869047685e-02 nan 9.528331323161098876e-01 5.387353429859999959e-02 2.570217402910000143e-02 5.165229949890000338e-02 7.391160000000000174e+00 1.408760000000000012e+01 1.906660000000000110e+01 2.171180000000000021e+01 6.540021426385062009e-01 9.089835958806529170e-01
-7.395159999999999512e-01 -8.734819999999999807e-01 -9.573409999999999975e-01 -1.036999999999999922e+00 -1.066240000000000077e+00 -6.969220000000000415e-01 1.578567773505593630e-01 1.467111683792663435e-01 -8.574220000000000175e-01 1.000311057342484489e-02 3.152208247836496557e-02 nan 9.614617419373174823e-01 5.387353429859999959e-02 2.570217402910000143e-02 5.165229949890000338e-02 7.391160000000000174e+00 1.408760000000000012e+01 1.906660000000000110e+01 2.171180000000000021e+01 7.135623915926945227e-01 9.226974840602877315e-01
-7.323539999999999495e-01 -3.862430000000000030e-01 -4.796790000000000220e-01 -8.563950000000000173e-01 -9.211730000000000196e-01 -6.957590000000000163e-01 1.397158696672328171e-01 1.268910420745772427e-01 -1.417650000000000077e+00 8.423781075702296839e-03 2.352524091340035817e-02 nan 9.688845586445836711e-01 5.315780187289999986e-02 2.438681951290000080e-02 5.388733573519999959e-02 5.961599999999999788e+00 1.342249999999999943e+01 1.537650000000000006e+01 1.968290000000000006e+01 7.135623915926945227e-01 9.226974840602877315e-01
-7.276390000000000358e-01 -2.585859999999999825e-01 -3.666159999999999974e-01 -1.010820000000000052e+00 -9.895720000000000072e-01 -6.997020000000000461e-01 1.229216388858692666e-01 1.086074906120754191e-01 -1.417650000000000077e+00 7.138293273753038015e-03 1.670578574753256440e-02 nan 9.752090386258920329e-01 5.315780187289999986e-02 2.438681951290000080e-02 5.388733573519999959e-02 5.961599999999999788e+00 1.342249999999999943e+01 1.537650000000000006e+01 1.968290000000000006e+01 8.038019079685745361e-01 9.536554949914335388e-01
-7.309750000000000414e-01 -3.429380000000000206e-01 -4.416280000000000205e-01 -8.973449999999999482e-01 -9.217429999999999790e-01 -7.057579999999999965e-01 1.068034693059792817e-01 9.187368025101183555e-02 -1.417650000000000077e+00 6.161212258027903843e-03 1.073698109613618890e-02 nan 9.805550826632044581e-01 7.775351647219999607e-02 3.181167236679999927e-02 6.449898967099999825e-02 6.611379999999999590e+00 1.285699999999999932e+01 1.820949999999999847e+01 2.104420000000000002e+01 8.038019079685745361e-01 9.536554949914335388e-01
-7.383410000000000251e-01 -7.309759999999999591e-01 -7.691299999999999804e-01 -8.615760000000000085e-01 -9.692269999999999497e-01 -7.068680000000000518e-01 9.208017535699419831e-02 7.668521806471362279e-02 -2.971940000000000137e-01 5.503608746856958334e-03 5.282452864353914812e-03 nan 9.850536776086912250e-01 7.775351647219999607e-02 3.181167236679999927e-02 6.449898967099999825e-02 6.611379999999999590e+00 1.285699999999999932e+01 1.820949999999999847e+01 2.104420000000000002e+01 8.146936537088051988e-01 9.754696803176471365e-01
-7.410609999999999697e-01 -1.811700000000000088e+00 -1.699160000000000004e+00 -1.130270000000000108e+00 -1.289339999999999931e+00 -7.074899999999999523e-01 7.875242707135565734e-02 6.302020171419786543e-02 1.663599999999999968e+00 5.172933650786637472e-03 0.000000000000000000e+00 nan 9.888454122513568034e-01 7.608964229829999482e-02 2.937761048480000067e-02 6.578179577539999823e-02 1.150530000000000008e+01 2.302049999999999841e+01 2.314789999999999992e+01 2.523479999999999990e+01 8.146936537088051988e-01 9.754696803176471365e-01
-7.405279999999999641e-01 -1.163540000000000019e+00 -1.208820000000000006e+00 -1.017460000000000031e+00 -1.134959999999999969e+00 -7.055059999999999665e-01 6.676485855293678995e-02 5.083946761042379414e-02 5.431479999999999642e-01 2.545015022010543859e-03 0.000000000000000000e+00 nan 9.920788843898835641e-01 7.608964229829999482e-02 2.937761048480000067e-02 6.578179577539999823e-02 1.150530000000000008e+01 2.302049999999999841e+01 2.314789999999999992e+01 2.523479999999999990e+01 7.408491480461176781e-01 9.321188438296754697e-01
-7.360459999999999781e-01 -5.461249999999999716e-01 -6.262419999999999654e-01 -1.086920000000000108e+00 -1.129920000000000035e+00 -7.036109999999999864e-01 5.606456306867724226e-02 4.008703465340646144e-02 -1.417650000000000077e+00 0.000000000000000000e+00 0.000000000000000000e+00 nan 9.949090171601961963e-01 6.093970145679999950e-02 2.549915558580000130e-02 6.400070137419999750e-02 1.345800000000000018e+01 2.914199999999999946e+01 3.254460000000000264e+01 2.813879999999999981e+01 7.408491480461176781e-01 9.321188438296754697e-01
-7.340759999999999508e-01 -4.445169999999999955e-01 -5.516119999999999912e-01 -1.051250000000000018e+00 -1.203819999999999890e+00 -7.025569999999999871e-01 4.663633098269215349e-02 3.069073852044756912e-02 -1.417650000000000077e+00 0.000000000000000000e+00 0.000000000000000000e+00 nan 9.974953036944270712e-01 6.093970145679999950e-02 2.549915558580000130e-02 6.400070137419999750e-02 1.345800000000000018e+01 2.914199999999999946e+01 3.254460000000000264e+01 2.813879999999999981e+01 7.594250586674828885e-01 9.012311415535252390e-01
-7.387000000000000233e-01 -7.535199999999999676e-01 -8.457829999999999515e-01 -9.356550000000000145e-01 -1.081630000000000091e+00 -7.053350000000000453e-01 3.845764152105179967e-02 2.256304931674779635e-02 -1.417650000000000077e+00 0.000000000000000000e+00 0.000000000000000000e+00 nan 1.000000000000000000e+00 5.018685185019999828e-02 2.087315164339999946e-02 5.985548989259999869e-02 2.196890000000000143e+01 3.665229999999999677e+01 3.288329999999999842e+01 3.110119999999999862e+01 7.594250586674828885e-01 9.012311415535252390e-01
-7.397650000000000059e-01 -9.116859999999999964e-01 -1.025060000000000082e+00 -1.022890000000000077e+00 -1.165340000000000042e+00 -7.084939999999999571e-01 3.132385396736958594e-02 1.560206332408964336e-02 -1.417650000000000077e+00 0.000000000000000000e+00 0.000000000000000000e+00 nan 1.000000000000000000e+00 5.018685185019999828e-02 2.087315164339999946e-02 5.985548989259999869e-02 2.196890000000000143e+01 3.665229999999999677e+01 3.288329999999999842e+01 3.110119999999999862e+01 7.909524538312415753e-01 8.440035968427713753e-01
-7.385699999999999488e-01 -7.418599999999999639e-01 -8.230840000000000378e-01 -1.130060000000000064e+00 -1.088789999999999925e+00 -7.096580000000000110e-01 2.510414035141927958e-02 9.692657610683275138e-03 -1.417650000000000077e+00 0.000000000000000000e+00 0.000000000000000000e+00 nan 1.000000000000000000e+00 5.050550235680000000e-02 2.639623538480000142e-02 5.511164778429999966e-02 1.137880000000000003e+01 3.200789999999999935e+01 3.654610000000000269e+01 3.025679999999999836e+01 7.909524538312415753e-01 8.440035968427713753e-01
-7.391940000000000177e-01 -8.439699999999999980e-01 -9.280819999999999625e-01 -4.442030000000000145e-01 -4.312059999999999782e-01 -7.103190000000000337e-01 1.985505810977261643e-02 6.192585171953091105e-03 8.232620000000000493e-01 0.000000000000000000e+00 0.000000000000000000e+00 nan 9.974953036944268492e-01 5.050550235680000000e-02 2.639623538480000142e-02 5.511164778429999966e-02 1.137880000000000003e+01 3.200789999999999935e+01 3.654610000000000269e+01 3.025679999999999836e+01 7.212465564738290702e-01 8.643820054248678719e-01
-7.409909999999999553e-01 -1.601159999999999917e+00 -1.737200000000000077e+00 -7.878570000000000295e-01 -8.504429999999999490e-01 -7.108830000000000426e-01 1.545069395889320241e-02 3.527908971648896497e-03 3.064169999999999838e+00 0.000000000000000000e+00 0.000000000000000000e+00 nan 9.949090171601959742e-01 3.505642528180000217e-02 2.345066560309999951e-02 4.612758328140000030e-02 2.680489999999999995e+01 3.868889999999999674e+01 3.649759999999999849e+01 3.450529999999999831e+01 7.212465564738290702e-01 8.643820054248678719e-01
-7.410529999999999617e-01 -1.788729999999999931e+00 -1.737829999999999986e+00 -8.448339999999999739e-01 -9.351390000000000535e-01 -7.109229999999999716e-01 1.171135108722864970e-02 1.648384260771740273e-03 2.223829999999999973e+00 0.000000000000000000e+00 0.000000000000000000e+00 nan 9.920788843898835641e-01 3.505642528180000217e-02 2.345066560309999951e-02 4.612758328140000030e-02 2.680489999999999995e+01 3.868889999999999674e+01 3.649759999999999849e+01 3.450529999999999831e+01 6.687008978675645920e-01 9.421618801274438404e-01
-7.407399999999999540e-01 -1.295360000000000067e+00 -1.323860000000000037e+00 -6.598309999999999453e-01 -9.099850000000000438e-01 -7.105890000000000262e-01 8.528612027912330085e-03 4.948702102172131134e-04 1.383490000000000109e+00 0.000000000000000000e+00 0.000000000000000000e+00 nan 9.888454122513568034e-01 5.603608156380000122e-02 4.374902495019999948e-02 5.691734601250000164e-02 2.200189999999999912e+01 3.929710000000000036e+01 4.088839999999999719e+01 3.473930000000000007e+01 6.687008978675645920e-01 9.421618801274438404e-01
-7.407099999999999795e-01 -1.347609999999999975e+00 -1.185009999999999897e+00 -7.498660000000000325e-01 -1.006629999999999914e+00 -7.105430000000000357e-01 6.083223733320819449e-03 0.000000000000000000e+00 -1.708010000000000084e-02 0.000000000000000000e+00 0.000000000000000000e+00 nan 9.850536776086912250e-01 5.603608156380000122e-02 4.374902495019999948e-02 5.691734601250000164e-02 2.200189999999999912e+01 3.929710000000000036e+01 4.088839999999999719e+01 3.473930000000000007e+01 8.940605550454034933e-01 1.000000000000000000e+00
-7.407030000000000003e-01 -1.244590000000000085e+00 -1.392460000000000031e+00 -2.490979999999999930e-02 -5.632380000000000164e-01 -7.097930000000000073e-01 4.056746584227943764e-03 8.894411224369402902e-05 -1.417650000000000077e+00 0.000000000000000000e+00 0.000000000000000000e+00 nan 9.805550826632043471e-01 4.962142477119999701e-02 5.086025043060000278e-02 4.013641942289999931e-02 1.835490000000000066e+01 3.022009999999999863e+01 3.169269999999999854e+01 3.144719999999999871e+01 8.940605550454034933e-01 1.000000000000000000e+00
-7.396279999999999522e-01 -8.974689999999999612e-01 -9.703889999999999461e-01 -7.640439999999999454e-01 -1.028200000000000003e+00 -7.095120000000000315e-01 2.036841605162043045e-03 1.989835086837588030e-03 -1.417650000000000077e+00 0.000000000000000000e+00 0.000000000000000000e+00 nan 9.752090386258919219e-01 4.962142477119999701e-02 5.086025043060000278e-02 4.013641942289999931e-02 1.835490000000000066e+01 3.022009999999999863e+01 3.169269999999999854e+01 3.144719999999999871e+01 9.426142740536680442e-01 9.526452706328150111e-01
-7.405739999999999545e-01 -1.201130000000000031e+00 -1.195359999999999978e+00 -9.001200000000000312e-01 -1.146619999999999973e+00 -7.098999999999999755e-01 5.312957985740274225e-04 5.739003944698395365e-03 1.943719999999999892e+00 0.000000000000000000e+00 0.000000000000000000e+00 nan 9.688845586445836711e-01 4.756740182750000129e-02 3.236154850859999932e-02 3.131641185569999930e-02 1.454049999999999976e+01 2.984600000000000009e+01 3.111139999999999972e+01 2.848089999999999833e+01 9.426142740536680442e-01 9.526452706328150111e-01
-7.406589999999999563e-01 -1.245789999999999953e+00 -1.249579999999999913e+00 -1.148719999999999963e+00 -1.281369999999999898e+00 -7.106519999999999504e-01 0.000000000000000000e+00 1.013926978769841281e-02 1.943719999999999892e+00 0.000000000000000000e+00 0.000000000000000000e+00 nan 9.614617419373174823e-01 4.756740182750000129e-02 3.236154850859999932e-02 3.131641185569999930e-02 1.454049999999999976e+01 2.984600000000000009e+01 3.111139999999999972e+01 2.848089999999999833e+01 9.416960004081216251e-01 9.065597975110737394e-01
-7.401090000000000169e-01 -1.005130000000000079e+00 -1.077039999999999997e+00 -1.026159999999999961e+00 -1.300400000000000000e+00 -7.103199999999999514e-01 0.000000000000000000e+00 1.525433293503664078e-02 -1.417650000000000077e+00 0.000000000000000000e+00 0.000000000000000000e+00 nan 9.528331323161098876e-01 3.635507125899999775e-02 2.235062296869999923e-02 2.542413306140000120e-02 1.252379999999999960e+01 2.370260000000000034e+01 2.598799999999999955e+01 2.543240000000000123e+01 9.416960004081216251e-01 9.065597975110737394e-01
-7.409280000000000310e-01 -1.474879999999999969e+00 -1.487840000000000051e+00 -1.097630000000000106e+00 -1.244569999999999954e+00 -7.103129999999999722e-01 0.000000000000000000e+00 2.113979476683447434e-02 1.663599999999999968e+00 0.000000000000000000e+00 0.000000000000000000e+00 nan 9.429049357085022010e-01 3.635507125899999775e-02 2.235062296869999923e-02 2.542413306140000120e-02 1.252379999999999960e+01 2.370260000000000034e+01 2.598799999999999955e+01 2.543240000000000123e+01 7.483866442199774704e-01 8.143629480789085218e-01
-7.410860000000000225e-01 -1.903370000000000006e+00 -1.774550000000000072e+00 -1.269030000000000102e+00 -1.414069999999999938e+00 -7.104460000000000219e-01 0.000000000000000000e+00 2.784252773828277405e-02 3.064169999999999838e+00 0.000000000000000000e+00 0.000000000000000000e+00 nan 9.315980828818813952e-01 4.148064090720000180e-02 2.681346480440000013e-02 3.285211683929999821e-02 1.397029999999999994e+01 2.308099999999999952e+01 2.387750000000000128e+01 2.336659999999999826e+01 7.483866442199774704e-01 8.143629480789085218e-01
-7.405960000000000321e-01 -1.192169999999999952e+00 -1.242259999999999920e+00 -1.198960000000000026e+00 -1.375720000000000054e+00 -7.106470000000000287e-01 0.000000000000000000e+00 3.540014429599558365e-02 -1.708010000000000084e-02 0.000000000000000000e+00 0.000000000000000000e+00 nan 9.188491253294777117e-01 4.148064090720000180e-02 2.681346480440000013e-02 3.285211683929999821e-02 1.397029999999999994e+01 2.308099999999999952e+01 2.387750000000000128e+01 2.336659999999999826e+01 8.191192225283133732e-01 8.517079452480601498e-01
-7.400529999999999609e-01 -9.970839999999999703e-01 -1.047439999999999927e+00 -1.142579999999999929e+00 -1.206199999999999939e+00 -7.105120000000000324e-01 0.000000000000000000e+00 4.384057071395996985e-02 -1.417650000000000077e+00 0.000000000000000000e+00 0.000000000000000000e+00 nan 9.046109541673008625e-01 3.629684221380000131e-02 2.211028675259999951e-02 4.096667834929999807e-02 1.009539999999999971e+01 1.859069999999999823e+01 2.180079999999999885e+01 2.154230000000000089e+01 8.191192225283133732e-01 8.517079452480601498e-01
-7.404370000000000118e-01 -1.129930000000000101e+00 -1.150959999999999983e+00 -1.172960000000000003e+00 -1.288850000000000051e+00 -7.107599999999999474e-01 0.000000000000000000e+00 5.318173067769382811e-02 -1.417650000000000077e+00 0.000000000000000000e+00 0.000000000000000000e+00 nan 8.888533338966189135e-01 3.629684221380000131e-02 2.211028675259999951e-02 4.096667834929999807e-02 1.009539999999999971e+01 1.859069999999999823e+01 2.180079999999999885e+01 2.154230000000000089e+01 8.569214876033057759e-01 9.120364716896649515e-01
-7.410719999999999530e-01 -1.847690000000000055e+00 -1.668290000000000051e+00 -1.195179999999999909e+00 -1.287539999999999907e+00 -7.108029999999999626e-01 0.000000000000000000e+00 6.343134220172641502e-02 -5.773080000000000434e-01 0.000000000000000000e+00 0.000000000000000000e+00 nan 8.715632449842402041e-01 2.662390847650000086e-02 2.218827698979999874e-02 4.319590890240000008e-02 8.081089999999999662e+00 1.417510000000000048e+01 1.686400000000000077e+01 2.026829999999999998e+01 8.569214876033057759e-01 9.120364716896649515e-01
-7.407949999999999813e-01 -1.323879999999999946e+00 -1.370270000000000099e+00 -9.830240000000000089e-01 -1.194039999999999990e+00 -7.109170000000000211e-01 0.000000000000000000e+00 7.458683018140999099e-02 -2.971940000000000137e-01 0.000000000000000000e+00 0.000000000000000000e+00 nan 8.527450313790269076e-01 2.662390847650000086e-02 2.218827698979999874e-02 4.319590890240000008e-02 8.081089999999999662e+00 1.417510000000000048e+01 1.686400000000000077e+01 2.026829999999999998e+01 8.691013672074278107e-01 9.642906041733737554e-01
-7.408479999999999510e-01 -1.455230000000000024e+00 -1.279870000000000063e+00 -1.059579999999999966e+00 -1.240539999999999976e+00 -7.109320000000000084e-01 0.000000000000000000e+00 8.663535556988433139e-02 -1.137539999999999996e+00 0.000000000000000000e+00 0.000000000000000000e+00 nan 8.324203512932187854e-01 1.848320295879999839e-02 1.435622244539999995e-02 3.279407808350000286e-02 8.822290000000000632e+00 1.553969999999999985e+01 1.910729999999999862e+01 1.985229999999999961e+01 8.691013672074278107e-01 9.642906041733737554e-01
-7.406939999999999635e-01 -1.262059999999999960e+00 -1.272110000000000074e+00 -1.096279999999999921e+00 -1.331949999999999967e+00 -7.110250000000000181e-01 0.000000000000000000e+00 9.955396084960821401e-02 -1.137539999999999996e+00 0.000000000000000000e+00 0.000000000000000000e+00 nan 8.106279318062340478e-01 1.848320295879999839e-02 1.435622244539999995e-02 3.279407808350000286e-02 8.822290000000000632e+00 1.553969999999999985e+01 1.910729999999999862e+01 1.985229999999999961e+01 9.574533210896847280e-01 9.659780118932640436e-01
-7.410440000000000360e-01 -1.753980000000000095e+00 -1.589630000000000098e+00 -1.142419999999999991e+00 -1.283509999999999929e+00 -7.110769999999999591e-01 0.000000000000000000e+00 1.133098301502060146e-01 -1.708010000000000084e-02 0.000000000000000000e+00 0.000000000000000000e+00 nan 7.874231300713852022e-01 2.199892631660000167e-02 1.622937331519999984e-02 2.807082301990000001e-02 7.945059999999999789e+00 1.874950000000000117e+01 1.867360000000000042e+01 2.082430000000000092e+01 9.574533210896847280e-01 9.659780118932640436e-01
-7.410320000000000240e-01 -1.661960000000000104e+00 -1.649450000000000083e+00 -1.093590000000000062e+00 -1.202890000000000015e+00 -7.109849999999999781e-01 0.000000000000000000e+00 1.278606610653921782e-01 3.344289999999999985e+00 0.000000000000000000e+00 0.000000000000000000e+00 nan 7.628773060972122710e-01 2.199892631660000167e-02 1.622937331519999984e-02 2.807082301990000001e-02 7.945059999999999789e+00 1.874950000000000117e+01 1.867360000000000042e+01 2.082430000000000092e+01 9.522561473319048897e-01 8.996917520546779956e-01
-7.411050000000000137e-01 -1.953019999999999978e+00 -1.940560000000000063e+00 -1.170719999999999983e+00 -1.341469999999999940e+00 -7.110910000000000286e-01 0.000000000000000000e+00 1.431551439561369321e-01 3.904520000000000213e+00 0.000000000000000000e+00 0.000000000000000000e+00 nan 7.370770142100724343e-01 2.647886998529999994e-02 1.756149074739999857e-02 2.292469495959999909e-02 1.456540000000000035e+01 2.080020000000000024e+01 1.985089999999999932e+01 1.858190000000000097e+01 9.522561473319048897e-01 8.996917520546779956e-01
-7.408660000000000245e-01 -1.404169999999999918e+00 -1.399769999999999959e+00 -8.819759999999999822e-01 -1.195880000000000054e+00 -7.105860000000000509e-01 0.000000000000000000e+00 1.591335433093794549e-01 8.232620000000000493e-01 0.000000000000000000e+00 0.000000000000000000e+00 nan 7.101230223590362378e-01 2.647886998529999994e-02 1.756149074739999857e-02 2.292469495959999909e-02 1.456540000000000035e+01 2.080020000000000024e+01 1.985089999999999932e+01 1.858190000000000097e+01 1.000000000000000000e+00 9.369997446685687237e-01
-7.410499999999999865e-01 -1.678420000000000023e+00 -1.776170000000000027e+00 -1.083190000000000097e+00 -1.272880000000000011e+00 -7.102330000000000032e-01 0.000000000000000000e+00 1.757283745652598039e-01 -8.574220000000000175e-01 0.000000000000000000e+00 0.000000000000000000e+00 nan 6.821291703747608404e-01 2.705477591600000120e-02 1.513421431769999999e-02 2.190774598909999912e-02 8.870990000000000819e+00 2.087819999999999965e+01 1.899360000000000070e+01 -1.000000000000000000e+00 1.000000000000000000e+00 9.369997446685687237e-01
-7.409729999999999928e-01 -1.615210000000000035e+00 -1.428949999999999942e+00 -1.074330000000000007e+00 -1.200720000000000010e+00 -7.104380000000000139e-01 0.000000000000000000e+00 1.928651687441470530e-01 -1.137539999999999996e+00 0.000000000000000000e+00 0.000000000000000000e+00 nan 6.532210801187197102e-01 2.705477591600000120e-02 1.513421431769999999e-02 2.190774598909999912e-02 8.870990000000000819e+00 2.087819999999999965e+01 1.899360000000000070e+01 -1.000000000000000000e+00 9.518735333129272336e-01 9.220869088984855466e-01
-7.391510000000000025e-01 -8.254700000000000371e-01 -8.710869999999999447e-01 -1.012920000000000043e+00 -1.212509999999999977e+00 -7.105069999999999997e-01 0.000000000000000000e+00 2.104633162099353028e-01 -1.137539999999999996e+00 0.000000000000000000e+00 0.000000000000000000e+00 nan 6.235347321373163609e-01 2.720135526919999908e-02 1.268531528310000087e-02 1.652813706329999896e-02 1.156670000000000087e+01 1.939170000000000016e+01 -1.000000000000000000e+00 -1.000000000000000000e+00 9.518735333129272336e-01 9.220869088984855466e-01
-7.395549999999999624e-01 -8.794589999999999907e-01 -9.601260000000000350e-01 -1.019700000000000051e+00 -1.210480000000000000e+00 -7.105439999999999534e-01 0.000000000000000000e+00 2.284369800094309122e-01 -5.773080000000000434e-01 0.000000000000000000e+00 0.000000000000000000e+00 nan 5.932149249479590214e-01 2.720135526919999908e-02 1.268531528310000087e-02 1.652813706329999896e-02 1.156670000000000087e+01 1.939170000000000016e+01 -1.000000000000000000e+00 -1.000000000000000000e+00 9.926474339353127396e-01 9.420471660061354724e-01
-7.409540000000000015e-01 -1.578989999999999894e+00 -1.409680000000000044e+00 -1.200990000000000002e+00 -1.304850000000000065e+00 -7.109900000000000109e-01 0.000000000000000000e+00 2.466960684393305625e-01 -5.773080000000000434e-01 0.000000000000000000e+00 0.000000000000000000e+00 nan 5.624136344139991639e-01 1.998528268689999873e-02 9.555339482529999831e-03 8.498227257690000105e-03 7.112309999999999910e+00 -1.000000000000000000e+00 -1.000000000000000000e+00 -1.000000000000000000e+00 9.926474339353127396e-01 9.420471660061354724e-01
-7.411090000000000177e-01 -1.974669999999999925e+00 -1.952309999999999990e+00 -1.237020000000000008e+00 -1.422230000000000105e+00 -7.110370000000000301e-01 0.000000000000000000e+00 2.651472558212182307e-01 2.630339999999999900e-01 0.000000000000000000e+00 0.000000000000000000e+00 nan 5.312882917974737218e-01 1.998528268689999873e-02 9.555339482529999831e-03 8.498227257690000105e-03 7.112309999999999910e+00 -1.000000000000000000e+00 -1.000000000000000000e+00 -1.000000000000000000e+00 0.000000000000000000e+00 0.000000000000000000e+00
