-7.147210000000000507e-01 -2.059930000000000094e-01 -1.251809999999999867e-01 -1.053879999999999928e+00 -9.675169999999999604e-01 -2.963359999999999883e-01 3.866073409162040786e-02 2.607194911528103454e-01 -5.105610000000000426e-01 8.002597786122445100e-03 2.833855507079425795e-01 nan 0.000000000000000000e+00 2.865251159169999728e-01 5.051970401059999866e-02 2.074539663049999871e-01 -1.000000000000000000e+00 -1.000000000000000000e+00 -1.000000000000000000e+00 -1.000000000000000000e+00 0.000000000000000000e+00 0.000000000000000000e+00
-6.054260000000000197e-01 3.618069999999999897e-01 2.901320000000000010e-01 -7.381250000000000311e-01 -4.612510000000000221e-01 -1.697790000000000132e-01 4.733002855798063013e-02 2.582842566221280611e-01 -5.427170000000000050e-01 1.126933169721633377e-02 3.219752415985565053e-01 nan 0.000000000000000000e+00 3.127694044579999999e-01 5.044471683570000281e-02 1.935449415770000015e-01 5.623619999999999841e+00 -1.000000000000000000e+00 -1.000000000000000000e+00 -1.000000000000000000e+00 0.000000000000000000e+00 0.000000000000000000e+00
-1.890989999999999893e-01 8.062770000000000215e-01 6.926989999999999537e-01 -6.260219999999999674e-01 -3.774230000000000085e-01 -3.386230000000000073e-01 5.731668002170742238e-02 2.573273811633186581e-01 -5.427170000000000050e-01 1.510007079389186213e-02 3.632274993550382858e-01 nan 0.000000000000000000e+00 3.127694044579999999e-01 5.044471683570000281e-02 1.935449415770000015e-01 5.623619999999999841e+00 -1.000000000000000000e+00 -1.000000000000000000e+00 -1.000000000000000000e+00 0.000000000000000000e+00 0.000000000000000000e+00
-1.407039999999999957e-01 8.285979999999999457e-01 7.261670000000000069e-01 -6.979800000000000448e-01 -4.451479999999999881e-01 -3.410020000000000273e-01 6.870812014585681027e-02 2.579713519242640141e-01 -5.427170000000000050e-01 1.964494145648343348e-02 4.066749194134411383e-01 nan 0.000000000000000000e+00 2.940652794390000158e-01 5.289653180110000241e-02 2.068059998560000112e-01 7.248020000000000351e+00 1.735739999999999839e+01 -1.000000000000000000e+00 -1.000000000000000000e+00 0.000000000000000000e+00 0.000000000000000000e+00
-6.341670000000000362e-01 2.864030000000000187e-01 2.197230000000000016e-01 -6.659059999999999979e-01 -4.006190000000000029e-01 -5.061529999999999641e-01 8.157205759407748502e-02 2.603205178255101337e-01 -5.105610000000000426e-01 2.504597866933122585e-02 4.518252251437954170e-01 nan 0.000000000000000000e+00 2.940652794390000158e-01 5.289653180110000241e-02 2.068059998560000112e-01 7.248020000000000351e+00 1.735739999999999839e+01 -1.000000000000000000e+00 -1.000000000000000000e+00 5.826629068238964315e-01 7.260006988142595485e-01
-7.067769999999999886e-01 -1.711409999999999876e-01 2.434640000000000068e-02 -8.181230000000000446e-01 -5.985059999999999825e-01 -5.755400000000000515e-01 9.595170738469749327e-02 2.644599072453021060e-01 -5.105610000000000426e-01 3.143551670765443173e-02 4.981668455410290797e-01 nan 0.000000000000000000e+00 2.715398387590000073e-01 5.222710858170000192e-02 1.912736634299999905e-01 7.790549999999999642e+00 2.829360000000000142e+01 4.627830000000000155e+01 -1.000000000000000000e+00 5.826629068238964315e-01 7.260006988142595485e-01
-5.009909999999999641e-01 5.294370000000000465e-01 4.839789999999999925e-01 -9.913929999999999687e-01 -9.477299999999999613e-01 -2.132509999999999961e-01 1.118768471884648008e-01 2.704542646140830620e-01 -5.427170000000000050e-01 3.893468973733416050e-02 5.451747115288696488e-01 nan 0.000000000000000000e+00 2.715398387590000073e-01 5.222710858170000192e-02 1.912736634299999905e-01 7.790549999999999642e+00 2.829360000000000142e+01 4.627830000000000155e+01 -1.000000000000000000e+00 8.436138125132949250e-01 7.819603342768394194e-01
-6.820690000000000364e-01 1.168789999999999968e-01 -1.205209999999999962e-02 -6.498140000000000027e-01 -5.061830000000000496e-01 5.989890000000000318e-03 1.293586659612112610e-01 2.783473168342264215e-01 -5.427170000000000050e-01 4.765205931641247616e-02 5.923162052022845625e-01 nan 0.000000000000000000e+00 2.638562591029999793e-01 5.693592811470000320e-02 1.837805409119999955e-01 1.970129999999999981e+01 4.477850000000000108e+01 6.612909999999999400e+01 7.860699999999999932e+01 8.436138125132949250e-01 7.819603342768394194e-01
-5.193360000000000198e-01 5.183200000000000029e-01 4.302770000000000206e-01 -5.405309999999999837e-01 -3.285100000000000242e-01 -8.316179999999999406e-02 1.483831902448453643e-01 2.881612778367597105e-01 -5.427170000000000050e-01 5.768238434925976321e-02 6.390571946011691651e-01 nan 0.000000000000000000e+00 2.638562591029999793e-01 5.693592811470000320e-02 1.837805409119999955e-01 1.970129999999999981e+01 4.477850000000000108e+01 6.612909999999999400e+01 7.860699999999999932e+01 8.949062130129104009e-01 8.909881810634157073e-01
-1.506840000000000124e-01 8.273749999999999716e-01 7.119069999999999565e-01 -4.023499999999999854e-01 -1.913420000000000121e-01 -1.344710000000000072e-01 1.689254215876514476e-01 2.998965968886496691e-01 -5.427170000000000050e-01 6.910554743032459868e-02 6.848680856388822402e-01 nan 0.000000000000000000e+00 2.400131963129999990e-01 6.265331290209999460e-02 1.719913260260000076e-01 1.551660000000000039e+01 5.418869999999999720e+01 7.685039999999999338e+01 9.468330000000000268e+01 8.949062130129104009e-01 8.909881810634157073e-01
-2.359900000000000053e-01 7.773769999999999847e-01 6.689570000000000238e-01 -3.550019999999999842e-01 -1.883569999999999967e-01 -4.048399999999999777e-01 1.909518139674016846e-01 3.135319535024281290e-01 -5.427170000000000050e-01 8.198564974241995262e-02 7.292298226148630214e-01 nan 0.000000000000000000e+00 2.400131963129999990e-01 6.265331290209999460e-02 1.719913260260000076e-01 1.551660000000000039e+01 5.418869999999999720e+01 7.685039999999999338e+01 9.468330000000000268e+01 2.213361986680556504e-01 7.025808044057353374e-01
-6.067949999999999733e-01 3.629419999999999868e-01 2.747459999999999902e-01 -3.459840000000000138e-01 -2.254009999999999903e-01 -6.065819999999999546e-01 2.144075756607453087e-01 3.290244990058343033e-01 -5.427170000000000050e-01 9.637028476470732574e-02 7.716397693231235033e-01 nan 0.000000000000000000e+00 2.449468758330000107e-01 7.131518522440000174e-02 1.561348966259999971e-01 3.180140000000000100e+01 6.952859999999999729e+01 9.486069999999999425e+01 1.060370000000000061e+02 2.213361986680556504e-01 7.025808044057353374e-01
-7.085709999999999509e-01 -1.051549999999999985e-01 -1.375909999999999911e-01 -4.741469999999999851e-01 -4.992420000000000191e-01 -6.598800000000000221e-01 2.392210338573208528e-01 3.463103420343931482e-01 -4.462470000000000048e-01 1.122899990195613817e-01 8.116174041213036761e-01 nan 0.000000000000000000e+00 2.449468758330000107e-01 7.131518522440000174e-02 1.561348966259999971e-01 3.180140000000000100e+01 6.952859999999999729e+01 9.486069999999999425e+01 1.060370000000000061e+02 1.664657659770591991e-01 6.784973570075362170e-01
-7.304009999999999669e-01 -5.926940000000000541e-01 -3.501110000000000055e-01 -6.220510000000000206e-01 -6.068320000000000380e-01 -6.890870000000000051e-01 2.653035192204489245e-01 3.653052724461035572e-01 -4.462470000000000048e-01 1.297579459682650649e-01 8.487097644328880364e-01 nan 0.000000000000000000e+00 2.618937576750000051e-01 8.770036678690000531e-02 1.474526284630000017e-01 2.858790000000000120e+01 1.113089999999999975e+02 1.372880000000000109e+02 1.332589999999999861e+02 1.664657659770591991e-01 6.784973570075362170e-01
-6.926510000000000167e-01 2.896460000000000007e-02 -8.521620000000000583e-03 -5.809929999999999817e-01 -8.032179999999999875e-01 -6.596940000000000026e-01 2.925510040817174140e-01 3.859057154559973890e-01 -5.427170000000000050e-01 1.487697369770375477e-01 8.824965789941910943e-01 nan 0.000000000000000000e+00 2.618937576750000051e-01 8.770036678690000531e-02 1.474526284630000017e-01 2.858790000000000120e+01 1.113089999999999975e+02 1.372880000000000109e+02 1.332589999999999861e+02 1.905956659994219038e-01 7.046067246447427213e-01
-6.690989999999999993e-01 1.557260000000000033e-01 1.054469999999999991e-01 -5.706269999999999953e-01 -6.121330000000000382e-01 -6.215370000000000061e-01 3.208461127524419032e-01 4.079899051798385745e-01 -5.427170000000000050e-01 1.693034910420087025e-01 9.125950296957072716e-01 nan 0.000000000000000000e+00 3.124385430719999746e-01 1.091684407660000050e-01 1.470278074639999877e-01 6.747069999999999368e+01 1.380169999999999959e+02 1.535329999999999870e+02 1.459000000000000057e+02 1.905956659994219038e-01 7.046067246447427213e-01
-7.067309999999999981e-01 -7.827969999999999373e-02 -1.253249999999999920e-01 -7.574659999999999727e-01 -8.427059999999999551e-01 -4.715840000000000032e-01 3.500592677418001841e-01 4.314192642902469066e-01 -5.427170000000000050e-01 1.913200827097362167e-01 9.386640890642575785e-01 nan 0.000000000000000000e+00 3.124385430719999746e-01 1.091684407660000050e-01 1.470278074639999877e-01 6.747069999999999368e+01 1.380169999999999959e+02 1.535329999999999870e+02 1.459000000000000057e+02 1.301236493746624756e-01 6.566257529082533129e-01
-7.041789999999999994e-01 -1.326239999999999919e-01 -2.609579999999999886e-02 -8.028370000000000228e-01 -7.167890000000000095e-01 2.013859999999999956e-02 3.800505784511931662e-01 4.560399741531897533e-01 -4.462470000000000048e-01 2.147635853842265741e-01 9.604083842405288785e-01 nan 0.000000000000000000e+00 3.719562932770000274e-01 1.580123749210000095e-01 1.638814108149999893e-01 2.614610000000000056e+01 1.078930000000000007e+02 1.356320000000000050e+02 1.282539999999999907e+02 1.301236493746624756e-01 6.566257529082533129e-01
-3.577339999999999964e-01 5.820250000000000146e-01 6.922779999999999490e-01 -2.539879999999999916e-01 1.776310000000000111e-01 7.142910000000000093e-01 4.106725150060046570e-01 4.816847176545689946e-01 -3.819339999999999957e-01 2.395619049976148718e-01 9.775815436715946660e-01 nan 0.000000000000000000e+00 3.719562932770000274e-01 1.580123749210000095e-01 1.638814108149999893e-01 2.614610000000000056e+01 1.078930000000000007e+02 1.356320000000000050e+02 1.282539999999999907e+02 1.153588122678506078e-01 4.143712114169580962e-01
7.032230000000000425e-01 9.967200000000000504e-01 1.072659999999999947e+00 -1.690639999999999921e-01 2.915960000000000218e-01 1.544370000000000021e+00 4.417702771771646608e-01 5.081745749699797532e-01 -4.140909999999999869e-01 2.656275968647613395e-01 9.899889885990541538e-01 nan 0.000000000000000000e+00 3.596105448149999884e-01 2.149329898909999870e-01 2.057513807430000063e-01 4.041530000000000200e+01 8.807080000000000553e+01 1.086760000000000019e+02 1.171949999999999932e+02 1.153588122678506078e-01 4.143712114169580962e-01
1.555600000000000094e+00 1.142490000000000006e+00 1.209109999999999907e+00 -1.029910000000000027e-02 3.086050000000000182e-01 2.269660000000000011e+00 4.731828197536668279e-01 5.353210507978136690e-01 -4.140909999999999869e-01 2.928588564664745819e-01 9.974901377141163206e-01 nan 0.000000000000000000e+00 3.596105448149999884e-01 2.149329898909999870e-01 2.057513807430000063e-01 4.041530000000000200e+01 8.807080000000000553e+01 1.086760000000000019e+02 1.171949999999999932e+02 6.993525725287852435e-02 1.043733591488570367e-01
1.850629999999999997e+00 1.179899999999999949e+00 1.257670000000000066e+00 4.714209999999999928e-03 3.573660000000000170e-01 2.581620000000000026e+00 5.047457264534209731e-01 5.629282100863457483e-01 -3.819339999999999957e-01 3.211406729353933898e-01 1.000000000000000000e+00 nan 0.000000000000000000e+00 3.173662040529999784e-01 2.851019366549999989e-01 2.100065497399999925e-01 1.699119999999999919e+01 7.007999999999999829e+01 9.781669999999999732e+01 1.041629999999999967e+02 6.993525725287852435e-02 1.043733591488570367e-01
2.032500000000000195e+00 1.201419999999999932e+00 1.275079999999999991e+00 1.786129999999999940e-01 4.836690000000000156e-01 2.641610000000000014e+00 5.362943462911009540e-01 5.907948980561608110e-01 -3.819339999999999957e-01 3.503461321750702684e-01 9.974901377141163206e-01 nan 0.000000000000000000e+00 3.173662040529999784e-01 2.851019366549999989e-01 2.100065497399999925e-01 1.699119999999999919e+01 7.007999999999999829e+01 9.781669999999999732e+01 1.041629999999999967e+02 1.339580344821943436e-01 3.219450116522468708e-01
2.158510000000000151e+00 1.215440000000000076e+00 1.286810000000000009e+00 4.038820000000000188e-01 7.612499999999999822e-01 2.636299999999999866e+00 5.676640502943961497e-01 6.187170193641828853e-01 -4.140909999999999869e-01 3.803378548473955734e-01 9.899889885990542648e-01 nan 0.000000000000000000e+00 3.122811921679999880e-01 3.210543538060000035e-01 1.734086265539999949e-01 2.553989999999999938e+01 5.883509999999999707e+01 8.720810000000000173e+01 1.020829999999999984e+02 1.339580344821943436e-01 3.219450116522468708e-01
2.248320000000000096e+00 1.224779999999999980e+00 1.297150000000000025e+00 3.851999999999999869e-01 8.457470000000000265e-01 2.655569999999999986e+00 5.986903693194207676e-01 6.464898505854637101e-01 -4.140909999999999869e-01 4.109695529353929455e-01 9.775815436715946660e-01 nan 0.000000000000000000e+00 3.122811921679999880e-01 3.210543538060000035e-01 1.734086265539999949e-01 2.553989999999999938e+01 5.883509999999999707e+01 8.720810000000000173e+01 1.020829999999999984e+02 1.387523794459505355e-01 7.476735575736399575e-01
2.367579999999999796e+00 1.236890000000000045e+00 1.307450000000000001e+00 3.630539999999999878e-01 7.627260000000000151e-01 2.680489999999999817e+00 6.292135662024640474e-01 6.739103598113913574e-01 -4.140909999999999869e-01 4.420876872449057693e-01 9.604083842405288785e-01 nan 0.000000000000000000e+00 4.153392954619999911e-01 2.537198331309999944e-01 1.350300978470000135e-01 1.572869999999999990e+01 6.240330000000000155e+01 8.800790000000000646e+01 9.415399999999999636e+01 1.387523794459505355e-01 7.476735575736399575e-01
2.321559999999999846e+00 1.232199999999999962e+00 1.305649999999999977e+00 3.751229999999999842e-01 8.115620000000000056e-01 2.988440000000000207e+00 6.590777835438794696e-01 7.007795070823419348e-01 -4.140909999999999869e-01 4.735332070650168923e-01 9.386640890642575785e-01 nan 0.000000000000000000e+00 4.153392954619999911e-01 2.537198331309999944e-01 1.350300978470000135e-01 1.572869999999999990e+01 6.240330000000000155e+01 8.800790000000000646e+01 9.415399999999999636e+01 1.442230597629553523e-01 7.044047737348415605e-01
2.400220000000000020e+00 1.240299999999999958e+00 1.315919999999999979e+00 3.019649999999999834e-01 7.527509999999999479e-01 3.054019999999999957e+00 6.881335471550648064e-01 7.269044995899540673e-01 -4.140909999999999869e-01 5.051433522761578088e-01 9.125950296957072716e-01 nan 0.000000000000000000e+00 5.786474495869999846e-01 1.135629914249999955e-01 1.251683053640000043e-01 2.864320000000000022e+01 6.067920000000000158e+01 7.532510000000000616e+01 8.051539999999999964e+01 1.442230597629553523e-01 7.044047737348415605e-01
2.481640000000000068e+00 1.248320000000000096e+00 1.324359999999999982e+00 2.011179999999999912e-01 5.457130000000000036e-01 2.917660000000000142e+00 7.162421127552058842e-01 7.521009760966850255e-01 -4.140909999999999869e-01 5.367534974872988363e-01 8.824965789941910943e-01 nan 0.000000000000000000e+00 5.786474495869999846e-01 1.135629914249999955e-01 1.251683053640000043e-01 2.864320000000000022e+01 6.067920000000000158e+01 7.532510000000000616e+01 8.051539999999999964e+01 1.622932131929027966e-01 7.027410829056568442e-01
2.634160000000000057e+00 1.262780000000000014e+00 1.332430000000000003e+00 9.031780000000000364e-01 1.031549999999999967e+00 2.649859999999999882e+00 7.432777305868336626e-01 7.761950958222975094e-01 -3.819339999999999957e-01 5.681990173074098482e-01 8.487097644328880364e-01 nan 0.000000000000000000e+00 6.477933562440000292e-01 5.744705680460000102e-02 1.256210221409999883e-01 2.193280000000000030e+01 4.996779999999999688e+01 5.996659999999999968e+01 6.405049999999999955e+01 1.622932131929027966e-01 7.027410829056568442e-01
2.494060000000000166e+00 1.249519999999999964e+00 1.270459999999999923e+00 1.239670000000000050e+00 9.942649999999999544e-01 2.200120000000000076e+00 7.691258702258663149e-01 7.990255081293637929e-01 -3.497779999999999778e-01 5.993171516169226720e-01 8.116174041213037871e-01 nan 0.000000000000000000e+00 6.477933562440000292e-01 5.744705680460000102e-02 1.256210221409999883e-01 2.193280000000000030e+01 4.996779999999999688e+01 5.996659999999999968e+01 6.405049999999999955e+01 2.135747050577884165e-01 6.651205134040909517e-01
2.220650000000000013e+00 1.221729999999999983e+00 1.210739999999999927e+00 1.414160000000000084e+00 1.311139999999999972e+00 1.567120000000000068e+00 7.936846770377912197e-01 8.215241201285992112e-01 -2.211509999999999865e-01 6.299488497049201552e-01 7.716397693231236143e-01 nan 0.000000000000000000e+00 6.850343922079999981e-01 4.148408592390000205e-02 1.277849676850000005e-01 1.405020000000000024e+01 3.591009999999999991e+01 4.649929999999999808e+01 5.005780000000000030e+01 2.135747050577884165e-01 6.651205134040909517e-01
2.014909999999999979e+00 1.199089999999999989e+00 1.202979999999999938e+00 1.128779999999999895e+00 1.264729999999999910e+00 1.363720000000000043e+00 8.168673506426724629e-01 8.425826713577282412e-01 -2.854639999999999955e-01 6.599405723772454602e-01 7.292298226148633544e-01 nan 0.000000000000000000e+00 6.850343922079999981e-01 4.148408592390000205e-02 1.277849676850000005e-01 1.405020000000000024e+01 3.591009999999999991e+01 4.649929999999999808e+01 5.005780000000000030e+01 2.241669893804441038e-01 6.546992053391973432e-01
1.835930000000000062e+00 1.177880000000000038e+00 1.187889999999999890e+00 1.116120000000000001e+00 1.367259999999999920e+00 1.386649999999999938e+00 8.386009013917434807e-01 8.621541196840387666e-01 -3.497779999999999778e-01 6.891460316169222278e-01 6.848680856388824623e-01 nan 0.000000000000000000e+00 7.109140002210000420e-01 3.711487883000000321e-02 1.262032382989999868e-01 1.079589999999999961e+01 2.424759999999999849e+01 3.218240000000000123e+01 4.100610000000000355e+01 2.241669893804441038e-01 6.546992053391973432e-01
1.872030000000000083e+00 1.182239999999999958e+00 1.184059999999999890e+00 1.191899999999999959e+00 1.409310000000000063e+00 1.409550000000000081e+00 8.588277039134952773e-01 8.802082724449237228e-01 -2.854639999999999955e-01 7.174278480858411466e-01 6.390571946011693871e-01 nan 0.000000000000000000e+00 7.109140002210000420e-01 3.711487883000000321e-02 1.262032382989999868e-01 1.079589999999999961e+01 2.424759999999999849e+01 3.218240000000000123e+01 4.100610000000000355e+01 2.253014873923453454e-01 6.484034658622822578e-01
1.727449999999999930e+00 1.164570000000000105e+00 1.170490000000000030e+00 1.365620000000000056e+00 1.540310000000000068e+00 1.440139999999999976e+00 8.775080355455865400e-01 8.967321285428130340e-01 -2.854639999999999955e-01 7.446591076875543891e-01 5.923162052022847845e-01 nan 0.000000000000000000e+00 7.307416389609999730e-01 3.536725735860000303e-02 1.138154129430000022e-01 5.275059999999999860e+00 1.503800000000000026e+01 2.273740000000000094e+01 2.997850000000000037e+01 2.253014873923453454e-01 6.484034658622822578e-01
1.698110000000000008e+00 1.161389999999999922e+00 1.164560000000000040e+00 1.092530000000000001e+00 1.380260000000000042e+00 1.431429999999999980e+00 8.946202358798296395e-01 9.117300257528035967e-01 -2.854639999999999955e-01 7.707247995547008568e-01 5.451747115288698708e-01 nan 0.000000000000000000e+00 7.307416389609999730e-01 3.536725735860000303e-02 1.138154129430000022e-01 5.275059999999999860e+00 1.503800000000000026e+01 2.273740000000000094e+01 2.997850000000000037e+01 2.335702325175492700e-01 6.283045419721307034e-01
1.687629999999999963e+00 1.160120000000000040e+00 1.161780000000000035e+00 8.082679999999999865e-01 1.121720000000000050e+00 1.403240000000000043e+00 9.101594653306154248e-01 9.252235915739347449e-01 -2.533079999999999776e-01 7.955231191680891545e-01 4.981668455410291907e-01 nan 0.000000000000000000e+00 7.417307923270000103e-01 3.715384171910000172e-02 9.513200292920000190e-02 4.414069999999999716e+00 8.800269999999999371e+00 1.521240000000000059e+01 2.252359999999999829e+01 2.335702325175492700e-01 6.283045419721307034e-01
1.700599999999999890e+00 1.161340000000000039e+00 1.160020000000000051e+00 8.237929999999999975e-01 1.259179999999999966e+00 1.342989999999999906e+00 9.241382980849450757e-01 9.372514981809816348e-01 -2.533079999999999776e-01 8.189666218425795119e-01 4.518252251437955280e-01 nan 0.000000000000000000e+00 7.417307923270000103e-01 3.715384171910000172e-02 9.513200292920000190e-02 4.414069999999999716e+00 8.800269999999999371e+00 1.521240000000000059e+01 2.252359999999999829e+01 2.361883048527061435e-01 6.194090852264895197e-01
1.570240000000000080e+00 1.143839999999999968e+00 1.149380000000000068e+00 9.870320000000000205e-01 1.379299999999999971e+00 1.259079999999999977e+00 9.365880060845915844e-01 9.478690242532630261e-01 -2.854639999999999955e-01 8.409832135103070261e-01 4.066749194134413603e-01 nan 0.000000000000000000e+00 7.379140279689999637e-01 3.835194126190000219e-02 9.262074575940000554e-02 2.341250000000000053e+00 6.452029999999999710e+00 9.854469999999999175e+00 1.542500000000000071e+01 2.361883048527061435e-01 6.194090852264895197e-01
1.582459999999999978e+00 1.145350000000000090e+00 1.150840000000000085e+00 1.164120000000000044e+00 1.326370000000000049e+00 1.221570000000000045e+00 9.475588138219047663e-01 9.571474286451154834e-01 -2.854639999999999955e-01 8.615169675752782918e-01 3.632274993550385078e-01 nan 0.000000000000000000e+00 7.379140279689999637e-01 3.835194126190000219e-02 9.262074575940000554e-02 2.341250000000000053e+00 6.452029999999999710e+00 9.854469999999999175e+00 1.542500000000000071e+01 2.291031465956877566e-01 6.018393560650987517e-01
1.535130000000000106e+00 1.138779999999999903e+00 1.154779999999999918e+00 7.818030000000000257e-01 1.293600000000000083e+00 1.227300000000000058e+00 9.571188396104870488e-01 9.651731429946014407e-01 -2.854639999999999955e-01 8.805287585840506637e-01 3.219752415985566163e-01 nan 0.000000000000000000e+00 7.466814901239999802e-01 4.162473121600000076e-02 8.626744399489999493e-02 2.993840000000000057e+00 5.870549999999999713e+00 8.558659999999999712e+00 1.190320000000000000e+01 2.291031465956877566e-01 6.018393560650987517e-01
1.403869999999999951e+00 1.120109999999999939e+00 1.142830000000000013e+00 1.027460000000000040e+00 1.390900000000000025e+00 1.220390000000000086e+00 9.653527923985085746e-01 9.720467924185123287e-01 -2.854639999999999955e-01 8.979967055327543468e-01 2.833855507079425795e-01 nan 0.000000000000000000e+00 7.466814901239999802e-01 4.162473121600000076e-02 8.626744399489999493e-02 2.993840000000000057e+00 5.870549999999999713e+00 8.558659999999999712e+00 1.190320000000000000e+01 2.241833523325388322e-01 5.871289953423066699e-01
1.360330000000000039e+00 1.113629999999999898e+00 1.137839999999999963e+00 1.027539999999999898e+00 1.152979999999999894e+00 1.189680000000000071e+00 9.723590444526487575e-01 9.778820553895882783e-01 -3.497779999999999778e-01 9.139164197876084028e-01 2.478956633006454968e-01 nan 0.000000000000000000e+00 7.474500079839999644e-01 4.604818942049999919e-02 8.538292251720000503e-02 3.791799999999999837e+00 1.022349999999999959e+01 1.239610000000000056e+01 1.423440000000000083e+01 2.241833523325388322e-01 5.871289953423066699e-01
1.226499999999999924e+00 1.093129999999999935e+00 1.127669999999999950e+00 8.516930000000000334e-01 9.715789999999999704e-01 1.123480000000000034e+00 9.782493673269873069e-01 9.828043757139984793e-01 -3.497779999999999778e-01 9.283010548098958870e-01 2.159076939820289143e-01 nan 0.000000000000000000e+00 7.474500079839999644e-01 4.604818942049999919e-02 8.538292251720000503e-02 3.791799999999999837e+00 1.022349999999999959e+01 1.239610000000000056e+01 1.423440000000000083e+01 2.282140928652074408e-01 5.862378468827433853e-01
1.160400000000000098e+00 1.082699999999999996e+00 1.116900000000000004e+00 7.858009999999999717e-01 9.165759999999999463e-01 1.014969999999999928e+00 9.831483468001271930e-01 9.869495412028916892e-01 -2.854639999999999955e-01 9.411811571219911299e-01 1.877840792262170933e-01 nan 0.000000000000000000e+00 7.598934205220000404e-01 4.284026177459999973e-02 8.016007692950000152e-02 4.760279999999999845e+00 1.263439999999999941e+01 1.654220000000000113e+01 1.746640000000000015e+01 2.282140928652074408e-01 5.862378468827433853e-01
1.054429999999999978e+00 1.064680000000000071e+00 1.103890000000000038e+00 6.994759999999999867e-01 9.424850000000000172e-01 9.122230000000000061e-01 9.871886990287368491e-01 9.904621451422389589e-01 -2.854639999999999955e-01 9.526043202030560764e-01 1.567433272056725224e-01 nan 0.000000000000000000e+00 7.598934205220000404e-01 4.284026177459999973e-02 8.016007692950000152e-02 4.760279999999999845e+00 1.263439999999999941e+01 1.654220000000000113e+01 1.746640000000000015e+01 2.301885557513049241e-01 5.697483948108232887e-01
1.005109999999999948e+00 1.055569999999999897e+00 1.092870000000000008e+00 9.313190000000000079e-01 1.056480000000000086e+00 8.100549999999999695e-01 9.905138614703816735e-01 9.934939479931259587e-01 -2.533079999999999776e-01 9.626346452359033634e-01 1.294874060723951725e-01 nan 0.000000000000000000e+00 7.410917486850000513e-01 5.136956046419999949e-02 8.778161703709999597e-02 4.927819999999999645e+00 1.327069999999999972e+01 1.674459999999999837e+01 1.882280000000000086e+01 2.301885557513049241e-01 5.697483948108232887e-01
9.645259999999999945e-01 1.047979999999999912e+00 1.079329999999999901e+00 8.758000000000000229e-01 1.173189999999999955e+00 7.390989999999999505e-01 9.932795067233421982e-01 9.962021578850893677e-01 -2.533079999999999776e-01 9.713520148149815681e-01 1.057992467197421682e-01 nan 0.000000000000000000e+00 7.410917486850000513e-01 5.136956046419999949e-02 8.778161703709999597e-02 4.927819999999999645e+00 1.327069999999999972e+01 1.674459999999999837e+01 1.882280000000000086e+01 2.325393665355811601e-01 5.523068884493695929e-01
9.949430000000000218e-01 1.053530000000000078e+00 1.082160000000000011e+00 8.383059999999999956e-01 1.163790000000000102e+00 7.087339999999999751e-01 9.956477919872038784e-01 9.987476493851913384e-01 -2.854639999999999955e-01 9.788511878446612968e-01 8.542135587449051215e-02 nan 0.000000000000000000e+00 7.135455259409999584e-01 6.431507977349999738e-02 1.059120373260000053e-01 4.041269999999999918e+00 1.148939999999999984e+01 1.740190000000000126e+01 1.980049999999999955e+01 2.325393665355811601e-01 5.523068884493695929e-01
1.087120000000000086e+00 1.070160000000000000e+00 1.092940000000000023e+00 8.669649999999999856e-01 1.158940000000000081e+00 7.147139999999999604e-01 9.977860120101914587e-01 1.000000000000000000e+00 -2.854639999999999955e-01 9.852407258829845027e-01 6.805873359851277726e-02 nan 0.000000000000000000e+00 7.135455259409999584e-01 6.431507977349999738e-02 1.059120373260000053e-01 4.041269999999999918e+00 1.148939999999999984e+01 1.740190000000000126e+01 1.980049999999999955e+01 2.243687991229457168e-01 5.045054286327923521e-01
1.109480000000000022e+00 1.073690000000000033e+00 1.091730000000000089e+00 8.791109999999999758e-01 1.130900000000000016e+00 7.252739999999999743e-01 9.995397846030816824e-01 1.000000000000000000e+00 -2.854639999999999955e-01 9.906417630958324061e-01 5.338221575595092361e-02 nan 0.000000000000000000e+00 6.939743644860000282e-01 7.339745200729999586e-02 1.255746517419999986e-01 5.681930000000000369e+00 1.489209999999999923e+01 1.973150000000000048e+01 2.345939999999999870e+01 2.243687991229457168e-01 5.045054286327923521e-01
1.060000000000000053e+00 1.065250000000000030e+00 1.073380000000000001e+00 6.462839999999999696e-01 1.081569999999999920e+00 6.993179999999999952e-01 1.000000000000000000e+00 1.000000000000000000e+00 -2.854639999999999955e-01 9.951866337584239774e-01 4.103220357440351407e-02 nan 0.000000000000000000e+00 6.939743644860000282e-01 7.339745200729999586e-02 1.255746517419999986e-01 5.681930000000000369e+00 1.489209999999999923e+01 1.973150000000000048e+01 2.345939999999999870e+01 2.215870972668415595e-01 4.733408771080629407e-01
1.039709999999999912e+00 1.061600000000000099e+00 1.063549999999999995e+00 7.268210000000000504e-01 1.065940000000000110e+00 7.211330000000000240e-01 9.994816663431558279e-01 1.000000000000000000e+00 -2.854639999999999955e-01 9.990173728550993948e-01 3.062273804270554400e-02 nan 0.000000000000000000e+00 6.622323971910000218e-01 8.088291202800000634e-02 1.385792728009999919e-01 3.331259999999999888e+00 1.199399999999999977e+01 2.159430000000000049e+01 2.454619999999999891e+01 2.215870972668415595e-01 4.733408771080629407e-01
9.642789999999999973e-01 1.047900000000000054e+00 1.054389999999999938e+00 4.176540000000000252e-01 7.200010000000000021e-01 7.075900000000000523e-01 9.990154615578243913e-01 1.000000000000000000e+00 -2.533079999999999776e-01 9.997536453897316600e-01 2.174587298074603936e-02 nan 0.000000000000000000e+00 6.622323971910000218e-01 8.088291202800000634e-02 1.385792728009999919e-01 3.331259999999999888e+00 1.199399999999999977e+01 2.159430000000000049e+01 2.454619999999999891e+01 2.122547602554801793e-01 4.472860041608297532e-01
8.893079999999999874e-01 1.033760000000000012e+00 1.041760000000000019e+00 3.270370000000000221e-01 6.912460000000000271e-01 6.501130000000000519e-01 9.986433468937362390e-01 1.000000000000000000e+00 -2.533079999999999776e-01 1.000000000000000000e+00 1.397629723269588897e-02 nan 0.000000000000000000e+00 6.403375298729999665e-01 7.760181161970000630e-02 1.512779577720000102e-01 3.603590000000000071e+00 1.081010000000000026e+01 1.644669999999999987e+01 2.126409999999999911e+01 2.122547602554801793e-01 4.472860041608297532e-01
8.917410000000000059e-01 1.034210000000000074e+00 1.037749999999999950e+00 3.961819999999999786e-01 8.043540000000000134e-01 5.672859999999999570e-01 9.983542547930909228e-01 1.000000000000000000e+00 -2.854639999999999955e-01 9.997536453897316600e-01 6.876153612348612221e-03 nan 0.000000000000000000e+00 6.403375298729999665e-01 7.760181161970000630e-02 1.512779577720000102e-01 3.603590000000000071e+00 1.081010000000000026e+01 1.644669999999999987e+01 2.126409999999999911e+01 2.045314468667673857e-01 4.246194187019365351e-01
7.890740000000000531e-01 1.013749999999999929e+00 1.023090000000000055e+00 2.762589999999999768e-01 8.203139999999999876e-01 4.862360000000000015e-01 9.981132553677243280e-01 1.000000000000000000e+00 -2.854639999999999955e-01 9.990173728550993948e-01 0.000000000000000000e+00 nan 0.000000000000000000e+00 6.299853953080000180e-01 6.964415126400000378e-02 1.650321711420000004e-01 5.045040000000000191e+00 9.163270000000000692e+00 1.285389999999999944e+01 1.785490000000000066e+01 2.045314468667673857e-01 4.246194187019365351e-01
6.948720000000000452e-01 9.937390000000000390e-01 1.009670000000000067e+00 3.827760000000000051e-01 8.468419999999999837e-01 4.274729999999999919e-01 9.979277465019543714e-01 9.987476493851913384e-01 -2.854639999999999955e-01 9.951866337584239774e-01 0.000000000000000000e+00 nan 0.000000000000000000e+00 6.299853953080000180e-01 6.964415126400000378e-02 1.650321711420000004e-01 5.045040000000000191e+00 9.163270000000000692e+00 1.285389999999999944e+01 1.785490000000000066e+01 1.975826465438718094e-01 4.310786422487714598e-01
6.720770000000000355e-01 9.887979999999999547e-01 1.007489999999999997e+00 4.402269999999999794e-01 8.527320000000000455e-01 3.953479999999999772e-01 9.978134481304895553e-01 9.962021578850892567e-01 -2.854639999999999955e-01 9.906417630958322951e-01 0.000000000000000000e+00 nan 0.000000000000000000e+00 6.289235769700000089e-01 6.258541620629999580e-02 1.668672107120000025e-01 2.469199999999999839e+00 8.006510000000000460e+00 1.207109999999999950e+01 1.676399999999999935e+01 1.975826465438718094e-01 4.310786422487714598e-01
5.971159999999999801e-01 9.717339999999999867e-01 9.956490000000000062e-01 2.481909999999999950e-01 8.060359999999999747e-01 4.055119999999999836e-01 9.977360104769937843e-01 9.934939479931259587e-01 -2.211509999999999865e-01 9.852407258829843917e-01 0.000000000000000000e+00 nan 0.000000000000000000e+00 6.289235769700000089e-01 6.258541620629999580e-02 1.668672107120000025e-01 2.469199999999999839e+00 8.006510000000000460e+00 1.207109999999999950e+01 1.676399999999999935e+01 1.924283166340315931e-01 4.440836397323989493e-01
5.331789999999999585e-01 9.562030000000000252e-01 9.856880000000000086e-01 4.003740000000000077e-01 8.249859999999999971e-01 4.332860000000000045e-01 9.977124117388697089e-01 9.904621451422389589e-01 -2.211509999999999865e-01 9.788511878446612968e-01 0.000000000000000000e+00 nan 0.000000000000000000e+00 5.898514658629999685e-01 6.094561818520000118e-02 1.937408834350000109e-01 3.762989999999999835e+00 7.171940000000000204e+00 1.078139999999999965e+01 1.695329999999999870e+01 1.924283166340315931e-01 4.440836397323989493e-01
4.304419999999999913e-01 9.296759999999999469e-01 9.635700000000000376e-01 3.227249999999999841e-01 4.697450000000000236e-01 4.575170000000000070e-01 9.977673105656374997e-01 9.869495412028916892e-01 -3.176209999999999867e-01 9.713520148149815681e-01 0.000000000000000000e+00 nan 0.000000000000000000e+00 5.898514658629999685e-01 6.094561818520000118e-02 1.937408834350000109e-01 3.762989999999999835e+00 7.171940000000000204e+00 1.078139999999999965e+01 1.695329999999999870e+01 1.888939189815698194e-01 4.377045554355247781e-01
4.201969999999999872e-01 9.269490000000000229e-01 9.578299999999999592e-01 2.435080000000000022e-01 3.654919999999999836e-01 4.525339999999999918e-01 9.979095299258111673e-01 9.828043757139984793e-01 -3.819339999999999957e-01 9.626346452359033634e-01 0.000000000000000000e+00 nan 0.000000000000000000e+00 5.496262550410000447e-01 6.179208347719999939e-02 2.053655856980000083e-01 2.530860000000000110e+00 7.241999999999999993e+00 1.217709999999999937e+01 1.982310000000000016e+01 1.888939189815698194e-01 4.377045554355247781e-01
3.880830000000000113e-01 9.181030000000000024e-01 9.541220000000000256e-01 2.229490000000000083e-01 3.485440000000000205e-01 4.290370000000000017e-01 9.980993333986802885e-01 9.778820553895882783e-01 -4.140909999999999869e-01 9.526043202030560764e-01 0.000000000000000000e+00 nan 0.000000000000000000e+00 5.496262550410000447e-01 6.179208347719999939e-02 2.053655856980000083e-01 2.530860000000000110e+00 7.241999999999999993e+00 1.217709999999999937e+01 1.982310000000000016e+01 1.875957914487212941e-01 4.393329849947268384e-01
3.583779999999999744e-01 9.096360000000000001e-01 9.460809999999999498e-01 4.915120000000000045e-01 4.001950000000000229e-01 3.660780000000000145e-01 9.982262687171210569e-01 9.720467924185123287e-01 -4.140909999999999869e-01 9.411811571219911299e-01 0.000000000000000000e+00 nan 0.000000000000000000e+00 5.228861995610000202e-01 6.940327658639999786e-02 2.064775215549999876e-01 4.697820000000000107e+00 1.003059999999999974e+01 1.668580000000000041e+01 2.383660000000000068e+01 1.875957914487212941e-01 4.393329849947268384e-01
3.177889999999999882e-01 8.979240000000000554e-01 9.350000000000000533e-01 4.271599999999999842e-01 4.211860000000000048e-01 2.585580000000000100e-01 9.974033094854067860e-01 9.651731429946014407e-01 -4.140909999999999869e-01 9.283010548098958870e-01 0.000000000000000000e+00 nan 0.000000000000000000e+00 5.228861995610000202e-01 6.940327658639999786e-02 2.064775215549999876e-01 4.697820000000000107e+00 1.003059999999999974e+01 1.668580000000000041e+01 2.383660000000000068e+01 1.880321368379140878e-01 4.538830672175973024e-01
2.888839999999999741e-01 8.891620000000000079e-01 9.344660000000000188e-01 1.170859999999999956e-01 1.709960000000000091e-01 1.925719999999999932e-01 9.953887873776908757e-01 9.571474286451155944e-01 -4.140909999999999869e-01 9.139164197876084028e-01 0.000000000000000000e+00 nan 0.000000000000000000e+00 5.417911065060000420e-01 6.993851197120000418e-02 1.898715948609999982e-01 5.129870000000000374e+00 1.567190000000000083e+01 2.106240000000000023e+01 2.940619999999999834e+01 1.880321368379140878e-01 4.538830672175973024e-01
2.550620000000000109e-01 8.786289999999999933e-01 9.315200000000000147e-01 2.538199999999999901e-01 2.969600000000000017e-01 1.986600000000000033e-01 9.929886352313458397e-01 9.478690242532630261e-01 -4.140909999999999869e-01 8.979967055327543468e-01 0.000000000000000000e+00 nan 0.000000000000000000e+00 5.417911065060000420e-01 6.993851197120000418e-02 1.898715948609999982e-01 5.129870000000000374e+00 1.567190000000000083e+01 2.106240000000000023e+01 2.940619999999999834e+01 1.877812382391281787e-01 4.681895261205870629e-01
2.474770000000000025e-01 8.762739999999999974e-01 9.272989999999999844e-01 -4.588219999999999799e-02 1.662069999999999936e-01 1.966499999999999915e-01 9.903316930313819100e-01 9.372514981809816348e-01 -4.140909999999999869e-01 8.805287585840506637e-01 0.000000000000000000e+00 nan 0.000000000000000000e+00 5.513357533249999554e-01 7.787335250629999484e-02 1.694815532900000032e-01 6.821550000000000225e+00 1.921580000000000155e+01 3.034530000000000172e+01 3.346640000000000015e+01 1.877812382391281787e-01 4.681895261205870629e-01
2.538949999999999818e-01 8.781919999999999726e-01 9.331030000000000157e-01 9.215869999999999618e-02 3.185029999999999806e-01 2.116909999999999903e-01 9.872493554421706285e-01 9.252235915739348560e-01 -4.140909999999999869e-01 8.615169675752782918e-01 0.000000000000000000e+00 nan 0.000000000000000000e+00 5.513357533249999554e-01 7.787335250629999484e-02 1.694815532900000032e-01 6.821550000000000225e+00 1.921580000000000155e+01 3.034530000000000172e+01 3.346640000000000015e+01 1.896793406821168926e-01 4.996746346451593768e-01
2.789789999999999770e-01 8.860479999999999468e-01 9.377499999999999725e-01 4.943059999999999815e-02 3.350790000000000157e-01 2.675429999999999753e-01 9.835819641388309220e-01 9.117300257528035967e-01 -4.140909999999999869e-01 8.409832135103070261e-01 0.000000000000000000e+00 nan 0.000000000000000000e+00 6.183393088869999499e-01 6.460088646709999383e-02 1.404394659830000003e-01 8.974759999999999849e+00 2.603200000000000003e+01 3.460459999999999781e+01 3.749249999999999972e+01 1.896793406821168926e-01 4.996746346451593768e-01
3.095040000000000013e-01 8.954670000000000130e-01 9.411979999999999791e-01 -3.240429999999999700e-02 3.707360000000000100e-01 3.211620000000000030e-01 9.791770149653640232e-01 8.967321285428130340e-01 -4.140909999999999869e-01 8.189666218425795119e-01 0.000000000000000000e+00 nan 0.000000000000000000e+00 6.183393088869999499e-01 6.460088646709999383e-02 1.404394659830000003e-01 8.974759999999999849e+00 2.603200000000000003e+01 3.460459999999999781e+01 3.749249999999999972e+01 1.924119536819368648e-01 5.506496087601816525e-01
3.188849999999999740e-01 8.981770000000000032e-01 9.424719999999999764e-01 -2.479570000000000038e-02 2.973910000000000164e-01 3.481899999999999995e-01 9.738918805145112545e-01 8.802082724449238338e-01 -4.140909999999999869e-01 7.955231191680891545e-01 0.000000000000000000e+00 nan 0.000000000000000000e+00 7.032864180079999583e-01 5.569920083879999900e-02 9.405112203870000243e-02 9.338110000000000355e+00 2.558689999999999998e+01 3.352609999999999957e+01 3.839320000000000022e+01 1.924119536819368648e-01 5.506496087601816525e-01
3.401379999999999959e-01 9.043660000000000032e-01 9.486099999999999532e-01 4.932500000000000079e-02 3.424070000000000169e-01 3.415489999999999915e-01 9.675948786469235063e-01 8.621541196840387666e-01 -3.819339999999999957e-01 7.707247995547008568e-01 0.000000000000000000e+00 nan 0.000000000000000000e+00 7.032864180079999583e-01 5.569920083879999900e-02 9.405112203870000243e-02 9.338110000000000355e+00 2.558689999999999998e+01 3.352609999999999957e+01 3.839320000000000022e+01 1.840341222094349360e-01 5.722583561195934143e-01
3.552580000000000182e-01 9.089209999999999789e-01 9.487769999999999815e-01 1.481899999999999884e-01 4.628749999999999809e-01 3.043460000000000054e-01 9.601659745303882110e-01 8.425826713577283522e-01 -3.819339999999999957e-01 7.446591076875543891e-01 0.000000000000000000e+00 nan 0.000000000000000000e+00 7.435168648790000390e-01 5.453471140329999717e-02 6.587790325450000595e-02 1.011700000000000088e+01 2.245970000000000155e+01 3.518880000000000052e+01 4.005480000000000018e+01 1.840341222094349360e-01 5.722583561195934143e-01
3.366100000000000203e-01 9.037399999999999878e-01 9.486790000000000500e-01 1.747519999999999907e-01 4.949250000000000038e-01 2.807859999999999800e-01 9.514983436668246197e-01 8.215241201285993222e-01 -4.140909999999999869e-01 7.174278480858412577e-01 0.000000000000000000e+00 nan 0.000000000000000000e+00 7.435168648790000390e-01 5.453471140329999717e-02 6.587790325450000595e-02 1.011700000000000088e+01 2.245970000000000155e+01 3.518880000000000052e+01 4.005480000000000018e+01 1.708892173600012887e-01 5.793843382261016917e-01
2.829229999999999801e-01 8.876880000000000326e-01 9.461469999999999603e-01 2.131020000000000136e-01 5.225769999999999582e-01 2.115940000000000043e-01 9.414991698283251553e-01 7.990255081293640149e-01 -4.140909999999999869e-01 6.891460316169222278e-01 0.000000000000000000e+00 nan 0.000000000000000000e+00 7.526911791300000543e-01 4.002256900199999828e-02 5.657389315229999910e-02 9.766099999999999781e+00 2.465080000000000027e+01 3.187170000000000059e+01 4.071690000000000254e+01 1.708892173600012887e-01 5.793843382261016917e-01
7.632120000000000570e-02 8.164270000000000138e-01 8.967709999999999848e-01 -6.037759999999999655e-02 4.033140000000000058e-01 7.530729999999999369e-02 9.300895623645337729e-01 7.751501939566787236e-01 -4.140909999999999869e-01 6.599405723772454602e-01 0.000000000000000000e+00 nan 0.000000000000000000e+00 7.526911791300000543e-01 4.002256900199999828e-02 5.657389315229999910e-02 9.766099999999999781e+00 2.465080000000000027e+01 3.187170000000000059e+01 4.071690000000000254e+01 1.495573821458375807e-01 5.846190340335366553e-01
-4.450350000000000139e-02 7.658260000000000067e-01 8.621750000000000247e-01 -1.454000000000000015e-01 2.407980000000000120e-01 -8.442460000000000242e-02 9.172067114375057617e-01 7.499771347929276022e-01 -3.819339999999999957e-01 6.299488497049201552e-01 0.000000000000000000e+00 nan 0.000000000000000000e+00 6.701290332410000383e-01 3.529841256999999982e-02 5.716168943379999756e-02 8.653109999999999857e+00 2.044940000000000069e+01 3.530140000000000100e+01 4.563969999999999771e+01 1.495573821458375807e-01 5.846190340335366553e-01
-1.443000000000000116e-01 7.170260000000000522e-01 8.368349999999999955e-01 -3.043580000000000174e-01 -3.980580000000000229e-02 -2.479760000000000020e-01 9.028053537197673339e-01 7.235999917897961708e-01 -3.819339999999999957e-01 5.993171516169226720e-01 0.000000000000000000e+00 nan 2.656914804915033734e-03 6.701290332410000383e-01 3.529841256999999982e-02 5.716168943379999756e-02 8.653109999999999857e+00 2.044940000000000069e+01 3.530140000000000100e+01 4.563969999999999771e+01 1.323271935900861562e-01 5.778713091868430407e-01
-2.741359999999999908e-01 6.401470000000000216e-01 7.789070000000000160e-01 2.179959999999999884e-02 1.998830000000000051e-01 -4.275559999999999916e-01 8.868572518586739228e-01 6.961260688499970595e-01 -4.140909999999999869e-01 5.681990173074100703e-01 0.000000000000000000e+00 nan 5.400378340698508417e-03 4.738014539100000033e-01 4.051664208249999843e-02 6.215661528170000200e-02 1.136769999999999925e+01 2.733109999999999928e+01 3.973729999999999762e+01 5.156049999999999756e+01 1.323271935900861562e-01 5.778713091868430407e-01
-4.328239999999999865e-01 5.103259999999999463e-01 6.636339999999999462e-01 1.043049999999999949e-01 2.249819999999999875e-01 -5.673179999999999890e-01 8.693501803835615993e-01 6.676750968311768730e-01 -4.140909999999999869e-01 5.367534974872988363e-01 0.000000000000000000e+00 nan 8.402507437383022193e-03 4.738014539100000033e-01 4.051664208249999843e-02 6.215661528170000200e-02 1.136769999999999925e+01 2.733109999999999928e+01 3.973729999999999762e+01 5.156049999999999756e+01 1.324962774283985345e-01 5.571761492769836677e-01
-5.623150000000000093e-01 3.378840000000000177e-01 5.067739999999999467e-01 1.996320000000000039e-01 3.272120000000000029e-01 -6.500219999999999887e-01 8.502896248477582741e-01 6.383778769474566239e-01 -4.140909999999999869e-01 5.051433522761579198e-01 0.000000000000000000e+00 nan 1.183248814083881495e-02 2.427118875909999862e-01 3.536810608859999872e-02 5.469851719829999653e-02 1.310640000000000072e+01 3.260379999999999967e+01 4.698160000000000025e+01 5.285699999999999932e+01 1.324962774283985345e-01 5.571761492769836677e-01
-6.524659999999999904e-01 1.117540000000000061e-01 2.987119999999999775e-01 5.490869999999999918e-01 4.826909999999999812e-01 -6.934679999999999733e-01 8.297005131403015765e-01 6.083747987394096945e-01 -2.854639999999999955e-01 4.735332070650170033e-01 0.000000000000000000e+00 nan 1.585465876727054635e-02 2.427118875909999862e-01 3.536810608859999872e-02 5.469851719829999653e-02 1.310640000000000072e+01 3.260379999999999967e+01 4.698160000000000025e+01 5.285699999999999932e+01 3.046072618781396901e-01 6.538304958696230518e-01
-7.134519999999999751e-01 -2.666600000000000081e-01 -7.729840000000000322e-02 8.245879999999999876e-01 6.965740000000000265e-01 -7.160649999999999515e-01 8.076242625847112055e-01 5.778142494044711253e-01 -2.211509999999999865e-01 4.420876872449058803e-01 0.000000000000000000e+00 nan 2.062664788442869490e-02 1.119745866340000062e-01 1.691322745410000009e-02 3.696075539569999846e-02 1.513959999999999972e+01 3.699660000000000082e+01 4.443789999999999907e+01 4.864529999999999887e+01 3.046072618781396901e-01 6.538304958696230518e-01
-7.290860000000000118e-01 -5.604919999999999902e-01 -3.965839999999999921e-01 9.838829999999999520e-01 7.510179999999999634e-01 -7.261640000000000317e-01 7.841210098011701657e-01 5.468509325106976071e-01 3.255120000000000235e-01 4.109695529353930565e-01 0.000000000000000000e+00 nan 2.629758831695105936e-02 1.119745866340000062e-01 1.691322745410000009e-02 3.696075539569999846e-02 1.513959999999999972e+01 3.699660000000000082e+01 4.443789999999999907e+01 4.864529999999999887e+01 9.623488472300248953e-01 1.000000000000000000e+00
-7.321670000000000122e-01 -6.638749999999999929e-01 -6.605550000000000033e-01 1.131539999999999990e+00 8.461610000000000520e-01 -7.285059999999999869e-01 7.592682890311082122e-01 5.156441151435251502e-01 1.483149999999999968e+00 3.803378548473955734e-01 0.000000000000000000e+00 nan 3.300642741187032048e-02 7.291734093460000565e-02 1.007737164119999924e-02 2.354541814329999885e-02 1.498879999999999946e+01 3.215690000000000026e+01 3.813750000000000284e+01 4.214909999999999712e+01 9.623488472300248953e-01 1.000000000000000000e+00
-7.276200000000000445e-01 -5.169430000000000414e-01 -6.513360000000000261e-01 1.424479999999999968e+00 1.049439999999999928e+00 -7.300039999999999862e-01 7.331574793308335281e-01 4.843558233460514284e-01 2.222750000000000004e+00 3.503461321750703794e-01 0.000000000000000000e+00 nan 4.088035270965006962e-02 7.291734093460000565e-02 1.007737164119999924e-02 2.354541814329999885e-02 1.498879999999999946e+01 3.215690000000000026e+01 3.813750000000000284e+01 4.214909999999999712e+01 8.837357710495742369e-01 9.285350224550178444e-01
-7.261060000000000292e-01 -4.696449999999999791e-01 -8.262580000000000480e-01 1.546149999999999913e+00 9.452920000000000211e-01 -7.294040000000000523e-01 7.058919361985096508e-01 4.531490062992248324e-01 2.447849999999999859e+00 3.211406729353935008e-01 0.000000000000000000e+00 nan 5.003335085853155562e-02 6.203447635769999968e-02 8.650270400670000484e-03 1.804762901579999926e-02 1.334280000000000044e+01 2.589280000000000115e+01 3.225939999999999941e+01 4.084709999999999752e+01 8.837357710495742369e-01 9.285350224550178444e-01
-7.120689999999999520e-01 -2.477270000000000028e-01 -7.394479999999999942e-01 1.835639999999999938e+00 1.236820000000000030e+00 -7.297660000000000258e-01 6.775889583892321655e-01 4.221856900425131620e-01 2.640789999999999971e+00 2.928588564664746929e-01 0.000000000000000000e+00 nan 6.056491610026093486e-02 6.203447635769999968e-02 8.650270400670000484e-03 1.804762901579999926e-02 1.334280000000000044e+01 2.589280000000000115e+01 3.225939999999999941e+01 4.084709999999999752e+01 8.753088507207880120e-01 8.486137512541791494e-01
-7.084300000000000042e-01 -2.129079999999999862e-01 -9.167760000000000353e-01 1.904490000000000016e+00 1.293539999999999912e+00 -7.277860000000000440e-01 6.483783409853660640e-01 3.916251416541345343e-01 2.833730000000000082e+00 2.656275968647613395e-01 0.000000000000000000e+00 nan 7.255892296057497859e-02 6.212514720049999717e-02 8.004445451429999941e-03 2.047676883300000167e-02 9.228740000000000165e+00 2.477019999999999911e+01 3.287480000000000047e+01 4.168019999999999925e+01 8.753088507207880120e-01 8.486137512541791494e-01
-7.127090000000000369e-01 -2.493789999999999896e-01 -6.676900000000000057e-01 1.817199999999999926e+00 1.156009999999999982e+00 -7.276860000000000550e-01 6.183996803550996235e-01 3.616220646914206638e-01 2.865889999999999826e+00 2.395619049976149828e-01 0.000000000000000000e+00 nan 8.608267591731011414e-02 6.212514720049999717e-02 8.004445451429999941e-03 2.047676883300000167e-02 9.228740000000000165e+00 2.477019999999999911e+01 3.287480000000000047e+01 4.168019999999999925e+01 7.818491226730518440e-01 8.424430290072029148e-01
-7.159400000000000208e-01 -2.999430000000000152e-01 -9.072430000000000216e-01 1.799609999999999932e+00 1.193789999999999907e+00 -7.290069999999999606e-01 5.878030549680872685e-01 3.323248463376964335e-01 3.026670000000000194e+00 2.147635853842265741e-01 0.000000000000000000e+00 nan 1.011861468137744691e-01 7.052809430060000273e-02 9.907668934339999151e-03 2.954905507869999906e-02 1.481479999999999997e+01 2.984130000000000038e+01 3.920949999999999847e+01 4.046970000000000312e+01 7.818491226730518440e-01 8.424430290072029148e-01
-6.957729999999999748e-01 -9.910789999999999877e-02 -6.690000000000000391e-01 2.011829999999999785e+00 1.146390000000000020e+00 -7.288829999999999476e-01 5.567466840456620769e-01 3.038738761161998703e-01 2.769420000000000215e+00 1.913200827097362167e-01 0.000000000000000000e+00 nan 1.179014086577958587e-01 7.052809430060000273e-02 9.907668934339999151e-03 2.954905507869999906e-02 1.481479999999999997e+01 2.984130000000000038e+01 3.920949999999999847e+01 4.046970000000000312e+01 3.564178225274216016e-01 6.499293171815345715e-01
-7.240849999999999786e-01 -4.174169999999999825e-01 -7.861519999999999619e-01 1.590500000000000025e+00 1.022890000000000077e+00 -7.248700000000000143e-01 5.253932462741621734e-01 2.763999552206874988e-01 2.737260000000000026e+00 1.693034910420087025e-01 0.000000000000000000e+00 nan 1.362422722217276894e-01 7.133159160049999670e-02 1.103738357990000085e-02 3.526765304340000184e-02 1.319650000000000034e+01 3.921419999999999817e+01 4.282959999999999923e+01 4.050889999999999702e+01 3.564178225274216016e-01 6.499293171815345715e-01
-7.224180000000000046e-01 -4.032950000000000146e-01 -9.640379999999999505e-01 1.672679999999999945e+00 1.129469999999999974e+00 -7.224399999999999711e-01 4.939082657798374854e-01 2.500228144856430079e-01 2.833730000000000082e+00 1.487697369770375477e-01 0.000000000000000000e+00 nan 1.562041295608787017e-01 7.133159160049999670e-02 1.103738357990000085e-02 3.526765304340000184e-02 1.319650000000000034e+01 3.921419999999999817e+01 4.282959999999999923e+01 4.050889999999999702e+01 1.000000000000000000e+00 9.038745724571013440e-01
-7.209529999999999550e-01 -3.461040000000000227e-01 -6.761289999999999800e-01 1.624249999999999972e+00 1.209379999999999900e+00 -7.178149999999999809e-01 4.624597165829514855e-01 2.248497577880813614e-01 2.254910000000000192e+00 1.297579459682650649e-01 0.000000000000000000e+00 nan 1.777640062233685203e-01 8.576157568410000542e-02 1.326110885129999986e-02 4.235439274859999909e-02 1.641900000000000048e+01 3.429970000000000141e+01 3.660119999999999862e+01 3.348619999999999663e+01 1.000000000000000000e+00 9.038745724571013440e-01
-7.160009999999999986e-01 -2.304589999999999972e-01 -3.405340000000000034e-01 1.480150000000000077e+00 1.100219999999999976e+00 -7.212429999999999675e-01 4.312156040305150650e-01 2.009744462517448760e-01 1.290210000000000079e+00 1.122899990195614928e-01 0.000000000000000000e+00 nan 2.008808215598471003e-01 8.576157568410000542e-02 1.326110885129999986e-02 4.235439274859999909e-02 1.641900000000000048e+01 3.429970000000000141e+01 3.660119999999999862e+01 3.348619999999999663e+01 9.320064797290295022e-01 9.352442804617302485e-01
-7.026339999999999808e-01 -1.111609999999999959e-01 -3.904329999999999745e-01 1.801209999999999978e+00 1.332140000000000102e+00 -7.245639999999999858e-01 4.003405915683446725e-01 1.784758370291464891e-01 7.435479999999999867e-01 9.637028476470732574e-02 0.000000000000000000e+00 nan 2.254958541836671326e-01 9.199997283550000182e-02 1.606293558510000011e-02 3.976378022100000159e-02 1.779789999999999850e+01 4.062480000000000047e+01 4.223360000000000269e+01 3.797310000000000230e+01 9.320064797290295022e-01 9.352442804617302485e-01
-7.246150000000000091e-01 -4.038590000000000235e-01 -4.649130000000000207e-01 1.395650000000000057e+00 9.913659999999999695e-01 -7.286610000000000031e-01 3.699934155855777451e-01 1.574172886854825482e-01 1.901189999999999936e+00 8.198564974241995262e-02 0.000000000000000000e+00 nan 2.515334073076581634e-01 9.199997283550000182e-02 1.606293558510000011e-02 3.976378022100000159e-02 1.779789999999999850e+01 4.062480000000000047e+01 4.223360000000000269e+01 3.797310000000000230e+01 9.651687293076833818e-01 9.071410482855007951e-01
-7.249480000000000368e-01 -4.485509999999999775e-01 -1.070999999999999952e+00 1.621420000000000083e+00 9.382479999999999709e-01 -7.303870000000000084e-01 3.403254677433902309e-01 1.378458433207715439e-01 2.769420000000000215e+00 6.910554743032470970e-02 0.000000000000000000e+00 nan 2.789016664189727379e-01 1.291369583449999969e-01 2.650870631119999973e-02 4.297618285830000218e-02 2.835970000000000013e+01 5.719100000000000250e+01 5.934020000000000294e+01 5.065970000000000084e+01 9.651687293076833818e-01 9.071410482855007951e-01
-7.268430000000000168e-01 -4.857170000000000099e-01 -7.899500000000000410e-01 1.528559999999999919e+00 7.777699999999999614e-01 -7.306160000000000432e-01 3.114795493009500094e-01 1.197916935640644942e-01 2.737260000000000026e+00 5.768238434925976321e-02 0.000000000000000000e+00 nan 3.074937395742037838e-01 1.291369583449999969e-01 2.650870631119999973e-02 4.297618285830000218e-02 2.835970000000000013e+01 5.719100000000000250e+01 5.934020000000000294e+01 5.065970000000000084e+01 8.508189657523412830e-01 8.109739483326227072e-01
-7.271609999999999463e-01 -5.070050000000000390e-01 -1.278729999999999922e+00 1.567180000000000017e+00 1.066300000000000026e+00 -7.312300000000000466e-01 2.835902603853905912e-01 1.032678404788931470e-01 3.026670000000000194e+00 4.765205931641258719e-02 0.000000000000000000e+00 nan 3.371888685278152664e-01 1.656109283409999966e-01 3.271623123890000234e-02 3.932002449920000281e-02 1.985020000000000095e+01 5.326189999999999714e+01 5.438510000000000133e+01 4.553860000000000241e+01 8.508189657523412830e-01 8.109739483326227072e-01
-7.342670000000000030e-01 -7.828819999999999668e-01 -1.697659999999999947e+00 1.261689999999999978e+00 7.293140000000000178e-01 -7.312819999999999876e-01 2.567817207979274929e-01 8.826994625602491151e-02 2.962359999999999882e+00 3.893468973733416050e-02 0.000000000000000000e+00 nan 3.678537969713171485e-01 1.656109283409999966e-01 3.271623123890000234e-02 3.932002449920000281e-02 1.985020000000000095e+01 5.326189999999999714e+01 5.438510000000000133e+01 4.553860000000000241e+01 5.805029971473919526e-01 6.359113595784033901e-01
-7.321849999999999747e-01 -6.696569999999999467e-01 -1.225729999999999986e+00 1.377110000000000056e+00 6.291909999999999448e-01 -7.314019999999999966e-01 2.311655436726476331e-01 7.477638336257552698e-02 2.930200000000000138e+00 3.143551670765443173e-02 0.000000000000000000e+00 nan 3.993442803804861940e-01 1.673594823100000017e-01 4.003813763570000100e-02 5.170256558249999856e-02 2.645759999999999934e+01 4.565149999999999864e+01 4.403359999999999985e+01 3.803739999999999810e+01 5.805029971473919526e-01 6.359113595784033901e-01
-7.272349999999999648e-01 -5.028820000000000512e-01 -1.130579999999999918e+00 1.567530000000000090e+00 7.088029999999999609e-01 -7.312809999999999588e-01 2.068429977931990349e-01 6.274847959059781655e-02 3.058829999999999938e+00 2.504597866933122585e-02 0.000000000000000000e+00 nan 4.315067203634633808e-01 1.673594823100000017e-01 4.003813763570000100e-02 5.170256558249999856e-02 2.645759999999999934e+01 4.565149999999999864e+01 4.403359999999999985e+01 3.803739999999999810e+01 4.785836228666801029e-01 7.008177409065992070e-01
-7.345909999999999940e-01 -7.947499999999999565e-01 -1.194309999999999983e+00 1.202490000000000059e+00 5.510950000000000015e-01 -7.306120000000000392e-01 1.838998936064787371e-01 5.213095622865071554e-02 2.415690000000000115e+00 1.964494145648343348e-02 0.000000000000000000e+00 nan 4.641799049919084208e-01 1.103451289209999991e-01 4.175379968170000317e-02 6.151346040570000034e-02 1.933559999999999945e+01 4.600900000000000034e+01 4.747169999999999845e+01 4.171699999999999875e+01 4.785836228666801029e-01 7.008177409065992070e-01
-7.303600000000000092e-01 -6.021330000000000293e-01 -4.319979999999999931e-01 6.925040000000000084e-01 6.350299999999999834e-01 -7.298010000000000330e-01 1.624023538633788677e-01 4.285255439168822456e-02 1.322370000000000045e+00 1.510007079389186213e-02 0.000000000000000000e+00 nan 4.971968353965643406e-01 1.103451289209999991e-01 4.175379968170000317e-02 6.151346040570000034e-02 1.933559999999999945e+01 4.600900000000000034e+01 4.747169999999999845e+01 4.171699999999999875e+01 5.964132409008350288e-01 8.307715486429219087e-01
-7.357000000000000206e-01 -8.873410000000000464e-01 -8.652490000000000459e-01 7.074200000000000488e-01 3.150040000000000062e-01 -7.271999999999999575e-01 1.423999512109155319e-01 3.482684241270028735e-02 4.862949999999999773e-01 1.126933169721633377e-02 0.000000000000000000e+00 nan 5.303866179311760298e-01 8.251055347289999731e-02 3.891570172230000152e-02 7.326737488680000465e-02 2.140099999999999980e+01 4.446350000000000335e+01 4.802980000000000160e+01 4.484100000000000108e+01 5.964132409008350288e-01 8.307715486429219087e-01
-7.348019999999999552e-01 -7.218830000000000524e-01 -7.032960000000000322e-01 3.942330000000000001e-01 7.140389999999999932e-03 -7.224129999999999718e-01 1.239246689919095701e-01 2.795319514803662475e-02 -1.246810000000000002e-01 8.002597786122445100e-03 0.000000000000000000e+00 nan 5.635764004657877191e-01 8.251055347289999731e-02 3.891570172230000152e-02 7.326737488680000465e-02 2.140099999999999980e+01 4.446350000000000335e+01 4.802980000000000160e+01 4.484100000000000108e+01 9.063384622097621079e-01 8.702000596236019181e-01
-7.324030000000000262e-01 -5.772000000000000464e-01 -5.568950000000000289e-01 1.580959999999999865e-01 -2.047269999999999923e-01 -7.156040000000000179e-01 1.069913153587033205e-01 2.211793410049189834e-02 -5.427170000000000050e-01 5.143352276157919789e-03 0.000000000000000000e+00 nan 5.965933308704435278e-01 8.937368422100000487e-02 4.824750648969999833e-02 7.273575926960000604e-02 1.539370000000000083e+01 2.872739999999999938e+01 3.691859999999999786e+01 3.759170000000000300e+01 9.063384622097621079e-01 8.702000596236019181e-01
-7.363159999999999705e-01 -8.310170000000000057e-01 -8.340830000000000188e-01 -2.524970000000000079e-03 -2.804010000000000113e-01 -7.150229999999999642e-01 9.159500930614827841e-02 1.719561544210279624e-02 -5.427170000000000050e-01 2.530461376461623502e-03 0.000000000000000000e+00 nan 6.292665154988885678e-01 8.937368422100000487e-02 4.824750648969999833e-02 7.273575926960000604e-02 1.539370000000000083e+01 2.872739999999999938e+01 3.691859999999999786e+01 3.759170000000000300e+01 6.741481719855351162e-01 7.135342370903682285e-01
-7.336700000000000443e-01 -6.345079999999999609e-01 -6.273570000000000535e-01 -2.039159999999999862e-01 -4.526240000000000263e-01 -7.209900000000000198e-01 7.771319167069323797e-02 1.305045134284366082e-02 -5.427170000000000050e-01 0.000000000000000000e+00 0.000000000000000000e+00 nan 6.614289554818659767e-01 8.559181518149999723e-02 3.954557760329999866e-02 5.990159110229999889e-02 1.423840000000000039e+01 2.941049999999999898e+01 3.047700000000000031e+01 3.171450000000000102e+01 6.741481719855351162e-01 7.135342370903682285e-01
-7.255559999999999787e-01 -3.562699999999999756e-01 -3.551429999999999865e-01 -4.092569999999999819e-01 -5.975719999999999921e-01 -7.252150000000000540e-01 6.531156692405382103e-02 9.537848500998480361e-03 -5.427170000000000050e-01 0.000000000000000000e+00 0.000000000000000000e+00 nan 6.929194388910349112e-01 8.559181518149999723e-02 3.954557760329999866e-02 5.990159110229999889e-02 1.423840000000000039e+01 2.941049999999999898e+01 3.047700000000000031e+01 3.171450000000000102e+01 6.440785203527852332e-01 8.143590302509640111e-01
-7.299889999999999990e-01 -4.839970000000000105e-01 -4.547700000000000076e-01 -4.767500000000000071e-01 -6.190170000000000394e-01 -7.279369999999999452e-01 5.434212039417263274e-02 6.506046443046087369e-03 -4.462470000000000048e-01 0.000000000000000000e+00 0.000000000000000000e+00 nan 7.235843673345367932e-01 1.052183513350000016e-01 5.312159936529999710e-02 8.278131479790000469e-02 1.596139999999999937e+01 2.508299999999999841e+01 3.113540000000000063e+01 3.026719999999999899e+01 6.440785203527852332e-01 8.143590302509640111e-01
-7.386949999999999905e-01 -1.409750000000000059e+00 -1.149399999999999977e+00 -1.081739999999999924e+00 -1.027919999999999945e+00 -7.298710000000000475e-01 4.473572279039150779e-02 3.797837030466100217e-03 -3.819339999999999957e-01 0.000000000000000000e+00 0.000000000000000000e+00 nan 7.532794962881482759e-01 1.052183513350000016e-01 5.312159936529999710e-02 8.278131479790000469e-02 1.596139999999999937e+01 2.508299999999999841e+01 3.113540000000000063e+01 3.026719999999999899e+01 6.280537359346790582e-01 7.920867299018774510e-01
-7.381780000000000008e-01 -1.171259999999999968e+00 -1.021630000000000038e+00 -1.176409999999999956e+00 -1.163599999999999968e+00 -7.310219999999999496e-01 3.642844808854239780e-02 1.252345690764267161e-03 -3.497779999999999778e-01 0.000000000000000000e+00 0.000000000000000000e+00 nan 7.818715694433793217e-01 1.008448020180000015e-01 4.719022512979999945e-02 9.593665511000000479e-02 1.048499999999999943e+01 2.760330000000000084e+01 2.962910000000000110e+01 2.882710000000000150e+01 6.280537359346790582e-01 7.920867299018774510e-01
-7.390299999999999647e-01 -1.664090000000000069e+00 -1.372810000000000086e+00 -1.249179999999999957e+00 -1.232590000000000074e+00 -7.310769999999999769e-01 2.931675617272988532e-02 0.000000000000000000e+00 -1.246810000000000002e-01 0.000000000000000000e+00 0.000000000000000000e+00 nan 8.065829137497788626e-01 1.008448020180000015e-01 4.719022512979999945e-02 9.593665511000000479e-02 1.048499999999999943e+01 2.760330000000000084e+01 2.962910000000000110e+01 2.882710000000000150e+01 6.535526696156341853e-01 7.895831797331041013e-01
-7.381309999999999816e-01 -1.141510000000000025e+00 -1.036259999999999959e+00 -1.254660000000000108e+00 -1.304999999999999938e+00 -7.307019999999999627e-01 2.327242656717798397e-02 0.000000000000000000e+00 -2.533079999999999776e-01 0.000000000000000000e+00 0.000000000000000000e+00 nan 8.298770033379864186e-01 9.960358217299999928e-02 5.403363425600000297e-02 1.002047609510000048e-01 1.414830000000000076e+01 2.257369999999999877e+01 3.026310000000000144e+01 2.966540000000000177e+01 6.535526696156341853e-01 7.895831797331041013e-01
-7.374610000000000332e-01 -9.903009999999999868e-01 -9.297480000000000189e-01 -1.198380000000000001e+00 -1.243999999999999995e+00 -7.297670000000000545e-01 1.819357080380867853e-02 0.000000000000000000e+00 -4.784039999999999959e-01 0.000000000000000000e+00 0.000000000000000000e+00 nan 8.541468216700369709e-01 9.960358217299999928e-02 5.403363425600000297e-02 1.002047609510000048e-01 1.414830000000000076e+01 2.257369999999999877e+01 3.026310000000000144e+01 2.966540000000000177e+01 6.399223305207236701e-01 7.707472504223338294e-01
-7.389660000000000117e-01 -1.579560000000000075e+00 -1.371089999999999920e+00 -1.250739999999999963e+00 -1.235179999999999945e+00 -7.301840000000000552e-01 1.392295417057665130e-02 0.000000000000000000e+00 -3.176209999999999867e-01 0.000000000000000000e+00 0.000000000000000000e+00 nan 8.765771198388432328e-01 7.317591424580000004e-02 5.685160830290000161e-02 8.867639242229999330e-02 1.201490000000000080e+01 2.574080000000000013e+01 2.830160000000000053e+01 2.778910000000000124e+01 6.399223305207236701e-01 7.707472504223338294e-01
-7.374690000000000412e-01 -1.007570000000000077e+00 -8.985220000000000429e-01 -1.159489999999999910e+00 -1.133350000000000080e+00 -7.289649999999999741e-01 1.028945464230146545e-02 0.000000000000000000e+00 -3.819339999999999957e-01 0.000000000000000000e+00 0.000000000000000000e+00 nan 8.971169549715858338e-01 7.317591424580000004e-02 5.685160830290000161e-02 8.867639242229999330e-02 1.201490000000000080e+01 2.574080000000000013e+01 2.830160000000000053e+01 2.778910000000000124e+01 6.467511358615911643e-01 8.878435168949566636e-01
-7.369179999999999620e-01 -9.060319999999999485e-01 -8.554089999999999749e-01 -1.188979999999999926e+00 -1.280070000000000041e+00 -7.260189999999999699e-01 7.121853144978040895e-03 0.000000000000000000e+00 -5.427170000000000050e-01 0.000000000000000000e+00 0.000000000000000000e+00 nan 9.157368038970346014e-01 7.932129027110000619e-02 4.819314063170000023e-02 8.956915543629999366e-02 1.822769999999999868e+01 2.716819999999999879e+01 2.927580000000000027e+01 2.993479999999999919e+01 6.467511358615911643e-01 8.878435168949566636e-01
-7.370449999999999502e-01 -9.261500000000000288e-01 -8.722900000000000098e-01 -4.805900000000000172e-01 -7.182739999999999680e-01 -7.248499999999999943e-01 4.295083541502542346e-03 0.000000000000000000e+00 -5.427170000000000050e-01 0.000000000000000000e+00 0.000000000000000000e+00 nan 9.324288976548755770e-01 7.932129027110000619e-02 4.819314063170000023e-02 8.956915543629999366e-02 1.822769999999999868e+01 2.716819999999999879e+01 2.927580000000000027e+01 2.993479999999999919e+01 6.391969063111906380e-01 7.987286709386229866e-01
-7.379559999999999453e-01 -1.075530000000000097e+00 -1.061239999999999961e+00 -7.210809999999999720e-01 -9.179659999999999487e-01 -7.208219999999999628e-01 1.763016144842310950e-03 0.000000000000000000e+00 -5.427170000000000050e-01 0.000000000000000000e+00 0.000000000000000000e+00 nan 9.472073095211360760e-01 8.820506380730000484e-02 5.911709999039999747e-02 9.170065646359999711e-02 1.656210000000000093e+01 2.741750000000000043e+01 3.318820000000000192e+01 3.029779999999999873e+01 6.391969063111906380e-01 7.987286709386229866e-01
-7.356380000000000141e-01 -7.744499999999999718e-01 -7.254639999999999977e-01 -1.384519999999999973e+00 -1.458749999999999991e+00 -7.166580000000000172e-01 2.823844873167669078e-04 0.000000000000000000e+00 -5.427170000000000050e-01 0.000000000000000000e+00 0.000000000000000000e+00 nan 9.601077955523430463e-01 8.820506380730000484e-02 5.911709999039999747e-02 9.170065646359999711e-02 1.656210000000000093e+01 2.741750000000000043e+01 3.318820000000000192e+01 3.029779999999999873e+01 6.977271859540419285e-01 8.146571482608180315e-01
-7.341830000000000300e-01 -6.612350000000000172e-01 -6.470209999999999573e-01 -1.222990000000000022e+00 -1.381580000000000030e+00 -7.165510000000000490e-01 0.000000000000000000e+00 0.000000000000000000e+00 -5.427170000000000050e-01 0.000000000000000000e+00 0.000000000000000000e+00 nan 9.711873894551156239e-01 8.317492977080000183e-02 7.142329610469999590e-02 9.466746666240000163e-02 1.600280000000000058e+01 2.917980000000000018e+01 2.810699999999999932e+01 2.818240000000000123e+01 6.977271859540419285e-01 8.146571482608180315e-01
-7.294669999999999765e-01 -4.600009999999999932e-01 -4.513679999999999914e-01 -1.218660000000000077e+00 -1.259179999999999966e+00 -7.213450000000000140e-01 0.000000000000000000e+00 0.000000000000000000e+00 -5.427170000000000050e-01 0.000000000000000000e+00 0.000000000000000000e+00 nan 9.805237563714802596e-01 8.317492977080000183e-02 7.142329610469999590e-02 9.466746666240000163e-02 1.600280000000000058e+01 2.917980000000000018e+01 2.810699999999999932e+01 2.818240000000000123e+01 7.003398039718338186e-01 7.370567097388422972e-01
-7.267709999999999448e-01 -3.845470000000000277e-01 -3.805600000000000094e-01 -1.271470000000000100e+00 -1.310300000000000020e+00 -7.249520000000000408e-01 0.000000000000000000e+00 0.000000000000000000e+00 -5.427170000000000050e-01 0.000000000000000000e+00 0.000000000000000000e+00 nan 9.882143129017770811e-01 6.198743327749999671e-02 6.184995653509999664e-02 7.767326993860000639e-02 1.363620000000000054e+01 2.077080000000000126e+01 2.646440000000000126e+01 2.587750000000000128e+01 7.003398039718338186e-01 7.370567097388422972e-01
-7.365410000000000013e-01 -8.578409999999999647e-01 -8.165430000000000188e-01 -1.311590000000000034e+00 -1.374090000000000034e+00 -7.292750000000000066e-01 0.000000000000000000e+00 0.000000000000000000e+00 -5.427170000000000050e-01 0.000000000000000000e+00 0.000000000000000000e+00 nan 9.943751233356528108e-01 6.198743327749999671e-02 6.184995653509999664e-02 7.767326993860000639e-02 1.363620000000000054e+01 2.077080000000000126e+01 2.646440000000000126e+01 2.587750000000000128e+01 9.079856660539650237e-01 8.405036591581531713e-01
-7.390210000000000390e-01 -1.645270000000000010e+00 -1.360950000000000104e+00 -1.222890000000000033e+00 -1.312699999999999978e+00 -7.316270000000000273e-01 0.000000000000000000e+00 0.000000000000000000e+00 -3.176209999999999867e-01 0.000000000000000000e+00 0.000000000000000000e+00 nan 9.991395845972824707e-01 4.906085321639999663e-02 6.607307489010000312e-02 7.685675028440000500e-02 1.532049999999999912e+01 2.312310000000000088e+01 2.343580000000000041e+01 2.579309999999999903e+01 9.079856660539650237e-01 8.405036591581531713e-01
-7.391830000000000345e-01 -1.877080000000000082e+00 -1.678209999999999980e+00 -1.320580000000000087e+00 -1.413829999999999920e+00 -7.318339999999999845e-01 0.000000000000000000e+00 1.044901865618674819e-03 -3.176209999999999867e-01 0.000000000000000000e+00 0.000000000000000000e+00 nan 1.000000000000000000e+00 4.906085321639999663e-02 6.607307489010000312e-02 7.685675028440000500e-02 1.532049999999999912e+01 2.312310000000000088e+01 2.343580000000000041e+01 2.579309999999999903e+01 7.078885792048694725e-01 7.304372076920857548e-01
-7.390999999999999792e-01 -1.696120000000000072e+00 -1.526080000000000103e+00 -1.337730000000000086e+00 -1.571460000000000079e+00 -7.319529999999999648e-01 0.000000000000000000e+00 2.123841303757423304e-03 -3.176209999999999867e-01 0.000000000000000000e+00 0.000000000000000000e+00 nan 9.996900842292718581e-01 5.347281737370000038e-02 5.902302823780000013e-02 6.963610320299999656e-02 9.391750000000000043e+00 2.164359999999999928e+01 2.725169999999999959e+01 2.824739999999999895e+01 7.078885792048694725e-01 7.304372076920857548e-01
-7.392440000000000122e-01 -2.114910000000000068e+00 -1.882700000000000040e+00 -1.444890000000000008e+00 -1.600389999999999979e+00 -7.311609999999999498e-01 0.000000000000000000e+00 3.304507800158007491e-03 -2.821099999999999997e-02 0.000000000000000000e+00 0.000000000000000000e+00 nan 9.982133487546158701e-01 5.347281737370000038e-02 5.902302823780000013e-02 6.963610320299999656e-02 9.391750000000000043e+00 2.164359999999999928e+01 2.725169999999999959e+01 2.824739999999999895e+01 9.170071069755264537e-01 7.766198546594561547e-01
-7.389090000000000380e-01 -1.480490000000000084e+00 -1.351849999999999996e+00 -1.257589999999999986e+00 -1.386100000000000110e+00 -7.299909999999999455e-01 0.000000000000000000e+00 4.653438232344875303e-03 -1.568380000000000052e-01 0.000000000000000000e+00 0.000000000000000000e+00 nan 9.955865255790337098e-01 5.437743850610000235e-02 6.150307840159999900e-02 9.248178030360000579e-02 1.379190000000000005e+01 1.939539999999999864e+01 2.296499999999999986e+01 2.840419999999999945e+01 9.170071069755264537e-01 7.766198546594561547e-01
-7.390750000000000375e-01 -1.748920000000000030e+00 -1.366509999999999891e+00 -1.266979999999999995e+00 -1.482040000000000024e+00 -7.289360000000000284e-01 0.000000000000000000e+00 6.235262980214484330e-03 -4.462470000000000048e-01 0.000000000000000000e+00 0.000000000000000000e+00 nan 9.918393776587302035e-01 5.437743850610000235e-02 6.150307840159999900e-02 9.248178030360000579e-02 1.379190000000000005e+01 1.939539999999999864e+01 2.296499999999999986e+01 2.840419999999999945e+01 7.626117453270135904e-01 7.569632994290880212e-01
-7.362870000000000248e-01 -8.392490000000000228e-01 -7.714839999999999476e-01 -1.336920000000000108e+00 -1.430180000000000007e+00 -7.260720000000000507e-01 0.000000000000000000e+00 8.111973638007086151e-03 -5.427170000000000050e-01 0.000000000000000000e+00 0.000000000000000000e+00 nan 9.870143616769263550e-01 7.248434216169999389e-02 8.668383451359999714e-02 1.464900625070000018e-01 1.435500000000000043e+01 2.171600000000000108e+01 2.452090000000000103e+01 2.703699999999999903e+01 7.626117453270135904e-01 7.569632994290880212e-01
-7.338519999999999488e-01 -6.447420000000000373e-01 -6.210569999999999702e-01 -1.278110000000000079e+00 -1.388209999999999944e+00 -7.260109999999999619e-01 0.000000000000000000e+00 1.034222062477307968e-02 -5.427170000000000050e-01 0.000000000000000000e+00 0.000000000000000000e+00 nan 9.811661469926747925e-01 7.248434216169999389e-02 8.668383451359999714e-02 1.464900625070000018e-01 1.435500000000000043e+01 2.171600000000000108e+01 2.452090000000000103e+01 2.703699999999999903e+01 7.597864089319901204e-01 8.200425058581790605e-01
-7.364209999999999923e-01 -8.448940000000000339e-01 -8.047290000000000276e-01 -1.228359999999999896e+00 -1.392190000000000039e+00 -7.292600000000000193e-01 0.000000000000000000e+00 1.298064865168990778e-02 -5.427170000000000050e-01 0.000000000000000000e+00 0.000000000000000000e+00 nan 9.743609962151762449e-01 5.129145007889999996e-02 5.761498371200000218e-02 8.804185271219999720e-02 1.201179999999999914e+01 2.886570000000000036e+01 2.741450000000000031e+01 2.885849999999999937e+01 7.597864089319901204e-01 8.200425058581790605e-01
-7.370919999999999694e-01 -9.300030000000000241e-01 -8.745800000000000241e-01 -1.263239999999999919e+00 -1.424749999999999961e+00 -7.308459999999999956e-01 0.000000000000000000e+00 1.607727757564825222e-02 -5.427170000000000050e-01 0.000000000000000000e+00 0.000000000000000000e+00 nan 9.639325508861562586e-01 5.129145007889999996e-02 5.761498371200000218e-02 8.804185271219999720e-02 1.201179999999999914e+01 2.886570000000000036e+01 2.741450000000000031e+01 2.885849999999999937e+01 7.212843826530890290e-01 7.352070958497485265e-01
-7.386209999999999720e-01 -1.317649999999999988e+00 -1.174500000000000099e+00 -1.258310000000000040e+00 -1.429259999999999975e+00 -7.313469999999999693e-01 0.000000000000000000e+00 1.967693565428862978e-02 -5.105610000000000426e-01 0.000000000000000000e+00 0.000000000000000000e+00 nan 9.524526828949779755e-01 5.461850029189999761e-02 6.583986103349999397e-02 7.971224050910000192e-02 1.921920000000000073e+01 2.786110000000000042e+01 2.892650000000000077e+01 2.891920000000000002e+01 7.212843826530890290e-01 7.352070958497485265e-01
-7.391199999999999992e-01 -1.781570000000000098e+00 -1.475970000000000004e+00 -1.435980000000000034e+00 -1.542049999999999921e+00 -7.319179999999999575e-01 0.000000000000000000e+00 2.381875162392832479e-02 -3.819339999999999957e-01 0.000000000000000000e+00 0.000000000000000000e+00 nan 9.398482623649778711e-01 5.461850029189999761e-02 6.583986103349999397e-02 7.971224050910000192e-02 1.921920000000000073e+01 2.786110000000000042e+01 2.892650000000000077e+01 2.891920000000000002e+01 4.848724507884215607e-01 6.847001349544967752e-01
-7.388710000000000555e-01 -1.472529999999999895e+00 -1.278040000000000065e+00 -1.411019999999999941e+00 -1.602519999999999945e+00 -7.318519999999999470e-01 0.000000000000000000e+00 2.853571135534416214e-02 -4.140909999999999869e-01 0.000000000000000000e+00 0.000000000000000000e+00 nan 9.260589010491062645e-01 6.545421889039999830e-02 5.655243505950000027e-02 7.283695229169999397e-02 1.280519999999999925e+01 3.453990000000000293e+01 3.543319999999999936e+01 3.280089999999999861e+01 4.848724507884215607e-01 6.847001349544967752e-01
-7.390870000000000495e-01 -1.660600000000000076e+00 -1.541989999999999972e+00 -1.179159999999999986e+00 -1.374379999999999935e+00 -7.310999999999999721e-01 0.000000000000000000e+00 3.385428411067659127e-02 -2.854639999999999955e-01 0.000000000000000000e+00 0.000000000000000000e+00 nan 9.110376365528958242e-01 6.545421889039999830e-02 5.655243505950000027e-02 7.283695229169999397e-02 1.280519999999999925e+01 3.453990000000000293e+01 3.543319999999999936e+01 3.280089999999999861e+01 2.189908422011442868e-01 6.262593883131328809e-01
-7.392579999999999707e-01 -2.220270000000000188e+00 -1.926039999999999974e+00 -1.159450000000000092e+00 -1.314070000000000071e+00 -7.284519999999999884e-01 0.000000000000000000e+00 3.979412263611237233e-02 -9.252430000000000376e-02 0.000000000000000000e+00 0.000000000000000000e+00 nan 8.947514644371553638e-01 9.241295910589999996e-02 4.488177869130000053e-02 7.955671909099999717e-02 2.241169999999999973e+01 4.207390000000000185e+01 4.023270000000000124e+01 3.456219999999999715e+01 2.189908422011442868e-01 6.262593883131328809e-01
-7.391649999999999610e-01 -1.900309999999999944e+00 -1.537490000000000023e+00 -1.279039999999999955e+00 -1.459729999999999972e+00 -7.256629999999999470e-01 0.000000000000000000e+00 4.636784048841791073e-02 -2.211509999999999865e-01 0.000000000000000000e+00 0.000000000000000000e+00 nan 8.771817121714552412e-01 9.241295910589999996e-02 4.488177869130000053e-02 7.955671909099999717e-02 2.241169999999999973e+01 4.207390000000000185e+01 4.023270000000000124e+01 3.456219999999999715e+01 8.035300341985698314e-01 6.975704984981903056e-01
-7.372229999999999617e-01 -9.520849999999999591e-01 -8.875650000000000484e-01 -1.203950000000000076e+00 -1.330149999999999944e+00 -7.272189999999999488e-01 0.000000000000000000e+00 5.358086911830095556e-02 -4.462470000000000048e-01 0.000000000000000000e+00 0.000000000000000000e+00 nan 8.583242507013568723e-01 1.508451400949999965e-01 5.002271126530000167e-02 7.913402946110000002e-02 1.400370000000000026e+01 3.655780000000000030e+01 3.528249999999999886e+01 3.235280000000000200e+01 8.035300341985698314e-01 6.975704984981903056e-01
-7.273330000000000073e-01 -4.030940000000000079e-01 -3.843989999999999907e-01 -1.223959999999999937e+00 -1.265959999999999974e+00 -7.220060000000000366e-01 0.000000000000000000e+00 6.143139632990368693e-02 -5.427170000000000050e-01 0.000000000000000000e+00 0.000000000000000000e+00 nan 8.381895412322502015e-01 1.508451400949999965e-01 5.002271126530000167e-02 7.913402946110000002e-02 1.400370000000000026e+01 3.655780000000000030e+01 3.528249999999999886e+01 3.235280000000000200e+01 7.758657365237453529e-01 7.515170360017565665e-01
-7.307850000000000179e-01 -5.137340000000000240e-01 -4.734979999999999745e-01 -1.154369999999999896e+00 -1.248350000000000071e+00 -7.214399999999999702e-01 0.000000000000000000e+00 6.991038681370553842e-02 -5.105610000000000426e-01 0.000000000000000000e+00 0.000000000000000000e+00 nan 8.168025166997160413e-01 1.617493875209999876e-01 4.425921832870000072e-02 8.441998185540000588e-02 1.875939999999999941e+01 3.788239999999999696e+01 3.663859999999999673e+01 3.467499999999999716e+01 7.758657365237453529e-01 7.515170360017565665e-01
-7.377179999999999849e-01 -1.126859999999999973e+00 -8.305240000000000400e-01 -1.308049999999999935e+00 -1.345800000000000107e+00 -7.271570000000000533e-01 0.000000000000000000e+00 7.900168452019129539e-02 -5.105610000000000426e-01 0.000000000000000000e+00 0.000000000000000000e+00 nan 7.942022992694039996e-01 1.617493875209999876e-01 4.425921832870000072e-02 8.441998185540000588e-02 1.875939999999999941e+01 3.788239999999999696e+01 3.663859999999999673e+01 3.467499999999999716e+01 7.737712786556198985e-01 7.768442445593463086e-01
-7.295500000000000318e-01 -4.693379999999999774e-01 -4.385769999999999946e-01 -1.307330000000000103e+00 -1.387850000000000028e+00 -7.248890000000000056e-01 0.000000000000000000e+00 8.868219571434676762e-02 -5.427170000000000050e-01 0.000000000000000000e+00 0.000000000000000000e+00 nan 7.704417570672627003e-01 1.190916433029999971e-01 5.372625987759999805e-02 6.754234530769999412e-02 2.346809999999999974e+01 4.924790000000000134e+01 4.820029999999999859e+01 4.543780000000000285e+01 7.737712786556198985e-01 7.768442445593463086e-01
-7.336089999999999556e-01 -6.279080000000000217e-01 -6.162659999999999805e-01 -1.224779999999999980e+00 -1.321269999999999945e+00 -7.255179999999999962e-01 0.000000000000000000e+00 9.892215063690468213e-02 -5.427170000000000050e-01 0.000000000000000000e+00 0.000000000000000000e+00 nan 7.455869051625476640e-01 1.190916433029999971e-01 5.372625987759999805e-02 6.754234530769999412e-02 2.346809999999999974e+01 4.924790000000000134e+01 4.820029999999999859e+01 4.543780000000000285e+01 8.700836146852040098e-01 9.081988863849824734e-01
-7.381820000000000048e-01 -1.141939999999999955e+00 -1.072419999999999929e+00 -1.191820000000000102e+00 -1.364300000000000068e+00 -7.287869999999999626e-01 0.000000000000000000e+00 1.096854408076132215e-01 -5.427170000000000050e-01 0.000000000000000000e+00 0.000000000000000000e+00 nan 7.197161575907085052e-01 1.336585030030000010e-01 6.375248555300000453e-02 6.562621283739999978e-02 1.810150000000000148e+01 5.286580000000000013e+01 5.705299999999999727e+01 4.923619999999999663e+01 8.700836146852040098e-01 9.081988863849824734e-01
-7.382360000000000033e-01 -1.175329999999999986e+00 -1.049139999999999961e+00 -1.312100000000000044e+00 -1.426690000000000014e+00 -7.290429999999999966e-01 0.000000000000000000e+00 1.209300281487438733e-01 -5.427170000000000050e-01 0.000000000000000000e+00 0.000000000000000000e+00 nan 6.929194388910349112e-01 1.336585030030000010e-01 6.375248555300000453e-02 6.562621283739999978e-02 1.810150000000000148e+01 5.286580000000000013e+01 5.705299999999999727e+01 4.923619999999999663e+01 7.422016897475196551e-01 8.903919450437078886e-01
-7.380600000000000493e-01 -1.127629999999999910e+00 -1.003470000000000084e+00 -1.269220000000000015e+00 -1.511819999999999942e+00 -7.287400000000000544e-01 0.000000000000000000e+00 1.326084212933114070e-01 -5.427170000000000050e-01 0.000000000000000000e+00 0.000000000000000000e+00 nan 6.652971652256940427e-01 1.125673701199999960e-01 6.347242437269999538e-02 5.364838499090000129e-02 2.968280000000000030e+01 5.367340000000000089e+01 5.410360000000000014e+01 -1.000000000000000000e+00 7.422016897475196551e-01 8.903919450437078886e-01
-7.387289999999999690e-01 -1.337809999999999944e+00 -1.315679999999999961e+00 -1.012010000000000076e+00 -1.243610000000000104e+00 -7.300990000000000535e-01 0.000000000000000000e+00 1.446682136812375008e-01 -5.427170000000000050e-01 0.000000000000000000e+00 0.000000000000000000e+00 nan 6.369591066244895128e-01 1.125673701199999960e-01 6.347242437269999538e-02 5.364838499090000129e-02 2.968280000000000030e+01 5.367340000000000089e+01 5.410360000000000014e+01 -1.000000000000000000e+00 6.834096028711527104e-01 8.771016518302201526e-01
-7.365300000000000180e-01 -8.585359999999999658e-01 -8.128229999999999622e-01 -1.140220000000000011e+00 -1.254590000000000094e+00 -7.308210000000000539e-01 0.000000000000000000e+00 1.570526773466168757e-01 -5.427170000000000050e-01 0.000000000000000000e+00 0.000000000000000000e+00 nan 6.080231432465603714e-01 9.618428732030000206e-02 6.020252364760000224e-02 5.560277604129999773e-02 1.377880000000000038e+01 4.626910000000000167e+01 -1.000000000000000000e+00 -1.000000000000000000e+00 6.834096028711527104e-01 8.771016518302201526e-01
-7.369280000000000275e-01 -9.266140000000000487e-01 -8.523089999999999833e-01 -9.030320000000000014e-02 -4.493030000000000079e-01 -7.311250000000000249e-01 0.000000000000000000e+00 1.697014056682389915e-01 -3.176209999999999867e-01 0.000000000000000000e+00 0.000000000000000000e+00 nan 5.786139297510777268e-01 9.618428732030000206e-02 6.020252364760000224e-02 5.560277604129999773e-02 1.377880000000000038e+01 4.626910000000000167e+01 -1.000000000000000000e+00 -1.000000000000000000e+00 5.041916428949334561e-01 7.058408690941380126e-01
-7.391090000000000160e-01 -1.798159999999999981e+00 -1.516829999999999901e+00 -7.575229999999999464e-01 -1.031749999999999945e+00 -7.316610000000000058e-01 0.000000000000000000e+00 1.825509978007431311e-01 -1.889939999999999953e-01 0.000000000000000000e+00 0.000000000000000000e+00 nan 5.488614829101450265e-01 8.548565401789999518e-02 5.369401680949999894e-02 5.425094661490000025e-02 2.447329999999999828e+01 -1.000000000000000000e+00 -1.000000000000000000e+00 -1.000000000000000000e+00 5.041916428949334561e-01 7.058408690941380126e-01
-7.390849999999999920e-01 -1.672009999999999996e+00 -1.541190000000000060e+00 -1.305479999999999974e+00 -1.319360000000000088e+00 -7.310600000000000431e-01 0.000000000000000000e+00 1.955357770315301336e-01 -9.252430000000000376e-02 0.000000000000000000e+00 0.000000000000000000e+00 nan 5.188997084668193205e-01 8.548565401789999518e-02 5.369401680949999894e-02 5.425094661490000025e-02 2.447329999999999828e+01 -1.000000000000000000e+00 -1.000000000000000000e+00 -1.000000000000000000e+00 0.000000000000000000e+00 0.000000000000000000e+00
