-5.227760000000000185e-01 -3.875370000000000203e-01 -8.988610000000000211e-01 1.384900000000000020e+00 5.082330000000000458e-01 -5.290639999999999787e-01 3.404146651801998047e-04 1.760671465845772277e-01 2.144489999999999785e+00 9.788558031527117009e-03 0.000000000000000000e+00 nan 0.000000000000000000e+00 5.703983545989999709e-02 2.098857102880000158e-02 1.840883280990000120e-02 -1.000000000000000000e+00 -1.000000000000000000e+00 -1.000000000000000000e+00 -1.000000000000000000e+00 0.000000000000000000e+00 0.000000000000000000e+00
-5.438060000000000116e-01 -8.891090000000000382e-01 -1.900570000000000093e+00 1.002099999999999991e+00 5.044530000000000403e-01 -5.276990000000000292e-01 2.219538277987043173e-03 1.692340654324926419e-01 1.960420000000000051e+00 1.378433731681782959e-02 0.000000000000000000e+00 nan 0.000000000000000000e+00 5.149766969039999698e-02 1.149873217249999975e-02 1.510879624990000072e-02 1.408949999999999925e+01 -1.000000000000000000e+00 -1.000000000000000000e+00 -1.000000000000000000e+00 0.000000000000000000e+00 0.000000000000000000e+00
-5.414930000000000021e-01 -8.029589999999999783e-01 -1.148349999999999982e+00 1.062259999999999982e+00 3.423340000000000272e-01 -5.276359999999999939e-01 5.791666140297691001e-03 1.627764060153190639e-01 1.960420000000000051e+00 1.846999226957246609e-02 0.000000000000000000e+00 nan 0.000000000000000000e+00 5.149766969039999698e-02 1.149873217249999975e-02 1.510879624990000072e-02 1.408949999999999925e+01 -1.000000000000000000e+00 -1.000000000000000000e+00 -1.000000000000000000e+00 0.000000000000000000e+00 0.000000000000000000e+00
-5.395790000000000308e-01 -7.367129999999999512e-01 -1.288030000000000008e+00 1.120949999999999891e+00 5.318209999999999882e-01 -5.260310000000000263e-01 1.008802897189176040e-02 1.570653365732217477e-01 2.075460000000000083e+00 2.402915335895161597e-02 0.000000000000000000e+00 nan 0.000000000000000000e+00 4.727718296169999834e-02 8.886121362650000605e-03 1.421769012249999957e-02 9.414170000000000371e+00 2.340109999999999957e+01 -1.000000000000000000e+00 -1.000000000000000000e+00 0.000000000000000000e+00 0.000000000000000000e+00
-5.387530000000000374e-01 -7.118539999999999868e-01 -1.667249999999999899e+00 1.144609999999999905e+00 5.530690000000000328e-01 -5.209770000000000234e-01 1.483664674341778067e-02 1.524635661836264422e-01 2.213519999999999932e+00 3.063555388055216877e-02 0.000000000000000000e+00 nan 0.000000000000000000e+00 4.727718296169999834e-02 8.886121362650000605e-03 1.421769012249999957e-02 9.414170000000000371e+00 2.340109999999999957e+01 -1.000000000000000000e+00 -1.000000000000000000e+00 7.833680726192291388e-01 7.717625714010388771e-01
-5.103710000000000191e-01 -2.470350000000000046e-01 -8.715789999999999926e-01 1.511449999999999960e+00 8.368309999999999915e-01 -5.191810000000000036e-01 2.018047563911429254e-02 1.493212351224403323e-01 2.282540000000000013e+00 3.845106148874877228e-02 0.000000000000000000e+00 nan 0.000000000000000000e+00 3.804341636430000340e-02 5.263785937180000263e-03 1.020311250530000005e-02 1.740759999999999863e+01 3.321170000000000044e+01 3.278719999999999857e+01 -1.000000000000000000e+00 7.833680726192291388e-01 7.717625714010388771e-01
-5.035450000000000204e-01 -1.902560000000000084e-01 -1.954720000000000013e+00 1.583560000000000079e+00 7.641850000000000032e-01 -5.182229999999999892e-01 2.641805017382459209e-02 1.479719476348171359e-01 2.282540000000000013e+00 4.762384417148957105e-02 0.000000000000000000e+00 nan 0.000000000000000000e+00 3.804341636430000340e-02 5.263785937180000263e-03 1.020311250530000005e-02 1.740759999999999863e+01 3.321170000000000044e+01 3.278719999999999857e+01 -1.000000000000000000e+00 5.732660012540035099e-01 6.713176336889955520e-01
-4.829749999999999877e-01 -4.090010000000000173e-02 -1.561719999999999997e+00 1.703070000000000084e+00 8.895560000000000134e-01 -5.143170000000000242e-01 3.380808233259346984e-02 1.487289920657588471e-01 2.397590000000000110e+00 5.828669144778919620e-02 0.000000000000000000e+00 nan 0.000000000000000000e+00 2.408599125639999949e-02 2.923981656349999934e-03 5.500201061749999780e-03 1.267440000000000033e+01 2.922250000000000014e+01 2.929129999999999967e+01 2.720949999999999847e+01 5.732660012540035099e-01 6.713176336889955520e-01
-4.842969999999999775e-01 -4.823859999999999953e-02 -1.242639999999999967e+00 1.693769999999999998e+00 9.783889999999999532e-01 -5.201900000000000412e-01 4.255098380937916147e-02 1.518817911779821728e-01 2.351570000000000160e+00 7.055550980941760475e-02 0.000000000000000000e+00 nan 0.000000000000000000e+00 2.408599125639999949e-02 2.923981656349999934e-03 5.500201061749999780e-03 1.267440000000000033e+01 2.922250000000000014e+01 2.929129999999999967e+01 2.720949999999999847e+01 7.194308405777454229e-01 8.607899887353334112e-01
-5.318420000000000369e-01 -5.483700000000000241e-01 -1.493190000000000017e+00 1.285029999999999895e+00 8.537029999999999896e-01 -5.238559999999999883e-01 5.282389953374888591e-02 1.576926228763698701e-01 2.282540000000000013e+00 8.452800945403382560e-02 0.000000000000000000e+00 nan 0.000000000000000000e+00 2.640373584459999867e-02 2.451171566520000001e-03 5.760247540889999913e-03 1.386519999999999975e+01 2.239920000000000044e+01 2.207049999999999912e+01 2.221910000000000096e+01 7.194308405777454229e-01 8.607899887353334112e-01
-5.075560000000000072e-01 -2.247220000000000051e-01 -1.584209999999999896e+00 1.552459999999999951e+00 8.903469999999999995e-01 -5.215969999999999773e-01 6.478178459091177288e-02 1.663936484945079952e-01 2.167499999999999982e+00 1.002825971896049717e-01 0.000000000000000000e+00 nan 0.000000000000000000e+00 2.640373584459999867e-02 2.451171566520000001e-03 5.760247540889999913e-03 1.386519999999999975e+01 2.239920000000000044e+01 2.207049999999999912e+01 2.221910000000000096e+01 9.024080256223415697e-01 1.000000000000000000e+00
-5.148960000000000203e-01 -2.853040000000000020e-01 -8.526599999999999735e-01 1.459780000000000078e+00 1.037349999999999994e+00 -5.126169999999999893e-01 7.856082020936538957e-02 1.781842823140082910e-01 2.098469999999999835e+00 1.178774880539406045e-01 0.000000000000000000e+00 nan 0.000000000000000000e+00 2.506771296350000094e-02 2.496081368560000048e-03 5.835166393410000027e-03 1.007820000000000071e+01 2.133800000000000097e+01 2.312849999999999895e+01 2.336439999999999984e+01 9.024080256223415697e-01 1.000000000000000000e+00
-4.565219999999999834e-01 1.042109999999999981e-01 -8.299269999999999703e-01 1.801579999999999959e+00 1.129860000000000086e+00 -5.038930000000000353e-01 9.427662500807798551e-02 1.932289321210165500e-01 2.282540000000000013e+00 1.373500457150541587e-01 0.000000000000000000e+00 nan 0.000000000000000000e+00 2.506771296350000094e-02 2.496081368560000048e-03 5.835166393410000027e-03 1.007820000000000071e+01 2.133800000000000097e+01 2.312849999999999895e+01 2.336439999999999984e+01 9.419882168861173355e-01 9.652888772217810276e-01
-4.796739999999999893e-01 -5.869150000000000061e-03 -6.442750000000000421e-01 1.690069999999999961e+00 9.237239999999999895e-01 -5.048160000000000425e-01 1.120193790609909090e-01 2.116551364003014246e-01 2.351570000000000160e+00 1.587163591258740070e-01 0.000000000000000000e+00 nan 0.000000000000000000e+00 2.686751033710000139e-02 3.031126084640000176e-03 8.491895979260000518e-03 1.031029999999999980e+01 2.165409999999999968e+01 2.866989999999999839e+01 2.969819999999999993e+01 9.419882168861173355e-01 9.652888772217810276e-01
-4.362699999999999911e-01 1.957609999999999906e-01 -3.990540000000000198e-01 1.845469999999999944e+00 1.240339999999999998e+00 -5.098639999999999839e-01 1.318541899416141305e-01 2.335521192732598061e-01 2.167499999999999982e+00 1.819710602299773328e-01 0.000000000000000000e+00 nan 0.000000000000000000e+00 2.686751033710000139e-02 3.031126084640000176e-03 8.491895979260000518e-03 1.031029999999999980e+01 2.165409999999999968e+01 2.866989999999999839e+01 2.969819999999999993e+01 9.020408624380765739e-01 9.347114550692661172e-01
-4.951030000000000153e-01 -9.402670000000000472e-02 -5.218709999999999738e-01 1.579520000000000035e+00 1.116049999999999986e+00 -5.155149999999999455e-01 1.538162321459638493e-01 2.589697795529699587e-01 2.029440000000000133e+00 2.070873847838156090e-01 0.000000000000000000e+00 nan 0.000000000000000000e+00 4.450737518189999686e-02 6.429424494320000287e-03 1.727756294119999966e-02 6.999010000000000176e+00 1.936809999999999832e+01 2.535770000000000124e+01 3.182639999999999958e+01 9.020408624380765739e-01 9.347114550692661172e-01
-4.833950000000000191e-01 -3.753259999999999930e-02 -7.475159999999999583e-01 1.683920000000000083e+00 1.059120000000000061e+00 -5.185689999999999467e-01 1.779131819573371853e-01 2.879181253706997179e-01 2.190510000000000179e+00 2.340174756062872730e-01 0.000000000000000000e+00 nan 0.000000000000000000e+00 4.450737518189999686e-02 6.429424494320000287e-03 1.727756294119999966e-02 6.999010000000000176e+00 1.936809999999999832e+01 2.535770000000000124e+01 3.182639999999999958e+01 7.577400823575266564e-01 7.855094520188343754e-01
-5.030620000000000092e-01 -1.785549999999999915e-01 -7.249780000000000113e-01 1.560009999999999897e+00 9.240829999999999878e-01 -5.155859999999999888e-01 2.040944730887744862e-01 3.203671607797812237e-01 2.236530000000000129e+00 2.626929248197236166e-01 0.000000000000000000e+00 nan 0.000000000000000000e+00 5.959872446669999685e-02 1.125046249539999980e-02 3.289431718579999969e-02 1.350290000000000035e+01 2.232969999999999899e+01 3.074879999999999924e+01 3.593990000000000151e+01 7.577400823575266564e-01 7.855094520188343754e-01
-5.185060000000000224e-01 -3.418590000000000240e-01 -1.212150000000000061e+00 1.441910000000000025e+00 1.070179999999999909e+00 -5.195079999999999698e-01 2.323355759009260169e-01 3.538287442061716082e-01 2.144489999999999785e+00 2.930255489384758771e-01 0.000000000000000000e+00 nan 0.000000000000000000e+00 5.959872446669999685e-02 1.125046249539999980e-02 3.289431718579999969e-02 1.350290000000000035e+01 2.232969999999999899e+01 3.074879999999999924e+01 3.593990000000000151e+01 6.131851123801776993e-01 6.766342904423126026e-01
-5.069129999999999470e-01 -2.110599999999999976e-01 -7.203070000000000306e-01 1.525309999999999944e+00 1.153909999999999991e+00 -5.259709999999999663e-01 2.625952052033442286e-01 3.881155644033846830e-01 2.052449999999999886e+00 3.249083880230448917e-01 0.000000000000000000e+00 nan 0.000000000000000000e+00 6.379577208780000397e-02 1.708858854499999830e-02 4.346216221660000045e-02 1.056300000000000061e+01 3.338029999999999831e+01 4.050070000000000192e+01 4.649119999999999919e+01 6.131851123801776993e-01 6.766342904423126026e-01
-5.085389999999999633e-01 -2.353510000000000046e-01 -1.647569999999999979e+00 1.536839999999999984e+00 1.178020000000000067e+00 -5.259399999999999631e-01 2.947716743963220143e-01 4.252644643222568410e-01 2.190510000000000179e+00 3.582169175789339244e-01 0.000000000000000000e+00 nan 0.000000000000000000e+00 6.379577208780000397e-02 1.708858854499999830e-02 4.346216221660000045e-02 1.056300000000000061e+01 3.338029999999999831e+01 4.050070000000000192e+01 4.649119999999999919e+01 4.563104054046420721e-01 6.985821141020998049e-01
-5.308840000000000225e-01 -5.298979999999999801e-01 -1.444490000000000052e+00 1.282119999999999926e+00 1.181529999999999969e+00 -5.275579999999999714e-01 3.287338002569488715e-01 4.647826010212704473e-01 2.144489999999999785e+00 3.928104594689296736e-01 0.000000000000000000e+00 nan 0.000000000000000000e+00 1.004909104710000056e-01 2.183203568869999944e-02 5.874186190140000263e-02 2.139890000000000114e+01 3.768910000000000338e+01 4.900430000000000064e+01 5.861670000000000158e+01 4.563104054046420721e-01 6.985821141020998049e-01
-5.319549999999999557e-01 -5.172590000000000243e-01 -6.051180000000000447e-01 1.151410000000000045e+00 9.159080000000000554e-01 -5.277739999999999654e-01 3.643200772959414024e-01 5.061502871594896202e-01 1.569260000000000099e+00 4.285337758526084340e-01 0.000000000000000000e+00 nan 0.000000000000000000e+00 1.004909104710000056e-01 2.183203568869999944e-02 5.874186190140000263e-02 2.139890000000000114e+01 3.768910000000000338e+01 4.900430000000000064e+01 5.861670000000000158e+01 3.232052781119902907e-01 6.870250314845767203e-01
-5.370169999999999666e-01 -6.369869999999999699e-01 -8.852299999999999613e-01 1.071579999999999977e+00 1.014229999999999965e+00 -5.294520000000000337e-01 4.013758065406188846e-01 5.488268792617901903e-01 1.385189999999999921e+00 4.652188280930978914e-01 0.000000000000000000e+00 nan 0.000000000000000000e+00 1.927941389570000108e-01 2.463529897990000134e-02 8.202340012269999925e-02 1.699459999999999837e+01 4.636910000000000309e+01 6.619729999999999848e+01 7.147820000000000107e+01 3.232052781119902907e-01 6.870250314845767203e-01
-5.398589999999999778e-01 -7.387049999999999450e-01 -1.400930000000000009e+00 1.090079999999999938e+00 7.701289999999999525e-01 -5.283269999999999911e-01 4.397480761952280437e-01 5.922569034254626663e-01 1.592270000000000074e+00 5.026866807019777506e-01 0.000000000000000000e+00 nan 0.000000000000000000e+00 1.927941389570000108e-01 2.463529897990000134e-02 8.202340012269999925e-02 1.699459999999999837e+01 4.636910000000000309e+01 6.619729999999999848e+01 7.147820000000000107e+01 6.892048375161692331e-01 8.166019252943267359e-01
-5.442139999999999755e-01 -9.018239999999999590e-01 -1.065450000000000008e+00 8.937979999999999814e-01 6.412740000000000107e-01 -5.071210000000000440e-01 4.792092293256381419e-01 6.358763490614856018e-01 1.684309999999999974e+00 5.407495287498631509e-01 0.000000000000000000e+00 nan 0.000000000000000000e+00 3.702632548740000251e-01 2.570080683569999844e-02 1.139701797590000065e-01 2.506390000000000029e+01 6.424809999999999377e+01 7.901260000000000616e+01 8.013849999999999341e+01 6.892048375161692331e-01 8.166019252943267359e-01
-5.465410000000000545e-01 -1.024380000000000068e+00 -6.535250000000000226e-01 5.422949999999999715e-01 4.190470000000000028e-01 -2.044999999999999873e-01 5.191892874661959700e-01 6.791190593598673830e-01 7.639380000000000059e-01 5.792128257712969575e-01 0.000000000000000000e+00 nan 0.000000000000000000e+00 3.702632548740000251e-01 2.570080683569999844e-02 1.139701797590000065e-01 2.506390000000000029e+01 6.424809999999999377e+01 7.901260000000000616e+01 8.013849999999999341e+01 6.373613958979398308e-01 8.267301564093958444e-01
-5.404719999999999525e-01 -7.627800000000000136e-01 -2.512940000000000174e-01 1.077800000000000008e-01 2.732479999999999909e-01 5.442550000000000443e-01 5.598656412152416273e-01 7.214231460725273326e-01 -3.174950000000000272e-01 6.178774880539404935e-01 0.000000000000000000e+00 nan 0.000000000000000000e+00 5.562980332219999990e-01 2.635997892360000122e-02 1.716614078769999885e-01 3.013619999999999877e+01 7.342510000000000048e+01 8.713559999999999661e+01 7.942090000000000316e+01 6.373613958979398308e-01 8.267301564093958444e-01
-4.619159999999999933e-01 8.359139999999999626e-02 5.032029999999999559e-01 -2.810869999999999758e-01 -1.339279999999999915e-01 1.545129999999999892e+00 5.998884130652401003e-01 7.622373559316659719e-01 -4.555500000000000105e-01 6.565421503365841405e-01 0.000000000000000000e+00 nan 0.000000000000000000e+00 5.562980332219999990e-01 2.635997892360000122e-02 1.716614078769999885e-01 3.013619999999999877e+01 7.342510000000000048e+01 8.713559999999999661e+01 7.942090000000000316e+01 1.898855015731530926e-01 6.765246343967754594e-01
4.329470000000000263e-01 1.101509999999999989e+00 1.339509999999999978e+00 -2.037770000000000137e-01 3.898989999999999956e-01 2.763539999999999885e+00 6.385106971160012801e-01 8.010273165695588338e-01 -5.245779999999999887e-01 6.950054473580178360e-01 0.000000000000000000e+00 nan 0.000000000000000000e+00 6.368178823590000537e-01 2.436225510939999880e-02 1.961290843029999953e-01 2.068809999999999860e+01 6.175240000000000151e+01 7.187600000000000477e+01 7.004510000000000502e+01 1.898855015731530926e-01 6.765246343967754594e-01
2.963029999999999831e+00 1.652160000000000073e+00 1.820999999999999952e+00 7.301749999999999907e-02 5.925589999999999469e-01 3.382890000000000175e+00 6.767816262754076106e-01 8.372815911710074221e-01 -4.785590000000000122e-01 7.299731044826526238e-01 0.000000000000000000e+00 nan 0.000000000000000000e+00 6.368178823590000537e-01 2.436225510939999880e-02 1.961290843029999953e-01 2.068809999999999860e+01 6.175240000000000151e+01 7.187600000000000477e+01 7.004510000000000502e+01 2.181740127546841768e-01 6.976384075283860176e-01
2.582469999999999821e+00 1.602759999999999962e+00 1.689179999999999904e+00 3.158119999999999816e-01 9.543260000000000076e-01 4.221870000000000012e+00 7.143444671083573061e-01 8.714886293376383763e-01 -5.015690000000000426e-01 7.642449406372158194e-01 0.000000000000000000e+00 nan 0.000000000000000000e+00 6.888072899770000257e-01 2.087429354810000151e-02 1.746015077109999980e-01 1.575650000000000084e+01 4.190690000000000026e+01 5.367589999999999861e+01 5.669980000000000331e+01 2.181740127546841768e-01 6.976384075283860176e-01
2.790049999999999919e+00 1.630430000000000046e+00 1.753440000000000110e+00 5.410650000000000182e-01 1.030070000000000041e+00 3.705439999999999845e+00 7.507736176188631871e-01 9.023203328817286373e-01 -5.475870000000000459e-01 7.974326422237455469e-01 0.000000000000000000e+00 nan 0.000000000000000000e+00 6.888072899770000257e-01 2.087429354810000151e-02 1.746015077109999980e-01 1.575650000000000084e+01 4.190690000000000026e+01 5.367589999999999861e+01 5.669980000000000331e+01 2.219190772341879114e-01 7.225037465815558058e-01
3.067279999999999784e+00 1.664819999999999967e+00 1.721049999999999969e+00 5.578750000000000098e-01 1.119340000000000002e+00 3.407410000000000050e+00 7.856753626360366560e-01 9.294273662824001914e-01 -4.785590000000000122e-01 8.291601793221335948e-01 0.000000000000000000e+00 nan 0.000000000000000000e+00 7.557766092509999867e-01 1.462287494580000007e-02 1.349354288750000130e-01 9.278930000000000788e+00 2.921300000000000097e+01 3.931940000000000168e+01 4.763049999999999784e+01 2.219190772341879114e-01 7.225037465815558058e-01
3.227619999999999933e+00 1.684029999999999916e+00 1.760219999999999896e+00 7.191530000000000422e-01 1.310810000000000031e+00 3.110320000000000196e+00 8.202147072737054900e-01 9.525025960198022501e-01 -4.785590000000000122e-01 8.590680662593747074e-01 0.000000000000000000e+00 nan 0.000000000000000000e+00 7.557766092509999867e-01 1.462287494580000007e-02 1.349354288750000130e-01 9.278930000000000788e+00 2.921300000000000097e+01 3.931940000000000168e+01 4.763049999999999784e+01 2.182813373777771071e-01 7.308641893261469402e-01
2.833919999999999995e+00 1.636600000000000055e+00 1.686989999999999990e+00 6.898269999999999680e-01 1.214830000000000076e+00 2.815760000000000041e+00 8.533580094925681259e-01 9.712845705206161195e-01 -5.475870000000000459e-01 8.868174347258847012e-01 0.000000000000000000e+00 nan 0.000000000000000000e+00 7.946633582859999878e-01 1.087802543219999925e-02 1.068444136769999969e-01 7.405319999999999681e+00 1.956709999999999994e+01 2.701460000000000150e+01 3.564770000000000039e+01 2.182813373777771071e-01 7.308641893261469402e-01
2.895430000000000170e+00 1.645369999999999999e+00 1.698809999999999931e+00 7.097210000000000463e-01 1.324840000000000018e+00 2.653280000000000083e+00 8.824456872161023924e-01 9.855604825088515319e-01 -5.475870000000000459e-01 9.120938732888529410e-01 0.000000000000000000e+00 nan 0.000000000000000000e+00 7.946633582859999878e-01 1.087802543219999925e-02 1.068444136769999969e-01 7.405319999999999681e+00 1.956709999999999994e+01 2.701460000000000150e+01 3.564770000000000039e+01 2.132766207430253358e-01 7.445512575554676937e-01
2.668829999999999814e+00 1.614470000000000072e+00 1.666879999999999917e+00 7.323079999999999590e-01 1.254499999999999948e+00 2.650929999999999787e+00 9.079612605434378425e-01 9.951685801973165768e-01 -5.015690000000000426e-01 9.346109897994089311e-01 0.000000000000000000e+00 nan 0.000000000000000000e+00 8.183247098110000284e-01 9.801767609860000466e-03 8.491298880629999379e-02 3.568700000000000205e+00 1.114540000000000042e+01 1.559570000000000078e+01 2.434270000000000067e+01 2.132766207430253358e-01 7.445512575554676937e-01
2.750010000000000066e+00 1.629080000000000084e+00 1.695349999999999913e+00 7.697040000000000548e-01 1.262480000000000047e+00 2.400290000000000035e+00 9.316201358587515857e-01 1.000000000000000000e+00 -4.555500000000000105e-01 9.541136563301042539e-01 0.000000000000000000e+00 nan 0.000000000000000000e+00 8.183247098110000284e-01 9.801767609860000466e-03 8.491298880629999379e-02 3.568700000000000205e+00 1.114540000000000042e+01 1.559570000000000078e+01 2.434270000000000067e+01 2.095993402360011304e-01 7.569191303278716143e-01
2.575540000000000163e+00 1.601869999999999905e+00 1.689580000000000082e+00 1.056110000000000104e+00 1.253270000000000106e+00 2.078539999999999832e+00 9.523152019573700722e-01 1.000000000000000000e+00 -4.095320000000000071e-01 9.703808998762765148e-01 0.000000000000000000e+00 nan 0.000000000000000000e+00 8.297265870960000012e-01 9.389750236919999771e-03 7.693153443849999606e-02 3.192790000000000017e+00 7.417690000000000339e+00 1.012240000000000073e+01 1.612379999999999924e+01 2.095993402360011304e-01 7.569191303278716143e-01
2.131250000000000089e+00 1.536629999999999940e+00 1.595220000000000082e+00 9.427729999999999722e-01 1.100629999999999997e+00 1.783269999999999911e+00 9.695556754954112177e-01 9.951685801973165768e-01 -3.635129999999999750e-01 9.832284060684862714e-01 0.000000000000000000e+00 nan 0.000000000000000000e+00 8.297265870960000012e-01 9.389750236919999771e-03 7.693153443849999606e-02 3.192790000000000017e+00 7.417690000000000339e+00 1.012240000000000073e+01 1.612379999999999924e+01 2.104522885563707701e-01 7.583945025769172066e-01
1.879320000000000102e+00 1.492529999999999912e+00 1.510380000000000056e+00 1.096899999999999986e+00 1.211819999999999897e+00 1.930989999999999984e+00 9.831794271151466091e-01 9.855604825088515319e-01 -4.095320000000000071e-01 9.925106075279732654e-01 0.000000000000000000e+00 nan 0.000000000000000000e+00 7.808744686199999840e-01 1.232007703759999996e-02 9.657039509150000534e-02 3.204779999999999962e+00 9.688739999999999242e+00 1.242970000000000041e+01 1.414780000000000015e+01 2.104522885563707701e-01 7.583945025769172066e-01
1.695980000000000043e+00 1.459209999999999896e+00 1.406190000000000051e+00 8.525869999999999838e-01 1.080310000000000104e+00 2.016799999999999926e+00 9.923687835905976584e-01 9.712845705206162306e-01 -4.555500000000000105e-01 9.981223332032221895e-01 0.000000000000000000e+00 nan 0.000000000000000000e+00 7.808744686199999840e-01 1.232007703759999996e-02 9.657039509150000534e-02 3.204779999999999962e+00 9.688739999999999242e+00 1.242970000000000041e+01 1.414780000000000015e+01 2.144684889257935101e-01 7.628438796973493474e-01
1.537779999999999925e+00 1.427499999999999991e+00 1.354400000000000048e+00 8.894760000000000444e-01 1.118219999999999992e+00 1.253929999999999989e+00 9.979968974786261882e-01 9.525025960198022501e-01 -4.555500000000000105e-01 1.000000000000000000e+00 0.000000000000000000e+00 nan 0.000000000000000000e+00 7.397823289520000234e-01 1.389480284159999926e-02 1.058079982940000052e-01 4.787480000000000402e+00 1.174130000000000074e+01 1.502630000000000088e+01 1.690279999999999916e+01 2.144684889257935101e-01 7.628438796973493474e-01
1.227109999999999923e+00 1.357359999999999900e+00 1.263160000000000061e+00 9.433890000000000331e-01 1.231810000000000072e+00 4.652370000000000116e-01 1.000000000000000000e+00 9.294273662824001914e-01 -4.095320000000000071e-01 9.981223332032220785e-01 0.000000000000000000e+00 nan 0.000000000000000000e+00 7.397823289520000234e-01 1.389480284159999926e-02 1.058079982940000052e-01 4.787480000000000402e+00 1.174130000000000074e+01 1.502630000000000088e+01 1.690279999999999916e+01 2.171741991606085387e-01 7.551181128526854858e-01
1.346419999999999950e+00 1.386190000000000033e+00 1.193880000000000052e+00 1.081110000000000015e+00 1.251130000000000075e+00 3.257729999999999793e-01 9.983553952027534040e-01 9.023203328817288593e-01 -4.325410000000000088e-01 9.925106075279732654e-01 0.000000000000000000e+00 nan 0.000000000000000000e+00 7.131841456930000378e-01 1.629035369249999879e-02 9.780683104920000204e-02 4.368859999999999744e+00 1.198700000000000010e+01 1.693130000000000024e+01 1.927740000000000009e+01 2.171741991606085387e-01 7.551181128526854858e-01
4.532050000000000245e-01 1.110020000000000007e+00 1.116540000000000088e+00 4.764579999999999926e-01 8.248079999999999856e-01 4.864359999999999795e-01 9.930817171163892620e-01 8.714886293376384874e-01 -4.785590000000000122e-01 9.832284060684862714e-01 0.000000000000000000e+00 nan 0.000000000000000000e+00 7.131841456930000378e-01 1.629035369249999879e-02 9.780683104920000204e-02 4.368859999999999744e+00 1.198700000000000010e+01 1.693130000000000024e+01 1.927740000000000009e+01 2.242011376410047996e-01 7.464453165238369436e-01
1.947869999999999990e+00 1.506310000000000038e+00 1.370509999999999895e+00 1.596819999999999906e+00 1.554230000000000000e+00 4.160730000000000262e-01 9.842387186208817473e-01 8.372815911710074221e-01 -3.635129999999999750e-01 9.703808998762765148e-01 0.000000000000000000e+00 nan 0.000000000000000000e+00 6.848211252529999848e-01 2.222851397039999830e-02 1.039017530389999971e-01 7.523699999999999832e+00 1.207119999999999926e+01 1.849269999999999925e+01 2.849370000000000047e+01 2.242011376410047996e-01 7.464453165238369436e-01
-1.573330000000000006e-01 7.202520000000000033e-01 4.387389999999999901e-01 7.023859999999999548e-01 6.871610000000000218e-01 9.297860000000000014e-01 9.725649947963482811e-01 8.000867977927028640e-01 -3.865230000000000055e-01 9.541136563301042539e-01 0.000000000000000000e+00 nan 0.000000000000000000e+00 6.848211252529999848e-01 2.222851397039999830e-02 1.039017530389999971e-01 7.523699999999999832e+00 1.207119999999999926e+01 1.849269999999999925e+01 2.849370000000000047e+01 2.335948664938175545e-01 7.274582060935532724e-01
1.365459999999999896e+00 1.389939999999999953e+00 1.252189999999999914e+00 7.324159999999999560e-01 8.735330000000000039e-01 1.859800000000000064e-01 9.578779080970241111e-01 7.603256810739857929e-01 -4.785590000000000122e-01 9.346109897994089311e-01 0.000000000000000000e+00 nan 0.000000000000000000e+00 7.298207574070000314e-01 1.996290894200000027e-02 8.793338193130000036e-02 7.688430000000000319e+00 1.619810000000000016e+01 2.734969999999999857e+01 3.349380000000000024e+01 2.335948664938175545e-01 7.274582060935532724e-01
4.006770000000000054e-01 1.086829999999999963e+00 1.022960000000000091e+00 4.468610000000000082e-01 1.017260000000000053e+00 4.229029999999999734e-01 9.410676460854836556e-01 7.184487503550158749e-01 -4.555500000000000105e-01 9.120938732888532741e-01 0.000000000000000000e+00 nan 0.000000000000000000e+00 7.298207574070000314e-01 1.996290894200000027e-02 8.793338193130000036e-02 7.688430000000000319e+00 1.619810000000000016e+01 2.734969999999999857e+01 3.349380000000000024e+01 2.477334734202097932e-01 7.008749223269676865e-01
1.163929999999999909e+00 1.342459999999999987e+00 1.061379999999999990e+00 1.014990000000000059e+00 1.199670000000000014e+00 1.291650000000000020e-01 9.226888736070317787e-01 6.749304879940112301e-01 -4.095320000000000071e-01 8.868174347258848123e-01 0.000000000000000000e+00 nan 0.000000000000000000e+00 7.018487795250000216e-01 1.979283088149999884e-02 8.903337191290000563e-02 8.829579999999999984e+00 2.120029999999999859e+01 3.131530000000000058e+01 4.440630000000000166e+01 2.477334734202097932e-01 7.008749223269676865e-01
-7.990659999999999430e-02 7.852970000000000228e-01 5.655960000000000154e-02 5.925740000000000451e-01 8.579010000000000247e-01 4.061479999999999951e-02 9.018691803715894739e-01 6.326824490741982387e-01 -4.095320000000000071e-01 8.590680662593748185e-01 0.000000000000000000e+00 nan 0.000000000000000000e+00 7.018487795250000216e-01 1.979283088149999884e-02 8.903337191290000563e-02 8.829579999999999984e+00 2.120029999999999859e+01 3.131530000000000058e+01 4.440630000000000166e+01 2.724972180327962512e-01 6.790334318022470672e-01
3.425360000000000071e-01 1.066130000000000022e+00 1.123089999999999922e+00 5.248660000000000547e-01 9.558619999999999894e-01 -7.779200000000000004e-02 8.791349300031219283e-01 5.922895102926355460e-01 -4.785590000000000122e-01 8.291601793221335948e-01 0.000000000000000000e+00 nan 0.000000000000000000e+00 6.736397389089999743e-01 2.401101803679999910e-02 1.000343880130000057e-01 1.723430000000000106e+01 2.781650000000000134e+01 3.998210000000000264e+01 4.730469999999999686e+01 2.724972180327962512e-01 6.790334318022470672e-01
2.196299999999999919e+00 1.546259999999999968e+00 1.116530000000000022e+00 1.598489999999999966e+00 1.624719999999999942e+00 2.450530000000000069e-02 8.552237042271511047e-01 5.520820080231862992e-01 -4.095320000000000071e-01 7.974326422237456580e-01 0.000000000000000000e+00 nan 0.000000000000000000e+00 6.736397389089999743e-01 2.401101803679999910e-02 1.000343880130000057e-01 1.723430000000000106e+01 2.781650000000000134e+01 3.998210000000000264e+01 4.730469999999999686e+01 2.883134782780611971e-01 6.452527239558585315e-01
-1.504540000000000044e-01 7.218459999999999877e-01 -1.196300000000000002e-01 1.247570000000000068e-01 3.694169999999999954e-01 3.420710000000000139e-01 8.306406552540923638e-01 5.128854407727749809e-01 -3.635129999999999750e-01 7.642449406372159304e-01 0.000000000000000000e+00 nan 0.000000000000000000e+00 6.269504825460000541e-01 3.171180341919999784e-02 1.230162035690000044e-01 2.315289999999999893e+01 3.870210000000000150e+01 4.944700000000000273e+01 6.276910000000000167e+01 2.883134782780611971e-01 6.452527239558585315e-01
-4.462679999999999980e-01 1.474660000000000137e-01 2.824749999999999761e-01 2.660500000000000087e-01 6.173170000000000046e-01 -1.605959999999999888e-01 8.055793069728038880e-01 4.755138527506107549e-01 -4.325410000000000088e-01 7.299731044826526238e-01 0.000000000000000000e+00 nan 0.000000000000000000e+00 6.269504825460000541e-01 3.171180341919999784e-02 1.230162035690000044e-01 2.315289999999999893e+01 3.870210000000000150e+01 4.944700000000000273e+01 6.276910000000000167e+01 3.014692176034976523e-01 6.055040689038715396e-01
3.391580000000000150e-01 1.058019999999999960e+00 9.559699999999999864e-01 9.889999999999999902e-01 1.211140000000000105e+00 -2.511840000000000184e-01 7.806028137571532355e-01 4.407606104220223031e-01 -3.174950000000000272e-01 6.950054473580180581e-01 0.000000000000000000e+00 nan 0.000000000000000000e+00 5.709737459289999650e-01 3.600204816859999685e-02 1.387436399430000133e-01 1.712989999999999924e+01 4.497950000000000159e+01 6.484969999999999857e+01 6.753010000000000446e+01 3.014692176034976523e-01 6.055040689038715396e-01
4.881329999999999836e-01 1.124789999999999957e+00 8.378039999999999932e-01 6.074640000000000040e-01 9.739689999999999737e-01 1.922280000000000100e-01 7.563453626620748604e-01 4.093894133493920506e-01 -2.944860000000000255e-01 6.565421503365841405e-01 0.000000000000000000e+00 nan 0.000000000000000000e+00 5.709737459289999650e-01 3.600204816859999685e-02 1.387436399430000133e-01 1.712989999999999924e+01 4.497950000000000159e+01 6.484969999999999857e+01 6.753010000000000446e+01 3.253122299232346082e-01 5.645491973509757511e-01
-3.128139999999999810e-01 4.952639999999999820e-01 -5.656139999999999779e-02 -2.721680000000000210e-01 5.491769999999999985e-02 4.816650000000000098e-02 7.333746832335038546e-01 3.821256411709558209e-01 -4.325410000000000088e-01 6.178774880539406045e-01 0.000000000000000000e+00 nan 0.000000000000000000e+00 5.542712195690000510e-01 4.420848135259999867e-02 1.378504526840000077e-01 2.461830000000000140e+01 4.835289999999999822e+01 6.609019999999999584e+01 6.867610000000000525e+01 3.253122299232346082e-01 5.645491973509757511e-01
-7.604600000000000248e-02 7.866680000000000339e-01 8.155989999999999629e-01 2.602260000000000129e-01 8.074200000000000266e-01 -1.933729999999999893e-01 7.118440930983984671e-01 3.571508773741758347e-01 -4.785590000000000122e-01 5.792128257712971795e-01 0.000000000000000000e+00 nan 0.000000000000000000e+00 5.542712195690000510e-01 4.420848135259999867e-02 1.378504526840000077e-01 2.461830000000000140e+01 4.835289999999999822e+01 6.609019999999999584e+01 6.867610000000000525e+01 3.439697683482740853e-01 5.389195888895166320e-01
2.451789999999999914e+00 1.584480000000000111e+00 1.043050000000000033e+00 1.510150000000000103e+00 1.684800000000000075e+00 -2.685009999999999897e-01 6.909860394757443292e-01 3.348542745265929987e-01 -3.865230000000000055e-01 5.407495287498633729e-01 0.000000000000000000e+00 nan 0.000000000000000000e+00 4.806931670640000043e-01 5.328263650730000189e-02 1.556668595690000045e-01 2.344859999999999900e+01 4.343379999999999797e+01 5.350450000000000017e+01 6.260199999999999676e+01 3.439697683482740853e-01 5.389195888895166320e-01
-1.306579999999999964e-01 7.474950000000000205e-01 4.648250000000000298e-02 3.410139999999999838e-01 5.859210000000000251e-01 -2.682760000000000145e-01 6.710073770575446517e-01 3.154884620477407253e-01 -3.174950000000000272e-01 5.026866807019778616e-01 0.000000000000000000e+00 nan 3.831934949596549345e-03 4.806931670640000043e-01 5.328263650730000189e-02 1.556668595690000045e-01 2.344859999999999900e+01 4.343379999999999797e+01 5.350450000000000017e+01 6.260199999999999676e+01 3.476752921771647520e-01 5.236973360226755414e-01
-5.230909999999999727e-01 -4.043729999999999825e-01 -7.756619999999999626e-01 -6.170250000000000457e-01 -5.291930000000000245e-01 -4.648340000000000249e-01 6.532000082089050030e-01 2.991666838168764997e-01 -3.174950000000000272e-01 4.652188280930978914e-01 0.000000000000000000e+00 nan 7.788694792352890417e-03 4.929138806130000106e-01 5.611808743689999934e-02 1.893595488729999943e-01 3.969659999999999656e+01 4.439280000000000115e+01 5.580219999999999914e+01 5.655930000000000035e+01 3.476752921771647520e-01 5.236973360226755414e-01
-5.474820000000000242e-01 -1.071090000000000098e+00 -7.690449999999999786e-01 -6.421540000000000026e-01 -6.683630000000000404e-01 -4.693010000000000237e-01 6.382006779620481574e-01 2.882011980485778002e-01 -2.714770000000000238e-01 4.285337758526085450e-01 0.000000000000000000e+00 nan 1.211851499867078186e-02 4.929138806130000106e-01 5.611808743689999934e-02 1.893595488729999943e-01 3.969659999999999656e+01 4.439280000000000115e+01 5.580219999999999914e+01 5.655930000000000035e+01 3.417554919139369485e-01 4.855802300118627901e-01
-5.273459999999999814e-01 -4.666919999999999957e-01 -5.537590000000000012e-01 -3.063369999999999982e-02 3.028839999999999866e-01 -3.685999999999999832e-01 6.260952447069942917e-01 2.823463166380766332e-01 -2.024489999999999901e-01 3.928104594689298956e-01 0.000000000000000000e+00 nan 1.706540411596579876e-02 5.028688947489999839e-01 5.286922434860000242e-02 2.021743970429999981e-01 1.565670000000000073e+01 3.657039999999999935e+01 4.263490000000000180e+01 5.254059999999999775e+01 3.417554919139369485e-01 4.855802300118627901e-01
-4.763540000000000135e-03 8.484570000000000167e-01 9.068869999999999987e-01 3.841990000000000127e-01 7.244639999999999969e-01 -2.984919999999999796e-01 6.154828822621130069e-01 2.812984462911372052e-01 -3.174950000000000272e-01 3.582169175789340354e-01 0.000000000000000000e+00 nan 1.903444410472709958e-02 5.028688947489999839e-01 5.286922434860000242e-02 2.021743970429999981e-01 1.565670000000000073e+01 3.657039999999999935e+01 4.263490000000000180e+01 5.254059999999999775e+01 3.586845390407438217e-01 4.547502666635653279e-01
1.320600000000000072e-02 8.644119999999999582e-01 8.384629999999999583e-01 5.595020000000000548e-01 7.560769999999999991e-01 -2.389630000000000087e-01 6.065111453616187642e-01 2.846995283573896529e-01 -4.555500000000000105e-01 3.249083880230448917e-01 0.000000000000000000e+00 nan 2.196008479785016565e-02 5.221880349899999940e-01 5.852508596230000110e-02 2.036374496430000125e-01 1.563209999999999944e+01 2.086049999999999827e+01 3.406660000000000110e+01 3.740379999999999683e+01 3.586845390407438217e-01 4.547502666635653279e-01
4.812040000000000206e-01 1.123189999999999911e+00 9.150540000000000340e-01 7.162659999999999583e-01 1.117480000000000029e+00 -3.675120000000000053e-01 6.005018654986891136e-01 2.921410957779113637e-01 -4.325410000000000088e-01 2.930255489384759882e-01 0.000000000000000000e+00 nan 2.580917751725486653e-02 5.221880349899999940e-01 5.852508596230000110e-02 2.036374496430000125e-01 1.563209999999999944e+01 2.086049999999999827e+01 3.406660000000000110e+01 3.740379999999999683e+01 3.779690792112205822e-01 4.469347812361891270e-01
4.143519999999999981e-01 1.094819999999999904e+00 7.000739999999999741e-01 6.885430000000000161e-01 7.696300000000000363e-01 -3.077309999999999768e-01 5.972488535057285386e-01 3.031689011802195521e-01 -3.174950000000000272e-01 2.626929248197236166e-01 0.000000000000000000e+00 nan 3.053811050441124220e-02 5.074001511710000134e-01 5.223234604649999724e-02 2.624843282070000172e-01 1.482530000000000037e+01 1.939829999999999899e+01 2.357079999999999842e+01 3.769279999999999831e+01 3.779690792112205822e-01 4.469347812361891270e-01
-5.277870000000000061e-01 -4.697370000000000156e-01 -5.731960000000000388e-01 -4.950229999999999908e-01 -3.234850000000000225e-01 -4.425769999999999982e-01 5.965197337936787303e-01 3.172880636825100575e-01 -1.794399999999999884e-01 2.340174756062872730e-01 0.000000000000000000e+00 nan 3.609330305898861280e-02 5.074001511710000134e-01 5.223234604649999724e-02 2.624843282070000172e-01 1.482530000000000037e+01 1.939829999999999899e+01 2.357079999999999842e+01 3.769279999999999831e+01 3.632994978337371617e-01 4.259738619862365461e-01
-4.674780000000000046e-01 5.385299999999999809e-02 4.123359999999999803e-01 -2.671760000000000246e-01 1.016389999999999932e-01 -3.712070000000000092e-01 5.980533975374671130e-01 3.339686760917924824e-01 -3.405039999999999734e-01 2.070873847838156090e-01 0.000000000000000000e+00 nan 4.241181262960180831e-02 5.001860345849999945e-01 4.246271612000000056e-02 3.100319939060000030e-01 8.226630000000000109e+00 1.477430000000000021e+01 2.206700000000000017e+01 2.671569999999999823e+01 3.632994978337371617e-01 4.259738619862365461e-01
3.414130000000000220e-01 1.061649999999999983e+00 1.073409999999999975e+00 3.510670000000000179e-01 6.082070000000000531e-01 -3.109160000000000257e-01 6.015630243108487374e-01 3.526518089641264009e-01 -4.555500000000000105e-01 1.819710602299773328e-01 0.000000000000000000e+00 nan 4.942204797806692973e-02 5.001860345849999945e-01 4.246271612000000056e-02 3.100319939060000030e-01 8.226630000000000109e+00 1.477430000000000021e+01 2.206700000000000017e+01 2.671569999999999823e+01 3.487711330655867137e-01 4.033847166055805067e-01
-4.761759999999999882e-01 2.943080000000000002e-02 2.283650000000000124e-01 -2.624529999999999919e-01 1.298549999999999982e-01 -2.760299999999999976e-01 6.067428335495822500e-01 3.727558434985583924e-01 -4.095320000000000071e-01 1.587163591258740070e-01 0.000000000000000000e+00 nan 5.704458033673853734e-02 5.245622598289999550e-01 4.665105203409999901e-02 3.016783525889999984e-01 4.555869999999999642e+00 1.254860000000000042e+01 2.516150000000000020e+01 3.166159999999999997e+01 3.487711330655867137e-01 4.033847166055805067e-01
1.532429999999999903e-01 9.577099999999999502e-01 9.079990000000000006e-01 8.582910000000000539e-02 7.514100000000000223e-01 -2.837410000000000210e-01 6.132701709851203775e-01 3.936830615105404441e-01 -4.095320000000000071e-01 1.373500457150543808e-01 0.000000000000000000e+00 nan 6.519304336818299017e-02 5.245622598289999550e-01 4.665105203409999901e-02 3.016783525889999984e-01 4.555869999999999642e+00 1.254860000000000042e+01 2.516150000000000020e+01 3.166159999999999997e+01 3.459919901939186859e-01 3.928544133235418734e-01
-2.079030000000000114e-02 8.342220000000000191e-01 8.509670000000000289e-01 1.071359999999999951e-01 4.929709999999999925e-01 -2.927679999999999727e-01 6.208133906756452269e-01 4.148264178177960559e-01 -3.405039999999999734e-01 1.178774880539406045e-01 0.000000000000000000e+00 nan 7.377511173029371871e-02 4.431269826009999746e-01 7.367598875780000112e-02 3.303666277869999890e-01 7.479219999999999757e+00 1.485769999999999946e+01 2.124330000000000140e+01 3.097939999999999827e+01 3.459919901939186859e-01 3.928544133235418734e-01
-1.970639999999999892e-01 6.606180000000000385e-01 7.268599999999999506e-01 4.226300000000000195e-02 6.011879999999999447e-01 -3.690769999999999884e-01 6.290329243954304594e-01 4.355764183047989846e-01 -3.865230000000000055e-01 1.002825971896049717e-01 0.000000000000000000e+00 nan 8.269354715930732347e-02 4.431269826009999746e-01 7.367598875780000112e-02 3.303666277869999890e-01 7.479219999999999757e+00 1.485769999999999946e+01 2.124330000000000140e+01 3.097939999999999827e+01 3.451672851954155075e-01 3.844574185637716912e-01
3.125620000000000065e-01 1.045660000000000034e+00 1.034000000000000030e+00 4.106639999999999735e-01 6.059529999999999639e-01 -2.820289999999999742e-01 6.376168279629295110e-01 4.553280257346432602e-01 -3.865230000000000055e-01 8.452800945403393662e-02 0.000000000000000000e+00 nan 9.184730021818710011e-02 3.474491215889999873e-01 1.299510066139999975e-01 3.372643736779999957e-01 7.586439999999999628e+00 1.997790000000000177e+01 3.296350000000000335e+01 4.052790000000000248e+01 3.451672851954155075e-01 3.844574185637716912e-01
-5.158279999999999532e-01 -2.813419999999999810e-01 -1.868460000000000121e-01 -2.235229999999999995e-01 2.511220000000000119e-01 -2.229980000000000018e-01 6.461998624213407538e-01 4.759847782655381998e-01 -2.714770000000000238e-01 7.055550980941760475e-02 0.000000000000000000e+00 nan 1.011326552271218926e-01 3.474491215889999873e-01 1.299510066139999975e-01 3.372643736779999957e-01 7.586439999999999628e+00 1.997790000000000177e+01 3.296350000000000335e+01 4.052790000000000248e+01 2.553817649816702007e-01 3.652742564157094307e-01
-5.257709999999999884e-01 -3.859799999999999898e-01 3.400799999999999657e-02 -5.276119999999999699e-01 -2.556140000000000079e-01 -2.283540000000000014e-01 6.544085702029434071e-01 4.972064371026517771e-01 -3.865230000000000055e-01 5.828669144778941824e-02 0.000000000000000000e+00 nan 1.104444054036208822e-01 3.708989951369999760e-01 1.429203436560000096e-01 2.793737530300000049e-01 1.517549999999999955e+01 3.202120000000000033e+01 4.768139999999999645e+01 5.853790000000000049e+01 2.553817649816702007e-01 3.652742564157094307e-01
-4.705630000000000229e-02 8.132310000000000372e-01 1.121890000000000054e+00 -4.006640000000000201e-01 -1.668260000000000021e-01 -5.082439999999999874e-02 6.619103843137135179e-01 5.163340765899542273e-01 -5.475870000000000459e-01 4.762384417148957105e-02 0.000000000000000000e+00 nan 1.196770448973976109e-01 3.708989951369999760e-01 1.429203436560000096e-01 2.793737530300000049e-01 1.517549999999999955e+01 3.202120000000000033e+01 4.768139999999999645e+01 5.853790000000000049e+01 1.699061756847592974e-01 3.417314357299271466e-01
-3.148999999999999716e-02 8.260060000000000180e-01 1.156530000000000058e+00 -3.898139999999999938e-01 -2.658759999999999943e-02 1.348479999999999956e-01 6.683889680479417894e-01 5.331509729290374588e-01 -5.015690000000000426e-01 3.845106148874877228e-02 0.000000000000000000e+00 nan 1.287259642138119942e-01 3.905764616280000268e-01 1.549439042899999897e-01 2.086411576780000110e-01 1.239559999999999995e+01 4.982189999999999941e+01 6.879930000000000234e+01 7.047570000000000334e+01 1.699061756847592974e-01 3.417314357299271466e-01
-2.542699999999999960e-01 5.842199999999999616e-01 9.482690000000000285e-01 -5.825540000000000163e-01 -3.795970000000000177e-01 9.821349999999999525e-02 6.735505508374026729e-01 5.474665839646886134e-01 -5.015690000000000426e-01 3.063555388055216877e-02 2.006529766363962519e-02 nan 1.374886354812445699e-01 3.905764616280000268e-01 1.549439042899999897e-01 2.086411576780000110e-01 1.239559999999999995e+01 4.982189999999999941e+01 6.879930000000000234e+01 7.047570000000000334e+01 1.507233114730022194e-01 3.434427346224010469e-01
-3.021190000000000264e-01 5.087880000000000180e-01 9.232700000000000351e-01 -7.359339999999999771e-01 -6.605590000000000073e-01 1.133239999999999942e-01 6.770912698404411012e-01 5.591187081036461670e-01 -5.475870000000000459e-01 2.402915335895161597e-02 4.078422036789797200e-02 nan 1.458657741328495128e-01 3.911606875140000161e-01 1.274280933539999883e-01 1.840408469189999952e-01 2.741860000000000142e+01 6.051219999999999999e+01 7.392100000000000648e+01 7.327270000000000039e+01 1.507233114730022194e-01 3.434427346224010469e-01
-2.594899999999999984e-01 5.766580000000000039e-01 9.841210000000000235e-01 -8.450280000000000014e-01 -4.796030000000000015e-01 4.929979999999999779e-02 6.787057303471610847e-01 5.679753221234630223e-01 -5.475870000000000459e-01 1.846999226957246609e-02 6.345661236112654091e-02 nan 1.537624638403691790e-01 3.911606875140000161e-01 1.274280933539999883e-01 1.840408469189999952e-01 2.741860000000000142e+01 6.051219999999999999e+01 7.392100000000000648e+01 7.327270000000000039e+01 1.185315732095145735e-01 3.551360565692278648e-01
-1.531760000000000066e-01 7.105110000000000037e-01 1.110100000000000087e+00 -8.590360000000000218e-01 -4.208000000000000074e-01 -4.997769999999999990e-02 6.781699041200703881e-01 5.739360770483711294e-01 -5.475870000000000459e-01 1.378433731681782959e-02 8.936018430406655888e-02 nan 1.610892319540605522e-01 3.758915105940000001e-01 1.143174625780000037e-01 1.706450321300000128e-01 1.985360000000000014e+01 6.426779999999999404e+01 7.447320000000000562e+01 6.861599999999999966e+01 1.185315732095145735e-01 3.551360565692278648e-01
-1.959370000000000001e-01 6.654630000000000267e-01 1.062370000000000037e+00 -9.542699999999999516e-01 -5.860269999999999646e-01 -1.725180000000000047e-01 6.756264067282186092e-01 5.769334351432745533e-01 -5.475870000000000459e-01 9.788558031527117009e-03 9.967073863387498900e-02 nan 1.677630632635671581e-01 3.758915105940000001e-01 1.143174625780000037e-01 1.706450321300000128e-01 1.985360000000000014e+01 6.426779999999999404e+01 7.447320000000000562e+01 6.861599999999999966e+01 3.121056526184383673e-01 5.348290860999331819e-01
-3.694219999999999726e-01 3.795689999999999897e-01 8.108229999999999604e-01 -1.045749999999999957e+00 -7.205209999999999670e-01 -3.404900000000000149e-01 6.704852159044714099e-01 5.769334351432745533e-01 -5.475870000000000459e-01 6.291207377567498149e-03 1.149903753543648488e-01 nan 1.737083405934249924e-01 2.787046912189999892e-01 1.253375598479999908e-01 1.763443723579999900e-01 2.859629999999999939e+01 7.025400000000000489e+01 7.982970000000000255e+01 7.475320000000000675e+01 3.121056526184383673e-01 5.348290860999331819e-01
-4.698129999999999806e-01 4.304990000000000205e-02 5.033549999999999969e-01 -8.277320000000000233e-01 -6.301320000000000254e-01 -4.570219999999999838e-01 6.637269884547019050e-01 5.739360770483711294e-01 -4.785590000000000122e-01 3.095190923250723536e-03 1.351455168600769197e-01 nan 1.826896365254708776e-01 2.787046912189999892e-01 1.253375598479999908e-01 1.763443723579999900e-01 2.859629999999999939e+01 7.025400000000000489e+01 7.982970000000000255e+01 7.475320000000000675e+01 5.404472612450785807e-01 6.829345286949934923e-01
-5.022759999999999447e-01 -1.271869999999999945e-01 2.942699999999999760e-01 -4.867949999999999777e-01 -4.285269999999999913e-01 -4.965109999999999801e-01 6.558052544240564607e-01 5.679753221234630223e-01 -5.015690000000000426e-01 0.000000000000000000e+00 1.599077973441652700e-01 nan 1.909414966857564400e-01 2.257099137520000021e-01 1.312482648939999885e-01 1.771931989320000012e-01 2.930460000000000065e+01 7.209579999999999700e+01 8.323770000000000380e+01 8.231059999999999377e+01 5.404472612450785807e-01 6.829345286949934923e-01
-5.321960000000000024e-01 -5.541160000000000529e-01 -4.977050000000000224e-02 -9.297079999999999789e-01 -7.540499999999999980e-01 -5.180930000000000257e-01 6.453745291659144234e-01 5.591187081036461670e-01 -5.245779999999999887e-01 0.000000000000000000e+00 1.889966502742403964e-01 nan 1.986634913418509063e-01 2.257099137520000021e-01 1.312482648939999885e-01 1.771931989320000012e-01 2.930460000000000065e+01 7.209579999999999700e+01 8.323770000000000380e+01 8.231059999999999377e+01 5.657758722949959296e-01 6.765179885758338951e-01
-5.417750000000000066e-01 -7.619559999999999667e-01 -3.008509999999999796e-01 -7.295730000000000270e-01 -7.306030000000000024e-01 -5.160360000000000502e-01 6.324785311957050737e-01 5.474665839646888355e-01 -4.325410000000000088e-01 0.000000000000000000e+00 2.220824873232882801e-01 nan 2.060611943492098863e-01 1.710539349719999991e-01 1.065002676300000062e-01 1.712937646290000060e-01 1.750140000000000029e+01 4.710940000000000083e+01 6.554999999999999716e+01 6.815550000000000352e+01 5.657758722949959296e-01 6.765179885758338951e-01
-5.405060000000000420e-01 -7.116550000000000376e-01 -3.534619999999999984e-01 -7.307919999999999972e-01 -7.010239999999999805e-01 -5.021020000000000483e-01 6.172633773234101895e-01 5.331509729290375699e-01 -3.405039999999999734e-01 0.000000000000000000e+00 2.587904327371136626e-01 nan 2.095119189676528659e-01 1.710539349719999991e-01 1.065002676300000062e-01 1.712937646290000060e-01 1.750140000000000029e+01 4.710940000000000083e+01 6.554999999999999716e+01 6.815550000000000352e+01 4.978280885484627216e-01 5.974725942958918345e-01
-5.487549999999999928e-01 -1.090349999999999930e+00 -8.300689999999999458e-01 -7.753700000000000037e-01 -8.787350000000000438e-01 -4.855889999999999929e-01 5.998817993811531579e-01 5.163340765899542273e-01 -3.635129999999999750e-01 0.000000000000000000e+00 2.987045708264270960e-01 nan 2.129333269511691773e-01 1.840781783169999908e-01 8.701691411930000120e-02 1.501165194899999888e-01 1.428229999999999933e+01 3.040380000000000038e+01 3.810589999999999833e+01 5.262810000000000343e+01 4.978280885484627216e-01 5.974725942958918345e-01
-5.437359999999999971e-01 -7.708030000000000159e-01 -4.946309999999999873e-01 -7.515720000000000178e-01 -8.012890000000000290e-01 -4.192910000000000248e-01 5.789182367439261734e-01 4.972064371026518881e-01 -5.475870000000000459e-01 0.000000000000000000e+00 3.413726584577964074e-01 nan 2.201185873297772932e-01 1.840781783169999908e-01 8.701691411930000120e-02 1.501165194899999888e-01 1.428229999999999933e+01 3.040380000000000038e+01 3.810589999999999833e+01 5.262810000000000343e+01 5.151017042020413772e-01 5.805523341784601943e-01
-5.346659999999999746e-01 -4.763589999999999769e-01 -2.030029999999999890e-01 -7.230729999999999658e-01 -8.841539999999999955e-01 -3.646460000000000257e-01 5.551728909741149298e-01 4.759847782655381998e-01 -5.936050000000000493e-01 0.000000000000000000e+00 3.863112491490553468e-01 nan 2.273225955300084422e-01 2.051993187260000018e-01 5.930563446860000199e-02 1.782947782590000030e-01 1.916580000000000084e+01 2.979400000000000048e+01 3.559830000000000183e+01 4.181519999999999726e+01 5.151017042020413772e-01 5.805523341784601943e-01
-5.336260000000000447e-01 -4.223689999999999944e-01 -2.776930000000000232e-01 -8.979279999999999484e-01 -7.731289999999999552e-01 -3.202380000000000226e-01 5.312220894021826290e-01 4.529095499529826041e-01 -5.936050000000000493e-01 0.000000000000000000e+00 4.330111707111221619e-01 nan 2.347567944008396301e-01 2.051993187260000018e-01 5.930563446860000199e-02 1.782947782590000030e-01 1.916580000000000084e+01 2.979400000000000048e+01 3.559830000000000183e+01 4.181519999999999726e+01 5.843147887681958697e-01 7.236235674102232673e-01
-4.305840000000000223e-01 3.427399999999999891e-01 5.046939999999999760e-01 -8.513800000000000257e-01 -7.619879999999999987e-01 -3.053799999999999848e-01 5.066043507920255928e-01 4.282422037221594868e-01 -6.396239999999999704e-01 0.000000000000000000e+00 4.809432943723567222e-01 nan 2.426300186389709346e-01 2.045621678120000120e-01 6.118356945500000310e-02 2.489016232039999998e-01 1.297669999999999924e+01 2.716270000000000095e+01 2.934680000000000177e+01 3.306389999999999674e+01 5.843147887681958697e-01 7.236235674102232673e-01
-4.795329999999999870e-01 1.379769999999999885e-01 2.820900000000000074e-01 -2.801839999999999886e-01 -2.795810000000000239e-01 -4.126520000000000188e-01 4.795873723269878930e-01 4.022622304624355882e-01 -6.396239999999999704e-01 0.000000000000000000e+00 5.295645300189727456e-01 nan 2.511461286082651290e-01 2.045621678120000120e-01 6.118356945500000310e-02 2.489016232039999998e-01 1.297669999999999924e+01 2.716270000000000095e+01 2.934680000000000177e+01 3.306389999999999674e+01 5.808352115142374483e-01 7.735901721599915959e-01
-5.097369999999999957e-01 -8.602780000000000149e-02 7.075259999999999883e-02 -7.168400000000000327e-01 -7.370139999999999469e-01 -4.671640000000000237e-01 4.512741246151137364e-01 3.752639936519142072e-01 -6.396239999999999704e-01 0.000000000000000000e+00 5.783239796230337237e-01 nan 2.605017005203665859e-01 1.600817987039999946e-01 6.310444785900000408e-02 2.642027267789999745e-01 1.868769999999999953e+01 2.113789999999999836e+01 2.150329999999999941e+01 2.639639999999999986e+01 5.808352115142374483e-01 7.735901721599915959e-01
-5.101369999999999516e-01 -1.104210000000000053e-01 1.256649999999999989e-01 -9.156119999999999814e-01 -9.183900000000000396e-01 -4.811460000000000181e-01 4.222397700982266633e-01 3.475533941016066830e-01 -6.166150000000000242e-01 0.000000000000000000e+00 6.266691791372385190e-01 nan 2.708837991476759077e-01 1.600817987039999946e-01 6.310444785900000408e-02 2.642027267789999745e-01 1.868769999999999953e+01 2.113789999999999836e+01 2.150329999999999941e+01 2.639639999999999986e+01 5.965441471364095749e-01 7.590756992234357625e-01
-5.333980000000000388e-01 -5.301719999999999766e-01 -3.762139999999999929e-02 -7.485800000000000232e-01 -6.543149999999999800e-01 -4.973219999999999863e-01 3.927914265323172449e-01 3.194444039770115706e-01 -6.166150000000000242e-01 0.000000000000000000e+00 6.740523581333291991e-01 nan 2.824678583047312008e-01 1.515720264019999874e-01 7.479386109930000193e-02 2.973156577230000042e-01 1.011040000000000028e+01 1.888789999999999836e+01 2.070619999999999905e+01 2.439659999999999940e+01 5.965441471364095749e-01 7.590756992234357625e-01
-5.327399999999999913e-01 -4.440850000000000075e-01 -1.322550000000000114e-01 -6.822840000000000016e-01 -7.587230000000000363e-01 -4.170220000000000038e-01 3.639635448052620514e-01 2.912555093680232465e-01 -5.475870000000000459e-01 0.000000000000000000e+00 7.199366462599225969e-01 nan 2.954156931129890973e-01 1.515720264019999874e-01 7.479386109930000193e-02 2.973156577230000042e-01 1.011040000000000028e+01 1.888789999999999836e+01 2.070619999999999905e+01 2.439659999999999940e+01 5.889071529036959962e-01 7.388624348294183797e-01
-5.392329999999999623e-01 -6.013060000000000072e-01 -2.973520000000000052e-01 -6.361879999999999757e-01 -6.400479999999999503e-01 -3.502549999999999830e-01 3.351363149314248169e-01 2.633061017142723781e-01 -5.475870000000000459e-01 0.000000000000000000e+00 7.638021561981132024e-01 nan 3.098736665708414773e-01 1.831760375429999921e-01 7.822748404029999936e-02 2.273969616210000100e-01 9.018570000000000420e+00 1.734110000000000085e+01 2.085229999999999961e+01 2.354980000000000118e+01 5.889071529036959962e-01 7.388624348294183797e-01
-5.170369999999999688e-01 -1.786329999999999862e-01 4.245879999999999793e-02 -7.455389999999999517e-01 -6.865609999999999769e-01 -1.758859999999999868e-01 3.066363609440529991e-01 2.359128589724924785e-01 -6.396239999999999704e-01 0.000000000000000000e+00 8.051518741925326461e-01 nan 3.259710312023592627e-01 1.831760375429999921e-01 7.822748404029999936e-02 2.273969616210000100e-01 9.018570000000000420e+00 1.734110000000000085e+01 2.085229999999999961e+01 2.354980000000000118e+01 6.058136053730096560e-01 7.606773420703726307e-01
-5.025650000000000395e-01 -2.634840000000000099e-02 1.529619999999999869e-01 -6.659249999999999892e-01 -7.294840000000000213e-01 -2.769100000000000034e-02 2.787865987098270271e-01 2.093861575287323529e-01 -6.396239999999999704e-01 0.000000000000000000e+00 8.435172914157954560e-01 nan 3.438184645745483436e-01 1.981908802909999878e-01 1.010561109859999945e-01 1.886822134389999905e-01 6.884159999999999613e+00 1.647019999999999840e+01 1.984459999999999980e+01 1.875959999999999894e+01 6.058136053730096560e-01 7.606773420703726307e-01
-4.431240000000000179e-01 3.200350000000000139e-01 4.206409999999999871e-01 -7.002549999999999608e-01 -7.014259999999999939e-01 -8.392750000000000210e-02 2.519025771630611921e-01 1.840265555098818950e-01 -6.396239999999999704e-01 0.000000000000000000e+00 8.784637123607189624e-01 nan 3.635068152762908067e-01 1.981908802909999878e-01 1.010561109859999945e-01 1.886822134389999905e-01 6.884159999999999613e+00 1.647019999999999840e+01 1.984459999999999980e+01 1.875959999999999894e+01 6.221608400693656726e-01 7.626278905167458433e-01
-3.138409999999999811e-01 6.428249999999999797e-01 7.431140000000000523e-01 -7.307510000000000394e-01 -7.670599999999999641e-01 -2.177119999999999889e-01 2.262889030101901122e-01 1.601213873399975895e-01 -6.396239999999999704e-01 0.000000000000000000e+00 9.095951801141161086e-01 nan 3.851060735675314595e-01 2.117172201070000037e-01 1.010606610719999993e-01 1.422317824479999993e-01 1.054659999999999975e+01 2.015439999999999898e+01 2.033800000000000097e+01 1.930740000000000123e+01 6.221608400693656726e-01 7.626278905167458433e-01
-3.514439999999999786e-01 5.707820000000000116e-01 6.741519999999999735e-01 -8.045750000000000401e-01 -7.835210000000000230e-01 -3.561860000000000026e-01 2.015765932128291693e-01 1.379415081264646625e-01 -6.396239999999999704e-01 0.000000000000000000e+00 9.365589627068373613e-01 nan 4.086645783616665861e-01 2.117172201070000037e-01 1.010606610719999993e-01 1.422317824479999993e-01 1.054659999999999975e+01 2.015439999999999898e+01 2.033800000000000097e+01 1.930740000000000123e+01 5.682047979755187050e-01 7.394007463256917490e-01
-5.144630000000000036e-01 -1.767050000000000010e-01 1.179489999999999983e-01 -7.778990000000000071e-01 -7.208360000000000323e-01 -4.626370000000000204e-01 1.783301330235241844e-01 1.177382247634024548e-01 -4.785590000000000122e-01 0.000000000000000000e+00 9.590495497079263298e-01 nan 4.342084695263392913e-01 2.297352295129999888e-01 1.220620921499999956e-01 9.914066989170000621e-02 1.297830000000000084e+01 1.912150000000000105e+01 1.838990000000000080e+01 1.792160000000000153e+01 5.682047979755187050e-01 7.394007463256917490e-01
-5.529190000000000493e-01 -2.005840000000000067e+00 -1.436330000000000107e+00 -6.959589999999999943e-01 -8.300309999999999633e-01 -5.226720000000000255e-01 1.560483236766249115e-01 9.974044852413710416e-02 -4.138460000000000055e-02 0.000000000000000000e+00 9.768121137798783105e-01 nan 4.617413917082939800e-01 2.297352295129999888e-01 1.220620921499999956e-01 9.914066989170000621e-02 1.297830000000000084e+01 1.912150000000000105e+01 1.838990000000000080e+01 1.792160000000000153e+01 5.373179011822655227e-01 7.593946986286348455e-01
-5.524090000000000389e-01 -1.714830000000000076e+00 -1.450900000000000079e+00 -6.810270000000000490e-01 -8.228590000000000071e-01 -5.240200000000000413e-01 1.345488839664442660e-01 8.415210140500573033e-02 -1.334210000000000118e-01 0.000000000000000000e+00 9.896453979741973717e-01 nan 4.912444530380736252e-01 2.235865239690000006e-01 1.233841950620000044e-01 9.414267327620000347e-02 7.731740000000000279e+00 1.342270000000000074e+01 1.653659999999999997e+01 1.701569999999999894e+01 5.373179011822655227e-01 7.593946986286348455e-01
-5.337100000000000177e-01 -4.886099999999999888e-01 -1.157579999999999998e-01 -3.424740000000000006e-01 -5.453649999999999887e-01 -5.136469999999999647e-01 1.151189892081522226e-01 6.865254822217725650e-02 -4.095320000000000071e-01 0.000000000000000000e+00 9.974039960530418636e-01 nan 5.226764391824478828e-01 2.235865239690000006e-01 1.233841950620000044e-01 9.414267327620000347e-02 7.731740000000000279e+00 1.342270000000000074e+01 1.653659999999999997e+01 1.701569999999999894e+01 5.917653770765902710e-01 7.791560471986204162e-01
-5.515809999999999880e-01 -1.495700000000000029e+00 -1.032489999999999908e+00 -5.353080000000000060e-01 -6.849619999999999598e-01 -4.680560000000000276e-01 9.769105008848200100e-02 5.315365218072531928e-02 -4.095320000000000071e-01 0.000000000000000000e+00 1.000000000000000000e+00 nan 5.559742803192780913e-01 2.138037481349999991e-01 1.393620201250000135e-01 1.038103351169999966e-01 1.100420000000000087e+01 1.514700000000000024e+01 1.597279999999999944e+01 1.649320000000000164e+01 5.917653770765902710e-01 7.791560471986204162e-01
-5.445809999999999818e-01 -8.410630000000000051e-01 -3.876149999999999873e-01 -8.497630000000000461e-01 -8.457780000000000298e-01 -4.421109999999999762e-01 8.197532031058318847e-02 4.082009071809222789e-02 -4.095320000000000071e-01 0.000000000000000000e+00 9.974039960530419746e-01 nan 5.872218307942067561e-01 2.138037481349999991e-01 1.393620201250000135e-01 1.038103351169999966e-01 1.100420000000000087e+01 1.514700000000000024e+01 1.597279999999999944e+01 1.649320000000000164e+01 6.247422796879678053e-01 7.691540866814425836e-01
-5.198730000000000295e-01 -2.477389999999999870e-01 7.941879999999999773e-02 -8.906180000000000208e-01 -9.528579999999999828e-01 -4.048769999999999869e-01 6.790053003528495612e-02 3.052245155444754943e-02 -4.785590000000000122e-01 0.000000000000000000e+00 9.896453979741974827e-01 nan 6.200218032172212235e-01 2.054272513229999930e-01 1.369024635930000122e-01 1.120000997329999998e-01 1.173799999999999955e+01 1.468689999999999962e+01 1.794269999999999854e+01 1.745899999999999963e+01 6.247422796879678053e-01 7.691540866814425836e-01
-4.475230000000000041e-01 2.884579999999999922e-01 4.377460000000000240e-01 -8.548949999999999605e-01 -9.043069999999999720e-01 -3.818090000000000095e-01 5.570747202729753322e-02 2.207941067762464460e-02 -6.396239999999999704e-01 0.000000000000000000e+00 9.768121137798784215e-01 nan 6.540025607945649799e-01 2.054272513229999930e-01 1.369024635930000122e-01 1.120000997329999998e-01 1.173799999999999955e+01 1.468689999999999962e+01 1.794269999999999854e+01 1.745899999999999963e+01 5.953522789536414006e-01 7.675790271182724167e-01
-4.681270000000000153e-01 1.959509999999999863e-01 3.545490000000000030e-01 -9.360289999999999999e-01 -9.806620000000000337e-01 -4.215579999999999883e-01 4.526201115565564592e-02 1.528863073580644105e-02 -6.396239999999999704e-01 0.000000000000000000e+00 9.590495497079265519e-01 nan 6.887790879648647557e-01 1.445765848520000063e-01 1.570643139169999869e-01 9.675045594360000278e-02 7.779770000000000074e+00 1.337010000000000076e+01 1.542300000000000004e+01 1.542399999999999949e+01 5.953522789536414006e-01 7.675790271182724167e-01
-5.310500000000000220e-01 -3.835990000000000233e-01 -1.561190000000000078e-01 -9.586630000000000429e-01 -1.028270000000000017e+00 -4.967960000000000154e-01 3.633442869485448146e-02 9.929053600572834704e-03 -6.396239999999999704e-01 0.000000000000000000e+00 9.365589627068373613e-01 nan 7.239573527792861896e-01 1.445765848520000063e-01 1.570643139169999869e-01 9.675045594360000278e-02 7.779770000000000074e+00 1.337010000000000076e+01 1.542300000000000004e+01 1.542399999999999949e+01 6.181898290149294706e-01 7.808806377329775561e-01
-5.507400000000000073e-01 -1.344440000000000079e+00 -8.481570000000000498e-01 -9.280669999999999753e-01 -1.011589999999999989e+00 -5.269700000000000495e-01 2.873152169274850731e-02 5.763405043825664542e-03 -5.475870000000000459e-01 0.000000000000000000e+00 9.095951801141161086e-01 nan 7.591387714409599807e-01 1.258104749170000092e-01 1.702382289540000093e-01 9.326463454349999405e-02 1.337979999999999947e+01 1.337749999999999950e+01 1.523349999999999937e+01 1.606390000000000029e+01 6.181898290149294706e-01 7.808806377329775561e-01
-5.468290000000000095e-01 -9.618999999999999773e-01 -4.931269999999999820e-01 -1.109129999999999949e+00 -1.212199999999999944e+00 -5.307760000000000256e-01 2.229224689573139351e-02 2.540883149602324309e-03 -5.245779999999999887e-01 0.000000000000000000e+00 8.784637123607190734e-01 nan 7.939247244186682373e-01 1.258104749170000092e-01 1.702382289540000093e-01 9.326463454349999405e-02 1.337979999999999947e+01 1.337749999999999950e+01 1.523349999999999937e+01 1.606390000000000029e+01 5.959905780278252907e-01 7.595508754207636049e-01
-5.523200000000000331e-01 -1.695370000000000044e+00 -1.091690000000000049e+00 -1.140800000000000036e+00 -1.257900000000000018e+00 -5.271719999999999740e-01 1.683578334390212206e-02 0.000000000000000000e+00 -4.325410000000000088e-01 0.000000000000000000e+00 8.435172914157955670e-01 nan 8.279210729654118417e-01 1.074871554070000040e-01 1.644721320739999937e-01 8.049867648040000268e-02 1.018099999999999916e+01 1.334270000000000067e+01 1.672660000000000124e+01 1.844259999999999877e+01 5.959905780278252907e-01 7.595508754207636049e-01
-5.527360000000000051e-01 -1.784440000000000026e+00 -1.369650000000000034e+00 -1.168080000000000007e+00 -1.249349999999999961e+00 -5.249930000000000430e-01 1.217376673982206725e-02 3.688076406096474358e-04 -3.405039999999999734e-01 0.000000000000000000e+00 8.051518741925327571e-01 nan 8.567858650251479746e-01 1.074871554070000040e-01 1.644721320739999937e-01 8.049867648040000268e-02 1.018099999999999916e+01 1.334270000000000067e+01 1.672660000000000124e+01 1.844259999999999877e+01 5.232414295639795654e-01 7.289601616263652328e-01
-5.526060000000000416e-01 -1.847250000000000059e+00 -1.206280000000000019e+00 -1.093750000000000000e+00 -1.297009999999999996e+00 -5.245760000000000423e-01 8.154298860662323456e-03 3.608868860347724805e-03 -4.785590000000000122e-01 0.000000000000000000e+00 7.638021561981132024e-01 nan 8.837309187791897447e-01 9.044022221880000656e-02 1.203374004059999947e-01 8.883434237649999454e-02 1.135759999999999970e+01 1.642190000000000083e+01 2.036860000000000070e+01 2.068509999999999849e+01 5.232414295639795654e-01 7.289601616263652328e-01
-5.487769999999999593e-01 -1.064140000000000086e+00 -7.100919999999999455e-01 -1.114470000000000072e+00 -1.283649999999999958e+00 -5.156979999999999897e-01 4.600446231405430630e-03 7.336927750760335876e-03 -6.166150000000000242e-01 0.000000000000000000e+00 7.199366462599227079e-01 nan 9.081578688613447525e-01 9.044022221880000656e-02 1.203374004059999947e-01 8.883434237649999454e-02 1.135759999999999970e+01 1.642190000000000083e+01 2.036860000000000070e+01 2.068509999999999849e+01 5.867606604418384997e-01 7.630399314151279366e-01
-5.357370000000000188e-01 -5.028280000000000527e-01 -1.921710000000000085e-01 -1.173959999999999892e+00 -1.406439999999999912e+00 -5.049249999999999572e-01 1.454921488864502344e-03 1.158267497645182331e-02 -5.475870000000000459e-01 0.000000000000000000e+00 6.740523581333294212e-01 nan 9.294968810262073111e-01 1.134548977180000057e-01 9.807139238520000413e-02 9.573138009260000192e-02 1.021669999999999945e+01 2.200720000000000098e+01 2.253650000000000020e+01 2.288599999999999923e+01 5.867606604418384997e-01 7.630399314151279366e-01
-5.503449999999999731e-01 -1.246240000000000014e+00 -8.211749999999999883e-01 -1.294499999999999984e+00 -1.331199999999999939e+00 -5.023009999999999975e-01 0.000000000000000000e+00 1.636993558633081935e-02 -5.015690000000000426e-01 0.000000000000000000e+00 6.266691791372387410e-01 nan 9.511698684416068916e-01 1.134548977180000057e-01 9.807139238520000413e-02 9.573138009260000192e-02 1.021669999999999945e+01 2.200720000000000098e+01 2.253650000000000020e+01 2.288599999999999923e+01 6.299559969045319674e-01 7.757965847126181425e-01
-5.485119999999999996e-01 -1.039530000000000065e+00 -6.796750000000000291e-01 -1.227629999999999999e+00 -1.403170000000000028e+00 -5.134819999999999940e-01 0.000000000000000000e+00 2.171639906628397565e-02 -6.166150000000000242e-01 0.000000000000000000e+00 5.783239796230339458e-01 nan 9.690993325504443368e-01 1.090056261300000051e-01 8.955934543769999978e-02 1.039624149889999960e-01 1.509370000000000012e+01 2.468990000000000151e+01 2.442530000000000001e+01 2.132329999999999970e+01 6.299559969045319674e-01 7.757965847126181425e-01
-5.458849999999999536e-01 -8.336029999999999829e-01 -5.736440000000000428e-01 -1.355850000000000000e+00 -1.496310000000000029e+00 -5.144750000000000156e-01 0.000000000000000000e+00 2.763341891023507468e-02 -6.396239999999999704e-01 0.000000000000000000e+00 5.295645300189729676e-01 nan 9.830821253601161880e-01 1.090056261300000051e-01 8.955934543769999978e-02 1.039624149889999960e-01 1.509370000000000012e+01 2.468990000000000151e+01 2.442530000000000001e+01 2.132329999999999970e+01 6.334468714872369954e-01 7.636978676883510175e-01
-5.458020000000000094e-01 -8.274970000000000381e-01 -5.719459999999999544e-01 -1.188739999999999908e+00 -1.320880000000000054e+00 -5.217270000000000518e-01 0.000000000000000000e+00 3.412588398052052163e-02 -6.396239999999999704e-01 0.000000000000000000e+00 4.809432943723569442e-01 nan 9.929598162408480588e-01 1.309848153000000015e-01 8.667347699249999815e-02 1.135533019899999940e-01 1.777560000000000073e+01 3.086260000000000048e+01 2.658630000000000138e+01 2.278409999999999869e+01 6.334468714872369954e-01 7.636978676883510175e-01
-5.487340000000000551e-01 -1.052249999999999908e+00 -7.005829999999999558e-01 -1.350300000000000056e+00 -1.564880000000000049e+00 -5.205330000000000235e-01 0.000000000000000000e+00 4.119216311512619022e-02 -5.936050000000000493e-01 0.000000000000000000e+00 4.330111707111222730e-01 nan 9.986204870080365170e-01 1.309848153000000015e-01 8.667347699249999815e-02 1.135533019899999940e-01 1.777560000000000073e+01 3.086260000000000048e+01 2.658630000000000138e+01 2.278409999999999869e+01 7.167138330141837876e-01 7.986980836775315895e-01
-5.530410000000000048e-01 -1.950420000000000043e+00 -1.584160000000000013e+00 -1.224569999999999936e+00 -1.364810000000000079e+00 -5.199500000000000233e-01 0.000000000000000000e+00 4.882412360940446838e-02 -5.015690000000000426e-01 0.000000000000000000e+00 3.863112491490554579e-01 nan 1.000000000000000000e+00 1.377947608339999963e-01 1.063297624409999947e-01 1.172649699039999965e-01 1.788439999999999941e+01 3.607959999999999923e+01 3.044010000000000105e+01 2.660999999999999943e+01 7.167138330141837876e-01 7.986980836775315895e-01
-5.519990000000000174e-01 -1.634139999999999926e+00 -9.547499999999999876e-01 -1.224169999999999980e+00 -1.399699999999999944e+00 -5.109460000000000113e-01 0.000000000000000000e+00 5.700722336286845326e-02 -5.245779999999999887e-01 0.000000000000000000e+00 3.413726584577964074e-01 nan 9.970827247833141671e-01 1.377947608339999963e-01 1.063297624409999947e-01 1.172649699039999965e-01 1.788439999999999941e+01 3.607959999999999923e+01 3.044010000000000105e+01 2.660999999999999943e+01 7.037162562911999375e-01 7.843264958912212759e-01
-5.366379999999999484e-01 -5.290569999999999995e-01 -2.008580000000000088e-01 -1.416230000000000100e+00 -1.701750000000000096e+00 -5.058080000000000354e-01 0.000000000000000000e+00 6.572067564700001530e-02 -6.166150000000000242e-01 0.000000000000000000e+00 2.987045708264273181e-01 nan 9.899017152518679863e-01 1.408622765589999937e-01 1.258441586350000085e-01 1.101256678910000064e-01 1.917820000000000036e+01 2.642350000000000065e+01 2.459570000000000078e+01 2.210069999999999979e+01 7.037162562911999375e-01 7.843264958912212759e-01
-5.406870000000000287e-01 -6.215730000000000421e-01 -3.586380000000000123e-01 -1.345339999999999980e+00 -1.413300000000000001e+00 -5.047399999999999665e-01 0.000000000000000000e+00 7.493768462719097023e-02 -6.396239999999999704e-01 0.000000000000000000e+00 2.587904327371137736e-01 nan 9.785383351130385599e-01 1.408622765589999937e-01 1.258441586350000085e-01 1.101256678910000064e-01 1.917820000000000036e+01 2.642350000000000065e+01 2.459570000000000078e+01 2.210069999999999979e+01 6.896171900154208778e-01 7.942021858105077214e-01
-5.372149999999999981e-01 -5.305919999999999526e-01 -2.412380000000000080e-01 -1.362640000000000073e+00 -1.513190000000000035e+00 -5.171559999999999491e-01 0.000000000000000000e+00 8.462574897025487708e-02 -6.396239999999999704e-01 0.000000000000000000e+00 2.220824873232882801e-01 nan 9.631213360043751059e-01 1.115147112710000027e-01 1.035340250030000048e-01 9.428435916829999708e-02 1.159159999999999968e+01 3.151500000000000057e+01 2.908980000000000032e+01 2.613870000000000005e+01 6.896171900154208778e-01 7.942021858105077214e-01
-5.465919999999999668e-01 -9.346579999999999888e-01 -4.975280000000000258e-01 -1.327930000000000055e+00 -1.531029999999999891e+00 -5.216859999999999831e-01 0.000000000000000000e+00 9.474703009752105665e-02 -4.095320000000000071e-01 0.000000000000000000e+00 1.889966502742405074e-01 nan 9.438253986860991596e-01 1.115147112710000027e-01 1.035340250030000048e-01 9.428435916829999708e-02 1.159159999999999968e+01 3.151500000000000057e+01 2.908980000000000032e+01 2.613870000000000005e+01 1.000000000000000000e+00 8.462888074406611505e-01
-5.534489999999999688e-01 -2.527909999999999879e+00 -1.935179999999999900e+00 -1.312030000000000030e+00 -1.706029999999999935e+00 -5.295790000000000219e-01 0.000000000000000000e+00 1.052587809110479000e-01 -2.024489999999999901e-01 0.000000000000000000e+00 1.599077973441653810e-01 nan 9.208691538382923758e-01 1.247279462480000017e-01 9.803476940789999927e-02 7.520253667510000406e-02 1.557039999999999935e+01 2.285229999999999961e+01 2.373199999999999932e+01 -1.000000000000000000e+00 1.000000000000000000e+00 8.462888074406611505e-01
-5.517260000000000497e-01 -1.488979999999999970e+00 -9.965800000000000214e-01 -1.491130000000000067e+00 -1.836969999999999992e+00 -5.291690000000000005e-01 0.000000000000000000e+00 1.161138301353252800e-01 -4.325410000000000088e-01 0.000000000000000000e+00 1.351455168600770307e-01 nan 8.945127048879299991e-01 1.247279462480000017e-01 9.803476940789999927e-02 7.520253667510000406e-02 1.557039999999999935e+01 2.285229999999999961e+01 2.373199999999999932e+01 -1.000000000000000000e+00 8.369004648850779660e-01 8.087365962098884697e-01
-5.515940000000000287e-01 -1.413680000000000048e+00 -1.071260000000000101e+00 -1.322549999999999892e+00 -1.705699999999999994e+00 -5.301050000000000484e-01 0.000000000000000000e+00 1.272611167866743997e-01 -6.396239999999999704e-01 0.000000000000000000e+00 1.149903753543649598e-01 nan 8.650546809331223219e-01 1.246369061089999952e-01 9.474995121700000023e-02 7.654265843219999754e-02 1.191869999999999941e+01 1.881869999999999976e+01 -1.000000000000000000e+00 -1.000000000000000000e+00 8.369004648850779660e-01 8.087365962098884697e-01
-5.522829999999999684e-01 -1.602489999999999970e+00 -1.190169999999999950e+00 -1.403899999999999926e+00 -1.730529999999999902e+00 -5.268089999999999717e-01 0.000000000000000000e+00 1.386462687145953998e-01 -4.325410000000000088e-01 0.000000000000000000e+00 9.967073863387498900e-02 nan 8.328288531561067742e-01 1.246369061089999952e-01 9.474995121700000023e-02 7.654265843219999754e-02 1.191869999999999941e+01 1.881869999999999976e+01 -1.000000000000000000e+00 -1.000000000000000000e+00 4.090310846000462242e-01 7.677850475674634634e-01
-5.527050000000000018e-01 -1.791879999999999917e+00 -1.291130000000000111e+00 -1.522299999999999986e+00 -1.676180000000000003e+00 -5.270759999999999890e-01 0.000000000000000000e+00 1.502122186599583742e-01 -3.635129999999999750e-01 0.000000000000000000e+00 8.936018430406666990e-02 nan 7.982003530623841270e-01 1.150119471850000047e-01 1.095981063410000067e-01 1.021554716869999963e-01 7.784659999999999691e+00 -1.000000000000000000e+00 -1.000000000000000000e+00 -1.000000000000000000e+00 4.090310846000462242e-01 7.677850475674634634e-01
-5.498490000000000322e-01 -1.289339999999999931e+00 -6.201809999999999823e-01 -1.415890000000000093e+00 -1.733049999999999979e+00 -5.280789999999999651e-01 0.000000000000000000e+00 1.618998508498530331e-01 -5.705959999999999921e-01 0.000000000000000000e+00 6.345661236112654091e-02 nan 7.615615353948628208e-01 1.150119471850000047e-01 1.095981063410000067e-01 1.021554716869999963e-01 7.784659999999999691e+00 -1.000000000000000000e+00 -1.000000000000000000e+00 -1.000000000000000000e+00 0.000000000000000000e+00 0.000000000000000000e+00
