-4.833169999999999966e-01 -2.134930000000000216e+00 -1.538589999999999902e+00 -1.756899999999999906e+00 -2.084159999999999791e+00 -4.569980000000000153e-01 1.262032240453869747e-02 1.866140056976846040e-01 -5.530829999999999913e-01 9.455810136747233585e-03 1.642287566591905668e-01 nan 7.716092677580557169e-01 7.398958869709999775e-02 6.731246353769999857e-02 9.846019555530000078e-02 -1.000000000000000000e+00 -1.000000000000000000e+00 -1.000000000000000000e+00 -1.000000000000000000e+00 0.000000000000000000e+00 0.000000000000000000e+00
-4.825860000000000150e-01 -1.166109999999999980e+00 -8.798040000000000305e-01 -1.643029999999999990e+00 -1.674479999999999968e+00 -4.570529999999999871e-01 1.693353771892402992e-02 1.827636898981916946e-01 -7.646439999999999904e-01 1.331575867547618586e-02 1.931679929761912495e-01 nan 8.094984775942937194e-01 6.232171800459999911e-02 8.929521555309999359e-02 6.537553685480000654e-02 5.053569999999999673e+00 -1.000000000000000000e+00 -1.000000000000000000e+00 -1.000000000000000000e+00 0.000000000000000000e+00 0.000000000000000000e+00
-4.809010000000000229e-01 -7.461900000000000199e-01 -5.317709999999999937e-01 -1.720830000000000082e+00 -1.837259999999999893e+00 -4.571479999999999988e-01 2.203270175709981515e-02 1.800922170130759836e-01 -8.821790000000000465e-01 1.784213155459213329e-02 2.260836551856911791e-01 nan 8.449421835921864243e-01 6.232171800459999911e-02 8.929521555309999359e-02 6.537553685480000654e-02 5.053569999999999673e+00 -1.000000000000000000e+00 -1.000000000000000000e+00 -1.000000000000000000e+00 0.000000000000000000e+00 0.000000000000000000e+00
-4.818279999999999785e-01 -9.237830000000000208e-01 -6.642839999999999856e-01 -1.759740000000000082e+00 -1.860209999999999919e+00 -4.575460000000000083e-01 2.809112532591728773e-02 1.787752411019647436e-01 -8.821790000000000465e-01 2.321231699063441845e-02 2.626027956824253939e-01 nan 8.775387944001916685e-01 7.313335415650000504e-02 1.084290741830000043e-01 6.186513713120000285e-02 6.291129999999999889e+00 1.108290000000000042e+01 -1.000000000000000000e+00 -1.000000000000000000e+00 0.000000000000000000e+00 0.000000000000000000e+00
-4.832690000000000041e-01 -1.919859999999999900e+00 -1.397440000000000015e+00 -1.864230000000000054e+00 -1.982420000000000071e+00 -4.580119999999999747e-01 3.526331089545597930e-02 1.789730692325404160e-01 -7.646439999999999904e-01 2.959414246670166726e-02 3.023116380122579105e-01 nan 9.069189773929094978e-01 7.313335415650000504e-02 1.084290741830000043e-01 6.186513713120000285e-02 6.291129999999999889e+00 1.108290000000000042e+01 -1.000000000000000000e+00 -1.000000000000000000e+00 7.822725560875880557e-01 7.562362816857305381e-01
-4.830400000000000249e-01 -1.477970000000000006e+00 -1.128900000000000015e+00 -1.735589999999999966e+00 -1.902220000000000022e+00 -4.580899999999999972e-01 4.368504669776629434e-02 1.808288451374081562e-01 -5.530829999999999913e-01 3.714397318000861592e-02 3.447602651247433370e-01 nan 9.327498433573071512e-01 8.975285047570000230e-02 1.107797290090000025e-01 6.134374114019999769e-02 1.148349999999999937e+01 1.327849999999999930e+01 1.296979999999999933e+01 -1.000000000000000000e+00 7.822725560875880557e-01 7.562362816857305381e-01
-4.833419999999999939e-01 -2.253569999999999851e+00 -1.718399999999999928e+00 -1.605169999999999986e+00 -1.870919999999999916e+00 -4.574960000000000138e-01 5.348443441771222329e-02 1.844669273384080821e-01 -2.710000000000000187e-01 4.600494036172009249e-02 3.894677171130864757e-01 nan 9.547387182605178158e-01 8.975285047570000230e-02 1.107797290090000025e-01 6.134374114019999769e-02 1.148349999999999937e+01 1.327849999999999930e+01 1.296979999999999933e+01 -1.000000000000000000e+00 9.063323828482271471e-01 8.775927425789376013e-01
-4.832949999999999746e-01 -1.998799999999999910e+00 -1.524809999999999999e+00 -1.693119999999999958e+00 -1.898349999999999982e+00 -4.565080000000000249e-01 6.477348219647394156e-02 1.899914801148715471e-01 -3.415210000000000190e-01 5.630531954291106977e-02 4.359274406820680126e-01 nan 9.726364593635793421e-01 7.720192062660000132e-02 1.411746084030000015e-01 6.599085769540000146e-02 7.540149999999999686e+00 1.303689999999999927e+01 1.578430000000000000e+01 1.684049999999999869e+01 9.063323828482271471e-01 8.775927425789376013e-01
-4.829229999999999912e-01 -1.418690000000000007e+00 -9.614869999999999806e-01 -1.670279999999999987e+00 -1.855750000000000011e+00 -4.555870000000000197e-01 7.763624682919301190e-02 1.974852932807145134e-01 -7.411370000000000458e-01 6.815707714154251029e-02 4.836130285992877864e-01 nan 9.862402781082197922e-01 7.720192062660000132e-02 1.411746084030000015e-01 6.599085769540000146e-02 7.540149999999999686e+00 1.303689999999999927e+01 1.578430000000000000e+01 1.684049999999999869e+01 8.116909668047560533e-01 8.127775653435863612e-01
-4.805599999999999872e-01 -6.984569999999999945e-01 -4.910320000000000240e-01 -1.757390000000000008e+00 -1.840459999999999985e+00 -4.544270000000000254e-01 9.213971192854786274e-02 2.070088441427648807e-01 -8.821790000000000465e-01 8.165460183820583140e-02 5.319841840994494753e-01 nan 9.953960377922519420e-01 4.807714426279999925e-02 1.153295386779999987e-01 1.013993107469999960e-01 1.082370000000000054e+01 1.658040000000000092e+01 1.979139999999999944e+01 2.435529999999999973e+01 8.116909668047560533e-01 8.127775653435863612e-01
-4.790289999999999826e-01 -5.499920000000000364e-01 -3.324719999999999898e-01 -1.742439999999999989e+00 -1.846680000000000099e+00 -4.551600000000000090e-01 1.083429820299158797e-01 2.185996122687106080e-01 -8.821790000000000465e-01 9.687363511465718613e-02 5.804928426626032589e-01 nan 1.000000000000000000e+00 4.807714426279999925e-02 1.153295386779999987e-01 1.013993107469999960e-01 1.082370000000000054e+01 1.658040000000000092e+01 1.979139999999999944e+01 2.435529999999999973e+01 6.956259751439177741e-01 6.921226390950503404e-01
-4.818100000000000160e-01 -9.141569999999999974e-01 -6.713320000000000398e-01 -1.685400000000000009e+00 -1.741829999999999989e+00 -4.564529999999999976e-01 1.262851351820720724e-01 2.322716548286212213e-01 -8.821790000000000465e-01 1.138704130725635144e-01 6.285893818041519143e-01 nan 1.000000000000000000e+00 4.264125729249999830e-02 1.134261755980000008e-01 1.617516639440000070e-01 5.950129999999999697e+00 2.042620000000000147e+01 2.972220000000000084e+01 3.516069999999999851e+01 6.956259751439177741e-01 6.921226390950503404e-01
-4.828459999999999974e-01 -1.300769999999999982e+00 -1.023209999999999953e+00 -1.709379999999999900e+00 -1.853990000000000027e+00 -4.578079999999999927e-01 1.459819688296638551e-01 2.480154473215946398e-01 -8.351650000000000462e-01 1.326810292560001159e-01 6.757288485172201487e-01 nan 9.953960377922518310e-01 4.264125729249999830e-02 1.134261755980000008e-01 1.617516639440000070e-01 5.950129999999999697e+00 2.042620000000000147e+01 2.972220000000000084e+01 3.516069999999999851e+01 7.479313498681874339e-01 7.068307796067191395e-01
-4.832509999999999861e-01 -1.823350000000000026e+00 -1.460090000000000110e+00 -1.706020000000000092e+00 -1.819229999999999903e+00 -4.580429999999999779e-01 1.674264439740513755e-01 2.657979914921577702e-01 -7.176310000000000189e-01 1.533210256971744290e-01 7.213771338079735251e-01 nan 9.862402781082197922e-01 5.027452881939999813e-02 1.177359388680000035e-01 1.641444629990000126e-01 1.440939999999999976e+01 2.733749999999999858e+01 3.768950000000000244e+01 4.397809999999999775e+01 7.479313498681874339e-01 7.068307796067191395e-01
-4.832049999999999956e-01 -1.679850000000000065e+00 -1.398050000000000015e+00 -1.768820000000000059e+00 -1.908039999999999958e+00 -4.581870000000000109e-01 1.905925185317938197e-01 2.855631892136867300e-01 -7.646439999999999904e-01 1.757852168189899533e-01 7.650170243639383694e-01 nan 9.726364593635793421e-01 5.027452881939999813e-02 1.177359388680000035e-01 1.641444629990000126e-01 1.440939999999999976e+01 2.733749999999999858e+01 3.768950000000000244e+01 4.397809999999999775e+01 6.777909291440253892e-01 7.245467875433941884e-01
-4.832569999999999921e-01 -1.908919999999999950e+00 -1.347879999999999967e+00 -1.642430000000000057e+00 -1.793179999999999996e+00 -4.582169999999999854e-01 2.154334000018776063e-01 3.072324781025970175e-01 -7.176310000000000189e-01 2.000477481897074972e-01 8.061540627875003473e-01 nan 9.547387182605178158e-01 5.698869231169999966e-02 8.042966631549999801e-02 1.758488953750000083e-01 1.085369999999999990e+01 3.516519999999999868e+01 4.590100000000000335e+01 5.753170000000000073e+01 6.777909291440253892e-01 7.245467875433941884e-01
-4.832659999999999734e-01 -1.936190000000000078e+00 -1.402879999999999905e+00 -1.570999999999999952e+00 -1.726010000000000044e+00 -4.582330000000000014e-01 2.418802008355819266e-01 3.307057216615413298e-01 -6.706170000000000186e-01 2.260623894639877118e-01 8.443221499957936915e-01 nan 9.327498433573073733e-01 5.698869231169999966e-02 8.042966631549999801e-02 1.758488953750000083e-01 1.085369999999999990e+01 3.516519999999999868e+01 4.590100000000000335e+01 5.753170000000000073e+01 5.881422499596492548e-01 7.361386690111371145e-01
-4.832049999999999956e-01 -1.724790000000000045e+00 -1.357620000000000049e+00 -1.662749999999999950e+00 -1.824989999999999890e+00 -4.581760000000000277e-01 2.698444907693080541e-01 3.558623438659371807e-01 -8.116579999999999906e-01 2.537630581911760608e-01 8.790888263095550936e-01 nan 9.069189773929094978e-01 1.013778301260000042e-01 7.484741216739999869e-02 2.075232471990000049e-01 2.124810000000000088e+01 4.487780000000000058e+01 6.182300000000000040e+01 7.267140000000000555e+01 5.881422499596492548e-01 7.361386690111371145e-01
-4.831650000000000111e-01 -1.725929999999999964e+00 -1.169589999999999907e+00 -1.559800000000000075e+00 -1.686280000000000001e+00 -4.581310000000000104e-01 2.992200332529223461e-01 3.825626953385053985e-01 -8.351650000000000462e-01 2.830645685558741409e-01 9.100601713940901227e-01 nan 8.775387944001916685e-01 1.013778301260000042e-01 7.484741216739999869e-02 2.075232471990000049e-01 2.124810000000000088e+01 4.487780000000000058e+01 6.182300000000000040e+01 7.267140000000000555e+01 8.980739226340990200e-01 8.703274932330510305e-01
-4.832509999999999861e-01 -1.818959999999999910e+00 -1.472690000000000055e+00 -1.470229999999999926e+00 -1.667219999999999924e+00 -4.578249999999999820e-01 3.298814459953457456e-01 4.106496356325152197e-01 -7.411370000000000458e-01 3.138635965672669226e-01 9.368852675340696434e-01 nan 8.449421835921866464e-01 1.793577588509999987e-01 1.084291897040000063e-01 1.943963430110000057e-01 2.521859999999999857e+01 6.983520000000000039e+01 9.241459999999999297e+01 9.804930000000000234e+01 8.980739226340990200e-01 8.703274932330510305e-01
-4.830110000000000237e-01 -1.534589999999999899e+00 -1.016820000000000057e+00 -1.627660000000000107e+00 -1.610500000000000043e+00 -4.552410000000000068e-01 3.616860530394240270e-01 4.399503136958363703e-01 -7.646439999999999904e-01 3.460398507612244545e-01 9.592601756714630445e-01 nan 8.094984775942938304e-01 1.793577588509999987e-01 1.084291897040000063e-01 1.943963430110000057e-01 2.521859999999999857e+01 6.983520000000000039e+01 9.241459999999999297e+01 9.804930000000000234e+01 7.547640824231990342e-01 8.249595789587780281e-01
-4.821300000000000030e-01 -1.028969999999999940e+00 -7.440900000000000292e-01 -1.627739999999999965e+00 -1.647219999999999906e+00 -4.199450000000000127e-01 3.944762481486274730e-01 4.702781263424269387e-01 -8.586719999999999908e-01 3.794574351506566634e-01 9.769313791565140681e-01 nan 7.716092677580558279e-01 2.751802938880000271e-01 1.582545294100000111e-01 2.017245827320000018e-01 3.192310000000000159e+01 9.226980000000000359e+01 1.134200000000000017e+02 1.111370000000000005e+02 7.547640824231990342e-01 8.249595789587780281e-01
-4.806739999999999902e-01 -8.055419999999999803e-01 -4.595279999999999920e-01 -1.572770000000000001e+00 -1.473119999999999985e+00 -2.388990000000000002e-01 4.280810026981072269e-01 5.014348325409948570e-01 -7.881510000000000460e-01 4.139663889813485209e-01 9.896986561926827131e-01 nan 7.317038539706772760e-01 2.751802938880000271e-01 1.582545294100000111e-01 2.017245827320000018e-01 3.192310000000000159e+01 9.226980000000000359e+01 1.134200000000000017e+02 1.111370000000000005e+02 1.506483025770699591e-01 4.570332611726166672e-01
-4.635699999999999821e-01 -1.165309999999999957e-01 2.017639999999999989e-01 -1.265830000000000011e+00 -9.183040000000000092e-01 2.123480000000000090e-01 4.623166645886528370e-01 5.332127995650948193e-01 -7.646439999999999904e-01 4.494043858472263064e-01 9.974173484296037229e-01 nan 6.902343805157633572e-01 3.238612938000000052e-01 1.893793385679999886e-01 2.186475694510000012e-01 2.945349999999999824e+01 7.924089999999999634e+01 1.005600000000000023e+02 1.014560000000000031e+02 1.506483025770699591e-01 4.570332611726166672e-01
-2.670170000000000043e-01 7.349790000000000489e-01 9.442469999999999475e-01 -6.198770000000000113e-01 3.238970000000000043e-02 9.887160000000000393e-01 4.969879485357248106e-01 5.653973555548850172e-01 -7.646439999999999904e-01 4.855985729134008055e-01 1.000000000000000000e+00 nan 6.476707130979193483e-01 3.238612938000000052e-01 1.893793385679999886e-01 2.186475694510000012e-01 2.945349999999999824e+01 7.924089999999999634e+01 1.005600000000000023e+02 1.014560000000000031e+02 1.580513261957281479e-01 3.622056490098726211e-01
1.036440000000000028e+00 1.437939999999999996e+00 1.548759999999999915e+00 -8.390410000000000368e-01 -1.669499999999999873e-01 1.792499999999999982e+00 5.318931420735313331e-01 5.977692218350777464e-01 -7.411370000000000458e-01 5.223675294078553577e-01 9.974173484296037229e-01 nan 6.044951150765678349e-01 4.106407034760000130e-01 1.668365411889999872e-01 2.039313877310000023e-01 1.966890000000000072e+01 6.154540000000000077e+01 8.184390000000000498e+01 8.841979999999999507e+01 1.580513261957281479e-01 3.622056490098726211e-01
1.988059999999999938e+00 1.613620000000000054e+00 1.740869999999999918e+00 -4.170420000000000238e-01 3.680760000000000143e-01 2.752699999999999925e+00 5.668260860586420424e-01 6.301069974299496890e-01 -7.646439999999999904e-01 5.595233221912845334e-01 9.896986561926828241e-01 nan 5.611967832293841552e-01 4.106407034760000130e-01 1.668365411889999872e-01 2.039313877310000023e-01 1.966890000000000072e+01 6.154540000000000077e+01 8.184390000000000498e+01 8.841979999999999507e+01 1.580567063001021566e-01 4.212730595642054654e-01
2.192270000000000163e+00 1.642249999999999988e+00 1.788799999999999946e+00 -2.522750000000000270e-01 5.357220000000000315e-01 3.069659999999999833e+00 6.015752724625694770e-01 6.621896676248639757e-01 -7.646439999999999904e-01 5.968736351146570751e-01 9.769313791565144012e-01 nan 5.182663049573326131e-01 5.450644480099999800e-01 1.035499943590000027e-01 1.828422614309999916e-01 2.664339999999999975e+01 6.397460000000000235e+01 7.935999999999999943e+01 8.238569999999999993e+01 1.580567063001021566e-01 4.212730595642054654e-01
2.379910000000000192e+00 1.666430000000000078e+00 1.810370000000000035e+00 -2.353010000000000101e-01 3.970980000000000065e-01 2.897409999999999819e+00 6.359320733207396437e-01 6.937991081513006364e-01 -7.646439999999999904e-01 6.342239480380296168e-01 9.592601756714631556e-01 nan 4.761900997333843311e-01 5.450644480099999800e-01 1.035499943590000027e-01 1.828422614309999916e-01 2.664339999999999975e+01 6.397460000000000235e+01 7.935999999999999943e+01 8.238569999999999993e+01 1.696777317479958302e-01 4.149953783018044406e-01
2.770980000000000221e+00 1.712599999999999900e+00 1.821010000000000018e+00 1.055230000000000057e-01 7.923949999999999605e-01 2.667640000000000011e+00 6.696950791328180053e-01 7.247225566219757109e-01 -7.646439999999999904e-01 6.713797408214587925e-01 9.368852675340696434e-01 nan 4.354449077755251363e-01 6.748080097019999446e-01 5.019586502580000026e-02 1.418581020190000097e-01 1.599799999999999933e+01 4.766919999999999646e+01 6.526999999999999602e+01 7.306119999999999948e+01 1.696777317479958302e-01 4.149953783018044406e-01
2.370480000000000143e+00 1.665280000000000094e+00 1.759239999999999915e+00 3.152519999999999767e-01 1.197100000000000053e+00 2.812609999999999832e+00 7.026757303892852136e-01 7.547550232137063553e-01 -7.646439999999999904e-01 7.081486973159133447e-01 9.100601713940901227e-01 nan 3.964923883895901113e-01 6.748080097019999446e-01 5.019586502580000026e-02 1.418581020190000097e-01 1.599799999999999933e+01 4.766919999999999646e+01 6.526999999999999602e+01 7.306119999999999948e+01 1.949211814709205237e-01 4.302183790033391464e-01
2.452519999999999811e+00 1.675419999999999909e+00 1.742560000000000109e+00 4.955220000000000180e-01 1.035109999999999975e+00 2.846270000000000078e+00 7.346775243795400367e-01 7.845428456828740238e-01 -7.411370000000000458e-01 7.443428843820880658e-01 8.790888263095550936e-01 nan 3.554493645763563414e-01 7.321541477149999810e-01 3.691683136539999910e-02 1.058005129390000021e-01 8.307570000000000121e+00 2.372230000000000061e+01 4.088940000000000197e+01 5.206190000000000140e+01 1.949211814709205237e-01 4.302183790033391464e-01
2.591720000000000024e+00 1.692129999999999912e+00 1.759279999999999955e+00 6.060429999999999984e-01 1.300750000000000073e+00 2.668789999999999996e+00 7.655240980140718410e-01 8.131415154175910542e-01 -7.646439999999999904e-01 7.767909068704346165e-01 8.443221499957940246e-01 nan 3.166486614022896440e-01 7.321541477149999810e-01 3.691683136539999910e-02 1.058005129390000021e-01 8.307570000000000121e+00 2.372230000000000061e+01 4.088940000000000197e+01 5.206190000000000140e+01 2.087695701296604645e-01 4.479765392362605736e-01
2.758280000000000065e+00 1.711200000000000054e+00 1.773600000000000065e+00 6.159139999999999615e-01 1.250359999999999916e+00 2.760289999999999910e+00 7.950548656241538392e-01 8.404346912114184498e-01 -7.646439999999999904e-01 8.082124882108574493e-01 8.061540627875005693e-01 nan 2.802095997968038210e-01 7.467489208430000414e-01 3.622778117159999867e-02 9.654162091710000171e-02 4.905030000000000001e+00 1.431930000000000014e+01 2.417930000000000135e+01 3.723190000000000310e+01 2.087695701296604645e-01 4.479765392362605736e-01
2.877320000000000100e+00 1.724409999999999998e+00 1.771719999999999962e+00 6.390839999999999854e-01 1.262119999999999909e+00 2.996739999999999959e+00 8.231027941856432495e-01 8.663208236259158923e-01 -7.411370000000000458e-01 8.382516093313425731e-01 7.650170243639384804e-01 nan 2.462247423466764618e-01 7.467489208430000414e-01 3.622778117159999867e-02 9.654162091710000171e-02 4.905030000000000001e+00 1.431930000000000014e+01 2.417930000000000135e+01 3.723190000000000310e+01 2.115564641954054137e-01 4.613117192416199552e-01
2.868790000000000173e+00 1.723260000000000014e+00 1.780049999999999910e+00 6.663470000000000226e-01 1.252029999999999976e+00 2.800060000000000215e+00 8.495020618948967428e-01 8.907143055863576686e-01 -7.646439999999999904e-01 8.665679149865712638e-01 7.213771338079736362e-01 nan 2.147588445249548617e-01 7.601254647170000434e-01 3.650476660440000326e-02 9.273181117480000513e-02 4.526200000000000223e+00 1.000980000000000025e+01 1.758190000000000097e+01 2.585640000000000072e+01 2.115564641954054137e-01 4.613117192416199552e-01
2.879500000000000171e+00 1.724560000000000093e+00 1.781220000000000026e+00 7.185529999999999973e-01 1.268219999999999903e+00 2.549560000000000048e+00 8.741240952733621006e-01 9.121886192944187455e-01 -7.646439999999999904e-01 8.928405701188480981e-01 6.757288485172203707e-01 nan 1.858481209855711302e-01 7.601254647170000434e-01 3.650476660440000326e-02 9.273181117480000513e-02 4.526200000000000223e+00 1.000980000000000025e+01 1.758190000000000097e+01 2.585640000000000072e+01 2.133372787432076256e-01 4.646598159149005758e-01
2.808650000000000091e+00 1.716800000000000104e+00 1.770750000000000046e+00 7.376019999999999799e-01 1.202350000000000030e+00 2.699980000000000047e+00 8.968878534645976508e-01 9.306485297180582261e-01 -7.411370000000000458e-01 9.167718950475038930e-01 6.285893818041523584e-01 nan 1.594998352368427463e-01 7.296162052810000187e-01 4.695594386739999904e-02 9.802533953919999321e-02 4.374380000000000379e+00 1.045650000000000013e+01 1.726480000000000103e+01 2.191250000000000142e+01 2.133372787432076256e-01 4.646598159149005758e-01
2.599800000000000111e+00 1.693070000000000075e+00 1.757589999999999986e+00 7.493750000000000133e-01 1.087199999999999944e+00 2.585869999999999891e+00 9.176993368326664680e-01 9.472869326940672741e-01 -7.411370000000000458e-01 9.380907382986248821e-01 5.804928426626034810e-01 nan 1.356922173430208378e-01 7.296162052810000187e-01 4.695594386739999904e-02 9.802533953919999321e-02 4.374380000000000379e+00 1.045650000000000013e+01 1.726480000000000103e+01 2.191250000000000142e+01 2.167590251250874900e-01 4.651084367820936816e-01
2.436669999999999892e+00 1.673489999999999922e+00 1.739880000000000093e+00 6.606919999999999460e-01 1.138079999999999981e+00 2.020070000000000032e+00 9.363951071427111250e-01 9.619153084683585986e-01 -7.646439999999999904e-01 9.565555488595982592e-01 5.319841840994496973e-01 nan 1.143747105863610614e-01 7.027657126440000068e-01 5.321649256730000277e-02 1.111160543490000013e-01 4.835939999999999905e+00 1.330450000000000088e+01 1.729390000000000072e+01 2.119330000000000069e+01 2.167590251250874900e-01 4.651084367820936816e-01
2.348539999999999850e+00 1.662460000000000049e+00 1.727039999999999909e+00 4.624690000000000190e-01 1.056920000000000082e+00 1.647319999999999895e+00 9.529941101416176119e-01 9.743679116982072452e-01 -7.646439999999999904e-01 9.719571130486043264e-01 4.836130285992880085e-01 nan 9.546854429493700778e-02 7.027657126440000068e-01 5.321649256730000277e-02 1.111160543490000013e-01 4.835939999999999905e+00 1.330450000000000088e+01 1.729390000000000072e+01 2.119330000000000069e+01 2.226825200408887317e-01 4.598935955607610371e-01
1.981449999999999934e+00 1.612370000000000081e+00 1.687920000000000087e+00 4.843580000000000108e-01 9.011620000000000186e-01 1.540610000000000035e+00 9.675607990766295075e-01 9.845036494132114457e-01 -7.646439999999999904e-01 9.841209249892287625e-01 4.359274406820682346e-01 nan 7.886762634582888953e-02 6.984557643319999620e-01 4.818060051649999953e-02 1.167078281410000029e-01 7.267420000000000435e+00 1.477050000000000018e+01 1.863279999999999959e+01 1.865350000000000108e+01 2.226825200408887317e-01 4.598935955607610371e-01
1.812200000000000033e+00 1.586689999999999934e+00 1.662730000000000041e+00 4.734800000000000120e-01 1.111369999999999969e+00 1.298210000000000086e+00 9.794057806070652905e-01 9.922076796550247657e-01 -7.646439999999999904e-01 9.929091638317716351e-01 3.894677171130866977e-01 nan 6.443974523126705378e-02 6.984557643319999620e-01 4.818060051649999953e-02 1.167078281410000029e-01 7.267420000000000435e+00 1.477050000000000018e+01 1.863279999999999959e+01 1.865350000000000108e+01 2.280464841017916244e-01 4.442069196005166143e-01
1.649610000000000021e+00 1.560259999999999980e+00 1.623620000000000063e+00 4.848740000000000272e-01 9.331970000000000542e-01 1.018119999999999914e+00 9.880854303473345368e-01 9.973927126826332978e-01 -6.941239999999999633e-01 9.982222553185450264e-01 3.447602651247435590e-01 nan 5.202806806784598948e-02 7.202115334280000392e-01 4.069450831270000207e-02 1.099189153359999976e-01 6.534650000000000070e+00 1.447489999999999988e+01 1.661720000000000041e+01 1.723959999999999937e+01 2.280464841017916244e-01 4.442069196005166143e-01
1.465260000000000007e+00 1.527749999999999941e+00 1.595010000000000039e+00 4.652700000000000169e-01 1.056510000000000060e+00 6.639300000000000201e-01 9.942145751106156171e-01 1.000000000000000000e+00 -6.706170000000000186e-01 1.000000000000000000e+00 3.023116380122581326e-01 nan 4.145291757575875202e-02 7.202115334280000392e-01 4.069450831270000207e-02 1.099189153359999976e-01 6.534650000000000070e+00 1.447489999999999988e+01 1.661720000000000041e+01 1.723959999999999937e+01 2.288427395491473559e-01 4.356650578540266494e-01
1.177189999999999959e+00 1.469950000000000090e+00 1.560650000000000093e+00 1.783369999999999955e-01 8.372859999999999747e-01 5.670600000000000085e-01 9.982011548419413849e-01 9.999999999999998890e-01 -7.411370000000000458e-01 9.982222553185451375e-01 2.626027956824255050e-01 nan 3.251380789417390726e-02 7.328563489260000452e-01 3.578023431380000091e-02 1.089324697789999935e-01 5.741270000000000095e+00 1.344180000000000064e+01 1.563480000000000025e+01 1.752179999999999893e+01 2.288427395491473559e-01 4.356650578540266494e-01
9.884849999999999470e-01 1.426379999999999981e+00 1.510270000000000001e+00 1.328479999999999939e-01 7.623240000000000016e-01 3.866339999999999777e-01 1.000000000000000000e+00 9.973927126826332978e-01 -7.646439999999999904e-01 9.929091638317717461e-01 2.260836551856911791e-01 nan 2.499171616614792590e-02 7.328563489260000452e-01 3.578023431380000091e-02 1.089324697789999935e-01 5.741270000000000095e+00 1.344180000000000064e+01 1.563480000000000025e+01 1.752179999999999893e+01 2.226556195190186882e-01 4.495602612238015494e-01
8.351079999999999615e-01 1.386740000000000084e+00 1.464150000000000063e+00 3.858449999999999935e-01 9.064950000000000507e-01 1.595930000000000126e-01 9.995907289503682680e-01 9.922076796550247657e-01 -7.646439999999999904e-01 9.841209249892287625e-01 1.931679929761912495e-01 nan 1.865156415511182164e-02 7.147892032789999739e-01 3.987517631970000087e-02 1.062627862230000053e-01 4.388829999999999565e+00 1.159430000000000049e+01 1.547739999999999938e+01 1.749080000000000013e+01 2.226556195190186882e-01 4.495602612238015494e-01
6.260409999999999586e-01 1.324410000000000087e+00 1.413829999999999920e+00 2.938080000000000136e-01 7.398869999999999614e-01 1.112270000000000064e-01 9.969779788975750012e-01 9.845036494132115568e-01 -7.881510000000000460e-01 9.719571130486043264e-01 1.642287566591907888e-01 nan 1.324488177522431531e-02 7.147892032789999739e-01 3.987517631970000087e-02 1.062627862230000053e-01 4.388829999999999565e+00 1.159430000000000049e+01 1.547739999999999938e+01 1.749080000000000013e+01 2.123258191208908796e-01 4.656383513634761995e-01
3.914590000000000014e-01 1.238739999999999952e+00 1.350640000000000063e+00 3.376399999999999957e-01 7.340999999999999748e-01 3.657040000000000290e-02 9.921913533437203281e-01 9.743679116982074673e-01 -7.646439999999999904e-01 9.565555488595982592e-01 1.395938393456931381e-01 nan 8.512622356727339579e-03 6.899238767230000402e-01 4.678488982730000245e-02 1.094488670949999992e-01 3.820660000000000167e+00 7.304870000000000196e+00 1.056819999999999915e+01 1.784600000000000009e+01 2.123258191208908796e-01 4.656383513634761995e-01
2.297069999999999945e-01 1.165499999999999980e+00 1.282790000000000097e+00 1.337740000000000040e-01 6.240219999999999656e-01 -4.532629999999999992e-02 9.852850866689680798e-01 9.619153084683585986e-01 -7.881510000000000460e-01 9.380907382986248821e-01 1.195423644924741291e-01 nan 4.188097748224484107e-03 6.899238767230000402e-01 4.678488982730000245e-02 1.094488670949999992e-01 3.820660000000000167e+00 7.304870000000000196e+00 1.056819999999999915e+01 1.784600000000000009e+01 2.032926238769031668e-01 4.663188098600242748e-01
5.596940000000000248e-02 1.064789999999999903e+00 1.209100000000000064e+00 1.086879999999999964e-02 3.938539999999999819e-01 -1.375439999999999996e-01 9.763374296343471093e-01 9.472869326940672741e-01 -7.881510000000000460e-01 9.167718950475038930e-01 1.043015233217834403e-01 nan 0.000000000000000000e+00 6.818926591039999874e-01 5.151504852250000238e-02 1.060714188460000068e-01 2.385380000000000056e+00 7.205359999999999765e+00 1.239259999999999984e+01 1.944859999999999900e+01 2.032926238769031668e-01 4.663188098600242748e-01
-7.839799999999999547e-02 9.610379999999999479e-01 1.159470000000000001e+00 1.008590000000000042e-01 3.544590000000000241e-01 -1.705270000000000119e-01 9.654497627693622297e-01 9.306485297180583371e-01 -7.881510000000000460e-01 8.928405701188480981e-01 8.017129445554560530e-02 nan 0.000000000000000000e+00 6.818926591039999874e-01 5.151504852250000238e-02 1.060714188460000068e-01 2.385380000000000056e+00 7.205359999999999765e+00 1.239259999999999984e+01 1.944859999999999900e+01 1.981008231559692190e-01 4.650602627292407254e-01
-1.241659999999999986e-01 9.177349999999999675e-01 1.139189999999999925e+00 -5.716220000000000329e-02 2.010530000000000095e-01 -2.388270000000000115e-01 9.527454476900846236e-01 9.121886192944187455e-01 -7.881510000000000460e-01 8.665679149865712638e-01 5.983262741921790973e-02 nan 0.000000000000000000e+00 6.513083630229999921e-01 6.354395375849999916e-02 9.764853084140000250e-02 3.933730000000000171e+00 1.233559999999999945e+01 1.916910000000000025e+01 2.698450000000000060e+01 1.981008231559692190e-01 4.650602627292407254e-01
-1.665030000000000121e-01 8.725549999999999695e-01 1.048999999999999932e+00 -1.505319999999999991e-01 7.838970000000000660e-03 -2.698019999999999863e-01 9.383684293627491124e-01 8.907143055863577796e-01 -7.881510000000000460e-01 8.382516093313426842e-01 4.248845136408518908e-02 nan 0.000000000000000000e+00 6.513083630229999921e-01 6.354395375849999916e-02 9.764853084140000250e-02 3.933730000000000171e+00 1.233559999999999945e+01 1.916910000000000025e+01 2.698450000000000060e+01 1.974552106310862865e-01 4.700221901730953222e-01
-1.637699999999999989e-01 8.760930000000000106e-01 1.114440000000000097e+00 -3.075709999999999833e-01 -1.376570000000000016e-01 -2.888970000000000149e-01 9.224816051497692904e-01 8.663208236259161144e-01 -7.646439999999999904e-01 8.082124882108575603e-01 2.730776666207790360e-02 nan 0.000000000000000000e+00 6.333518437280000191e-01 7.989469084410000255e-02 7.328171076999999423e-02 7.771779999999999688e+00 1.653389999999999915e+01 2.411420000000000030e+01 3.239209999999999923e+01 1.974552106310862865e-01 4.700221901730953222e-01
-3.002889999999999726e-01 6.746520000000000294e-01 7.835750000000000215e-01 -2.011739999999999917e-01 -2.639589999999999992e-01 -3.254239999999999911e-01 9.045890687248596684e-01 8.404346912114184498e-01 -7.176310000000000189e-01 7.767909068704346165e-01 1.343506046360765094e-02 nan 0.000000000000000000e+00 6.333518437280000191e-01 7.989469084410000255e-02 7.328171076999999423e-02 7.771779999999999688e+00 1.653389999999999915e+01 2.411420000000000030e+01 3.239209999999999923e+01 1.904018937967395519e-01 4.699408964589060211e-01
-2.905869999999999842e-01 6.980790000000000051e-01 9.874180000000000179e-01 -8.597270000000000190e-01 -4.724409999999999998e-01 -3.519510000000000138e-01 8.840679416648193900e-01 8.131415154175911653e-01 -7.646439999999999904e-01 7.443428843820880658e-01 0.000000000000000000e+00 nan 0.000000000000000000e+00 6.633482286170000464e-01 7.259892755199999492e-02 6.309759213519999799e-02 6.655579999999999607e+00 2.209909999999999997e+01 3.096099999999999852e+01 3.824949999999999761e+01 1.904018937967395519e-01 4.699408964589060211e-01
-3.174540000000000139e-01 6.401160000000000183e-01 9.091749999999999554e-01 -4.514670000000000072e-01 -4.484980000000000078e-01 -3.321959999999999913e-01 8.615800734534212468e-01 7.845428456828740238e-01 -7.646439999999999904e-01 7.081486973159134557e-01 0.000000000000000000e+00 nan 0.000000000000000000e+00 6.633482286170000464e-01 7.259892755199999492e-02 6.309759213519999799e-02 6.655579999999999607e+00 2.209909999999999997e+01 3.096099999999999852e+01 3.824949999999999761e+01 1.685855705600689536e-01 4.691400028302256109e-01
-4.168089999999999851e-01 3.098369999999999735e-01 5.812720000000000109e-01 -7.184059999999999890e-01 -6.287909999999999888e-01 -3.701800000000000090e-01 8.378893706290500010e-01 7.547550232137064663e-01 -7.176310000000000189e-01 6.713797408214590146e-01 0.000000000000000000e+00 nan 0.000000000000000000e+00 6.130587762629999826e-01 6.434514319089999768e-02 6.564942250730000650e-02 1.319519999999999982e+01 3.314789999999999992e+01 4.596170000000000044e+01 5.038600000000000279e+01 1.685855705600689536e-01 4.691400028302256109e-01
-3.836930000000000063e-01 4.602459999999999885e-01 8.146660000000000013e-01 -6.646180000000000421e-01 -4.014820000000000055e-01 -3.974630000000000107e-01 8.130957875859270434e-01 7.239078627921701203e-01 -7.646439999999999904e-01 6.342239480380296168e-01 0.000000000000000000e+00 nan 0.000000000000000000e+00 6.130587762629999826e-01 6.434514319089999768e-02 6.564942250730000650e-02 1.319519999999999982e+01 3.314789999999999992e+01 4.596170000000000044e+01 5.038600000000000279e+01 1.582934308925593170e-01 4.944133153082085341e-01
-2.793390000000000040e-01 7.156810000000000116e-01 9.886430000000000495e-01 -3.779159999999999742e-01 -1.366239999999999954e-01 -4.082520000000000038e-01 7.872719075940122213e-01 6.921431819226371296e-01 -7.881510000000000460e-01 5.968736351146571861e-01 0.000000000000000000e+00 nan 0.000000000000000000e+00 3.667331184329999938e-01 4.568158077679999873e-02 5.769754046259999852e-02 1.787900000000000134e+01 4.645479999999999876e+01 5.869930000000000092e+01 6.305279999999999774e+01 1.582934308925593170e-01 4.944133153082085341e-01
-4.388810000000000211e-01 1.681779999999999942e-01 4.942840000000000011e-01 2.270140000000000005e-02 2.387399999999999939e-02 -4.292409999999999837e-01 7.604869956779209961e-01 6.596131939827780677e-01 -7.411370000000000458e-01 5.595233221912847554e-01 0.000000000000000000e+00 nan 0.000000000000000000e+00 3.667331184329999938e-01 4.568158077679999873e-02 5.769754046259999852e-02 1.787900000000000134e+01 4.645479999999999876e+01 5.869930000000000092e+01 6.305279999999999774e+01 5.253671921235272269e-01 6.922882374017325091e-01
-4.536200000000000232e-01 4.577799999999999925e-02 3.898070000000000146e-01 2.894209999999999838e-01 5.062900000000000178e-01 -4.485609999999999875e-01 7.328134181753900300e-01 6.264787835851712838e-01 -5.060689999999999911e-01 5.223675294078555797e-01 0.000000000000000000e+00 nan 0.000000000000000000e+00 2.053907959809999906e-01 2.311898030870000037e-02 4.295207764410000073e-02 1.725199999999999889e+01 4.165650000000000119e+01 5.736220000000000141e+01 6.341270000000000095e+01 5.253671921235272269e-01 6.922882374017325091e-01
-4.565400000000000014e-01 -2.297179999999999795e-03 1.633479999999999932e-01 9.423319999999999474e-01 7.400160000000000071e-01 -4.516140000000000154e-01 7.043409339055843876e-01 5.929076836903566239e-01 3.636849999999999805e-01 4.855985729134009166e-01 0.000000000000000000e+00 nan 0.000000000000000000e+00 2.053907959809999906e-01 2.311898030870000037e-02 4.295207764410000073e-02 1.725199999999999889e+01 4.165650000000000119e+01 5.736220000000000141e+01 6.341270000000000095e+01 9.335987518157852216e-01 9.293527514911374965e-01
-4.398960000000000092e-01 1.614109999999999989e-01 -3.112210000000000254e-01 1.272350000000000092e+00 1.009209999999999940e+00 -4.522169999999999801e-01 6.751743190817323104e-01 5.590725751253693421e-01 1.162919999999999954e+00 4.494043858472264175e-01 0.000000000000000000e+00 nan 0.000000000000000000e+00 1.338386444000000119e-01 1.809704785499999941e-02 3.732004790119999860e-02 1.678430000000000177e+01 3.768319999999999936e+01 5.232670000000000243e+01 6.173610000000000042e+01 9.335987518157852216e-01 9.293527514911374965e-01
-4.529150000000000120e-01 2.901070000000000038e-02 -8.193369999999999820e-01 1.185959999999999903e+00 9.762490000000000334e-01 -4.535159999999999747e-01 6.454196568325746286e-01 5.251491300409704133e-01 1.280450000000000088e+00 4.139663889813486319e-01 0.000000000000000000e+00 nan 0.000000000000000000e+00 1.338386444000000119e-01 1.809704785499999941e-02 3.732004790119999860e-02 1.678430000000000177e+01 3.768319999999999936e+01 5.232670000000000243e+01 6.173610000000000042e+01 9.239414644644105001e-01 1.000000000000000000e+00
-4.514630000000000032e-01 4.472229999999999955e-02 -7.928020000000000067e-01 1.204739999999999922e+00 9.613570000000000171e-01 -4.536810000000000009e-01 6.151899589413205582e-01 4.913140214759830204e-01 1.350970000000000004e+00 3.794574351506567744e-01 0.000000000000000000e+00 nan 0.000000000000000000e+00 1.224078924439999938e-01 2.145271302009999978e-02 4.343369800449999735e-02 1.971259999999999835e+01 3.777669999999999817e+01 5.164679999999999893e+01 6.175319999999999965e+01 9.239414644644105001e-01 1.000000000000000000e+00
-4.307889999999999775e-01 2.270649999999999891e-01 -7.348080000000000167e-01 1.357699999999999907e+00 9.480760000000000298e-01 -4.486140000000000128e-01 5.846149261395821028e-01 4.577429215811684715e-01 1.233440000000000092e+00 3.460398507612245655e-01 0.000000000000000000e+00 nan 0.000000000000000000e+00 1.224078924439999938e-01 2.145271302009999978e-02 4.343369800449999735e-02 1.971259999999999835e+01 3.777669999999999817e+01 5.164679999999999893e+01 6.175319999999999965e+01 9.181524721579598092e-01 9.988588771230455521e-01
-4.429270000000000151e-01 1.530420000000000114e-01 -1.693050000000000110e-01 1.228990000000000027e+00 9.313500000000000112e-01 -4.466769999999999907e-01 5.538280564416471208e-01 4.246085111835616877e-01 1.233440000000000092e+00 3.138635965672669226e-01 0.000000000000000000e+00 nan 0.000000000000000000e+00 1.045967973699999942e-01 2.180787920119999987e-02 4.732572648240000041e-02 1.377619999999999933e+01 3.882549999999999812e+01 5.450589999999999691e+01 5.819230000000000302e+01 9.181524721579598092e-01 9.988588771230455521e-01
-4.582680000000000087e-01 -1.282970000000000031e-03 -2.444399999999999906e-01 1.053250000000000020e+00 7.674490000000000478e-01 -4.515890000000000182e-01 5.229548425523027344e-01 3.920785232437026258e-01 1.186420000000000030e+00 2.830645685558742519e-01 0.000000000000000000e+00 nan 0.000000000000000000e+00 1.045967973699999942e-01 2.180787920119999987e-02 4.732572648240000041e-02 1.377619999999999933e+01 3.882549999999999812e+01 5.450589999999999691e+01 5.819230000000000302e+01 9.225480174315381365e-01 9.659981513207218651e-01
-4.570089999999999986e-01 2.695610000000000020e-02 -1.020979999999999943e-01 1.026299999999999990e+00 7.963320000000000398e-01 -4.526379999999999848e-01 4.921225061131978551e-01 3.603138423741696350e-01 1.139410000000000034e+00 2.537630581911760608e-01 0.000000000000000000e+00 nan 0.000000000000000000e+00 9.264961220999999580e-02 2.178735158630000154e-02 4.097409327599999679e-02 1.634730000000000061e+01 2.999239999999999995e+01 3.941029999999999944e+01 4.801539999999999964e+01 9.225480174315381365e-01 9.659981513207218651e-01
-4.568150000000000266e-01 -6.109279999999999919e-03 -4.938319999999999932e-01 1.127250000000000085e+00 6.784980000000000455e-01 -4.551580000000000070e-01 4.614615022189286764e-01 3.294666819526332890e-01 1.397990000000000066e+00 2.260623894639877118e-01 0.000000000000000000e+00 nan 0.000000000000000000e+00 9.264961220999999580e-02 2.178735158630000154e-02 4.097409327599999679e-02 1.634730000000000061e+01 2.999239999999999995e+01 3.941029999999999944e+01 4.801539999999999964e+01 9.063216226394791297e-01 9.584378359011107573e-01
-4.681839999999999891e-01 -2.169329999999999870e-01 -3.932780000000000165e-01 9.398060000000000302e-01 5.276260000000000394e-01 -4.564779999999999949e-01 4.311036194196278259e-01 2.996788594834656205e-01 1.256939999999999946e+00 2.000477481897074972e-01 0.000000000000000000e+00 nan 0.000000000000000000e+00 8.555973457099999568e-02 1.550252977690000020e-02 3.912563686380000211e-02 1.395850000000000080e+01 2.453729999999999833e+01 3.085239999999999938e+01 3.614119999999999777e+01 9.063216226394791297e-01 9.584378359011107573e-01
-4.682589999999999808e-01 -1.987180000000000057e-01 -3.874609999999999999e-01 9.158159999999999634e-01 4.810440000000000271e-01 -4.552010000000000223e-01 4.011767737109342979e-01 2.710801897487485901e-01 1.256939999999999946e+00 1.757852168189899533e-01 0.000000000000000000e+00 nan 0.000000000000000000e+00 8.555973457099999568e-02 1.550252977690000020e-02 3.912563686380000211e-02 1.395850000000000080e+01 2.453729999999999833e+01 3.085239999999999938e+01 3.614119999999999777e+01 9.032764835637812073e-01 9.568932553315127043e-01
-4.749010000000000176e-01 -4.326180000000000025e-01 -1.244410000000000016e+00 8.088180000000000369e-01 5.458199999999999719e-01 -4.551209999999999978e-01 3.718055604351010457e-01 2.437870139549213055e-01 1.633049999999999891e+00 1.533210256971744290e-01 0.000000000000000000e+00 nan 0.000000000000000000e+00 6.502866007410000593e-02 1.023111501919999992e-02 3.378500802320000274e-02 1.224559999999999960e+01 2.356929999999999836e+01 2.616130000000000067e+01 3.109560000000000102e+01 9.032764835637812073e-01 9.568932553315127043e-01
-4.660400000000000098e-01 -1.669660000000000033e-01 -8.440459999999999630e-01 1.014489999999999892e+00 7.559709999999999486e-01 -4.515379999999999949e-01 3.431117780667201078e-01 2.179008815404236410e-01 1.703580000000000094e+00 1.326810292560002269e-01 0.000000000000000000e+00 nan 0.000000000000000000e+00 6.502866007410000593e-02 1.023111501919999992e-02 3.378500802320000274e-02 1.224559999999999960e+01 2.356929999999999836e+01 2.616130000000000067e+01 3.109560000000000102e+01 9.226932802496368158e-01 9.359676511235092145e-01
-4.535640000000000227e-01 4.148899999999999810e-02 -3.220870000000000122e-01 1.144940000000000069e+00 7.910500000000000309e-01 -4.515140000000000264e-01 3.152113133517772114e-01 1.935073995799819757e-01 1.562529999999999974e+00 1.138704130725635144e-01 0.000000000000000000e+00 nan 0.000000000000000000e+00 5.234452983159999795e-02 6.337478681699999956e-03 2.162632692089999989e-02 1.177929999999999922e+01 1.987079999999999913e+01 2.213090000000000046e+01 2.508330000000000126e+01 9.226932802496368158e-01 9.359676511235092145e-01
-4.617550000000000265e-01 -5.974410000000000137e-02 -3.357589999999999741e-01 1.020380000000000065e+00 8.324319999999999498e-01 -4.542769999999999864e-01 2.882120184435206234e-01 1.706752628222448775e-01 1.421489999999999920e+00 9.687363511465718613e-02 0.000000000000000000e+00 nan 0.000000000000000000e+00 5.234452983159999795e-02 6.337478681699999956e-03 2.162632692089999989e-02 1.177929999999999922e+01 1.987079999999999913e+01 2.213090000000000046e+01 2.508330000000000126e+01 9.112659385592080108e-01 8.607830090115586863e-01
-4.475109999999999921e-01 1.113529999999999937e-01 -1.788639999999999952e-01 1.187200000000000033e+00 9.536839999999999762e-01 -4.524770000000000181e-01 2.622149870550036788e-01 1.494554753508328115e-01 1.421489999999999920e+00 8.165460183820594242e-02 0.000000000000000000e+00 nan 0.000000000000000000e+00 4.544362883479999976e-02 5.649467885250000071e-03 1.858433682850000115e-02 6.534589999999999677e+00 1.556119999999999948e+01 1.927980000000000160e+01 2.016509999999999891e+01 9.112659385592080108e-01 8.607830090115586863e-01
-4.561930000000000152e-01 -1.012300000000000005e-02 -8.410109999999999530e-01 1.157259999999999955e+00 8.619949999999999557e-01 -4.540069999999999939e-01 2.373129772347002397e-01 1.298807726876900492e-01 1.680069999999999952e+00 6.815707714154251029e-02 0.000000000000000000e+00 nan 0.000000000000000000e+00 4.544362883479999976e-02 5.649467885250000071e-03 1.858433682850000115e-02 6.534589999999999677e+00 1.556119999999999948e+01 1.927980000000000160e+01 2.016509999999999891e+01 8.988217571420885621e-01 8.383399221386870215e-01
-4.481660000000000088e-01 8.435109999999999830e-02 -6.881009999999999627e-01 1.233000000000000096e+00 8.543680000000000163e-01 -4.550319999999999920e-01 2.135885521791666131e-01 1.119652508865403018e-01 1.633049999999999891e+00 5.630531954291129182e-02 0.000000000000000000e+00 nan 0.000000000000000000e+00 4.339968597309999676e-02 6.927909228040000401e-03 1.813614009930000076e-02 1.137889999999999979e+01 1.865530000000000044e+01 1.835900000000000176e+01 1.862910000000000110e+01 8.988217571420885621e-01 8.383399221386870215e-01
-4.445450000000000235e-01 1.284170000000000034e-01 -3.919480000000000186e-01 1.244739999999999958e+00 8.140159999999999618e-01 -4.548519999999999786e-01 1.911133259893557090e-01 9.570420681896629755e-02 1.539029999999999898e+00 4.600494036172009249e-02 0.000000000000000000e+00 nan 0.000000000000000000e+00 4.339968597309999676e-02 6.927909228040000401e-03 1.813614009930000076e-02 1.137889999999999979e+01 1.865530000000000044e+01 1.835900000000000176e+01 1.862910000000000110e+01 9.056706300102220775e-01 7.653923626060958885e-01
-4.610620000000000274e-01 -7.882870000000000155e-02 -8.739179999999999726e-01 1.094530000000000003e+00 7.955539999999999834e-01 -4.528110000000000190e-01 1.699482269819746483e-01 8.107419146273331378e-02 1.727079999999999949e+00 3.714397318000861592e-02 0.000000000000000000e+00 nan 0.000000000000000000e+00 4.102645934670000327e-02 8.843576998849999801e-03 2.165228865119999888e-02 5.866360000000000241e+00 1.489920000000000044e+01 1.641000000000000014e+01 1.621799999999999997e+01 9.056706300102220775e-01 7.653923626060958885e-01
-4.578610000000000180e-01 -3.200440000000000229e-02 -8.083449999999999802e-01 1.134449999999999958e+00 8.461870000000000225e-01 -4.486140000000000128e-01 1.501438986075627202e-01 6.803327558858118795e-02 1.797600000000000087e+00 2.959414246670166726e-02 0.000000000000000000e+00 nan 0.000000000000000000e+00 4.102645934670000327e-02 8.843576998849999801e-03 2.165228865119999888e-02 5.866360000000000241e+00 1.489920000000000044e+01 1.641000000000000014e+01 1.621799999999999997e+01 8.892451713563243043e-01 7.593164101900164997e-01
-4.559380000000000099e-01 -3.000909999999999862e-03 -8.114149999999999974e-01 1.156779999999999919e+00 7.084019999999999762e-01 -4.407490000000000019e-01 1.317370653247492696e-01 5.652152483514594206e-02 1.515519999999999978e+00 2.321231699063441845e-02 0.000000000000000000e+00 nan 0.000000000000000000e+00 3.962426378239999880e-02 8.327420328840000677e-03 1.890108885629999957e-02 1.135130000000000017e+01 1.226140000000000008e+01 1.378350000000000009e+01 1.449249999999999972e+01 8.892451713563243043e-01 7.593164101900164997e-01
-4.649949999999999917e-01 -9.976250000000000395e-02 -1.807979999999999865e-01 8.986260000000000359e-01 6.868109999999999493e-01 -4.375029999999999752e-01 1.147502641635580467e-01 4.646167878922224936e-02 7.162870000000000070e-01 1.784213155459213329e-02 0.000000000000000000e+00 nan 4.188097748224484107e-03 3.962426378239999880e-02 8.327420328840000677e-03 1.890108885629999957e-02 1.135130000000000017e+01 1.226140000000000008e+01 1.378350000000000009e+01 1.449249999999999972e+01 8.787432076182277729e-01 8.401223620942465109e-01
-4.503750000000000253e-01 1.212540000000000007e-01 3.979209999999999692e-02 1.050249999999999906e+00 7.635629999999999917e-01 -4.369979999999999976e-01 9.919479186616331212e-02 3.776002637711739496e-02 2.226430000000000076e-01 1.331575867547618586e-02 0.000000000000000000e+00 nan 8.512622356727339579e-03 4.676169886130000092e-02 9.296264422109999995e-03 2.229417029600000086e-02 8.246769999999999712e+00 1.696999999999999886e+01 1.639760000000000062e+01 1.655239999999999867e+01 8.787432076182277729e-01 8.401223620942465109e-01
-4.455140000000000211e-01 1.756209999999999993e-01 1.239439999999999986e-01 1.064500000000000002e+00 8.284730000000000150e-01 -4.405510000000000259e-01 8.506463732724778293e-02 3.030746764856040443e-02 5.282329999999999526e-01 9.455810136747233585e-03 0.000000000000000000e+00 nan 9.056784026999831205e-03 4.676169886130000092e-02 9.296264422109999995e-03 2.229417029600000086e-02 8.246769999999999712e+00 1.696999999999999886e+01 1.639760000000000062e+01 1.655239999999999867e+01 9.302092860601495206e-01 8.131930665494431221e-01
-4.616529999999999800e-01 -4.767029999999999879e-02 -1.749590000000000034e-01 9.769740000000000091e-01 7.685049999999999937e-01 -4.466589999999999727e-01 7.233423260907978491e-02 2.398074992273369066e-02 1.092400000000000038e+00 6.077346867800259567e-03 0.000000000000000000e+00 nan 1.013894179838459308e-02 5.533080018690000185e-02 9.602764246060000244e-03 2.521764245520000114e-02 1.673649999999999949e+01 1.655549999999999855e+01 1.572409999999999997e+01 1.550150000000000006e+01 9.302092860601495206e-01 8.131930665494431221e-01
-4.679749999999999743e-01 -1.972339999999999927e-01 -6.443640000000000478e-01 9.551089999999999858e-01 5.614869999999999584e-01 -4.520620000000000194e-01 6.095491459323920669e-02 1.864386429039477378e-02 1.609550000000000036e+00 2.989974377531123828e-03 0.000000000000000000e+00 nan 1.174683439092361059e-02 5.533080018690000185e-02 9.602764246060000244e-03 2.521764245520000114e-02 1.673649999999999949e+01 1.655549999999999855e+01 1.572409999999999997e+01 1.550150000000000006e+01 9.328831979340399538e-01 7.934206287316072359e-01
-4.627519999999999967e-01 -9.219879999999999742e-02 -5.089160000000000350e-01 1.039449999999999985e+00 7.156209999999999516e-01 -4.558269999999999822e-01 5.087863481877386018e-02 1.414958664916599052e-02 1.680069999999999952e+00 0.000000000000000000e+00 0.000000000000000000e+00 nan 1.386224373906208562e-02 4.406075942680000301e-02 9.638980225700000473e-03 1.928044317790000156e-02 1.371790000000000020e+01 1.585270000000000046e+01 1.421759999999999913e+01 1.334019999999999939e+01 9.328831979340399538e-01 7.934206287316072359e-01
-4.678329999999999989e-01 -1.913900000000000046e-01 -6.297890000000000432e-01 9.496959999999999846e-01 7.162699999999999623e-01 -4.539540000000000242e-01 4.203285611065854521e-02 1.034114581144063294e-02 1.586039999999999894e+00 0.000000000000000000e+00 0.000000000000000000e+00 nan 1.646120140961082612e-02 4.406075942680000301e-02 9.638980225700000473e-03 1.928044317790000156e-02 1.371790000000000020e+01 1.585270000000000046e+01 1.421759999999999913e+01 1.334019999999999939e+01 8.835476408242319835e-01 8.102664928386260623e-01
-4.631689999999999974e-01 -1.023899999999999949e-01 -4.068229999999999902e-01 1.027069999999999927e+00 6.339099999999999735e-01 -4.533670000000000200e-01 3.432736692542870394e-02 7.053999784582321020e-03 1.586039999999999894e+00 0.000000000000000000e+00 0.000000000000000000e+00 nan 1.951426017367208221e-02 5.784116769860000312e-02 1.287007564150000061e-02 2.582924828919999985e-02 8.102899999999999991e+00 1.322920000000000051e+01 1.327839999999999954e+01 1.513969999999999949e+01 8.835476408242319835e-01 8.102664928386260623e-01
-4.705469999999999930e-01 -2.766109999999999958e-01 -6.956799999999999651e-01 9.121010000000000506e-01 5.518690000000000540e-01 -4.525759999999999783e-01 2.768003805419971819e-02 4.117700097448495633e-03 1.539029999999999898e+00 0.000000000000000000e+00 0.000000000000000000e+00 nan 2.298682765550830176e-02 5.784116769860000312e-02 1.287007564150000061e-02 2.582924828919999985e-02 8.102899999999999991e+00 1.322920000000000051e+01 1.327839999999999954e+01 1.513969999999999949e+01 8.721202991338031785e-01 8.116695621279683692e-01
-4.682830000000000048e-01 -1.738999999999999990e-01 -3.042549999999999977e-01 8.643750000000000044e-01 4.889379999999999837e-01 -4.461240000000000205e-01 2.201332239754916209e-02 1.357823049676021299e-03 9.043419999999999792e-01 0.000000000000000000e+00 0.000000000000000000e+00 nan 2.683955827798278904e-02 5.407333744440000201e-02 1.355268360209999946e-02 2.512863676089999859e-02 1.122659999999999947e+01 1.502839999999999954e+01 1.579260000000000019e+01 1.446770000000000067e+01 8.721202991338031785e-01 8.116695621279683692e-01
-4.683269999999999933e-01 -1.626390000000000058e-01 -1.927740000000000009e-01 8.020420000000000327e-01 5.428319999999999812e-01 -4.449250000000000149e-01 1.722097846712833391e-02 0.000000000000000000e+00 7.162870000000000070e-01 0.000000000000000000e+00 0.000000000000000000e+00 nan 3.102879906366984297e-02 5.407333744440000201e-02 1.355268360209999946e-02 2.512863676089999859e-02 1.122659999999999947e+01 1.502839999999999954e+01 1.579260000000000019e+01 1.446770000000000067e+01 9.981869048259535138e-01 9.208409985276805321e-01
-4.693350000000000022e-01 -1.927659999999999929e-01 -2.776129999999999987e-01 8.161939999999999751e-01 5.313919999999999755e-01 -4.461629999999999763e-01 1.315897431073664858e-02 0.000000000000000000e+00 7.868079999999999519e-01 0.000000000000000000e+00 0.000000000000000000e+00 nan 3.550708424053217183e-02 4.537946106299999699e-02 1.166584884539999950e-02 2.251581212190000014e-02 6.579909999999999926e+00 1.514990000000000059e+01 1.554759999999999920e+01 1.799490000000000123e+01 9.981869048259535138e-01 9.208409985276805321e-01
-4.622680000000000122e-01 -5.684469999999999801e-02 -1.780140000000000056e-01 9.659630000000000161e-01 6.640120000000000466e-01 -4.477160000000000029e-01 9.708758944308337746e-03 0.000000000000000000e+00 1.045379999999999976e+00 0.000000000000000000e+00 0.000000000000000000e+00 nan 4.022367304808371902e-02 4.537946106299999699e-02 1.166584884539999950e-02 2.251581212190000014e-02 6.579909999999999926e+00 1.514990000000000059e+01 1.554759999999999920e+01 1.799490000000000123e+01 1.000000000000000000e+00 9.205790521152926731e-01
-4.662359999999999838e-01 -1.511089999999999933e-01 -5.154330000000000300e-01 9.726069999999999993e-01 5.408330000000000082e-01 -4.487070000000000225e-01 6.840282453277279906e-03 0.000000000000000000e+00 1.280450000000000088e+00 0.000000000000000000e+00 0.000000000000000000e+00 nan 4.512512465048157395e-02 4.092305646600000180e-02 1.243561771509999955e-02 2.701660466289999840e-02 1.094800000000000040e+01 1.448499999999999943e+01 1.496959999999999980e+01 1.412069999999999936e+01 1.000000000000000000e+00 9.205790521152926731e-01
-4.692129999999999912e-01 -2.014289999999999969e-01 -3.341640000000000166e-01 8.538130000000000441e-01 4.835659999999999958e-01 -4.467269999999999852e-01 4.360067752335439195e-03 0.000000000000000000e+00 1.045379999999999976e+00 0.000000000000000000e+00 0.000000000000000000e+00 nan 5.015590364255029243e-02 4.092305646600000180e-02 1.243561771509999955e-02 2.701660466289999840e-02 1.094800000000000040e+01 1.448499999999999943e+01 1.496959999999999980e+01 1.412069999999999936e+01 8.523268951417657391e-01 7.915267862788253339e-01
-4.663880000000000248e-01 -1.588469999999999882e-01 -5.655719999999999636e-01 9.781570000000000542e-01 6.854540000000000077e-01 -4.467119999999999980e-01 2.043880182472257445e-03 0.000000000000000000e+00 1.115899999999999892e+00 0.000000000000000000e+00 0.000000000000000000e+00 nan 5.525900928811222634e-02 3.660925061539999775e-02 1.373108129219999946e-02 2.486372132470000135e-02 8.839199999999999946e+00 1.881360000000000099e+01 1.710300000000000153e+01 1.674670000000000059e+01 8.523268951417657391e-01 7.915267862788253339e-01
-4.743660000000000099e-01 -3.546259999999999968e-01 -4.832480000000000109e-01 7.009410000000000363e-01 4.885189999999999810e-01 -4.514449999999999852e-01 4.623254011326682900e-04 0.000000000000000000e+00 8.808350000000000346e-01 0.000000000000000000e+00 0.000000000000000000e+00 nan 6.456471910932981562e-02 3.660925061539999775e-02 1.373108129219999946e-02 2.486372132470000135e-02 8.839199999999999946e+00 1.881360000000000099e+01 1.710300000000000153e+01 1.674670000000000059e+01 8.357292731478990211e-01 8.375841916845563340e-01
-4.650989999999999847e-01 -8.320769999999999555e-02 -1.175760000000000000e-01 8.392030000000000323e-01 5.523489999999999789e-01 -4.534000000000000252e-01 0.000000000000000000e+00 0.000000000000000000e+00 4.812190000000000079e-01 0.000000000000000000e+00 0.000000000000000000e+00 nan 7.396337762857618792e-02 4.458258835759999761e-02 1.344016779449999990e-02 2.707443645110000144e-02 1.083450000000000024e+01 1.858060000000000045e+01 2.068619999999999948e+01 2.146109999999999829e+01 8.357292731478990211e-01 8.375841916845563340e-01
-4.624139999999999917e-01 -6.287270000000000358e-02 -1.350540000000000074e-01 9.543319999999999581e-01 7.749749999999999694e-01 -4.544750000000000179e-01 0.000000000000000000e+00 0.000000000000000000e+00 9.983699999999999797e-01 0.000000000000000000e+00 0.000000000000000000e+00 nan 8.366880083083749753e-02 4.458258835759999761e-02 1.344016779449999990e-02 2.707443645110000144e-02 1.083450000000000024e+01 1.858060000000000045e+01 2.068619999999999948e+01 2.146109999999999829e+01 8.311561844299778512e-01 8.428050546624955564e-01
-4.751330000000000275e-01 -4.431339999999999724e-01 -1.180080000000000018e+00 7.984219999999999651e-01 5.490030000000000188e-01 -4.550690000000000013e-01 0.000000000000000000e+00 0.000000000000000000e+00 1.750590000000000090e+00 0.000000000000000000e+00 0.000000000000000000e+00 nan 9.389132893466434204e-02 5.682976119420000277e-02 1.598705346260000104e-02 3.255440298230000140e-02 1.110960000000000036e+01 2.139489999999999981e+01 2.534949999999999903e+01 2.600669999999999860e+01 8.311561844299778512e-01 8.428050546624955564e-01
-4.743749999999999911e-01 -4.114689999999999737e-01 -1.188539999999999930e+00 8.249750000000000139e-01 5.661180000000000101e-01 -4.546839999999999771e-01 0.000000000000000000e+00 0.000000000000000000e+00 1.915140000000000065e+00 0.000000000000000000e+00 0.000000000000000000e+00 nan 1.048354431534483933e-01 5.682976119420000277e-02 1.598705346260000104e-02 3.255440298230000140e-02 1.110960000000000036e+01 2.139489999999999981e+01 2.534949999999999903e+01 2.600669999999999860e+01 8.036853714962070017e-01 6.875280388041995483e-01
-4.696259999999999879e-01 -2.475499999999999923e-01 -7.849009999999999598e-01 9.358170000000000099e-01 6.001570000000000515e-01 -4.537499999999999867e-01 0.000000000000000000e+00 0.000000000000000000e+00 1.891629999999999923e+00 0.000000000000000000e+00 0.000000000000000000e+00 nan 1.166974488415671862e-01 7.793080567080000465e-02 1.697420110070000168e-02 4.228873228910000337e-02 9.459210000000000562e+00 2.386459999999999937e+01 2.906569999999999965e+01 3.293209999999999837e+01 8.036853714962070017e-01 6.875280388041995483e-01
-4.532930000000000015e-01 2.700810000000000016e-02 -7.019539999999999669e-01 1.184739999999999904e+00 7.437930000000000375e-01 -4.549139999999999850e-01 0.000000000000000000e+00 0.000000000000000000e+00 1.891629999999999923e+00 0.000000000000000000e+00 0.000000000000000000e+00 nan 1.296632512762803113e-01 7.793080567080000465e-02 1.697420110070000168e-02 4.228873228910000337e-02 9.459210000000000562e+00 2.386459999999999937e+01 2.906569999999999965e+01 3.293209999999999837e+01 7.870285683542259658e-01 6.267444276169801265e-01
-4.540469999999999784e-01 1.963329999999999936e-02 -7.045550000000000423e-01 1.175959999999999894e+00 7.670730000000000048e-01 -4.537880000000000247e-01 0.000000000000000000e+00 0.000000000000000000e+00 1.539029999999999898e+00 0.000000000000000000e+00 0.000000000000000000e+00 nan 1.439062492766531864e-01 1.174250074779999986e-01 2.343570854299999867e-02 7.327882014210000683e-02 1.729050000000000153e+01 2.561009999999999920e+01 3.242210000000000036e+01 3.442280000000000229e+01 7.870285683542259658e-01 6.267444276169801265e-01
-4.635349999999999748e-01 -1.136159999999999948e-01 -3.753349999999999742e-01 1.021600000000000064e+00 5.933519999999999905e-01 -4.550509999999999833e-01 0.000000000000000000e+00 8.146938298054795524e-04 1.468509999999999982e+00 0.000000000000000000e+00 0.000000000000000000e+00 nan 1.553972727774269869e-01 1.174250074779999986e-01 2.343570854299999867e-02 7.327882014210000683e-02 1.729050000000000153e+01 2.561009999999999920e+01 3.242210000000000036e+01 3.442280000000000229e+01 7.963469091300371394e-01 7.474866693363120262e-01
-4.698599999999999999e-01 -2.499810000000000088e-01 -5.934479999999999755e-01 9.101139999999999786e-01 7.202699999999999658e-01 -4.560699999999999754e-01 0.000000000000000000e+00 1.655926228663284761e-03 1.562529999999999974e+00 0.000000000000000000e+00 0.000000000000000000e+00 nan 1.683306484992602714e-01 1.750269620350000110e-01 3.064791152119999973e-02 1.050242510350000019e-01 1.155339999999999989e+01 2.646399999999999864e+01 3.424380000000000024e+01 4.062930000000000064e+01 7.963469091300371394e-01 7.474866693363120262e-01
-4.691660000000000275e-01 -2.434820000000000040e-01 -2.452840000000000020e-01 8.761339999999999684e-01 6.798739999999999783e-01 -4.541129999999999889e-01 0.000000000000000000e+00 2.576473642086019034e-03 7.633010000000000073e-01 0.000000000000000000e+00 0.000000000000000000e+00 nan 1.825598361273100823e-01 1.750269620350000110e-01 3.064791152119999973e-02 1.050242510350000019e-01 1.155339999999999989e+01 2.646399999999999864e+01 3.424380000000000024e+01 4.062930000000000064e+01 6.318233173723569740e-01 7.412119989522143459e-01
-4.734979999999999745e-01 -2.928569999999999784e-01 -2.182779999999999998e-01 5.480420000000000291e-01 2.825690000000000146e-01 -4.550449999999999773e-01 0.000000000000000000e+00 3.628213844778516162e-03 1.108179999999999929e-02 0.000000000000000000e+00 0.000000000000000000e+00 nan 1.979236132800558101e-01 2.193772496159999974e-01 5.686519639089999967e-02 1.557123316700000093e-01 1.754410000000000025e+01 3.797919999999999874e+01 4.960260000000000247e+01 5.195289999999999964e+01 6.318233173723569740e-01 7.412119989522143459e-01
-4.794959999999999778e-01 -6.792430000000000412e-01 -5.800750000000000073e-01 3.893119999999999914e-01 2.526689999999999769e-01 -4.557439999999999825e-01 0.000000000000000000e+00 4.861538144721122556e-03 4.577120000000000077e-01 0.000000000000000000e+00 0.000000000000000000e+00 nan 2.142479022233028108e-01 2.193772496159999974e-01 5.686519639089999967e-02 1.557123316700000093e-01 1.754410000000000025e+01 3.797919999999999874e+01 4.960260000000000247e+01 5.195289999999999964e+01 5.023564857158229202e-01 6.485913605857964725e-01
-4.784450000000000092e-01 -5.515459999999999807e-01 -3.467700000000000227e-01 2.135050000000000003e-01 1.511869999999999881e-01 -4.570199999999999818e-01 0.000000000000000000e+00 6.324780429515786118e-03 2.931639999999999802e-01 0.000000000000000000e+00 0.000000000000000000e+00 nan 2.313477422404693895e-01 2.155117175830000009e-01 7.228865175309999447e-02 1.825914832009999933e-01 2.428699999999999903e+01 4.548940000000000339e+01 5.181439999999999912e+01 5.691799999999999926e+01 5.023564857158229202e-01 6.485913605857964725e-01
-4.815530000000000088e-01 -9.329410000000000203e-01 -7.385369999999999990e-01 -7.149170000000000524e-02 1.186429999999999950e-02 -4.569860000000000033e-01 0.000000000000000000e+00 8.063669524124406074e-03 -1.242509999999999969e-02 0.000000000000000000e+00 0.000000000000000000e+00 nan 2.490293853114116107e-01 2.155117175830000009e-01 7.228865175309999447e-02 1.825914832009999933e-01 2.428699999999999903e+01 4.548940000000000339e+01 5.181439999999999912e+01 5.691799999999999926e+01 5.076666487329853927e-01 6.063005639375063094e-01
-4.826219999999999954e-01 -1.287060000000000093e+00 -1.513050000000000006e+00 -1.748550000000000104e-01 -2.006400000000000128e-01 -4.578949999999999965e-01 0.000000000000000000e+00 1.012081106501172556e-02 2.461500000000000077e-01 0.000000000000000000e+00 0.000000000000000000e+00 nan 2.670924913549094226e-01 1.964204353479999943e-01 5.888952589890000117e-02 2.315536989149999947e-01 1.374109999999999943e+01 3.633409999999999940e+01 4.691140000000000043e+01 5.059629999999999939e+01 5.076666487329853927e-01 6.063005639375063094e-01
-4.816750000000000198e-01 -9.374000000000000110e-01 -8.420440000000000147e-01 -5.873990000000000045e-01 -4.911300000000000110e-01 -4.574679999999999858e-01 0.000000000000000000e+00 1.253520476125846717e-02 -2.474939999999999918e-01 0.000000000000000000e+00 0.000000000000000000e+00 nan 2.853323981618394178e-01 1.964204353479999943e-01 5.888952589890000117e-02 2.315536989149999947e-01 1.374109999999999943e+01 3.633409999999999940e+01 4.691140000000000043e+01 5.059629999999999939e+01 4.835745413461021158e-01 6.273435923993389007e-01
-4.815510000000000068e-01 -9.624040000000000372e-01 -5.944310000000000427e-01 -8.996239999999999792e-01 -7.526329999999999965e-01 -4.565790000000000126e-01 0.000000000000000000e+00 1.534180251227468261e-02 -5.530829999999999913e-01 0.000000000000000000e+00 0.000000000000000000e+00 nan 3.035424402997816129e-01 2.303404182240000042e-01 5.645356032670000024e-02 2.762877729129999960e-01 2.461550000000000082e+01 3.672910000000000252e+01 4.117410000000000281e+01 4.457450000000000045e+01 4.835745413461021158e-01 6.273435923993389007e-01
-4.819370000000000043e-01 -1.042610000000000037e+00 -1.251829999999999998e+00 -9.893669999999999964e-01 -9.394010000000000415e-01 -4.545520000000000116e-01 0.000000000000000000e+00 1.857111238881281601e-02 -4.825619999999999910e-01 0.000000000000000000e+00 0.000000000000000000e+00 nan 3.215162907149499150e-01 2.303404182240000042e-01 5.645356032670000024e-02 2.762877729129999960e-01 2.461550000000000082e+01 3.672910000000000252e+01 4.117410000000000281e+01 4.457450000000000045e+01 4.140420724162049426e-01 5.181330145816835930e-01
-4.811639999999999806e-01 -8.463380000000000347e-01 -5.714299999999999935e-01 -8.203570000000000029e-01 -8.034029999999999783e-01 -4.499009999999999954e-01 0.000000000000000000e+00 2.224885296433587456e-02 -5.295760000000000467e-01 0.000000000000000000e+00 0.000000000000000000e+00 nan 3.390502985001540015e-01 2.816024592859999731e-01 6.030679049439999911e-02 2.684694543210000006e-01 1.168319999999999936e+01 3.603999999999999915e+01 3.958729999999999905e+01 4.099499999999999744e+01 4.140420724162049426e-01 5.181330145816835930e-01
-4.799499999999999877e-01 -6.978670000000000151e-01 -3.539829999999999921e-01 -7.550719999999999654e-01 -7.987349999999999728e-01 -4.408969999999999834e-01 0.000000000000000000e+00 2.639566191330400269e-02 -7.646439999999999904e-01 0.000000000000000000e+00 0.000000000000000000e+00 nan 3.559457963409535797e-01 2.816024592859999731e-01 6.030679049439999911e-02 2.684694543210000006e-01 1.168319999999999936e+01 3.603999999999999915e+01 3.958729999999999905e+01 4.099499999999999744e+01 5.037337924355731467e-01 6.003781663148957115e-01
-4.693390000000000062e-01 -1.273160000000000125e-01 2.181730000000000128e-02 -7.727800000000000225e-01 -7.423250000000000126e-01 -4.342710000000000181e-01 0.000000000000000000e+00 3.102686217807559821e-02 -8.821790000000000465e-01 0.000000000000000000e+00 0.000000000000000000e+00 nan 3.720113514957140710e-01 2.283247501679999958e-01 5.984955389859999975e-02 3.179733554340000157e-01 1.625369999999999848e+01 2.430770000000000053e+01 3.391040000000000276e+01 3.736059999999999803e+01 5.037337924355731467e-01 6.003781663148957115e-01
-4.673660000000000037e-01 -6.724990000000000134e-02 4.820390000000000091e-02 -6.352790000000000381e-01 -8.441499999999999559e-01 -4.439330000000000220e-01 0.000000000000000000e+00 3.615228835384831640e-02 -8.821790000000000465e-01 0.000000000000000000e+00 0.000000000000000000e+00 nan 3.870649348050618777e-01 2.283247501679999958e-01 5.984955389859999975e-02 3.179733554340000157e-01 1.625369999999999848e+01 2.430770000000000053e+01 3.391040000000000276e+01 3.736059999999999803e+01 6.325765319847205248e-01 5.709859723179848690e-01
-4.598320000000000185e-01 5.534359999999999974e-02 2.168219999999999870e-01 -6.260080000000000089e-01 -6.249149999999999983e-01 -4.425140000000000184e-01 0.000000000000000000e+00 4.177617525876542448e-02 -8.821790000000000465e-01 0.000000000000000000e+00 0.000000000000000000e+00 nan 4.009359831549952347e-01 2.048022731220000003e-01 5.866692019829999882e-02 3.250579911440000247e-01 6.221359999999999779e+00 1.779339999999999833e+01 2.345120000000000005e+01 3.255219999999999914e+01 6.325765319847205248e-01 5.709859723179848690e-01
-4.783009999999999762e-01 -5.186009999999999787e-01 -2.787569999999999770e-01 -7.339679999999999538e-01 -6.383410000000000473e-01 -4.437760000000000038e-01 0.000000000000000000e+00 4.789710995173401820e-02 -6.236030000000000184e-01 0.000000000000000000e+00 0.000000000000000000e+00 nan 4.134673320251199824e-01 2.048022731220000003e-01 5.866692019829999882e-02 3.250579911440000247e-01 6.221359999999999779e+00 1.779339999999999833e+01 2.345120000000000005e+01 3.255219999999999914e+01 6.687523537956636677e-01 5.529357568896422492e-01
-4.816400000000000126e-01 -9.317490000000000494e-01 -7.365979999999999750e-01 -5.483679999999999666e-01 -6.741129999999999622e-01 -4.346760000000000068e-01 0.000000000000000000e+00 5.450804774161277511e-02 -5.295760000000000467e-01 0.000000000000000000e+00 0.000000000000000000e+00 nan 4.245169962254643492e-01 2.242253496349999875e-01 5.343208847550000307e-02 3.051452344339999900e-01 1.066109999999999935e+01 1.375459999999999994e+01 1.978999999999999915e+01 2.585050000000000026e+01 6.687523537956636677e-01 5.529357568896422492e-01
-4.706929999999999725e-01 -1.686719999999999886e-01 5.208070000000000407e-03 -3.604800000000000226e-01 -5.570779999999999621e-01 -4.051370000000000249e-01 0.000000000000000000e+00 6.159639200637623269e-02 -7.881510000000000460e-01 0.000000000000000000e+00 0.000000000000000000e+00 nan 4.339597786454167938e-01 2.242253496349999875e-01 5.343208847550000307e-02 3.051452344339999900e-01 1.066109999999999935e+01 1.375459999999999994e+01 1.978999999999999915e+01 2.585050000000000026e+01 7.510625706138698288e-01 7.911745135173380294e-01
-4.668010000000000215e-01 -5.535810000000000036e-02 6.507300000000000584e-02 -6.456969999999999654e-01 -7.084519999999999706e-01 -3.948160000000000003e-01 0.000000000000000000e+00 6.914413691787768546e-02 -8.821790000000000465e-01 0.000000000000000000e+00 0.000000000000000000e+00 nan 4.416886887870148382e-01 2.841091587219999881e-01 6.681253973969999982e-02 1.909985663519999932e-01 9.160980000000000345e+00 1.744440000000000168e+01 1.912640000000000029e+01 2.394739999999999824e+01 7.510625706138698288e-01 7.911745135173380294e-01
-4.438989999999999880e-01 2.511090000000000266e-01 3.683130000000000015e-01 -8.121680000000000010e-01 -5.987310000000000132e-01 -4.207119999999999749e-01 0.000000000000000000e+00 7.712807145507494244e-02 -8.821790000000000465e-01 0.000000000000000000e+00 0.000000000000000000e+00 nan 4.476161550100385966e-01 2.841091587219999881e-01 6.681253973969999982e-02 1.909985663519999932e-01 9.160980000000000345e+00 1.744440000000000168e+01 1.912640000000000029e+01 2.394739999999999824e+01 7.268628611395060446e-01 7.749820100021377334e-01
-4.313949999999999729e-01 3.500840000000000063e-01 4.627780000000000227e-01 -9.406149999999999789e-01 -7.068680000000000518e-01 -4.348040000000000238e-01 0.000000000000000000e+00 8.552004239417410059e-02 -8.821790000000000465e-01 0.000000000000000000e+00 0.000000000000000000e+00 nan 4.516750167536854876e-01 3.477517553519999804e-01 7.016206747379999387e-02 1.493733717010000128e-01 8.323900000000000077e+00 1.948620000000000019e+01 2.042379999999999995e+01 1.934209999999999852e+01 7.268628611395060446e-01 7.749820100021377334e-01
-4.617870000000000030e-01 2.600529999999999856e-02 1.837060000000000082e-01 -3.890259999999999829e-01 -6.569409999999999972e-01 -4.428259999999999974e-01 0.000000000000000000e+00 9.428727329590502748e-02 -8.116579999999999906e-01 0.000000000000000000e+00 0.000000000000000000e+00 nan 4.538192854925614528e-01 3.477517553519999804e-01 7.016206747379999387e-02 1.493733717010000128e-01 8.323900000000000077e+00 1.948620000000000019e+01 2.042379999999999995e+01 1.934209999999999852e+01 6.799268305805132862e-01 7.432383200503419607e-01
-4.791509999999999936e-01 -6.710540000000000393e-01 -2.295290000000000108e-01 -7.147139999999999604e-01 -7.321689999999999587e-01 -4.504790000000000183e-01 0.000000000000000000e+00 1.033927358756747683e-01 -8.116579999999999906e-01 0.000000000000000000e+00 0.000000000000000000e+00 nan 4.540246658050484108e-01 3.289488850269999820e-01 7.060470348099999460e-02 1.372728038909999948e-01 1.136539999999999928e+01 1.789349999999999952e+01 1.759459999999999980e+01 -1.000000000000000000e+00 6.799268305805132862e-01 7.432383200503419607e-01
-4.801230000000000220e-01 -7.412689999999999557e-01 -3.564470000000000138e-01 -7.193089999999999762e-01 -6.439660000000000384e-01 -4.498130000000000184e-01 0.000000000000000000e+00 1.127955695488268573e-01 -7.176310000000000189e-01 0.000000000000000000e+00 0.000000000000000000e+00 nan 4.522888306501403610e-01 3.289488850269999820e-01 7.060470348099999460e-02 1.372728038909999948e-01 1.136539999999999928e+01 1.789349999999999952e+01 1.759459999999999980e+01 -1.000000000000000000e+00 7.245978371980416055e-01 7.427294816170826319e-01
-4.740929999999999866e-01 -2.923399999999999888e-01 -6.551659999999999429e-02 -7.560320000000000373e-01 -8.005299999999999638e-01 -4.503550000000000053e-01 0.000000000000000000e+00 1.224515443973944739e-01 -7.176310000000000189e-01 0.000000000000000000e+00 0.000000000000000000e+00 nan 4.486314477337468576e-01 2.510578013970000133e-01 6.747834518629999834e-02 9.079661699230000271e-02 5.683159999999999989e+00 1.726460000000000150e+01 -1.000000000000000000e+00 -1.000000000000000000e+00 7.245978371980416055e-01 7.427294816170826319e-01
-4.772640000000000216e-01 -4.830949999999999966e-01 -1.507290000000000019e-01 -5.146159999999999624e-01 -6.493700000000000028e-01 -4.476019999999999999e-01 0.000000000000000000e+00 1.323135623127423832e-01 -8.586719999999999908e-01 0.000000000000000000e+00 0.000000000000000000e+00 nan 4.430939566657265960e-01 2.510578013970000133e-01 6.747834518629999834e-02 9.079661699230000271e-02 5.683159999999999989e+00 1.726460000000000150e+01 -1.000000000000000000e+00 -1.000000000000000000e+00 7.565771775972454094e-01 7.306829575255398002e-01
-4.746810000000000196e-01 -3.134799999999999809e-01 -9.151209999999999900e-02 -6.880659999999999554e-01 -7.506329999999999947e-01 -4.457760000000000056e-01 0.000000000000000000e+00 1.423321906359585887e-01 -8.586719999999999908e-01 0.000000000000000000e+00 0.000000000000000000e+00 nan 4.357390994325496258e-01 1.887126642560000012e-01 6.173818224640000019e-02 5.803948126800000107e-02 7.422629999999999839e+00 -1.000000000000000000e+00 -1.000000000000000000e+00 -1.000000000000000000e+00 7.565771775972454094e-01 7.306829575255398002e-01
-4.732660000000000200e-01 -2.349219999999999919e-01 -9.438549999999999718e-02 -7.508150000000000102e-01 -7.359290000000000553e-01 -4.421629999999999727e-01 0.000000000000000000e+00 1.524562222496311792e-01 -8.821790000000000465e-01 0.000000000000000000e+00 0.000000000000000000e+00 nan 4.266502095055193511e-01 1.887126642560000012e-01 6.173818224640000019e-02 5.803948126800000107e-02 7.422629999999999839e+00 -1.000000000000000000e+00 -1.000000000000000000e+00 -1.000000000000000000e+00 0.000000000000000000e+00 0.000000000000000000e+00
