-4.585929999999999729e-01 -5.509370000000000100e-01 -5.009249999999999536e-01 1.537959999999999883e-01 -8.578480000000000306e-04 -4.159780000000000144e-01 0.000000000000000000e+00 1.880632060812582607e-01 -4.400930000000000120e-01 3.347551208837784564e-03 nan nan 0.000000000000000000e+00 6.830403632999999808e-02 2.195618431790000158e-02 5.165503789860000083e-02 -1.000000000000000000e+00 -1.000000000000000000e+00 -1.000000000000000000e+00 -1.000000000000000000e+00 0.000000000000000000e+00 0.000000000000000000e+00
-4.602390000000000092e-01 -8.142960000000000198e-01 -8.910259999999999847e-01 3.334320000000000062e-01 5.272709999999999897e-02 -4.164169999999999816e-01 0.000000000000000000e+00 1.795858658152538201e-01 6.901070000000000260e-01 6.804148559503619964e-03 nan nan 0.000000000000000000e+00 6.842450678650000007e-02 1.991136069300000061e-02 5.128853424299999880e-02 4.316489999999999938e+00 -1.000000000000000000e+00 -1.000000000000000000e+00 -1.000000000000000000e+00 0.000000000000000000e+00 0.000000000000000000e+00
-4.599099999999999855e-01 -7.673849999999999838e-01 -8.894769999999999621e-01 3.602659999999999751e-01 1.844949999999999923e-01 -4.176949999999999830e-01 1.761194048725989170e-03 1.713859875879368833e-01 1.272329999999999961e+00 1.058664879929371860e-02 nan nan 0.000000000000000000e+00 6.842450678650000007e-02 1.991136069300000061e-02 5.128853424299999880e-02 4.316489999999999938e+00 -1.000000000000000000e+00 -1.000000000000000000e+00 -1.000000000000000000e+00 0.000000000000000000e+00 0.000000000000000000e+00
-4.560080000000000244e-01 -3.919150000000000134e-01 -4.171790000000000220e-01 6.252799999999999470e-01 3.333039999999999892e-01 -4.163950000000000151e-01 5.670380104856875825e-03 1.637378898267618510e-01 9.640940000000000065e-01 1.490821606554670886e-02 nan nan 0.000000000000000000e+00 8.135672034360000304e-02 2.134723508009999868e-02 5.111398494430000050e-02 4.803390000000000271e+00 1.229669999999999952e+01 -1.000000000000000000e+00 -1.000000000000000000e+00 0.000000000000000000e+00 0.000000000000000000e+00
-4.583510000000000084e-01 -5.777480000000000393e-01 -7.360700000000000021e-01 5.670600000000000085e-01 3.418059999999999987e-01 -4.173220000000000263e-01 1.016494129900880061e-02 1.569096390660208451e-01 1.169589999999999907e+00 1.997590665079063132e-02 nan nan 0.000000000000000000e+00 8.135672034360000304e-02 2.134723508009999868e-02 5.111398494430000050e-02 4.803390000000000271e+00 1.229669999999999952e+01 -1.000000000000000000e+00 -1.000000000000000000e+00 7.231174231626955606e-01 9.350596036946395850e-01
-4.584369999999999834e-01 -6.203589999999999938e-01 -8.660409999999999497e-01 6.656119999999999814e-01 4.604530000000000012e-01 -4.199089999999999767e-01 1.510558034657072390e-02 1.511600126458975124e-01 1.854549999999999921e+00 2.598832297221431720e-02 nan nan 0.000000000000000000e+00 9.858804503210000236e-02 2.021288186480000096e-02 4.796493787000000175e-02 1.181930000000000014e+01 1.610229999999999961e+01 1.666560000000000130e+01 -1.000000000000000000e+00 7.231174231626955606e-01 9.350596036946395850e-01
-4.553769999999999762e-01 -3.838440000000000185e-01 -5.497429999999999817e-01 8.094630000000000436e-01 5.223349999999999937e-01 -4.201920000000000099e-01 2.071080152958326703e-02 1.467355666617993215e-01 1.888800000000000034e+00 3.313336332692151665e-02 nan nan 0.000000000000000000e+00 9.858804503210000236e-02 2.021288186480000096e-02 4.796493787000000175e-02 1.181930000000000014e+01 1.610229999999999961e+01 1.666560000000000130e+01 -1.000000000000000000e+00 9.557168966615805505e-01 9.599273703323596418e-01
-4.549059999999999770e-01 -3.829839999999999911e-01 -6.872420000000000195e-01 8.667390000000000372e-01 5.297319999999999807e-01 -4.197040000000000215e-01 2.727830942710207651e-02 1.438678423852787214e-01 2.197039999999999882e+00 4.158609292914638988e-02 nan nan 0.000000000000000000e+00 1.185934027120000012e-01 2.041884465579999960e-02 5.901790361510000221e-02 6.689269999999999605e+00 1.586379999999999946e+01 1.971549999999999869e+01 2.334710000000000107e+01 9.557168966615805505e-01 9.599273703323596418e-01
-4.549869999999999748e-01 -4.065830000000000277e-01 -1.514599999999999946e+00 9.373029999999999973e-01 5.795789999999999553e-01 -4.194300000000000250e-01 3.505001653604344902e-02 1.427707428089068920e-01 2.710770000000000124e+00 5.150676035142143228e-02 nan nan 0.000000000000000000e+00 1.185934027120000012e-01 2.041884465579999960e-02 5.901790361510000221e-02 6.689269999999999605e+00 1.586379999999999946e+01 1.971549999999999869e+01 2.334710000000000107e+01 1.000000000000000000e+00 9.781037341122601481e-01
-4.520609999999999906e-01 -2.708639999999999937e-01 -6.379820000000000491e-01 1.011409999999999920e+00 7.907650000000000512e-01 -4.180150000000000254e-01 4.424075405145544426e-02 1.436381090398961557e-01 2.608019999999999783e+00 6.303898184422074280e-02 nan nan 0.000000000000000000e+00 1.590559230789999889e-01 1.439658169689999982e-02 6.176863396139999768e-02 1.172429999999999950e+01 2.281200000000000117e+01 2.671389999999999887e+01 2.777209999999999823e+01 1.000000000000000000e+00 9.781037341122601481e-01
-4.542610000000000259e-01 -3.522109999999999963e-01 -8.280419999999999447e-01 9.330089999999999772e-01 7.240950000000000442e-01 -4.173549999999999760e-01 5.504515934960096946e-02 1.466415240029014244e-01 2.368279999999999941e+00 7.630811410645454984e-02 nan nan 0.000000000000000000e+00 1.590559230789999889e-01 1.439658169689999982e-02 6.176863396139999768e-02 1.172429999999999950e+01 2.281200000000000117e+01 2.671389999999999887e+01 2.777209999999999823e+01 5.081280705578564705e-01 7.751227599273702307e-01
-4.467439999999999745e-01 -7.035370000000000512e-02 -2.528940000000000077e-01 1.043649999999999967e+00 9.239770000000000483e-01 -4.177939999999999987e-01 6.763931755416696667e-02 1.519283683369213600e-01 1.717559999999999976e+00 9.141983394398101037e-02 nan nan 0.000000000000000000e+00 1.770483447389999965e-01 1.207077340169999957e-02 6.010802676890000112e-02 1.144849999999999923e+01 2.451419999999999888e+01 2.769969999999999999e+01 3.095959999999999823e+01 5.081280705578564705e-01 7.751227599273702307e-01
-4.178970000000000184e-01 2.978700000000000236e-01 7.816750000000000087e-02 1.334529999999999994e+00 1.462280000000000024e+00 -4.180329999999999879e-01 8.217546201357073254e-02 1.596201505137693211e-01 1.443570000000000020e+00 1.084589409091700762e-01 nan nan 0.000000000000000000e+00 1.770483447389999965e-01 1.207077340169999957e-02 6.010802676890000112e-02 1.144849999999999923e+01 2.451419999999999888e+01 2.769969999999999999e+01 3.095959999999999823e+01 3.822163349486074058e-01 5.590968658719507323e-01
-4.374109999999999943e-01 7.745730000000000670e-02 -1.963289999999999827e-02 1.158009999999999984e+00 1.340249999999999941e+00 -4.186349999999999794e-01 9.877727139680092527e-02 1.698111300985352123e-01 1.786059999999999981e+00 1.274883964880897391e-01 nan nan 0.000000000000000000e+00 1.370568777420000106e-01 1.209721691559999951e-02 5.714984704750000061e-02 1.327870000000000061e+01 2.714529999999999887e+01 2.840589999999999904e+01 2.835379999999999967e+01 3.822163349486074058e-01 5.590968658719507323e-01
-4.374569999999999848e-01 5.650829999999999742e-02 -1.032030000000000003e+00 1.307800000000000074e+00 1.109420000000000073e+00 -4.139689999999999759e-01 1.175408491219641638e-01 1.825672497510483216e-01 2.299780000000000157e+00 1.485486107217119933e-01 nan nan 0.000000000000000000e+00 1.370568777420000106e-01 1.209721691559999951e-02 5.714984704750000061e-02 1.327870000000000061e+01 2.714529999999999887e+01 2.840589999999999904e+01 2.835379999999999967e+01 2.641057026442428235e-01 8.585110918133733726e-01
-4.347570000000000046e-01 9.955160000000000398e-02 -8.409550000000000081e-01 1.312820000000000098e+00 1.240429999999999922e+00 -4.148660000000000125e-01 1.385343398234333279e-01 1.979253880691922429e-01 2.436780000000000168e+00 1.716569843440011178e-01 nan nan 0.000000000000000000e+00 1.009737745599999931e-01 1.196282937749999949e-02 5.349723789429999821e-02 1.844249999999999901e+01 3.045720000000000027e+01 3.077240000000000109e+01 3.126379999999999981e+01 2.641057026442428235e-01 8.585110918133733726e-01
-4.310749999999999860e-01 1.567530000000000034e-01 -3.897800000000000153e-01 1.338819999999999899e+00 1.299160000000000093e+00 -4.137759999999999772e-01 1.617968987924751634e-01 2.158929417396554529e-01 2.128540000000000099e+00 1.968077116246443881e-01 nan nan 0.000000000000000000e+00 1.009737745599999931e-01 1.196282937749999949e-02 5.349723789429999821e-02 1.844249999999999901e+01 3.045720000000000027e+01 3.077240000000000109e+01 3.126379999999999981e+01 2.931764449437448405e-01 8.453177547959264126e-01
-4.220920000000000227e-01 2.649799999999999933e-01 -2.848030000000000006e-02 1.373990000000000045e+00 1.318789999999999907e+00 -4.122520000000000073e-01 1.873391929794964161e-01 2.364477417305150819e-01 2.060049999999999937e+00 2.239718461502971936e-01 nan nan 0.000000000000000000e+00 1.036300224769999972e-01 1.714783503239999951e-02 7.448301545560000181e-02 1.507160000000000011e+01 4.137420000000000186e+01 4.473380000000000223e+01 4.075780000000000314e+01 2.931764449437448405e-01 8.453177547959264126e-01
-4.281139999999999946e-01 1.943179999999999907e-01 -3.342390000000000083e-01 1.365730000000000111e+00 1.238180000000000058e+00 -4.082500000000000018e-01 2.151415867657465730e-01 2.595383044752269663e-01 2.265540000000000109e+00 2.530976287990118756e-01 nan nan 0.000000000000000000e+00 1.036300224769999972e-01 1.714783503239999951e-02 7.448301545560000181e-02 1.507160000000000011e+01 4.137420000000000186e+01 4.473380000000000223e+01 4.075780000000000314e+01 4.286959875249416463e-01 8.484281992579143505e-01
-4.402260000000000062e-01 1.385590000000000085e-02 -1.310270000000000046e+00 1.275160000000000071e+00 1.134290000000000020e+00 -4.065770000000000217e-01 2.451574832362642953e-01 2.850844152020061140e-01 2.676520000000000010e+00 2.841110741917722837e-01 nan nan 0.000000000000000000e+00 1.267241175970000022e-01 2.323706406029999935e-02 9.829836549459999850e-02 2.034479999999999933e+01 3.874689999999999657e+01 4.543209999999999837e+01 4.792540000000000333e+01 4.286959875249416463e-01 8.484281992579143505e-01
-4.299839999999999773e-01 1.680159999999999987e-01 -4.509580000000000255e-01 1.361990000000000034e+00 1.092400000000000038e+00 -4.073120000000000074e-01 2.773092898168321163e-01 3.129780367992441859e-01 2.539520000000000000e+00 3.169168089763998442e-01 nan nan 0.000000000000000000e+00 1.267241175970000022e-01 2.323706406029999935e-02 9.829836549459999850e-02 2.034479999999999933e+01 3.874689999999999657e+01 4.543209999999999837e+01 4.792540000000000333e+01 7.278416807793557375e-01 1.000000000000000000e+00
-4.320660000000000056e-01 1.906579999999999941e-01 7.778720000000000079e-02 1.206760000000000055e+00 1.049520000000000008e+00 -4.095019999999999771e-01 3.114942764006710663e-01 3.430845339191518351e-01 1.957300000000000040e+00 3.513991524457439342e-01 nan nan 0.000000000000000000e+00 1.738416286789999932e-01 2.619651122760000006e-02 1.309097220229999969e-01 1.088299999999999912e+01 3.422509999999999764e+01 4.430700000000000216e+01 5.336449999999999960e+01 7.278416807793557375e-01 1.000000000000000000e+00
-4.358310000000000239e-01 1.430939999999999990e-01 6.308880000000000217e-04 1.152660000000000018e+00 1.071479999999999988e+00 -4.129019999999999913e-01 3.475627635030018592e-01 3.752441984500488603e-01 1.649059999999999970e+00 3.874234272463171758e-01 nan nan 0.000000000000000000e+00 1.738416286789999932e-01 2.619651122760000006e-02 1.309097220229999969e-01 1.088299999999999912e+01 3.422509999999999764e+01 4.430700000000000216e+01 5.336449999999999960e+01 7.595784637569376052e-01 8.889523959895793137e-01
-4.439239999999999853e-01 -2.560669999999999960e-02 -3.799669999999999992e-01 1.151769999999999960e+00 1.017120000000000024e+00 -4.185420000000000251e-01 3.853866749013508120e-01 4.092740590730834516e-01 2.128540000000000099e+00 4.248374853265248774e-01 nan nan 0.000000000000000000e+00 2.521903623339999956e-01 3.117483356619999910e-02 1.842525927989999979e-01 1.935999999999999943e+01 4.138060000000000116e+01 5.935309999999999775e+01 6.916259999999999764e+01 7.595784637569376052e-01 8.889523959895793137e-01
-4.436689999999999801e-01 -5.271959999999999841e-02 -7.886710000000000109e-01 1.201580000000000092e+00 1.048030000000000017e+00 -4.184100000000000041e-01 4.247967263054177600e-01 4.449699544003877794e-01 2.608019999999999783e+00 4.634734318348849857e-01 nan nan 0.000000000000000000e+00 2.521903623339999956e-01 3.117483356619999910e-02 1.842525927989999979e-01 1.935999999999999943e+01 4.138060000000000116e+01 5.935309999999999775e+01 6.916259999999999764e+01 2.647135263837422370e-01 6.583658324780927718e-01
-4.039429999999999965e-01 3.776269999999999905e-01 1.795299999999999951e-01 1.219130000000000047e+00 1.583569999999999922e+00 -4.106460000000000110e-01 4.655744381568003298e-01 4.821088462051812407e-01 1.923049999999999926e+00 5.031495274357824510e-01 nan nan 0.000000000000000000e+00 2.672072831530000192e-01 3.944521327719999887e-02 1.947012680959999964e-01 2.426229999999999976e+01 5.937599999999999767e+01 7.644729999999999848e+01 8.423000000000000398e+01 2.647135263837422370e-01 6.583658324780927718e-01
-4.445779999999999732e-01 -6.788360000000000227e-02 -2.704529999999999990e-01 1.098279999999999923e+00 1.066969999999999974e+00 -3.694219999999999726e-01 5.063441103698571588e-01 5.204513465340008249e-01 1.443570000000000020e+00 5.436722474887611956e-01 nan nan 0.000000000000000000e+00 2.672072831530000192e-01 3.944521327719999887e-02 1.947012680959999964e-01 2.426229999999999976e+01 5.937599999999999767e+01 7.644729999999999848e+01 8.423000000000000398e+01 1.980289743288787818e-01 8.011715481171548525e-01
-4.478619999999999823e-01 -1.422690000000000066e-01 -1.615850000000000064e-01 8.885579999999999590e-01 7.030210000000000070e-01 -2.071040000000000103e-01 5.468129658101199553e-01 5.597444300678688922e-01 7.928520000000000012e-01 5.848384747600294808e-01 nan nan 0.000000000000000000e+00 3.643339136000000034e-01 5.065255788700000206e-02 2.380014765669999921e-01 2.115080000000000027e+01 6.139639999999999986e+01 7.444519999999999982e+01 8.056329999999999814e+01 1.980289743288787818e-01 8.011715481171548525e-01
-4.310880000000000267e-01 1.419719999999999871e-01 2.393440000000000012e-01 9.148720000000000185e-01 7.946149999999999602e-01 2.001120000000000121e-01 5.879829850159199456e-01 5.980639040705095777e-01 -2.911120000000000027e-02 6.230902496130417134e-01 nan nan 0.000000000000000000e+00 3.643339136000000034e-01 5.065255788700000206e-02 2.380014765669999921e-01 2.115080000000000027e+01 6.139639999999999986e+01 7.444519999999999982e+01 8.056329999999999814e+01 1.260961786750280922e-01 9.539054235414857752e-01
-2.529429999999999734e-01 8.597630000000000550e-01 9.869170000000000442e-01 8.841679999999999540e-01 7.402149999999999563e-01 8.156349999999999989e-01 6.298891305004920005e-01 6.350841083347560367e-01 -4.400930000000000120e-01 6.614507615047455769e-01 nan nan 0.000000000000000000e+00 4.555429226050000113e-01 5.775361727670000334e-02 2.139837521730000025e-01 2.737259999999999849e+01 6.064679999999999893e+01 7.617329999999999757e+01 7.820430000000000348e+01 1.260961786750280922e-01 9.539054235414857752e-01
5.613569999999999949e-01 1.457710000000000061e+00 1.518750000000000044e+00 7.715440000000000076e-01 9.228739999999999721e-01 1.709699999999999998e+00 6.710276614169112808e-01 6.720275046648391815e-01 -5.770870000000000166e-01 6.994853705073249550e-01 nan nan 0.000000000000000000e+00 4.555429226050000113e-01 5.775361727670000334e-02 2.139837521730000025e-01 2.737259999999999849e+01 6.064679999999999893e+01 7.617329999999999757e+01 7.820430000000000348e+01 1.292778215597176761e-01 8.366211415489065439e-01
1.379580000000000028e+00 1.678369999999999918e+00 1.806200000000000028e+00 1.048280000000000101e+00 1.303500000000000103e+00 2.473450000000000149e+00 7.106057595041502806e-01 7.093826483719374298e-01 -5.428380000000000427e-01 7.367631293029222039e-01 nan nan 0.000000000000000000e+00 5.184549609559999661e-01 5.589538930799999722e-02 1.804807476879999872e-01 1.898379999999999868e+01 6.244230000000000302e+01 7.746620000000000061e+01 8.288330000000000553e+01 1.292778215597176761e-01 8.366211415489065439e-01
1.683030000000000026e+00 1.735729999999999995e+00 1.912029999999999896e+00 1.153950000000000031e+00 1.225859999999999950e+00 2.886750000000000149e+00 7.491460743474459560e-01 7.457774948300357476e-01 -5.428380000000000427e-01 7.728616659889466778e-01 nan nan 0.000000000000000000e+00 5.184549609559999661e-01 5.589538930799999722e-02 1.804807476879999872e-01 1.898379999999999868e+01 6.244230000000000302e+01 7.746620000000000061e+01 8.288330000000000553e+01 1.330169855296031711e-01 8.274855924844083388e-01
2.036760000000000126e+00 1.792980000000000018e+00 1.978630000000000111e+00 1.171000000000000041e+00 1.271109999999999962e+00 3.414629999999999832e+00 7.862119287796958123e-01 7.807996758861213138e-01 -5.428380000000000427e-01 8.073719697205017365e-01 nan nan 0.000000000000000000e+00 5.852725533839999716e-01 4.564701183690000191e-02 1.688214159220000066e-01 1.580259999999999998e+01 4.462859999999999872e+01 6.923279999999999745e+01 7.525020000000000664e+01 1.330169855296031711e-01 8.274855924844083388e-01
2.401069999999999816e+00 1.844130000000000047e+00 2.042990000000000084e+00 1.266559999999999908e+00 1.300249999999999906e+00 3.606819999999999915e+00 8.213833518594181315e-01 8.140523762346749681e-01 -5.770870000000000166e-01 8.399030249666916692e-01 nan nan 0.000000000000000000e+00 5.852725533839999716e-01 4.564701183690000191e-02 1.688214159220000066e-01 1.580259999999999998e+01 4.462859999999999872e+01 6.923279999999999745e+01 7.525020000000000664e+01 1.378502322305873440e-01 8.273245440909449133e-01
2.734230000000000160e+00 1.885659999999999892e+00 2.083439999999999959e+00 1.447030000000000038e+00 1.273789999999999978e+00 3.906779999999999919e+00 8.542618373093322504e-01 8.451588294936429602e-01 -5.770870000000000166e-01 8.700862418728271264e-01 nan nan 0.000000000000000000e+00 6.537990829440000207e-01 4.165455986750000311e-02 1.470587008550000019e-01 9.185639999999999361e+00 3.263009999999999877e+01 4.678520000000000323e+01 6.109300000000000352e+01 1.378502322305873440e-01 8.273245440909449133e-01
2.843389999999999862e+00 1.898360000000000047e+00 2.107169999999999987e+00 1.469580000000000108e+00 1.262799999999999923e+00 3.667569999999999997e+00 8.844748587517143879e-01 8.737665871180928523e-01 -4.743410000000000126e-01 8.975796325307597856e-01 nan nan 0.000000000000000000e+00 6.537990829440000207e-01 4.165455986750000311e-02 1.470587008550000019e-01 9.185639999999999361e+00 3.263009999999999877e+01 4.678520000000000323e+01 6.109300000000000352e+01 1.449470983752242370e-01 8.114596984289887960e-01
2.944700000000000095e+00 1.909669999999999979e+00 2.125080000000000080e+00 1.570559999999999956e+00 1.524319999999999897e+00 3.373470000000000191e+00 9.117621035278163921e-01 8.995515117830598095e-01 -5.085899999999999865e-01 9.220716858385337167e-01 nan nan 0.000000000000000000e+00 6.732925153859999901e-01 4.028051194710000060e-02 1.275789311480000077e-01 1.105429999999999957e+01 2.822200000000000131e+01 4.263020000000000209e+01 5.302859999999999729e+01 1.449470983752242370e-01 8.114596984289887960e-01
3.066129999999999800e+00 1.922770000000000090e+00 2.126689999999999969e+00 1.672560000000000047e+00 1.531809999999999894e+00 3.140369999999999884e+00 9.357359841070860274e-01 9.222214499889566097e-01 -5.085899999999999865e-01 9.432848970456439996e-01 nan nan 0.000000000000000000e+00 6.732925153859999901e-01 4.028051194710000060e-02 1.275789311480000077e-01 1.105429999999999957e+01 2.822200000000000131e+01 4.263020000000000209e+01 5.302859999999999729e+01 1.533015308774460239e-01 7.976600615773268288e-01
2.869069999999999787e+00 1.901159999999999961e+00 2.110199999999999854e+00 1.557790000000000008e+00 1.510380000000000056e+00 2.997630000000000017e+00 9.560491262627121012e-01 9.415195422774628176e-01 -4.400930000000000120e-01 9.609789119927450995e-01 nan nan 0.000000000000000000e+00 6.269026994469999448e-01 4.820812766669999722e-02 1.372701715680000045e-01 9.710169999999999746e+00 3.083840000000000003e+01 4.358500000000000085e+01 5.250150000000000006e+01 1.533015308774460239e-01 7.976600615773268288e-01
2.615829999999999878e+00 1.871399999999999952e+00 2.092600000000000016e+00 1.502140000000000031e+00 1.592340000000000089e+00 2.286979999999999791e+00 9.725560584874954895e-01 9.588875260446242388e-01 -3.030990000000000073e-01 9.749532504203165528e-01 nan nan 0.000000000000000000e+00 6.269026994469999448e-01 4.820812766669999722e-02 1.372701715680000045e-01 9.710169999999999746e+00 3.083840000000000003e+01 4.358500000000000085e+01 5.250150000000000006e+01 1.618026794547192670e-01 7.866077208494512973e-01
2.382219999999999782e+00 1.841809999999999947e+00 2.062019999999999964e+00 1.528480000000000061e+00 1.682520000000000016e+00 2.102930000000000188e+00 9.850697506434934470e-01 9.742015195592247379e-01 -2.346020000000000050e-01 9.850495774901116830e-01 nan nan 0.000000000000000000e+00 5.794334572689999741e-01 4.983396830729999727e-02 1.395735653379999996e-01 1.035040000000000049e+01 2.884420000000000073e+01 4.252700000000000102e+01 5.507309999999999661e+01 1.618026794547192670e-01 7.866077208494512973e-01
2.338979999999999837e+00 1.835990000000000011e+00 2.016659999999999897e+00 1.605750000000000011e+00 1.502899999999999903e+00 1.750429999999999930e+00 9.934484175983611109e-01 9.858274995936651131e-01 -2.346020000000000050e-01 9.945010489909799078e-01 nan nan 0.000000000000000000e+00 5.794334572689999741e-01 4.983396830729999727e-02 1.395735653379999996e-01 1.035040000000000049e+01 2.884420000000000073e+01 4.252700000000000102e+01 5.507309999999999661e+01 1.679270276161571873e-01 7.739259493171232185e-01
2.055880000000000152e+00 1.795770000000000088e+00 1.944099999999999939e+00 1.504299999999999971e+00 1.466839999999999922e+00 1.533649999999999958e+00 9.981142399726572467e-01 9.938877137784231097e-01 -9.760810000000000319e-02 1.000000000000000000e+00 nan nan 0.000000000000000000e+00 5.548239437999999968e-01 4.761779640549999859e-02 1.450124381070000135e-01 7.376870000000000260e+00 2.613729999999999976e+01 4.717260000000000275e+01 5.957030000000000314e+01 1.679270276161571873e-01 7.739259493171232185e-01
1.761589999999999989e+00 1.749009999999999954e+00 1.910679999999999934e+00 1.155610000000000026e+00 1.082999999999999963e+00 9.766869999999999719e-01 1.000000000000000000e+00 9.985448112958615896e-01 -9.760810000000000319e-02 9.983925953725980573e-01 nan nan 2.504696305572928772e-03 5.548239437999999968e-01 4.761779640549999859e-02 1.450124381070000135e-01 7.376870000000000260e+00 2.613729999999999976e+01 4.717260000000000275e+01 5.957030000000000314e+01 1.728650715136069715e-01 7.489255545906685629e-01
1.394539999999999891e+00 1.681170000000000053e+00 1.830019999999999980e+00 1.203219999999999956e+00 1.184129999999999905e+00 8.360610000000000541e-01 9.987864535776167507e-01 1.000000000000000000e+00 -1.318570000000000020e-01 9.931536449961546609e-01 nan nan 5.090982839803914750e-03 5.636935875330000290e-01 3.640827170969999915e-02 1.454646889769999896e-01 1.080700000000000038e+01 3.565749999999999886e+01 5.598010000000000019e+01 7.165109999999999957e+01 1.728650715136069715e-01 7.489255545906685629e-01
1.436979999999999924e+00 1.689650000000000096e+00 1.795420000000000016e+00 1.044240000000000057e+00 1.079220000000000068e+00 4.975310000000000010e-01 9.937121173460187196e-01 9.984907666511307900e-01 -2.346020000000000050e-01 9.843425082718135766e-01 nan nan 7.921115610116435946e-03 5.636935875330000290e-01 3.640827170969999915e-02 1.454646889769999896e-01 1.080700000000000038e+01 3.565749999999999886e+01 5.598010000000000019e+01 7.165109999999999957e+01 1.819572762789449794e-01 6.978226888766084768e-01
8.850559999999999539e-01 1.560470000000000024e+00 1.582740000000000036e+00 9.271059999999999857e-01 1.011740000000000084e+00 9.151829999999999687e-01 9.849543130391790191e-01 9.942881860959297269e-01 -3.030990000000000073e-01 9.720590188994127079e-01 nan nan 1.115458774864319658e-02 6.018208084039999850e-01 2.824470186050000164e-02 1.419454747020000018e-01 1.298760000000000048e+01 4.317210000000000036e+01 6.876640000000000441e+01 7.699479999999999791e+01 1.819572762789449794e-01 6.978226888766084768e-01
1.451189999999999980e+00 1.692539999999999933e+00 1.673729999999999940e+00 1.187319999999999931e+00 1.200520000000000032e+00 4.614559999999999773e-01 9.728606381742045395e-01 9.876938498811275169e-01 -2.688499999999999779e-01 9.564423537217749960e-01 nan nan 1.494632239130877505e-02 6.018208084039999850e-01 2.824470186050000164e-02 1.419454747020000018e-01 1.298760000000000048e+01 4.317210000000000036e+01 6.876640000000000441e+01 7.699479999999999791e+01 1.978026123845134654e-01 6.518891608115575664e-01
2.398210000000000064e-01 1.314810000000000034e+00 9.501760000000000206e-01 9.506350000000000078e-01 1.140600000000000058e+00 3.799850000000000172e-01 9.577963583188870977e-01 9.790364491007746972e-01 -2.346020000000000050e-01 9.376694557954659004e-01 nan nan 1.944491733679565293e-02 6.233503783410000443e-01 2.980376932089999834e-02 1.326073446340000073e-01 1.335490000000000066e+01 4.429030000000000200e+01 6.884659999999999513e+01 8.533419999999999561e+01 1.978026123845134654e-01 6.518891608115575664e-01
4.488780000000000214e+00 2.051449999999999996e+00 1.780280000000000085e+00 1.892660000000000009e+00 1.912479999999999958e+00 2.759840000000000071e-01 9.398951010070472067e-01 9.686680501948087274e-01 -2.003540000000000043e-01 9.159530295552597012e-01 nan nan 2.479096137410796707e-02 6.233503783410000443e-01 2.980376932089999834e-02 1.326073446340000073e-01 1.335490000000000066e+01 4.429030000000000200e+01 6.884659999999999513e+01 8.533419999999999561e+01 2.124448766746591666e-01 6.212489145022499493e-01
6.731350000000000389e-01 1.496320000000000094e+00 1.142209999999999948e+00 8.586160000000000458e-01 1.052189999999999959e+00 9.101869999999999683e-01 9.186111512868103679e-01 9.569601058956102024e-01 -2.688499999999999779e-01 8.915391307879017013e-01 nan nan 3.111544135541632894e-02 6.212712510210000039e-01 3.781453866349999970e-02 1.239841326410000000e-01 1.547949999999999982e+01 4.748319999999999652e+01 7.503650000000000375e+01 8.489809999999999945e+01 2.124448766746591666e-01 6.212489145022499493e-01
2.221449999999999925e+00 1.820470000000000033e+00 1.464110000000000023e+00 1.434790000000000010e+00 1.411340000000000039e+00 -2.754859999999999948e-02 8.945593483558889059e-01 9.426388495903693654e-01 -3.715959999999999819e-01 8.647043787217248978e-01 nan nan 3.853825806268251775e-02 6.212712510210000039e-01 3.781453866349999970e-02 1.239841326410000000e-01 1.547949999999999982e+01 4.748319999999999652e+01 7.503650000000000375e+01 8.489809999999999945e+01 2.231299988262713807e-01 5.739733164916713815e-01
-1.162849999999999995e-01 1.048249999999999904e+00 4.161250000000000226e-01 3.215580000000000105e-01 7.299579999999999957e-01 9.101810000000000456e-02 8.690430119980904200e-01 9.260476256796164041e-01 -4.058439999999999825e-01 8.357528218202622261e-01 nan nan 4.716686768389011242e-02 6.167903171759999692e-01 4.818474609730000191e-02 1.190898212270000006e-01 2.016369999999999862e+01 5.421869999999999834e+01 7.495480000000000587e+01 9.389900000000000091e+01 2.231299988262713807e-01 5.739733164916713815e-01
9.662760000000000238e-01 1.583129999999999926e+00 1.271230000000000082e+00 7.815530000000000532e-01 1.095590000000000064e+00 -2.168519999999999892e-01 8.422778864609736793e-01 9.090888989699856815e-01 -4.058439999999999825e-01 8.050124927916620932e-01 nan nan 5.709506429149757700e-02 6.167903171759999692e-01 4.818474609730000191e-02 1.190898212270000006e-01 2.016369999999999862e+01 5.421869999999999834e+01 7.495480000000000587e+01 9.389900000000000091e+01 2.325449789567229919e-01 5.269882371516538822e-01
-5.034020000000000161e-02 1.114959999999999951e+00 1.054950000000000054e+00 6.997809999999999864e-01 1.148430000000000062e+00 -1.586190000000000100e-01 8.146207272821535117e-01 8.919548186114605315e-01 -4.058439999999999825e-01 7.728316918470310437e-01 nan nan 6.840191711811849373e-02 5.603386329930000187e-01 5.521736431230000325e-02 1.255393571789999996e-01 2.001529999999999987e+01 5.681499999999999773e+01 8.348109999999999786e+01 9.536409999999999343e+01 2.325449789567229919e-01 5.269882371516538822e-01
6.291229999999999878e-01 1.481009999999999938e+00 9.800410000000000510e-01 1.007300000000000084e+00 1.113709999999999978e+00 -2.398800000000000099e-01 7.865658599589615552e-01 8.748395205809341713e-01 -4.058439999999999825e-01 7.395750403198670941e-01 nan nan 8.115087467052228831e-02 5.603386329930000187e-01 5.521736431230000325e-02 1.255393571789999996e-01 2.001529999999999987e+01 5.681499999999999773e+01 8.348109999999999786e+01 9.536409999999999343e+01 2.425971260416841524e-01 4.910049735533276172e-01
-4.243640000000000190e-01 2.343949999999999922e-01 -6.018960000000000282e-02 -1.940020000000000078e-01 5.868679999999999730e-02 -1.828819999999999890e-01 7.584311573483262237e-01 8.579369280440185541e-01 -4.058439999999999825e-01 7.056193493606568445e-01 nan nan 9.538904583269913751e-02 4.778235272840000158e-01 5.836493221249999808e-02 1.370308724340000006e-01 2.989780000000000015e+01 6.441280000000000427e+01 8.595130000000000337e+01 1.025570000000000022e+02 2.425971260416841524e-01 4.910049735533276172e-01
-4.494980000000000087e-01 -1.351469999999999894e-01 -6.890799999999999877e-03 -3.342740000000000156e-01 1.248920000000000030e-01 -2.527070000000000149e-01 7.305353968728827141e-01 8.414385541280900993e-01 -5.085899999999999865e-01 6.713493505159742192e-01 nan nan 1.111466661033809755e-01 4.778235272840000158e-01 5.836493221249999808e-02 1.370308724340000006e-01 2.989780000000000015e+01 6.441280000000000427e+01 8.595130000000000337e+01 1.025570000000000022e+02 2.494843977933901558e-01 4.509955001184179357e-01
1.245109999999999967e-01 1.247190000000000021e+00 1.015190000000000037e+00 6.411329999999999529e-01 7.931110000000000104e-01 -2.419800000000000006e-01 7.031946486453977130e-01 8.255313320020323253e-01 -4.400930000000000120e-01 6.371533365663255566e-01 nan nan 1.284367550157597959e-01 3.736735021479999919e-01 6.811761994029999490e-02 1.255255503680000051e-01 3.269630000000000081e+01 7.467019999999999413e+01 9.358689999999999998e+01 1.051919999999999931e+02 2.494843977933901558e-01 4.509955001184179357e-01
9.886409999999999920e-01 1.588379999999999903e+00 9.538309999999999844e-01 1.332529999999999992e+00 1.382120000000000015e+00 -2.369040000000000035e-01 6.767186942680977202e-01 8.086810172385281437e-01 -3.030990000000000073e-01 5.999621646631289051e-01 nan nan 1.472549686209730924e-01 3.736735021479999919e-01 6.811761994029999490e-02 1.255255503680000051e-01 3.269630000000000081e+01 7.467019999999999413e+01 9.358689999999999998e+01 1.051919999999999931e+02 2.575998926876708062e-01 4.464545669850793486e-01
-2.976449999999999929e-01 7.916619999999999768e-01 2.281030000000000002e-01 -9.187860000000000471e-02 -9.627840000000000009e-02 -3.453550000000000231e-01 6.514075168833319829e-01 7.908974517927838122e-01 -3.030990000000000073e-01 5.632887554772576522e-01 nan nan 1.675796487067812146e-01 2.614618379549999982e-01 7.258415906350000613e-02 1.187776834609999971e-01 3.817450000000000188e+01 9.110980000000000700e+01 1.109200000000000017e+02 1.131719999999999970e+02 2.575998926876708062e-01 4.464545669850793486e-01
-4.479929999999999746e-01 -1.265429999999999888e-01 -4.532320000000000237e-01 -4.003769999999999829e-01 -4.496809999999999974e-01 -4.145960000000000201e-01 6.257293374780874551e-01 7.737885528672289182e-01 -1.318570000000000020e-01 5.272926120122729543e-01 nan nan 1.893720681937659522e-01 2.614618379549999982e-01 7.258415906350000613e-02 1.187776834609999971e-01 3.817450000000000188e+01 9.110980000000000700e+01 1.109200000000000017e+02 1.131719999999999970e+02 2.612677945639598764e-01 4.346822452040736140e-01
-4.608439999999999759e-01 -1.027940000000000076e+00 -1.431370000000000031e+00 -1.762720000000000120e-01 -3.893429999999999946e-01 -4.203839999999999799e-01 5.994428745997093522e-01 7.572941964932848879e-01 2.106280000000000097e-01 4.921255635804967499e-01 nan nan 2.125768699286149088e-01 1.697189408620000117e-01 6.623284313489999353e-02 1.197632200359999982e-01 4.181459999999999866e+01 1.038430000000000035e+02 1.110430000000000064e+02 1.136509999999999962e+02 2.612677945639598764e-01 4.346822452040736140e-01
-4.603550000000000142e-01 -9.065290000000000292e-01 -9.695599999999999774e-01 -4.793399999999999883e-01 -5.523620000000000196e-01 -4.209890000000000021e-01 5.742849220624026696e-01 7.413472956897051436e-01 5.137270000000000204e-03 4.579300455162346184e-01 nan nan 2.371226939027877290e-01 1.697189408620000117e-01 6.623284313489999353e-02 1.197632200359999982e-01 4.181459999999999866e+01 1.038430000000000035e+02 1.110430000000000064e+02 1.136509999999999962e+02 2.653800365532621441e-01 4.072755980105786655e-01
-4.599300000000000055e-01 -8.202209999999999779e-01 -1.225859999999999950e+00 -5.388370000000000104e-01 -6.196709999999999718e-01 -4.199490000000000167e-01 5.506193415556539517e-01 7.258745605848780924e-01 -3.373470000000000080e-01 4.248374853265249884e-01 nan nan 2.629229857899276768e-01 1.595901683000000015e-01 7.960606721639999772e-02 1.081364863139999966e-01 3.302550000000000097e+01 9.089660000000000650e+01 1.074689999999999941e+02 1.027259999999999991e+02 2.653800365532621441e-01 4.072755980105786655e-01
-4.596669999999999923e-01 -7.312990000000000324e-01 -6.459129999999999594e-01 -6.156070000000000153e-01 -5.767889999999999961e-01 -4.187270000000000159e-01 5.284446408162558617e-01 7.107973288203588424e-01 -2.688499999999999779e-01 3.929668135649677652e-01 nan nan 2.898769776409636512e-01 1.595901683000000015e-01 7.960606721639999772e-02 1.081364863139999966e-01 3.302550000000000097e+01 9.089660000000000650e+01 1.074689999999999941e+02 1.027259999999999991e+02 3.355103204279079598e-01 5.298871082339937644e-01
-4.611430000000000251e-01 -1.122530000000000028e+00 -1.198700000000000099e+00 -6.565809999999999702e-01 -7.142560000000000020e-01 -4.149499999999999855e-01 5.076555692799294972e-01 6.960324568268212442e-01 -2.003540000000000043e-01 3.624231163010298573e-01 nan nan 3.178708296252390486e-01 2.595833424519999877e-01 9.472494324720000247e-02 1.339493577770000110e-01 4.521039999999999992e+01 9.031189999999999429e+01 9.918210000000000548e+01 1.097429999999999950e+02 3.355103204279079598e-01 5.298871082339937644e-01
-4.585509999999999864e-01 -5.754479999999999595e-01 -4.633260000000000156e-01 -8.461189999999999545e-01 -7.682719999999999549e-01 -3.832099999999999951e-01 4.881742018627803770e-01 6.814932618739215631e-01 -2.688499999999999779e-01 3.332964444528881964e-01 nan nan 3.467789198812802898e-01 2.595833424519999877e-01 9.472494324720000247e-02 1.339493577770000110e-01 4.521039999999999992e+01 9.031189999999999429e+01 9.918210000000000548e+01 1.097429999999999950e+02 3.695903687184559638e-01 6.702960448409251981e-01
-4.549969999999999848e-01 -3.346930000000000183e-01 -9.212349999999999706e-02 -7.295679999999999943e-01 -9.135720000000000507e-01 -3.341399999999999926e-01 4.699209913201889410e-01 6.670905042202696089e-01 -4.400930000000000120e-01 3.056607934745442234e-01 nan nan 3.764652678626837501e-01 4.075733095499999847e-01 1.095205085180000065e-01 1.968057324920000073e-01 3.040800000000000125e+01 7.499989999999999668e+01 9.335689999999999600e+01 9.217719999999999914e+01 3.695903687184559638e-01 6.702960448409251981e-01
-4.247330000000000272e-01 2.252780000000000060e-01 5.636759999999999549e-01 -7.225589999999999513e-01 -4.451010000000000244e-01 -3.297729999999999828e-01 4.528067123002665895e-01 6.527333982353571429e-01 -5.770870000000000166e-01 2.795732649577628015e-01 nan nan 4.067850750520409786e-01 4.075733095499999847e-01 1.095205085180000065e-01 1.968057324920000073e-01 3.040800000000000125e+01 7.499989999999999668e+01 9.335689999999999600e+01 9.217719999999999914e+01 1.656340649574943313e-01 3.220620509986579227e-01
-1.324460000000000082e-01 1.032489999999999908e+00 1.280999999999999917e+00 -3.018569999999999864e-01 3.094790000000000041e-01 -3.341040000000000121e-01 4.367295633691727907e-01 6.383306410370277462e-01 -6.113349999999999618e-01 2.550734196482208338e-01 nan nan 4.375863655860009471e-01 4.271613557350000256e-01 1.089855098520000065e-01 2.034756675670000015e-01 2.017790000000000106e+01 5.140800000000000125e+01 6.743739999999999668e+01 7.666209999999999525e+01 1.656340649574943313e-01 3.220620509986579227e-01
1.100270000000000067e-02 1.167219999999999924e+00 1.349639999999999951e+00 -3.684189999999999965e-01 9.098050000000000581e-02 -3.274050000000000016e-01 4.215795385623827274e-01 6.237914469896138625e-01 -5.428380000000000427e-01 2.321828292064512800e-01 nan nan 4.687117082025261672e-01 4.271613557350000256e-01 1.089855098520000065e-01 2.034756675670000015e-01 2.017790000000000106e+01 5.140800000000000125e+01 6.743739999999999668e+01 7.666209999999999525e+01 1.602055701805865651e-01 3.359753690692349748e-01
-4.380910000000000082e-01 4.730480000000000101e-02 2.860559999999999770e-01 -3.313639999999999919e-01 1.455239999999999867e-01 -3.636400000000000188e-01 4.072427694005742449e-01 6.090265763414660638e-01 -4.743410000000000126e-01 2.109048317923094551e-01 nan nan 4.999999999999998890e-01 3.744171419710000115e-01 9.132518098359999892e-02 2.070072622889999880e-01 2.653480000000000061e+01 5.289000000000000057e+01 6.308939999999999770e+01 6.438410000000000366e+01 1.602055701805865651e-01 3.359753690692349748e-01
-4.357570000000000054e-01 1.239330000000000015e-01 4.369810000000000083e-01 -6.735830000000000428e-01 -6.392449999999999521e-01 -3.926009999999999778e-01 3.936005682010224049e-01 5.939493463469966983e-01 -5.428380000000000427e-01 1.912244942422883787e-01 nan nan 5.312882917974737218e-01 3.744171419710000115e-01 9.132518098359999892e-02 2.070072622889999880e-01 2.653480000000000061e+01 5.289000000000000057e+01 6.308939999999999770e+01 6.438410000000000366e+01 2.197471453243683426e-01 4.846293518591615612e-01
-4.199399999999999800e-01 2.667379999999999751e-01 6.698680000000000190e-01 -6.434549999999999992e-01 -5.731020000000000003e-01 -3.906430000000000180e-01 3.805300880263905450e-01 5.784766134168244367e-01 -6.113349999999999618e-01 1.731087812682282623e-01 nan nan 5.624136344139989419e-01 2.650132131669999946e-01 8.814912751589999707e-02 1.978952844990000126e-01 1.764750000000000085e+01 4.864370000000000260e+01 6.376219999999999999e+01 6.675799999999999557e+01 2.197471453243683426e-01 4.846293518591615612e-01
-4.226940000000000142e-01 2.418029999999999902e-01 6.011189999999999589e-01 -5.197739999999999583e-01 -3.923209999999999753e-01 -3.996990000000000265e-01 3.679059609133472630e-01 5.625297151678643193e-01 -5.428380000000000427e-01 1.565069297603308707e-01 nan nan 5.932149249479587994e-01 2.650132131669999946e-01 8.814912751589999707e-02 1.978952844990000126e-01 1.764750000000000085e+01 4.864370000000000260e+01 6.376219999999999999e+01 6.675799999999999557e+01 4.222279045590972002e-01 6.877271650746032972e-01
-4.354190000000000005e-01 8.606669999999999598e-02 5.151759999999999673e-01 -8.139469999999999761e-01 -7.310999999999999721e-01 -4.090619999999999812e-01 3.556007209767659827e-01 5.460353616995603510e-01 -5.085899999999999865e-01 1.413510239534782054e-01 nan nan 6.235347321373163609e-01 2.272407752539999937e-01 9.702435320879999880e-02 1.487858907490000049e-01 1.530630000000000024e+01 4.176800000000000068e+01 5.326919999999999789e+01 5.746039999999999992e+01 4.222279045590972002e-01 6.877271650746032972e-01
-4.501910000000000078e-01 -1.423190000000000011e-01 6.024580000000000213e-02 -8.498130000000000406e-01 -5.946219999999999839e-01 -4.175050000000000150e-01 3.434878981630672401e-01 5.289264659977435112e-01 -5.085899999999999865e-01 1.275567649399892423e-01 nan nan 6.532210801187194882e-01 2.272407752539999937e-01 9.702435320879999880e-02 1.487858907490000049e-01 1.530630000000000024e+01 4.176800000000000068e+01 5.326919999999999789e+01 5.746039999999999992e+01 4.187067187578598082e-01 4.674855924844083521e-01
-4.507539999999999880e-01 -1.484580000000000066e-01 -1.098630000000000023e-01 -6.293140000000000400e-01 -5.730739999999999723e-01 -4.161679999999999824e-01 3.314402302434578118e-01 5.111429040573092220e-01 -4.743410000000000126e-01 1.150244258099273331e-01 nan nan 6.821291703747608404e-01 2.316277575169999881e-01 9.990414190830000651e-02 1.429810730939999885e-01 1.776289999999999836e+01 3.492580000000000240e+01 4.617470000000000141e+01 5.243950000000000244e+01 4.187067187578598082e-01 4.674855924844083521e-01
-4.580060000000000242e-01 -6.015819999999999501e-01 -3.750180000000000180e-01 -7.532689999999999664e-01 -6.009280000000000177e-01 -4.186509999999999954e-01 3.193356059554816051e-01 4.926321961112192227e-01 -3.373470000000000080e-01 1.036399815968390703e-01 nan nan 7.101230223590362378e-01 2.316277575169999881e-01 9.990414190830000651e-02 1.429810730939999885e-01 1.776289999999999836e+01 3.492580000000000240e+01 4.617470000000000141e+01 5.243950000000000244e+01 4.024966884085916519e-01 3.585505644588300456e-01
-4.586669999999999914e-01 -6.750279999999999614e-01 -1.356300000000000061e+00 -7.293549999999999756e-01 -6.659730000000000372e-01 -4.195860000000000145e-01 3.070533949562368470e-01 4.733501012472323133e-01 -2.688499999999999779e-01 9.327640122618596763e-02 nan nan 7.370770142100724343e-01 1.569257507219999903e-01 8.777475868499999556e-02 1.313889143639999924e-01 1.341949999999999932e+01 3.135170000000000101e+01 4.428580000000000183e+01 4.651789999999999736e+01 4.024966884085916519e-01 3.585505644588300456e-01
-4.580150000000000055e-01 -5.204309999999999770e-01 -3.706749999999999767e-01 -7.106390000000000207e-01 -5.527149999999999563e-01 -4.173160000000000203e-01 2.944993073431162456e-01 4.532611186751175358e-01 -4.400930000000000120e-01 8.379508682817859988e-02 nan nan 7.628773060972122710e-01 1.569257507219999903e-01 8.777475868499999556e-02 1.313889143639999924e-01 1.341949999999999932e+01 3.135170000000000101e+01 4.428580000000000183e+01 4.651789999999999736e+01 4.002666040678080073e-01 4.063724638825294555e-01
-4.564570000000000016e-01 -4.496330000000000049e-01 -3.608339999999999881e-01 -7.845149999999999624e-01 -5.040609999999999813e-01 -4.162109999999999976e-01 2.815386778280387636e-01 4.323388899647929717e-01 -4.743410000000000126e-01 7.504744410702179902e-02 nan nan 7.874231300713852022e-01 1.897181376990000057e-01 9.622400138929999847e-02 1.418350895399999867e-01 1.129499999999999993e+01 3.178930000000000078e+01 4.190509999999999735e+01 4.445920000000000272e+01 4.002666040678080073e-01 4.063724638825294555e-01
-4.589050000000000074e-01 -6.392999999999999794e-01 -6.389970000000000372e-01 -8.096240000000000103e-01 -5.700610000000000399e-01 -4.143919999999999826e-01 2.680612510003682614e-01 4.105664976978710135e-01 -4.743410000000000126e-01 6.687656597366131717e-02 nan nan 8.106279318062340478e-01 1.897181376990000057e-01 9.622400138929999847e-02 1.418350895399999867e-01 1.129499999999999993e+01 3.178930000000000078e+01 4.190509999999999735e+01 4.445920000000000272e+01 4.039345059440970775e-01 5.404057787952948333e-01
-4.540429999999999744e-01 -2.633719999999999950e-01 -1.811359999999999915e-01 -7.930430000000000534e-01 -6.020320000000000116e-01 -4.044420000000000237e-01 2.539938319764810659e-01 3.879366571487683490e-01 -5.085899999999999865e-01 5.911901036579958468e-02 nan nan 8.324203512932187854e-01 2.033931183040000035e-01 8.608485188969999813e-02 1.505726297270000014e-01 2.188870000000000005e+01 3.801850000000000307e+01 4.678280000000000172e+01 4.255630000000000024e+01 4.039345059440970775e-01 5.404057787952948333e-01
-4.570879999999999943e-01 -4.387240000000000029e-01 -4.676989999999999759e-01 -8.670700000000000074e-01 -6.821319999999999606e-01 -3.982629999999999781e-01 2.404496598752541292e-01 3.644517988235576045e-01 -3.030990000000000073e-01 5.160665211177017930e-02 nan nan 8.527450313790269076e-01 2.033931183040000035e-01 8.608485188969999813e-02 1.505726297270000014e-01 2.188870000000000005e+01 3.801850000000000307e+01 4.678280000000000172e+01 4.255630000000000024e+01 3.869825114438538716e-01 6.585679324228309595e-01
-4.545739999999999781e-01 -2.716219999999999746e-01 -2.145990000000000120e-01 -6.403969999999999940e-01 -5.491059999999999830e-01 -4.015299999999999980e-01 2.274913224287483660e-01 3.401240409213627247e-01 -4.743410000000000126e-01 4.416858785591137870e-02 nan nan 8.715632449842402041e-01 1.521175260360000114e-01 9.818803080610000178e-02 1.494925114600000049e-01 1.965180000000000149e+01 4.476579999999999870e+01 4.483850000000000335e+01 4.039690000000000225e+01 3.869825114438538716e-01 6.585679324228309595e-01
-4.500629999999999908e-01 -8.007340000000000291e-02 5.902909999999999494e-04 -7.229759999999999520e-01 -6.324490000000000389e-01 -4.085210000000000230e-01 2.138394447278888499e-01 3.166895362220120136e-01 -7.483290000000000219e-01 4.008966981254202810e-02 nan nan 8.888533338966189135e-01 1.521175260360000114e-01 9.818803080610000178e-02 1.494925114600000049e-01 1.965180000000000149e+01 4.476579999999999870e+01 4.483850000000000335e+01 4.039690000000000225e+01 4.364048692969365595e-01 6.962974658561617014e-01
-4.495899999999999896e-01 -6.116130000000000178e-02 2.089200000000000085e-02 -7.565410000000000190e-01 -7.178259999999999641e-01 -4.143109999999999848e-01 1.991227274640285927e-01 2.943409025629418752e-01 -7.483290000000000219e-01 3.606856254410861773e-02 nan nan 9.046109541673008625e-01 1.395799013490000018e-01 1.192986741130000056e-01 1.302665494960000003e-01 2.081650000000000134e+01 4.276350000000000051e+01 4.114520000000000266e+01 3.736059999999999803e+01 4.364048692969365595e-01 6.962974658561617014e-01
-4.554770000000000207e-01 -3.312519999999999909e-01 -1.879899999999999904e-01 1.496369999999999922e-01 2.479800000000000060e-01 -4.176329999999999765e-01 1.845344962265699218e-01 2.716709664007694869e-01 3.938570000000000265e-02 3.215082680271552640e-02 nan nan 9.188491253294777117e-01 1.395799013490000018e-01 1.192986741130000056e-01 1.302665494960000003e-01 2.081650000000000134e+01 4.276350000000000051e+01 4.114520000000000266e+01 3.736059999999999803e+01 4.995179328962592313e-01 7.330701823636218695e-01
-4.593769999999999798e-01 -7.461560000000000414e-01 -5.862680000000000113e-01 4.013200000000000101e-01 3.081090000000000217e-01 -4.159990000000000077e-01 1.706144718390737447e-01 2.489365871706592515e-01 7.586039999999999450e-01 2.838085209976037859e-02 nan nan 9.315980828818813952e-01 1.559066207210000055e-01 1.178907078660000052e-01 1.311052462620000136e-01 2.200690000000000168e+01 3.476630000000000109e+01 3.303209999999999980e+01 3.135190000000000055e+01 4.995179328962592313e-01 7.330701823636218695e-01
-4.603059999999999929e-01 -9.077840000000000353e-01 -8.554680000000000062e-01 1.284959999999999991e-01 1.969829999999999914e-01 -4.081150000000000055e-01 1.565799235583255067e-01 2.263953544734850221e-01 6.901070000000000260e-01 2.480135375503311757e-02 nan nan 9.429049357085024230e-01 1.559066207210000055e-01 1.178907078660000052e-01 1.311052462620000136e-01 2.200690000000000168e+01 3.476630000000000109e+01 3.303209999999999980e+01 3.135190000000000055e+01 4.363881017455021327e-01 7.500118417936370019e-01
-4.602570000000000272e-01 -8.219319999999999959e-01 -6.836769999999999792e-01 -3.916529999999999734e-01 -3.605340000000000211e-01 -4.030770000000000186e-01 1.425898684242674630e-01 2.043026694827257961e-01 1.078830000000000067e-01 2.145288891507446394e-02 nan nan 9.528331323161098876e-01 1.438771093460000094e-01 1.370295514759999889e-01 1.089816944110000019e-01 1.277619999999999933e+01 3.225650000000000261e+01 3.196940000000000026e+01 3.405330000000000013e+01 4.363881017455021327e-01 7.500118417936370019e-01
-4.433349999999999791e-01 8.232799999999999840e-02 1.993230000000000002e-01 -6.569260000000000099e-01 -4.838270000000000071e-01 -4.003550000000000164e-01 1.288028193517103404e-01 1.829088511471155254e-01 -6.113349999999999618e-01 1.837339702449991563e-02 nan nan 9.614617419373174823e-01 1.438771093460000094e-01 1.370295514759999889e-01 1.089816944110000019e-01 1.277619999999999933e+01 3.225650000000000261e+01 3.196940000000000026e+01 3.405330000000000013e+01 4.336256476466742171e-01 7.371658640562090969e-01
-4.411120000000000041e-01 1.186050000000000021e-01 2.621410000000000129e-01 -7.094690000000000163e-01 -5.598260000000000458e-01 -4.075630000000000086e-01 1.153749891156718999e-01 1.624562999769331162e-01 -7.483290000000000219e-01 1.559776995693207269e-02 nan nan 9.688845586445836711e-01 1.352234497889999998e-01 1.687085695480000092e-01 8.413666927799999529e-02 2.245909999999999940e+01 3.280969999999999942e+01 3.640659999999999741e+01 3.407280000000000086e+01 4.336256476466742171e-01 7.371658640562090969e-01
-4.545159999999999756e-01 -2.548869999999999747e-01 -1.335600000000000120e-01 -7.018600000000000394e-01 -6.119520000000000515e-01 -4.152680000000000260e-01 1.024585203982149029e-01 1.431767515493610476e-01 -7.483290000000000219e-01 1.315745667613088532e-02 nan nan 9.752090386258920329e-01 1.352234497889999998e-01 1.687085695480000092e-01 8.413666927799999529e-02 2.245909999999999940e+01 3.280969999999999942e+01 3.640659999999999741e+01 3.407280000000000086e+01 4.187151025335770216e-01 7.054709086602984902e-01
-4.598829999999999862e-01 -7.215150000000000174e-01 -5.638819999999999943e-01 -7.500740000000000185e-01 -6.908050000000000024e-01 -4.180209999999999759e-01 9.011507744092395189e-02 1.252886508518008535e-01 -9.760810000000000319e-02 1.108010690666760834e-02 nan nan 9.805550826632044581e-01 1.110609475440000049e-01 1.864416367020000076e-01 6.950157147589999806e-02 9.625989999999999824e+00 2.479909999999999926e+01 2.871539999999999893e+01 3.060810000000000031e+01 4.187151025335770216e-01 7.054709086602984902e-01
-4.616529999999999800e-01 -1.326929999999999943e+00 -1.043420000000000014e+00 -6.130860000000000198e-01 -6.990929999999999644e-01 -4.202679999999999749e-01 7.856025696506563349e-02 1.089946772128778107e-01 3.938570000000000265e-02 9.389257851496912721e-03 nan nan 9.850536776086912250e-01 1.110609475440000049e-01 1.864416367020000076e-01 6.950157147589999806e-02 9.625989999999999824e+00 2.479909999999999926e+01 2.871539999999999893e+01 3.060810000000000031e+01 3.826984020523482855e-01 7.203378858451093825e-01
-4.601870000000000127e-01 -7.686169999999999947e-01 -6.266049999999999676e-01 -8.086020000000000429e-01 -7.165230000000000210e-01 -4.175260000000000082e-01 6.800339184751269528e-02 9.447944786466278000e-02 -5.428380000000000427e-01 8.104067506043088898e-03 nan nan 9.888454122513568034e-01 1.167817717809999933e-01 1.701506195549999934e-01 8.913474944009999734e-02 8.873089999999999478e+00 2.227550000000000097e+01 2.914799999999999969e+01 2.748629999999999995e+01 3.826984020523482855e-01 7.203378858451093825e-01
-4.605330000000000257e-01 -8.623690000000000522e-01 -6.499399999999999622e-01 -9.114470000000000072e-01 -8.647390000000000354e-01 -4.189590000000000258e-01 5.848208264165188908e-02 8.019294654545383594e-02 -4.400930000000000120e-01 7.239097590455934039e-03 nan nan 9.920788843898835641e-01 1.167817717809999933e-01 1.701506195549999934e-01 8.913474944009999734e-02 8.873089999999999478e+00 2.227550000000000097e+01 2.914799999999999969e+01 2.748629999999999995e+01 3.448540384647630352e-01 7.151243388331884887e-01
-4.613949999999999996e-01 -1.161669999999999980e+00 -1.017640000000000100e+00 -7.486939999999999706e-01 -7.276310000000000278e-01 -4.187270000000000159e-01 5.010420958530725777e-02 6.611596617968518164e-02 -4.743410000000000126e-01 6.804148559503619964e-03 nan nan 9.949090171601961963e-01 1.192501577730000067e-01 1.525847562310000127e-01 8.576637877319999437e-02 1.053120000000000012e+01 2.527319999999999922e+01 3.026729999999999876e+01 2.894209999999999994e+01 3.448540384647630352e-01 7.151243388331884887e-01
-4.563519999999999799e-01 -3.784270000000000134e-01 -2.214470000000000049e-01 -8.442300000000000360e-01 -7.390520000000000422e-01 -4.160920000000000174e-01 4.296469732783547713e-02 5.381442687975435124e-02 -7.140809999999999658e-01 3.347551208837784564e-03 nan nan 9.974953036944270712e-01 1.192501577730000067e-01 1.525847562310000127e-01 8.576637877319999437e-02 1.053120000000000012e+01 2.527319999999999922e+01 3.026729999999999876e+01 2.894209999999999994e+01 4.180905112426432924e-01 6.886745085655641141e-01
-4.609559999999999769e-01 -1.056429999999999980e+00 -6.832390000000000407e-01 -1.005570000000000075e+00 -9.790579999999999838e-01 -4.142129999999999979e-01 3.661048018596591014e-02 4.317373537160096308e-02 -7.140809999999999658e-01 0.000000000000000000e+00 nan nan 1.000000000000000000e+00 1.507947026400000001e-01 1.444427898510000086e-01 9.757191444769999777e-02 1.144679999999999964e+01 2.754489999999999839e+01 3.095090000000000074e+01 2.878200000000000003e+01 4.180905112426432924e-01 6.886745085655641141e-01
-4.578309999999999880e-01 -4.804809999999999914e-01 -3.030320000000000236e-01 -8.637890000000000290e-01 -9.207149999999999501e-01 -4.067049999999999832e-01 3.006284842661355317e-02 3.406048031204289561e-02 -7.140809999999999658e-01 0.000000000000000000e+00 nan nan 1.000000000000000000e+00 1.507947026400000001e-01 1.444427898510000086e-01 9.757191444769999777e-02 1.144679999999999964e+01 2.754489999999999839e+01 3.095090000000000074e+01 2.878200000000000003e+01 4.997191435134726856e-01 7.206947185600379724e-01
-4.563440000000000274e-01 -3.450380000000000114e-01 -2.569319999999999937e-01 -9.193860000000000365e-01 -9.128119999999999568e-01 -4.048550000000000204e-01 2.361054997316847093e-02 2.632394389260295231e-02 -7.483290000000000219e-01 0.000000000000000000e+00 nan nan 1.000000000000000000e+00 1.444492424540000097e-01 1.407673702770000090e-01 1.170167636520000054e-01 1.813749999999999929e+01 2.948770000000000024e+01 3.020380000000000109e+01 2.861949999999999861e+01 4.997191435134726856e-01 7.206947185600379724e-01
-4.521560000000000024e-01 -1.470940000000000025e-01 -3.673540000000000139e-02 -8.549280000000000213e-01 -9.112130000000000507e-01 -4.127540000000000098e-01 1.806348669375146265e-02 1.979780953250220854e-02 -7.483290000000000219e-01 0.000000000000000000e+00 nan nan 1.000000000000000000e+00 1.444492424540000097e-01 1.407673702770000090e-01 1.170167636520000054e-01 1.813749999999999929e+01 2.948770000000000024e+01 3.020380000000000109e+01 2.861949999999999861e+01 5.152920069082311816e-01 7.313144390937080797e-01
-4.523710000000000231e-01 -1.591579999999999939e-01 -3.749580000000000274e-02 -9.166900000000000048e-01 -9.771699999999999831e-01 -4.165090000000000181e-01 1.336191644813400359e-02 1.430204631197762311e-02 -7.483290000000000219e-01 0.000000000000000000e+00 nan nan 1.000000000000000000e+00 1.383458413020000055e-01 1.572674550959999862e-01 1.345989049380000024e-01 1.023329999999999984e+01 2.937099999999999866e+01 2.801269999999999882e+01 2.799970000000000070e+01 5.152920069082311816e-01 7.313144390937080797e-01
-4.590710000000000068e-01 -6.080839999999999579e-01 -4.194950000000000068e-01 -1.016359999999999930e+00 -1.028010000000000090e+00 -4.166349999999999776e-01 9.311679997214050708e-03 9.644948794539365267e-03 -7.140809999999999658e-01 0.000000000000000000e+00 nan nan 1.000000000000000000e+00 1.383458413020000055e-01 1.572674550959999862e-01 1.345989049380000024e-01 1.023329999999999984e+01 2.937099999999999866e+01 2.801269999999999882e+01 2.799970000000000070e+01 4.957745770385151296e-01 7.115433804373569870e-01
-4.607919999999999794e-01 -9.298380000000000534e-01 -6.738750000000000018e-01 -1.013149999999999995e+00 -1.072179999999999911e+00 -4.180539999999999812e-01 5.731587592793130348e-03 5.625309126167321594e-03 -7.140809999999999658e-01 0.000000000000000000e+00 nan nan 1.000000000000000000e+00 1.367633312490000030e-01 1.398723955729999913e-01 1.271517664509999868e-01 1.824709999999999965e+01 2.616890000000000072e+01 2.390099999999999980e+01 2.437079999999999913e+01 4.957745770385151296e-01 7.115433804373569870e-01
-4.598110000000000253e-01 -8.082780000000000520e-01 -3.671349999999999891e-01 -1.077090000000000103e+00 -1.091569999999999929e+00 -4.174599999999999977e-01 2.709855654802306724e-03 2.983492722152258914e-03 -7.140809999999999658e-01 0.000000000000000000e+00 nan nan 9.974953036944268492e-01 1.367633312490000030e-01 1.398723955729999913e-01 1.271517664509999868e-01 1.824709999999999965e+01 2.616890000000000072e+01 2.390099999999999980e+01 2.437079999999999913e+01 5.010521638525126109e-01 7.341438383200442619e-01
-4.564960000000000129e-01 -3.878480000000000261e-01 -1.856039999999999912e-01 -1.017339999999999911e+00 -1.078160000000000007e+00 -4.184100000000000041e-01 1.080613281774556178e-03 5.883190347634181805e-04 -7.140809999999999658e-01 0.000000000000000000e+00 nan nan 9.949090171601959742e-01 1.151174704819999950e-01 1.322513224799999887e-01 1.052100146550000032e-01 1.541249999999999964e+01 2.362300000000000111e+01 2.189069999999999894e+01 2.380999999999999872e+01 5.010521638525126109e-01 7.341438383200442619e-01
-4.615219999999999878e-01 -1.286119999999999930e+00 -8.346970000000000223e-01 -8.721410000000000551e-01 -8.832440000000000291e-01 -4.192960000000000020e-01 5.647583244785536749e-04 0.000000000000000000e+00 -5.085899999999999865e-01 0.000000000000000000e+00 nan nan 9.920788843898835641e-01 1.151174704819999950e-01 1.322513224799999887e-01 1.052100146550000032e-01 1.541249999999999964e+01 2.362300000000000111e+01 2.189069999999999894e+01 2.380999999999999872e+01 5.117540535555592518e-01 7.464435146443515467e-01
-4.584199999999999942e-01 -5.281719999999999748e-01 -3.683089999999999975e-01 -9.102419999999999956e-01 -9.936970000000000525e-01 -4.201500000000000234e-01 1.752500790089817073e-04 1.224861141986610669e-03 -5.428380000000000427e-01 0.000000000000000000e+00 nan nan 9.888454122513568034e-01 1.175868902000000021e-01 1.259811621770000056e-01 7.054883588770000102e-02 1.265220000000000056e+01 2.030559999999999832e+01 1.905720000000000169e+01 2.080189999999999984e+01 5.117540535555592518e-01 7.464435146443515467e-01
-4.609309999999999796e-01 -1.026450000000000085e+00 -6.645769999999999733e-01 -1.064769999999999994e+00 -9.648649999999999727e-01 -4.204559999999999964e-01 0.000000000000000000e+00 2.661195900894308686e-03 -6.113349999999999618e-01 0.000000000000000000e+00 nan nan 9.850536776086912250e-01 1.175868902000000021e-01 1.259811621770000056e-01 7.054883588770000102e-02 1.265220000000000056e+01 2.030559999999999832e+01 1.905720000000000169e+01 2.080189999999999984e+01 5.257088482368919014e-01 7.515907476119049191e-01
-4.617640000000000078e-01 -1.437419999999999920e+00 -1.082670000000000021e+00 -7.122450000000000170e-01 -8.748160000000000380e-01 -4.199030000000000262e-01 0.000000000000000000e+00 4.365294129114793975e-03 -5.085899999999999865e-01 0.000000000000000000e+00 nan nan 9.805550826632043471e-01 1.116867328810000060e-01 1.181236576899999946e-01 5.599469566330000231e-02 1.805089999999999861e+01 2.035040000000000049e+01 2.046189999999999998e+01 2.051579999999999870e+01 5.257088482368919014e-01 7.515907476119049191e-01
-4.613599999999999923e-01 -1.117110000000000047e+00 -8.855950000000000211e-01 -1.066089999999999982e+00 -1.026799999999999935e+00 -4.170710000000000250e-01 0.000000000000000000e+00 6.390411811939777920e-03 -5.770870000000000166e-01 0.000000000000000000e+00 nan nan 9.752090386258919219e-01 1.116867328810000060e-01 1.181236576899999946e-01 5.599469566330000231e-02 1.805089999999999861e+01 2.035040000000000049e+01 2.046189999999999998e+01 2.051579999999999870e+01 5.617423162695551753e-01 7.987337175337491102e-01
-4.616140000000000243e-01 -1.320429999999999993e+00 -8.966520000000000046e-01 -1.155100000000000016e+00 -1.180199999999999916e+00 -4.147179999999999755e-01 0.000000000000000000e+00 8.786167655967735968e-03 -5.770870000000000166e-01 0.000000000000000000e+00 nan nan 9.688845586445836711e-01 1.063928443500000015e-01 1.324055375590000028e-01 7.131784148700000270e-02 6.378860000000000419e+00 1.534590000000000032e+01 1.691329999999999956e+01 1.862199999999999989e+01 5.617423162695551753e-01 7.987337175337491102e-01
-4.575919999999999987e-01 -4.460109999999999908e-01 -3.083899999999999975e-01 -1.176180000000000003e+00 -1.175980000000000025e+00 -4.109450000000000047e-01 0.000000000000000000e+00 1.159798088933050586e-02 -6.455840000000000467e-01 0.000000000000000000e+00 nan nan 9.614617419373174823e-01 1.063928443500000015e-01 1.324055375590000028e-01 7.131784148700000270e-02 6.378860000000000419e+00 1.534590000000000032e+01 1.691329999999999956e+01 1.862199999999999989e+01 5.707884102684486205e-01 8.051409173442803935e-01
-4.488719999999999932e-01 -5.208379999999999954e-02 9.549259999999999693e-02 -1.142560000000000020e+00 -1.147590000000000110e+00 -4.082060000000000133e-01 0.000000000000000000e+00 1.486655664369096463e-02 -7.483290000000000219e-01 0.000000000000000000e+00 nan nan 9.528331323161098876e-01 6.746912734899999931e-02 1.027878067859999967e-01 5.863936585789999989e-02 9.770179999999999865e+00 1.527149999999999963e+01 2.034149999999999991e+01 1.962669999999999959e+01 5.707884102684486205e-01 8.051409173442803935e-01
-4.562700000000000089e-01 -3.504140000000000033e-01 -2.186619999999999953e-01 -1.097120000000000095e+00 -1.102130000000000054e+00 -4.121929999999999761e-01 0.000000000000000000e+00 1.862742474883638533e-02 -7.483290000000000219e-01 0.000000000000000000e+00 nan nan 9.429049357085022010e-01 6.746912734899999931e-02 1.027878067859999967e-01 5.863936585789999989e-02 9.770179999999999865e+00 1.527149999999999963e+01 2.034149999999999991e+01 1.962669999999999959e+01 5.008132262445714744e-01 7.595421173127023806e-01
-4.603119999999999989e-01 -7.624079999999999746e-01 -6.821739999999999471e-01 -1.208839999999999915e+00 -1.280119999999999925e+00 -4.173149999999999915e-01 0.000000000000000000e+00 2.291053716550894848e-02 -7.483290000000000219e-01 0.000000000000000000e+00 nan nan 9.315980828818813952e-01 5.389989689900000214e-02 7.342774599019999404e-02 4.503340745730000094e-02 1.031840000000000046e+01 1.573279999999999923e+01 1.659840000000000160e+01 1.923089999999999833e+01 5.008132262445714744e-01 7.595421173127023806e-01
-4.607749999999999901e-01 -8.639599999999999502e-01 -8.003489999999999771e-01 -1.146630000000000038e+00 -1.239440000000000097e+00 -4.180139999999999967e-01 0.000000000000000000e+00 2.773992861772367480e-02 -7.483290000000000219e-01 0.000000000000000000e+00 nan nan 9.188491253294777117e-01 5.389989689900000214e-02 7.342774599019999404e-02 4.503340745730000094e-02 1.031840000000000046e+01 1.573279999999999923e+01 1.659840000000000160e+01 1.923089999999999833e+01 6.049984070826137650e-01 7.989705534064892589e-01
-4.606549999999999812e-01 -8.713579999999999659e-01 -6.761409999999999920e-01 -1.147489999999999899e+00 -1.249530000000000030e+00 -4.187620000000000231e-01 0.000000000000000000e+00 3.313344426974051959e-02 -5.428380000000000427e-01 0.000000000000000000e+00 nan nan 9.046109541673008625e-01 4.470326627989999746e-02 6.282903063090000684e-02 4.438976206320000006e-02 7.832169999999999632e+00 1.516750000000000043e+01 1.753549999999999898e+01 1.671910000000000096e+01 6.049984070826137650e-01 7.989705534064892589e-01
-4.620699999999999807e-01 -1.788119999999999932e+00 -1.512080000000000091e+00 -1.130740000000000078e+00 -1.331450000000000022e+00 -4.199939999999999785e-01 0.000000000000000000e+00 3.910253753322301407e-02 -3.715959999999999819e-01 0.000000000000000000e+00 nan nan 8.888533338966189135e-01 4.470326627989999746e-02 6.282903063090000684e-02 4.438976206320000006e-02 7.832169999999999632e+00 1.516750000000000043e+01 1.753549999999999898e+01 1.671910000000000096e+01 6.933089086000772117e-01 8.370600773663852134e-01
-4.598999999999999755e-01 -7.206989999999999785e-01 -5.360759999999999970e-01 -1.183249999999999913e+00 -1.222050000000000081e+00 -4.196420000000000150e-01 0.000000000000000000e+00 4.565214029550757058e-02 -5.770870000000000166e-01 0.000000000000000000e+00 nan nan 8.715632449842402041e-01 5.351405673609999775e-02 6.751529493010000049e-02 4.393230624000000334e-02 7.844979999999999620e+00 1.546330000000000027e+01 1.670710000000000051e+01 1.760129999999999839e+01 6.933089086000772117e-01 8.370600773663852134e-01
-4.609449999999999936e-01 -9.368720000000000381e-01 -7.804860000000000131e-01 -1.195030000000000037e+00 -1.280350000000000099e+00 -4.185530000000000084e-01 0.000000000000000000e+00 5.278060703934994713e-02 -6.455840000000000467e-01 0.000000000000000000e+00 nan nan 8.527450313790269076e-01 5.351405673609999775e-02 6.751529493010000049e-02 4.393230624000000334e-02 7.844979999999999620e+00 1.546330000000000027e+01 1.670710000000000051e+01 1.760129999999999839e+01 5.601116718925536198e-01 6.919081076813767828e-01
-4.621270000000000100e-01 -1.999270000000000103e+00 -1.642360000000000042e+00 -1.154190000000000049e+00 -1.354160000000000030e+00 -4.194129999999999803e-01 0.000000000000000000e+00 6.047973348729196452e-02 -4.743410000000000126e-01 0.000000000000000000e+00 nan nan 8.324203512932187854e-01 8.761440953290000611e-02 6.919621548210000417e-02 5.980381485530000124e-02 1.012749999999999950e+01 1.508810000000000073e+01 1.606709999999999994e+01 1.855890000000000128e+01 5.601116718925536198e-01 6.919081076813767828e-01
-4.602979999999999849e-01 -7.944120000000000070e-01 -5.983150000000000412e-01 -1.117779999999999996e+00 -1.227549999999999919e+00 -4.184269999999999934e-01 0.000000000000000000e+00 6.873484955940389884e-02 -6.113349999999999618e-01 0.000000000000000000e+00 nan nan 8.106279318062340478e-01 8.761440953290000611e-02 6.919621548210000417e-02 5.980381485530000124e-02 1.012749999999999950e+01 1.508810000000000073e+01 1.606709999999999994e+01 1.855890000000000128e+01 5.647814349670516876e-01 6.821946790873925082e-01
-4.589650000000000118e-01 -5.808419999999999694e-01 -4.334470000000000267e-01 -1.135010000000000074e+00 -1.246930000000000094e+00 -4.191630000000000078e-01 0.000000000000000000e+00 7.752498559115250654e-02 -7.483290000000000219e-01 0.000000000000000000e+00 nan nan 7.874231300713852022e-01 9.349095330779999546e-02 4.754737878649999833e-02 5.542286585189999670e-02 8.395429999999999282e+00 1.667670000000000030e+01 1.814399999999999835e+01 1.778659999999999997e+01 5.647814349670516876e-01 6.821946790873925082e-01
-4.608630000000000226e-01 -8.891719999999999624e-01 -8.127550000000000052e-01 -1.076580000000000092e+00 -1.279719999999999969e+00 -4.199720000000000120e-01 0.000000000000000000e+00 8.682310992807817929e-02 -7.483290000000000219e-01 0.000000000000000000e+00 nan nan 7.628773060972122710e-01 9.349095330779999546e-02 4.754737878649999833e-02 5.542286585189999670e-02 8.395429999999999282e+00 1.667670000000000030e+01 1.814399999999999835e+01 1.778659999999999997e+01 5.358448330790255287e-01 6.972321781005763608e-01
-4.608959999999999724e-01 -9.523070000000000146e-01 -7.038600000000000412e-01 -1.202290000000000081e+00 -1.325199999999999934e+00 -4.193089999999999873e-01 0.000000000000000000e+00 9.659643520524230365e-02 -6.455840000000000467e-01 0.000000000000000000e+00 nan nan 7.370770142100724343e-01 1.137366824489999956e-01 4.216569504820000258e-02 4.094103267469999946e-02 9.708099999999999952e+00 1.390590000000000082e+01 1.537400000000000055e+01 1.749879999999999924e+01 5.358448330790255287e-01 6.972321781005763608e-01
-4.609550000000000036e-01 -9.873300000000000409e-01 -6.909060000000000201e-01 -1.127289999999999903e+00 -1.270680000000000032e+00 -4.195989999999999998e-01 0.000000000000000000e+00 1.068067898411722005e-01 -6.455840000000000467e-01 0.000000000000000000e+00 nan nan 7.101230223590362378e-01 1.137366824489999956e-01 4.216569504820000258e-02 4.094103267469999946e-02 9.708099999999999952e+00 1.390590000000000082e+01 1.537400000000000055e+01 1.749879999999999924e+01 5.938396016029779956e-01 7.502328886081945925e-01
-4.618940000000000268e-01 -1.477190000000000003e+00 -1.235940000000000039e+00 -1.116319999999999979e+00 -1.263919999999999932e+00 -4.196119999999999850e-01 0.000000000000000000e+00 1.174110505371327440e-01 -7.140809999999999658e-01 0.000000000000000000e+00 nan nan 6.821291703747608404e-01 1.204205169040000051e-01 3.887203288530000078e-02 5.083391049649999688e-02 1.272489999999999988e+01 1.667360000000000042e+01 1.663109999999999999e+01 -1.000000000000000000e+00 5.938396016029779956e-01 7.502328886081945925e-01
-4.601180000000000270e-01 -7.649860000000000548e-01 -5.535069999999999713e-01 -1.090359999999999996e+00 -1.191910000000000025e+00 -4.197750000000000092e-01 0.000000000000000000e+00 1.283616308813315676e-01 -7.140809999999999658e-01 0.000000000000000000e+00 nan nan 6.532210801187197102e-01 1.204205169040000051e-01 3.887203288530000078e-02 5.083391049649999688e-02 1.272489999999999988e+01 1.667360000000000042e+01 1.663109999999999999e+01 -1.000000000000000000e+00 7.230084340783715646e-01 8.553122286255624429e-01
-4.589420000000000166e-01 -5.780769999999999520e-01 -4.306769999999999765e-01 -1.151259999999999950e+00 -1.223330000000000028e+00 -4.186429999999999874e-01 0.000000000000000000e+00 1.396070205219794857e-01 -7.483290000000000219e-01 0.000000000000000000e+00 nan nan 6.235347321373163609e-01 6.306161744129999691e-02 2.615213244109999835e-02 4.005362325120000178e-02 1.232990000000000030e+01 1.492379999999999995e+01 -1.000000000000000000e+00 -1.000000000000000000e+00 7.230084340783715646e-01 8.553122286255624429e-01
-4.618860000000000188e-01 -1.471319999999999961e+00 -1.219340000000000090e+00 -1.099140000000000006e+00 -1.259849999999999914e+00 -4.193729999999999958e-01 0.000000000000000000e+00 1.510923688001587495e-01 -6.455840000000000467e-01 0.000000000000000000e+00 nan nan 5.932149249479590214e-01 6.306161744129999691e-02 2.615213244109999835e-02 4.005362325120000178e-02 1.232990000000000030e+01 1.492379999999999995e+01 -1.000000000000000000e+00 -1.000000000000000000e+00 6.711967001458777338e-01 7.625830899186862855e-01
-4.615799999999999903e-01 -1.209379999999999900e+00 -1.006329999999999947e+00 -1.172279999999999989e+00 -1.374049999999999994e+00 -4.193410000000000193e-01 0.000000000000000000e+00 1.627601062297059364e-01 -6.455840000000000467e-01 0.000000000000000000e+00 nan nan 5.624136344139991639e-01 3.218867116650000332e-02 1.619279143039999841e-02 2.580514915540000134e-02 6.576920000000000321e+00 -1.000000000000000000e+00 -1.000000000000000000e+00 -1.000000000000000000e+00 6.711967001458777338e-01 7.625830899186862855e-01
-4.608200000000000074e-01 -8.809040000000000203e-01 -7.925240000000000062e-01 -1.162700000000000067e+00 -1.220920000000000005e+00 -4.197420000000000040e-01 0.000000000000000000e+00 1.745505967824930726e-01 -7.483290000000000219e-01 0.000000000000000000e+00 nan nan 5.312882917974737218e-01 3.218867116650000332e-02 1.619279143039999841e-02 2.580514915540000134e-02 6.576920000000000321e+00 -1.000000000000000000e+00 -1.000000000000000000e+00 -1.000000000000000000e+00 0.000000000000000000e+00 0.000000000000000000e+00
