-4.584110000000000129e-01 -7.637490000000000112e-01 -7.740719999999999823e-01 -7.579679999999999751e-01 -8.179710000000000036e-01 -4.306809999999999805e-01 0.000000000000000000e+00 1.490726387211042114e-01 -7.313760000000000261e-01 1.119089329921418852e-02 nan nan 3.461962155615676551e-01 6.679512191649999986e-02 8.494137464840000040e-02 4.440665128699999853e-02 -1.000000000000000000e+00 -1.000000000000000000e+00 -1.000000000000000000e+00 -1.000000000000000000e+00 0.000000000000000000e+00 0.000000000000000000e+00
-4.582780000000000187e-01 -6.938579999999999748e-01 -7.366859999999999520e-01 -6.611479999999999579e-01 -7.718049999999999633e-01 -4.318199999999999816e-01 0.000000000000000000e+00 1.397441822824536661e-01 -7.313760000000000261e-01 1.575911871963608935e-02 nan nan 3.676348122242898420e-01 5.737089377630000264e-02 7.227954905019999543e-02 4.141043925869999920e-02 8.042229999999999990e+00 -1.000000000000000000e+00 -1.000000000000000000e+00 -1.000000000000000000e+00 0.000000000000000000e+00 0.000000000000000000e+00
-4.556560000000000055e-01 -2.386449999999999960e-01 -2.367470000000000130e-01 -6.736769999999999703e-01 -7.460820000000000229e-01 -4.330809999999999937e-01 4.524621473666057270e-04 1.319163481280648531e-01 -1.023509999999999920e+00 2.111605325936327660e-02 nan nan 3.875516243203389610e-01 5.737089377630000264e-02 7.227954905019999543e-02 4.141043925869999920e-02 8.042229999999999990e+00 -1.000000000000000000e+00 -1.000000000000000000e+00 -1.000000000000000000e+00 0.000000000000000000e+00 0.000000000000000000e+00
-4.538420000000000232e-01 -1.101629999999999970e-01 -7.600500000000000311e-02 -6.439730000000000176e-01 -7.655349999999999655e-01 -4.346550000000000136e-01 9.196632033904306169e-04 1.256844683753141068e-01 -1.023509999999999920e+00 2.747163478465142195e-02 nan nan 4.057209864103124008e-01 4.882253954239999805e-02 7.647756153630000386e-02 4.316769391909999753e-02 5.982980000000000409e+00 1.695200000000000173e+01 -1.000000000000000000e+00 -1.000000000000000000e+00 0.000000000000000000e+00 0.000000000000000000e+00
-4.585330000000000239e-01 -8.284679999999999822e-01 -8.287149999999999794e-01 -7.912029999999999896e-01 -8.106740000000000057e-01 -4.369890000000000163e-01 1.435083049350915907e-03 1.197848048717863323e-01 -8.774420000000000552e-01 3.502448609237052146e-02 nan nan 4.219370323616224994e-01 4.882253954239999805e-02 7.647756153630000386e-02 4.316769391909999753e-02 5.982980000000000409e+00 1.695200000000000173e+01 -1.000000000000000000e+00 -1.000000000000000000e+00 5.936324594795454601e-01 7.086071905522532965e-01
-4.590699999999999781e-01 -1.993630000000000013e+00 -2.121640000000000192e+00 -8.089380000000000459e-01 -8.640189999999999815e-01 -4.378119999999999790e-01 3.455833405114017154e-03 1.144491951257919915e-01 5.832220000000000182e-01 4.395966443435128657e-02 nan nan 4.360160278940372613e-01 3.694729740489999942e-02 5.852553733950000003e-02 4.013037060550000285e-02 1.316210000000000058e+01 2.084860000000000113e+01 2.180239999999999867e+01 -1.000000000000000000e+00 5.936324594795454601e-01 7.086071905522532965e-01
-4.590319999999999956e-01 -1.643369999999999997e+00 -1.620279999999999943e+00 -7.987069999999999448e-01 -8.776100000000000012e-01 -4.371900000000000230e-01 6.812692111683893437e-03 1.099030856911842324e-01 1.167489999999999917e+00 5.444656474477593822e-02 nan nan 4.477984523624932711e-01 3.694729740489999942e-02 5.852553733950000003e-02 4.013037060550000285e-02 1.316210000000000058e+01 2.084860000000000113e+01 2.180239999999999867e+01 -1.000000000000000000e+00 4.293040750216997603e-01 6.944244415931289938e-01
-4.590190000000000103e-01 -1.489139999999999908e+00 -1.649860000000000104e+00 -6.722259999999999902e-01 -8.031789999999999763e-01 -4.358580000000000232e-01 1.066698588375758483e-02 1.063629777678196664e-01 4.371559999999999890e-01 6.663700032788799632e-02 nan nan 4.571508061897451292e-01 3.130164076220000313e-02 4.422005132179999964e-02 3.034227487010000140e-02 8.746209999999999596e+00 1.917770000000000152e+01 2.087859999999999872e+01 2.064209999999999923e+01 4.293040750216997603e-01 6.944244415931289938e-01
-4.588420000000000276e-01 -1.085599999999999898e+00 -1.131050000000000111e+00 -7.795140000000000402e-01 -7.749030000000000085e-01 -4.333000000000000185e-01 1.501961922792705018e-02 1.040339741564545450e-01 2.910900000000000154e-01 8.066348275259316303e-02 nan nan 4.639671234699191960e-01 3.130164076220000313e-02 4.422005132179999964e-02 3.034227487010000140e-02 8.746209999999999596e+00 1.917770000000000152e+01 2.087859999999999872e+01 2.064209999999999923e+01 6.656814300869693390e-01 7.271007358139778276e-01
-4.571279999999999788e-01 -4.205200000000000049e-01 -4.199109999999999787e-01 -6.393630000000000146e-01 -7.072669999999999790e-01 -4.305140000000000078e-01 2.006819513248103704e-02 1.031074553620582313e-01 -4.392429999999999946e-01 9.663772044343432732e-02 nan nan 4.681701726045687240e-01 4.648342329380000110e-02 5.275469774370000059e-02 3.925330891139999778e-02 1.184580000000000055e+01 2.368110000000000070e+01 2.539560000000000173e+01 2.352420000000000044e+01 6.656814300869693390e-01 7.271007358139778276e-01
-4.575299999999999923e-01 -4.781480000000000175e-01 -5.364409999999999457e-01 -7.290839999999999543e-01 -8.223770000000000246e-01 -4.289560000000000040e-01 2.597945202795193254e-02 1.037589111762183824e-01 -1.023509999999999920e+00 1.146493529795062916e-01 nan nan 4.697123313675448664e-01 4.648342329380000110e-02 5.275469774370000059e-02 3.925330891139999778e-02 1.184580000000000055e+01 2.368110000000000070e+01 2.539560000000000173e+01 2.352420000000000044e+01 4.723178777890609803e-01 6.724187593286026221e-01
-4.560210000000000097e-01 -2.812520000000000020e-01 -2.593110000000000137e-01 -7.496979999999999755e-01 -7.348590000000000400e-01 -4.268790000000000084e-01 3.293944097727929954e-02 1.061459523076815348e-01 -1.023509999999999920e+00 1.347649354422052470e-01 nan nan 4.685761264838479434e-01 8.889965286409999556e-02 8.234376910900000068e-02 6.610123030249999421e-02 1.421240000000000059e+01 2.737999999999999901e+01 2.868619999999999948e+01 2.879710000000000036e+01 4.723178777890609803e-01 6.724187593286026221e-01
-4.568169999999999731e-01 -3.592290000000000205e-01 -4.102169999999999983e-01 -8.063439999999999497e-01 -7.035019999999999607e-01 -4.177739999999999787e-01 4.111302234667046918e-02 1.104065245900446302e-01 -1.023509999999999920e+00 1.570271843195629735e-01 nan nan 4.647744316088144867e-01 8.889965286409999556e-02 8.234376910900000068e-02 6.610123030249999421e-02 1.421240000000000059e+01 2.737999999999999901e+01 2.868619999999999948e+01 2.879710000000000036e+01 4.210496457119515812e-01 6.158023252769122546e-01
-4.568920000000000203e-01 -3.768580000000000263e-01 -4.042049999999999810e-01 -6.026029999999999998e-01 -6.841199999999999504e-01 -4.158800000000000274e-01 5.065550530857376721e-02 1.166573460003392793e-01 -1.023509999999999920e+00 1.814544935113692192e-01 nan nan 4.583503214644588653e-01 1.302283535360000133e-01 6.762581113670000643e-02 1.157951888379999961e-01 1.375089999999999968e+01 2.700489999999999924e+01 2.854579999999999984e+01 3.159840000000000160e+01 4.210496457119515812e-01 6.158023252769122546e-01
-4.560199999999999809e-01 -2.703539999999999832e-01 -2.901739999999999875e-01 -6.292050000000000143e-01 -6.174549999999999761e-01 -4.234499999999999931e-01 6.169946359543165837e-02 1.249925841977149732e-01 -1.023509999999999920e+00 2.080407259189361868e-01 nan nan 4.493765837856609213e-01 1.302283535360000133e-01 6.762581113670000643e-02 1.157951888379999961e-01 1.375089999999999968e+01 2.700489999999999924e+01 2.854579999999999984e+01 3.159840000000000160e+01 7.520834633429587246e-01 7.367402917070360324e-01
-4.444839999999999902e-01 2.157650000000000123e-01 2.665370000000000239e-01 -6.396399999999999864e-01 -6.106660000000000421e-01 -4.277580000000000271e-01 7.436067117351796707e-02 1.354827895662327197e-01 -1.023509999999999920e+00 2.367552829808799997e-01 nan nan 4.379548946060449754e-01 9.461017439799999929e-02 5.716244211120000140e-02 1.184995056829999949e-01 1.450629999999999953e+01 2.665919999999999845e+01 2.936060000000000159e+01 3.584830000000000183e+01 7.520834633429587246e-01 7.367402917070360324e-01
-4.488530000000000020e-01 9.302349999999999508e-02 1.723899999999999877e-01 -7.159790000000000321e-01 -6.887680000000000469e-01 -4.299870000000000081e-01 8.871289732598608424e-02 1.481740958508231953e-01 -5.853089999999999682e-01 2.675434513670471581e-01 nan nan 4.242146662278915015e-01 9.461017439799999929e-02 5.716244211120000140e-02 1.184995056829999949e-01 1.450629999999999953e+01 2.665919999999999845e+01 2.936060000000000159e+01 3.584830000000000183e+01 8.155886741287464714e-01 7.734262483961349410e-01
-4.586450000000000249e-01 -9.928360000000000518e-01 -7.589169999999999527e-01 -5.744380000000000042e-01 -6.273279999999999967e-01 -4.355930000000000080e-01 1.048453928483362718e-01 1.630876974435226945e-01 -5.853089999999999682e-01 3.003270229024077587e-01 nan nan 4.083115809290417397e-01 6.224062982519999732e-02 3.246939168830000055e-02 8.115146333769999998e-02 2.316229999999999833e+01 4.104290000000000305e+01 4.345080000000000098e+01 5.376830000000000354e+01 8.155886741287464714e-01 7.734262483961349410e-01
-4.582169999999999854e-01 -6.883380000000000054e-01 -6.776569999999999538e-01 -7.344450000000000145e-01 -7.529919999999999947e-01 -4.320320000000000271e-01 1.228293361343538725e-01 1.802196092425426555e-01 -4.392429999999999946e-01 3.350051806969288615e-01 nan nan 3.904258270204820080e-01 6.224062982519999732e-02 3.246939168830000055e-02 8.115146333769999998e-02 2.316229999999999833e+01 4.104290000000000305e+01 4.345080000000000098e+01 5.376830000000000354e+01 7.393756134090508914e-01 8.126783890649139641e-01
-4.587970000000000104e-01 -1.019989999999999952e+00 -1.102289999999999992e+00 -7.425209999999999866e-01 -8.548270000000000035e-01 -4.275720000000000076e-01 1.426758892662289835e-01 1.995407118050649409e-01 -4.392429999999999946e-01 3.714556414412228946e-01 nan nan 3.707600572407809825e-01 7.098713122149999388e-02 2.738431474850000144e-02 6.343243439960000174e-02 1.849960000000000093e+01 3.760309999999999775e+01 4.763539999999999708e+01 5.761930000000000263e+01 7.393756134090508914e-01 8.126783890649139641e-01
-4.568999999999999728e-01 -3.856370000000000076e-01 -3.783790000000000209e-01 -7.787150000000000460e-01 -7.809890000000000443e-01 -4.232199999999999851e-01 1.643915771458661634e-01 2.209970812821646646e-01 -1.023509999999999920e+00 4.059974245886358579e-01 nan nan 3.495370926195854322e-01 7.098713122149999388e-02 2.738431474850000144e-02 6.343243439960000174e-02 1.849960000000000093e+01 3.760309999999999775e+01 4.763539999999999708e+01 5.761930000000000263e+01 7.308148341455389385e-01 8.088356594830973245e-01
-4.543349999999999889e-01 -1.295189999999999952e-01 -1.449270000000000003e-01 -7.278829999999999467e-01 -6.877499999999999725e-01 -4.144229999999999858e-01 1.879585272931583173e-01 2.445106003975655584e-01 -1.023509999999999920e+00 4.418930443396102969e-01 nan nan 3.269973978263202019e-01 1.042023171539999959e-01 3.836386402869999823e-02 5.533111868249999954e-02 1.673780000000000001e+01 4.787100000000000222e+01 5.948810000000000286e+01 7.289639999999999986e+01 7.308148341455389385e-01 8.088356594830973245e-01
-4.528329999999999855e-01 -4.783710000000000045e-02 -3.441090000000000121e-02 -7.531409999999999494e-01 -7.936100000000000376e-01 -4.058640000000000025e-01 2.133364027041267930e-01 2.699798435475940783e-01 -1.023509999999999920e+00 4.787357889792058785e-01 nan nan 3.033963566093977882e-01 1.042023171539999959e-01 3.836386402869999823e-02 5.533111868249999954e-02 1.673780000000000001e+01 4.787100000000000222e+01 5.948810000000000286e+01 7.289639999999999986e+01 7.910182732074272360e-01 8.345269580245620045e-01
-4.545250000000000123e-01 -1.388169999999999960e-01 -1.691249999999999976e-01 -7.401060000000000416e-01 -7.697110000000000340e-01 -4.156750000000000167e-01 2.404604187103022150e-01 2.972812259937966939e-01 -1.023509999999999920e+00 5.161082154890420659e-01 nan nan 2.790013781963036621e-01 1.871289381579999966e-01 4.306972354409999842e-02 6.265159012790000315e-02 3.519740000000000180e+01 7.041129999999999711e+01 8.824580000000000268e+01 9.225860000000000127e+01 7.910182732074272360e-01 8.345269580245620045e-01
-4.519650000000000056e-01 -1.362380000000000058e-03 -6.708719999999999614e-03 -7.950420000000000265e-01 -7.365429999999999477e-01 -4.102859999999999840e-01 2.692459688602424350e-01 3.262704041274083755e-01 -1.023509999999999920e+00 5.571254956801674485e-01 nan nan 2.540888674401967640e-01 1.871289381579999966e-01 4.306972354409999842e-02 6.265159012790000315e-02 3.519740000000000180e+01 7.041129999999999711e+01 8.824580000000000268e+01 9.225860000000000127e+01 5.976377014676432786e-01 7.226033674618346225e-01
-4.457530000000000103e-01 1.909879999999999911e-01 2.174520000000000064e-01 -9.407830000000000359e-02 -1.449429999999999885e-01 -3.626170000000000226e-01 2.995901246598687839e-01 3.567839109401168551e-01 -1.023509999999999920e+00 5.979396350477576005e-01 nan nan 2.289410930424782276e-01 3.421543552679999767e-01 4.476748438079999892e-02 8.617548701839999881e-02 3.559499999999999886e+01 9.699099999999999966e+01 1.072530000000000001e+02 9.909430000000000405e+01 5.976377014676432786e-01 7.226033674618346225e-01
-4.446039999999999992e-01 1.255549999999999999e-01 3.371739999999999737e-01 1.141129999999999978e+00 1.070240000000000080e+00 -1.238609999999999989e-01 3.313688703987689443e-01 3.886410081705850006e-01 8.753549999999999942e-01 6.383588271593882979e-01 nan nan 2.038429893356148437e-01 3.421543552679999767e-01 4.476748438079999892e-02 8.617548701839999881e-02 3.559499999999999886e+01 9.699099999999999966e+01 1.072530000000000001e+02 9.909430000000000405e+01 2.789486523438607923e-01 6.176418602215297815e-01
-3.263659999999999894e-01 8.431939999999999991e-01 1.107059999999999933e+00 1.182520000000000016e+00 1.196630000000000082e+00 1.747900000000000009e-01 3.644425919903107047e-01 4.216457341411707915e-01 2.189950000000000063e+00 6.781957404928580235e-01 nan nan 1.790789278632988202e-01 5.640098506280000201e-01 3.799975989249999853e-02 1.112293058829999931e-01 4.707569999999999766e+01 9.247129999999999939e+01 9.989249999999999829e+01 9.378050000000000352e+01 2.789486523438607923e-01 6.176418602215297815e-01
6.074969999999999537e-01 1.471000000000000085e+00 1.715430000000000010e+00 6.899629999999999930e-01 8.560510000000000064e-01 3.332849999999999979e-01 3.986538269446638916e-01 4.555891240820375554e-01 5.832220000000000182e-01 7.172696409771890380e-01 nan nan 1.549294953372283290e-01 5.640098506280000201e-01 3.799975989249999853e-02 1.112293058829999931e-01 4.707569999999999766e+01 9.247129999999999939e+01 9.989249999999999829e+01 9.378050000000000352e+01 3.144852469804674255e-01 6.072691089057058456e-01
3.566409999999999858e+00 1.871939999999999937e+00 1.818230000000000013e+00 1.741509999999999891e+00 1.548189999999999955e+00 5.744000000000000217e-01 4.338387802248396818e-01 4.902515777854943302e-01 1.450230000000000130e-01 7.554084397818687791e-01 nan nan 1.316683144775475656e-01 6.211000506880000049e-01 3.685483937499999668e-02 1.302552254329999992e-01 2.463579999999999970e+01 6.231119999999999948e+01 7.664100000000000534e+01 8.390319999999999823e+01 3.144852469804674255e-01 6.072691089057058456e-01
5.779830000000000245e-01 1.443910000000000027e+00 1.416250000000000009e+00 1.146630000000000038e+00 1.243940000000000046e+00 7.061239999999999739e-01 4.698274724694724291e-01 5.254053477640967529e-01 2.910900000000000154e-01 7.889120268153932969e-01 nan nan 1.123880030353496817e-01 6.211000506880000049e-01 3.685483937499999668e-02 1.302552254329999992e-01 2.463579999999999970e+01 6.231119999999999948e+01 7.664100000000000534e+01 8.390319999999999823e+01 3.391407451111653204e-01 5.896560527900704951e-01
2.960020000000000095e+00 1.817989999999999995e+00 1.816040000000000099e+00 1.687640000000000029e+00 1.759349999999999969e+00 1.175929999999999920e+00 5.064339783094876646e-01 5.615882088369759106e-01 5.832220000000000182e-01 8.210546794550172001e-01 nan nan 9.168095046082869182e-02 6.511350569430000013e-01 3.165308088519999674e-02 1.328550180879999876e-01 2.105079999999999885e+01 5.014719999999999800e+01 6.673050000000000637e+01 7.557330000000000325e+01 3.391407451111653204e-01 5.896560527900704951e-01
1.846519999999999939e+00 1.694160000000000110e+00 1.746830000000000105e+00 1.716499999999999915e+00 1.743519999999999959e+00 2.066289999999999960e+00 5.434574886615587408e-01 5.978655359288836957e-01 1.167489999999999917e+00 8.514722086027819437e-01 nan nan 7.261083521102917882e-02 6.511350569430000013e-01 3.165308088519999674e-02 1.328550180879999876e-01 2.105079999999999885e+01 5.014719999999999800e+01 6.673050000000000637e+01 7.557330000000000325e+01 3.674100380668183785e-01 5.944938333027836030e-01
1.961969999999999992e+00 1.709160000000000013e+00 1.712229999999999919e+00 2.087839999999999918e+00 2.081179999999999808e+00 2.408549999999999969e+00 5.806933250647164924e-01 6.340483970017629645e-01 1.021419999999999995e+00 8.798199714992148701e-01 nan nan 5.539372931176278492e-02 6.916291674650000276e-01 2.349903763240000082e-02 1.083735188859999976e-01 1.612399999999999878e+01 3.189900000000000091e+01 4.589620000000000033e+01 6.061169999999999902e+01 3.674100380668183785e-01 5.944938333027836030e-01
2.483750000000000124e+00 1.770610000000000017e+00 1.675340000000000051e+00 1.680870000000000086e+00 1.845120000000000093e+00 3.267889999999999961e+00 6.179263220370110332e-01 6.699489303552987884e-01 5.832220000000000182e-01 9.057767766635080875e-01 nan nan 4.022470945247458296e-02 6.916291674650000276e-01 2.349903763240000082e-02 1.083735188859999976e-01 1.612399999999999878e+01 3.189900000000000091e+01 4.589620000000000033e+01 6.061169999999999902e+01 3.817631007153837741e-01 5.938817460525283032e-01
3.148880000000000123e+00 1.834959999999999924e+00 1.671079999999999899e+00 1.597299999999999942e+00 1.899950000000000028e+00 4.132640000000000313e+00 6.549344039920722560e-01 7.053824731750488741e-01 5.832220000000000182e-01 9.290485231213373440e-01 nan nan 2.727564668940307691e-02 7.248598644050000539e-01 2.196788058110000011e-02 8.419078043720000515e-02 6.543280000000000207e+00 2.535600000000000165e+01 3.224699999999999989e+01 4.136149999999999949e+01 3.817631007153837741e-01 5.938817460525283032e-01
3.476679999999999993e+00 1.862519999999999953e+00 1.654609999999999914e+00 1.860870000000000024e+00 2.004710000000000214e+00 3.873800000000000132e+00 6.914940594380404315e-01 7.401696538359188171e-01 1.167489999999999917e+00 9.493715326864171633e-01 nan nan 1.669325907783714147e-02 7.248598644050000539e-01 2.196788058110000011e-02 8.419078043720000515e-02 6.543280000000000207e+00 2.535600000000000165e+01 3.224699999999999989e+01 4.136149999999999949e+01 3.869483573402017207e-01 5.982121815182381841e-01
3.612589999999999968e+00 1.872519999999999962e+00 1.631399999999999961e+00 1.892789999999999973e+00 2.013349999999999973e+00 4.138080000000000425e+00 7.273872881595573325e-01 7.741384242543473126e-01 1.313549999999999995e+00 9.665155375397126436e-01 nan nan 8.597449297923054345e-03 7.549565533559999819e-01 2.519618137709999858e-02 7.159517634680000187e-02 7.340950000000000308e+00 1.380930000000000035e+01 2.277120000000000033e+01 2.957420000000000115e+01 3.869483573402017207e-01 5.982121815182381841e-01
3.315409999999999968e+00 1.848680000000000101e+00 1.644689999999999985e+00 1.929289999999999949e+00 1.975000000000000089e+00 3.780699999999999950e+00 7.624028849930516438e-01 8.056739695063412920e-01 8.753549999999999942e-01 9.802862892558392716e-01 nan nan 3.079946109388664865e-03 7.549565533559999819e-01 2.519618137709999858e-02 7.159517634680000187e-02 7.340950000000000308e+00 1.380930000000000035e+01 2.277120000000000033e+01 2.957420000000000115e+01 3.891438653421759319e-01 6.089286181884836502e-01
2.843820000000000014e+00 1.806680000000000064e+00 1.650300000000000100e+00 1.994320000000000093e+00 1.993489999999999984e+00 2.863010000000000055e+00 7.953735074909547009e-01 8.345773315980974383e-01 8.753549999999999942e-01 9.905277597153399061e-01 nan nan 2.032650280426873124e-04 7.428449663830000160e-01 3.084264130179999869e-02 7.669038333250000061e-02 2.079359999999999875e+00 9.046269999999999811e+00 1.338649999999999984e+01 1.973549999999999827e+01 3.891438653421759319e-01 6.089286181884836502e-01
2.489720000000000155e+00 1.771539999999999893e+00 1.658970000000000056e+00 1.967999999999999972e+00 1.911710000000000020e+00 2.616600000000000037e+00 8.258188623289773878e-01 8.620203636914943734e-01 8.753549999999999942e-01 9.971239089656246390e-01 nan nan 0.000000000000000000e+00 7.428449663830000160e-01 3.084264130179999869e-02 7.669038333250000061e-02 2.079359999999999875e+00 9.046269999999999811e+00 1.338649999999999984e+01 1.973549999999999827e+01 3.900685883507594154e-01 6.157106758490664689e-01
2.225649999999999906e+00 1.742070000000000007e+00 1.656490000000000018e+00 1.872810000000000086e+00 1.915380000000000082e+00 2.248470000000000191e+00 8.544600152302348484e-01 8.876921252672347329e-01 8.753549999999999942e-01 1.000000000000000000e+00 nan nan 2.472454099249121739e-03 7.428551907010000344e-01 3.277411245830000319e-02 6.818203694320000563e-02 1.662870000000000070e+00 4.176770000000000316e+00 1.021990000000000087e+01 1.388139999999999930e+01 3.900685883507594154e-01 6.157106758490664689e-01
1.901270000000000016e+00 1.701219999999999954e+00 1.642309999999999937e+00 1.834899999999999975e+00 1.847590000000000066e+00 1.864880000000000093e+00 8.812835371858042111e-01 9.113017450087497195e-01 1.021419999999999995e+00 9.991234455578192897e-01 nan nan 7.592613432902850512e-03 7.428551907010000344e-01 3.277411245830000319e-02 6.818203694320000563e-02 1.662870000000000070e+00 4.176770000000000316e+00 1.021990000000000087e+01 1.388139999999999930e+01 3.886503015277786854e-01 6.173832779072507826e-01
1.688930000000000042e+00 1.671540000000000026e+00 1.632200000000000095e+00 1.821839999999999904e+00 1.782040000000000068e+00 1.724879999999999969e+00 9.059855069737932087e-01 9.325817164904428580e-01 1.459619999999999918e+00 9.945041773511653638e-01 nan nan 1.530246454979911075e-02 7.406022160140000032e-01 3.368121886830000022e-02 6.357048024450000223e-02 1.207580000000000098e+00 3.882629999999999804e+00 6.945199999999999818e+00 1.064470000000000027e+01 3.886503015277786854e-01 6.173832779072507826e-01
1.520369999999999999e+00 1.646130000000000093e+00 1.604440000000000088e+00 1.835480000000000000e+00 1.831210000000000004e+00 1.491409999999999902e+00 9.282860414060982723e-01 9.512909291323813354e-01 1.605690000000000062e+00 9.861945335345859709e-01 nan nan 2.551465175608313984e-02 7.406022160140000032e-01 3.368121886830000022e-02 6.357048024450000223e-02 1.207580000000000098e+00 3.882629999999999804e+00 6.945199999999999818e+00 1.064470000000000027e+01 3.863867157583011913e-01 6.211081725104088402e-01
1.379029999999999978e+00 1.622710000000000097e+00 1.587930000000000064e+00 1.871580000000000021e+00 1.720110000000000028e+00 1.231419999999999959e+00 9.479324665167591091e-01 9.672174000795098481e-01 1.605690000000000062e+00 9.742886656928877454e-01 nan nan 3.811346689012506950e-02 7.186412067849999863e-01 3.252881348560000135e-02 6.374477379250000075e-02 1.413149999999999906e+00 3.029160000000000075e+00 6.002150000000000318e+00 8.407170000000000698e+00 3.863867157583011913e-01 6.211081725104088402e-01
1.241370000000000084e+00 1.598160000000000025e+00 1.560049999999999937e+00 1.923319999999999919e+00 1.825290000000000079e+00 8.934819999999999984e-01 9.647021804589592797e-01 9.801806760521026840e-01 1.897820000000000062e+00 9.589214720660607094e-01 nan nan 5.587737593911434875e-02 7.186412067849999863e-01 3.252881348560000135e-02 6.374477379250000075e-02 1.413149999999999906e+00 3.029160000000000075e+00 6.002150000000000318e+00 8.407170000000000698e+00 3.833061967787869673e-01 6.306266202309566138e-01
1.147610000000000019e+00 1.580459999999999976e+00 1.557849999999999957e+00 2.036760000000000126e+00 1.911610000000000031e+00 8.434380000000000210e-01 9.784051756728957550e-01 9.900338779535277078e-01 1.897820000000000062e+00 9.402670690983156998e-01 nan nan 7.599241444948190427e-02 6.773578720320000413e-01 3.416812577850000116e-02 6.448728288890000215e-02 8.561940000000000106e-01 3.012199999999999989e+00 4.869410000000000238e+00 7.211739999999999817e+00 3.833061967787869673e-01 6.306266202309566138e-01
9.344329999999999581e-01 1.535819999999999963e+00 1.503560000000000008e+00 2.048659999999999926e+00 1.883459999999999912e+00 6.452050000000000285e-01 9.888861917473558139e-01 9.966653650691026378e-01 2.043890000000000207e+00 9.185368186291987813e-01 nan nan 9.844703800865428622e-02 6.773578720320000413e-01 3.416812577850000116e-02 6.448728288890000215e-02 8.561940000000000106e-01 3.012199999999999989e+00 4.869410000000000238e+00 7.211739999999999817e+00 3.772983337966403505e-01 6.404527481735579064e-01
7.692020000000000524e-01 1.495999999999999996e+00 1.447449999999999903e+00 1.941230000000000011e+00 1.816149999999999931e+00 4.793490000000000251e-01 9.960264745822138277e-01 1.000000000000000000e+00 1.751749999999999918e+00 8.939769330794922197e-01 nan nan 1.232031937706049574e-01 6.649215166349999873e-01 3.675273068619999695e-02 5.912910728649999753e-02 1.307700000000000085e+00 2.925930000000000142e+00 6.216330000000000133e+00 1.146170000000000044e+01 3.772983337966403505e-01 6.404527481735579064e-01
6.830410000000000093e-01 1.473270000000000080e+00 1.426050000000000040e+00 1.794359999999999955e+00 1.731710000000000083e+00 4.582069999999999754e-01 9.997451219198392192e-01 1.000000000000000000e+00 1.459619999999999918e+00 8.668656857661068971e-01 nan nan 1.472755360129144320e-01 6.649215166349999873e-01 3.675273068619999695e-02 5.912910728649999753e-02 1.307700000000000085e+00 2.925930000000000142e+00 6.216330000000000133e+00 1.146170000000000044e+01 3.687148619439605257e-01 6.442365602660452550e-01
5.069379999999999997e-01 1.421229999999999993e+00 1.386519999999999975e+00 1.667370000000000019e+00 1.621809999999999974e+00 4.262210000000000165e-01 1.000000000000000000e+00 9.966653650691027488e-01 1.605690000000000062e+00 8.375102579542078596e-01 nan nan 1.732203747564142748e-01 6.332005006749999998e-01 4.178008519270000332e-02 6.747877424909999589e-02 1.392390000000000017e+00 6.270710000000000228e+00 1.330489999999999995e+01 2.157369999999999877e+01 3.687148619439605257e-01 6.442365602660452550e-01
4.013320000000000221e-01 1.384940000000000060e+00 1.334140000000000104e+00 1.565029999999999921e+00 1.591979999999999951e+00 3.147820000000000062e-01 9.967882209522044290e-01 9.900338779535278189e-01 1.751749999999999918e+00 8.062432583707379585e-01 nan nan 2.007437446111093315e-01 6.332005006749999998e-01 4.178008519270000332e-02 6.747877424909999589e-02 1.392390000000000017e+00 6.270710000000000228e+00 1.330489999999999995e+01 2.157369999999999877e+01 3.577203024922135377e-01 6.434149886092854764e-01
3.358900000000000219e-01 1.359900000000000109e+00 1.321790000000000020e+00 1.439990000000000103e+00 1.498450000000000060e+00 2.675179999999999780e-01 9.901461755164252532e-01 9.801806760521026840e-01 1.897820000000000062e+00 7.734189546146370553e-01 nan nan 2.295337947987650118e-01 6.031726447449999862e-01 5.229749842229999834e-02 8.281839131170000423e-02 5.344159999999999577e+00 1.632770000000000010e+01 2.682969999999999899e+01 3.625249999999999773e+01 3.577203024922135377e-01 6.434149886092854764e-01
2.846219999999999861e-01 1.338549999999999907e+00 1.291169999999999929e+00 1.458990000000000009e+00 1.423399999999999999e+00 2.176450000000000051e-01 9.801491207214768631e-01 9.672174000795099591e-01 1.605690000000000062e+00 7.394092591633878442e-01 nan nan 2.621855381437245835e-01 6.031726447449999862e-01 5.229749842229999834e-02 8.281839131170000423e-02 5.344159999999999577e+00 1.632770000000000010e+01 2.682969999999999899e+01 3.625249999999999773e+01 3.465668949162926671e-01 6.410746550053680881e-01
1.608570000000000000e-01 1.281250000000000000e+00 1.282680000000000042e+00 1.082759999999999945e+00 1.224709999999999965e+00 1.907750000000000001e-01 9.669103271928062293e-01 9.512909291323814465e-01 1.021419999999999995e+00 7.045995154560378282e-01 nan nan 2.957163250809687893e-01 5.922884798199999912e-01 6.497129044759999972e-02 8.274896722249999725e-02 8.294290000000000163e+00 2.707860000000000156e+01 4.142830000000000013e+01 5.237489999999999668e+01 3.465668949162926671e-01 6.410746550053680881e-01
1.653209999999999957e-01 1.283619999999999983e+00 1.277209999999999956e+00 1.007309999999999928e+00 1.138540000000000108e+00 1.149919999999999970e-01 9.505797957510471186e-01 9.325817164904428580e-01 7.292889999999999651e-01 6.693841317980592232e-01 nan nan 3.299626054075864845e-01 5.922884798199999912e-01 6.497129044759999972e-02 8.274896722249999725e-02 8.294290000000000163e+00 2.707860000000000156e+01 4.142830000000000013e+01 5.237489999999999668e+01 3.371778361481599928e-01 6.403283668071957369e-01
1.401900000000000091e-01 1.270610000000000017e+00 1.262709999999999999e+00 9.850360000000000227e-01 1.102109999999999923e+00 5.547930000000000396e-03 9.313425578427834139e-01 9.113017450087498306e-01 7.292889999999999651e-01 6.341621125576502038e-01 nan nan 3.647527220946691351e-01 5.706550849589999697e-01 6.691905261680000661e-02 7.791930015430000023e-02 1.424310000000000009e+01 4.163380000000000081e+01 5.925430000000000064e+01 6.766570000000000107e+01 3.371778361481599928e-01 6.403283668071957369e-01
1.116800000000000015e-01 1.255249999999999977e+00 1.299830000000000041e+00 8.266989999999999617e-01 9.964370000000000172e-01 -1.441820000000000046e-01 9.094165790603262467e-01 8.876921252672347329e-01 5.832220000000000182e-01 5.956786508811107161e-01 nan nan 3.999088562300373573e-01 5.706550849589999697e-01 6.691905261680000661e-02 7.791930015430000023e-02 1.424310000000000009e+01 4.163380000000000081e+01 5.925430000000000064e+01 6.766570000000000107e+01 3.136796600650143541e-01 6.324661551755741407e-01
2.896380000000000048e-03 1.189230000000000009e+00 1.246450000000000058e+00 8.123270000000000213e-01 9.198589999999999822e-01 -1.904430000000000012e-01 8.850502895044577434e-01 8.620203636914943734e-01 5.832220000000000182e-01 5.576377620280026370e-01 nan nan 4.352490417775698450e-01 4.660427805110000099e-01 7.277879127950000193e-02 8.848958315469999947e-02 2.458840000000000003e+01 6.920820000000000505e+01 8.765600000000000591e+01 8.642510000000000048e+01 3.136796600650143541e-01 6.324661551755741407e-01
-9.883649999999999380e-02 1.111410000000000009e+00 1.302240000000000064e+00 8.827960000000000251e-01 8.796549999999999647e-01 -2.680370000000000252e-01 8.585197689721204561e-01 8.345773315980975493e-01 1.450230000000000130e-01 5.201998303942867441e-01 nan nan 4.705892273251024438e-01 4.660427805110000099e-01 7.277879127950000193e-02 8.848958315469999947e-02 2.458840000000000003e+01 6.920820000000000505e+01 8.765600000000000591e+01 8.642510000000000048e+01 2.630298010427244426e-01 6.153047998114640205e-01
-3.289469999999999894e-01 7.915090000000000181e-01 1.045800000000000063e+00 3.491589999999999971e-01 3.584669999999999801e-01 -3.279020000000000268e-01 8.301256188620045329e-01 8.056739695063415141e-01 -2.931759999999999922e-01 4.835184086296983041e-01 nan nan 5.057453614604705550e-01 3.397392144579999829e-01 8.179271575240000536e-02 9.951669675030000439e-02 3.647079999999999700e+01 9.675839999999999463e+01 1.098589999999999947e+02 1.044569999999999936e+02 2.630298010427244426e-01 6.153047998114640205e-01
-4.064150000000000262e-01 5.205210000000000115e-01 8.366369999999999640e-01 -3.439320000000000155e-01 -1.110000000000000014e-01 -3.752610000000000112e-01 7.997223551845598077e-01 7.741384242543474237e-01 -5.853089999999999682e-01 4.477384778248689745e-01 nan nan 5.405354781475530945e-01 3.397392144579999829e-01 8.179271575240000536e-02 9.951669675030000439e-02 3.647079999999999700e+01 9.675839999999999463e+01 1.098589999999999947e+02 1.044569999999999936e+02 4.129256987899176945e-01 6.797703527193694750e-01
-3.940649999999999986e-01 6.234399999999999942e-01 8.904440000000000133e-01 -7.139440000000000230e-01 -4.622129999999999850e-01 -4.051379999999999981e-01 7.680723168189068639e-01 7.401696538359189281e-01 -4.392429999999999946e-01 4.129948048176396158e-01 nan nan 5.747817584741712338e-01 2.787680454040000200e-01 6.878926686219999365e-02 1.057565999110000043e-01 3.977779999999999916e+01 9.127169999999999561e+01 1.100960000000000036e+02 1.080250000000000057e+02 4.129256987899176945e-01 6.797703527193694750e-01
-4.427880000000000149e-01 1.512459999999999916e-01 4.692339999999999844e-01 -5.296210000000000084e-01 -2.480739999999999890e-01 -4.193490000000000273e-01 7.354952020837520754e-01 7.053824731750489851e-01 -2.931759999999999922e-01 3.794104152309359934e-01 nan nan 6.083125454114151065e-01 2.787680454040000200e-01 6.878926686219999365e-02 1.057565999110000043e-01 3.977779999999999916e+01 9.127169999999999561e+01 1.100960000000000036e+02 1.080250000000000057e+02 7.253062081250815085e-01 7.818481761763858007e-01
-4.434310000000000196e-01 1.427970000000000073e-01 3.957160000000000122e-01 8.705439999999999845e-01 8.422870000000000079e-01 -4.301710000000000256e-01 7.008503771559064788e-01 6.699489303552988995e-01 4.371559999999999890e-01 3.470951995433037007e-01 nan nan 6.409642887563746783e-01 1.794735135169999996e-01 6.314901191699999472e-02 1.019891898969999960e-01 3.162590000000000146e+01 7.490519999999999357e+01 9.504989999999999384e+01 1.009200000000000017e+02 7.253062081250815085e-01 7.818481761763858007e-01
-4.481740000000000168e-01 6.896130000000000315e-02 2.013620000000000132e-01 7.243819999999999704e-01 5.489760000000000195e-01 -4.299470000000000236e-01 6.645913444957033400e-01 6.340483970017631865e-01 1.605690000000000062e+00 3.161446679858752606e-01 nan nan 6.725833982212875428e-01 1.794735135169999996e-01 6.314901191699999472e-02 1.019891898969999960e-01 3.162590000000000146e+01 7.490519999999999357e+01 9.504989999999999384e+01 1.009200000000000017e+02 7.292206797565086163e-01 7.745816858257613680e-01
-4.515930000000000222e-01 -4.422310000000000130e-02 5.629750000000000032e-02 6.855149999999999855e-01 6.056289999999999729e-01 -4.272889999999999744e-01 6.278846475292072515e-01 5.978655359288838067e-01 2.628150000000000208e+00 2.866388683732881137e-01 nan nan 7.030279836728720033e-01 1.282093215979999978e-01 6.922479194109999734e-02 9.271486397809999835e-02 2.486959999999999837e+01 6.614780000000000371e+01 8.635450000000000159e+01 9.167759999999999820e+01 7.292206797565086163e-01 7.745816858257613680e-01
-4.575659999999999727e-01 -5.654559999999999587e-01 -4.720809999999999729e-01 3.974139999999999895e-01 3.084859999999999824e-01 -4.284669999999999868e-01 5.910956613720091957e-01 5.615882088369760217e-01 8.753549999999999942e-01 2.586414791299588289e-01 nan nan 7.321694628042333397e-01 1.282093215979999978e-01 6.922479194109999734e-02 9.271486397809999835e-02 2.486959999999999837e+01 6.614780000000000371e+01 8.635450000000000159e+01 9.167759999999999820e+01 8.169332100369322003e-01 7.521243028097095440e-01
-4.554920000000000080e-01 -2.180010000000000003e-01 -2.512869999999999826e-01 -8.796500000000000152e-02 -1.888559999999999961e-01 -4.153749999999999942e-01 5.543949226292956833e-01 5.254053477640967529e-01 -1.023509999999999920e+00 2.321990877880907300e-01 nan nan 7.598940180237797604e-01 1.099939417309999945e-01 9.321347881380000200e-02 7.563800810290000065e-02 2.192190000000000083e+01 6.097299999999999898e+01 8.506510000000000105e+01 8.732460000000000377e+01 8.169332100369322003e-01 7.521243028097095440e-01
-4.529969999999999830e-01 -5.277540000000000009e-02 -6.323729999999999629e-02 -5.322339999999999710e-02 -1.004899999999999960e-01 -4.117720000000000269e-01 5.179758449683298238e-01 4.895048144105610399e-01 -1.023509999999999920e+00 2.073406631323169158e-01 nan nan 7.861038860540146000e-01 1.099939417309999945e-01 9.321347881380000200e-02 7.563800810290000065e-02 2.192190000000000083e+01 6.097299999999999898e+01 8.506510000000000105e+01 8.732460000000000377e+01 1.000000000000000000e+00 8.542708633376103755e-01
-4.519900000000000029e-01 -7.420419999999999620e-03 -1.247679999999999970e-02 5.585229999999999917e-01 2.502300000000000080e-01 -4.040869999999999740e-01 4.820001752550198137e-01 4.540712715908109542e-01 -1.023509999999999920e+00 1.840772269717969589e-01 nan nan 8.107184656285342239e-01 1.470642982089999939e-01 9.403431561920000403e-02 6.247482744630000057e-02 2.347700000000000031e+01 5.311180000000000234e+01 6.795420000000000016e+01 7.599120000000000630e+01 1.000000000000000000e+00 8.542708633376103755e-01
-4.506029999999999758e-01 4.003550000000000164e-02 3.440800000000000108e-02 1.002920000000000034e+00 5.467729999999999535e-01 -4.030250000000000221e-01 4.466337687542045742e-01 4.192840909299409002e-01 -1.023509999999999920e+00 1.624017292587135453e-01 nan nan 8.336752307365831172e-01 1.470642982089999939e-01 9.403431561920000403e-02 6.247482744630000057e-02 2.347700000000000031e+01 5.311180000000000234e+01 6.795420000000000016e+01 7.599120000000000630e+01 7.406407252551497900e-01 8.929534682762052533e-01
-4.532550000000000190e-01 -6.868779999999999331e-02 -1.068169999999999953e-01 7.502560000000000340e-01 3.860609999999999875e-01 -4.037330000000000085e-01 4.120312135576381651e-01 3.853153205115124047e-01 -1.023509999999999920e+00 1.422891279681325338e-01 nan nan 8.549304390677403553e-01 2.096658463340000111e-01 8.788001215009999534e-02 7.510961972839999556e-02 1.916150000000000020e+01 5.090910000000000224e+01 6.369669999999999987e+01 6.397619999999999862e+01 7.406407252551497900e-01 8.929534682762052533e-01
-4.475140000000000229e-01 1.381360000000000088e-01 1.829560000000000075e-01 4.924370000000000136e-01 8.389910000000000423e-02 -4.144010000000000193e-01 3.783454597468894898e-01 3.523277355040195236e-01 -1.023509999999999920e+00 1.236966728341503119e-01 nan nan 8.744596276297741388e-01 2.096658463340000111e-01 8.788001215009999534e-02 7.510961972839999556e-02 1.916150000000000020e+01 5.090910000000000224e+01 6.369669999999999987e+01 6.397619999999999862e+01 2.323777862244638115e-01 6.043232344392364119e-01
-4.499569999999999959e-01 7.859549999999999870e-02 5.406890000000000307e-02 -1.555459999999999898e-01 -1.324200000000000099e-01 -4.234550000000000258e-01 3.457187491840348903e-01 3.204729938531887257e-01 -1.023509999999999920e+00 1.065643897274900498e-01 nan nan 8.922578899241198069e-01 2.245738821980000077e-01 8.582813654099999412e-02 9.988035757789999469e-02 2.255799999999999983e+01 4.531289999999999907e+01 5.430490000000000350e+01 5.630669999999999931e+01 2.323777862244638115e-01 6.043232344392364119e-01
-4.517800000000000149e-01 -6.183809999999999654e-03 1.036819999999999929e-02 -2.463069999999999982e-01 -1.855900000000000050e-01 -4.300010000000000221e-01 3.143055451328800043e-01 2.898899179368542578e-01 -1.023509999999999920e+00 9.081576018634984759e-02 nan nan 9.083399315384683703e-01 2.245738821980000077e-01 8.582813654099999412e-02 9.988035757789999469e-02 2.255799999999999983e+01 4.531289999999999907e+01 5.430490000000000350e+01 5.630669999999999931e+01 3.545093011249850212e-01 6.017570504595564085e-01
-4.557379999999999765e-01 -3.009959999999999858e-01 -2.649110000000000076e-01 -4.527729999999999810e-01 -1.069630000000000025e-01 -4.315309999999999979e-01 2.842119665063838063e-01 2.607029216519468617e-01 1.450230000000000130e-01 7.635858840115106183e-02 nan nan 9.227399035265825278e-01 1.856683681090000038e-01 7.953248598819999404e-02 9.751462464089999393e-02 1.578200000000000003e+01 3.774289999999999878e+01 4.892920000000000158e+01 4.929240000000000066e+01 3.545093011249850212e-01 6.017570504595564085e-01
-4.576990000000000225e-01 -6.256500000000000394e-01 -6.679209999999999869e-01 -2.862649999999999917e-01 -1.713800000000000046e-01 -4.331050000000000177e-01 2.555257751705330982e-01 2.330206007553277114e-01 1.167489999999999917e+00 6.308604582989907339e-02 nan nan 9.355110154632109154e-01 1.856683681090000038e-01 7.953248598819999404e-02 9.751462464089999393e-02 1.578200000000000003e+01 3.774289999999999878e+01 4.892920000000000158e+01 4.929240000000000066e+01 3.521492718515450981e-01 6.028372044305951860e-01
-4.564010000000000011e-01 -3.422520000000000007e-01 -3.522080000000000211e-01 -3.941060000000000119e-01 -2.274559999999999915e-01 -4.265260000000000162e-01 2.283576219662173390e-01 2.069345024304712899e-01 -1.043330000000000082e-03 5.087788160825201800e-02 nan nan 9.467249325583450004e-01 1.321173110530000083e-01 5.395996048809999918e-02 7.698285088469999926e-02 1.613230000000000075e+01 3.393099999999999739e+01 3.844939999999999714e+01 4.244310000000000116e+01 3.521492718515450981e-01 6.028372044305951860e-01
-4.544790000000000219e-01 -1.506550000000000111e-01 -1.711209999999999953e-01 -2.614190000000000125e-01 -1.839490000000000014e-01 -4.192819999999999880e-01 2.027849738034389615e-01 1.825180880212956547e-01 -1.023509999999999920e+00 4.325567144556186072e-02 nan nan 9.564709636617535482e-01 1.321173110530000083e-01 5.395996048809999918e-02 7.698285088469999926e-02 1.613230000000000075e+01 3.393099999999999739e+01 3.844939999999999714e+01 4.244310000000000116e+01 4.016985402992018228e-01 6.151378669250306963e-01
-4.559779999999999944e-01 -2.713010000000000144e-01 -3.268050000000000122e-01 -3.578200000000000269e-01 -2.569600000000000217e-01 -4.186610000000000054e-01 1.788704272271977036e-01 1.598259006857822850e-01 -1.023509999999999920e+00 3.676716169198335216e-02 nan nan 9.648550493580295706e-01 1.049310838910000043e-01 4.005593238550000240e-02 7.404567544600000606e-02 2.072670000000000101e+01 3.068959999999999866e+01 3.396490000000000009e+01 3.396880000000000166e+01 4.016985402992018228e-01 6.151378669250306963e-01
-4.543170000000000264e-01 -1.328749999999999931e-01 -1.526830000000000132e-01 -3.971899999999999875e-01 -2.430340000000000000e-01 -4.175989999999999980e-01 1.566593435484443519e-01 1.388929474002019715e-01 -1.023509999999999920e+00 3.148586975570144553e-02 nan nan 9.719985616174345866e-01 1.049310838910000043e-01 4.005593238550000240e-02 7.404567544600000606e-02 2.072670000000000101e+01 3.068959999999999866e+01 3.396490000000000009e+01 3.396880000000000166e+01 4.543680397574162422e-01 6.380993217942338980e-01
-4.517149999999999777e-01 -5.540640000000000322e-03 -1.706950000000000134e-02 -4.419669999999999987e-01 -2.169879999999999864e-01 -4.157469999999999777e-01 1.361818705464263868e-01 1.197343023160855058e-01 -1.023509999999999920e+00 2.747163478465142195e-02 nan nan 9.780369286029775289e-01 8.869189503009999864e-02 3.724866018269999690e-02 7.708030946270000294e-02 1.001270000000000060e+01 2.679360000000000142e+01 2.748989999999999867e+01 3.055549999999999855e+01 4.543680397574162422e-01 6.380993217942338980e-01
-4.535560000000000147e-01 -9.526249999999999996e-02 -1.061890000000000056e-01 -2.860159999999999925e-01 -1.694039999999999990e-01 -4.210130000000000261e-01 1.174487482474766420e-01 1.023449359640636880e-01 -7.313760000000000261e-01 2.111605325936327660e-02 nan nan 9.831181002152139525e-01 8.869189503009999864e-02 3.724866018269999690e-02 7.708030946270000294e-02 1.001270000000000060e+01 2.679360000000000142e+01 2.748989999999999867e+01 3.055549999999999855e+01 4.526490761279634567e-01 6.179037157296604077e-01
-4.541129999999999889e-01 -1.292840000000000100e-01 -1.707190000000000096e-01 -1.895489999999999953e-01 -1.536490000000000078e-01 -4.302969999999999851e-01 1.004505271053522941e-01 8.669977223976432779e-02 -7.313760000000000261e-01 1.575911871963608935e-02 nan nan 9.874008717607551944e-01 5.072429401919999886e-02 2.828236574890000132e-02 8.156423353180000668e-02 1.726899999999999835e+01 2.629609999999999914e+01 3.076910000000000167e+01 2.898979999999999890e+01 4.526490761279634567e-01 6.179037157296604077e-01
-4.538249999999999784e-01 -1.048130000000000034e-01 -1.053150000000000058e-01 -3.987859999999999738e-01 -3.339960000000000151e-01 -4.329790000000000028e-01 8.516158801102546860e-02 7.275397252609561161e-02 -1.023509999999999920e+00 1.119089329921418852e-02 nan nan 9.910530847379922514e-01 5.072429401919999886e-02 2.828236574890000132e-02 8.156423353180000668e-02 1.726899999999999835e+01 2.629609999999999914e+01 3.076910000000000167e+01 2.898979999999999890e+01 4.786150712830956611e-01 6.165584330566393767e-01
-4.559929999999999817e-01 -3.051579999999999848e-01 -2.281610000000000027e-01 -4.556540000000000035e-01 -2.727620000000000045e-01 -4.343549999999999911e-01 7.153632027425826934e-02 6.044344373269339155e-02 -2.931759999999999922e-01 7.192502742367934410e-03 nan nan 9.942497251258537450e-01 5.871545234940000330e-02 4.712325044820000336e-02 8.994233282199999568e-02 1.188349999999999973e+01 2.133310000000000173e+01 2.312760000000000105e+01 2.539339999999999975e+01 4.786150712830956611e-01 6.165584330566393767e-01
-4.581370000000000164e-01 -7.139140000000000486e-01 -6.545429999999999859e-01 -6.299559999999999604e-01 -3.869219999999999882e-01 -4.367409999999999903e-01 5.951343018820043351e-02 4.968556449624639271e-02 8.753549999999999942e-01 3.538616336669075935e-03 nan nan 9.971709407227430377e-01 5.871545234940000330e-02 4.712325044820000336e-02 8.994233282199999568e-02 1.188349999999999973e+01 2.133310000000000173e+01 2.312760000000000105e+01 2.539339999999999975e+01 4.947268095921574238e-01 6.255204378224096251e-01
-4.580139999999999767e-01 -6.566790000000000127e-01 -7.302070000000000505e-01 -2.931989999999999874e-01 -1.820910000000000029e-01 -4.353000000000000203e-01 4.900667081189657992e-02 4.038012131355517287e-02 4.371559999999999890e-01 0.000000000000000000e+00 nan nan 1.000000000000000000e+00 6.944686696769999945e-02 4.993281900209999707e-02 6.344483310069999604e-02 9.918580000000000396e+00 1.567549999999999955e+01 1.958849999999999980e+01 2.050140000000000029e+01 4.947268095921574238e-01 6.255204378224096251e-01
-4.575060000000000238e-01 -4.969359999999999888e-01 -5.896700000000000275e-01 -4.615330000000000266e-01 -3.218840000000000034e-01 -4.357770000000000254e-01 3.990704338047457167e-02 3.241044400056769526e-02 -1.471099999999999908e-01 0.000000000000000000e+00 nan nan 1.000000000000000000e+00 6.944686696769999945e-02 4.993281900209999707e-02 6.344483310069999604e-02 9.918580000000000396e+00 1.567549999999999955e+01 1.958849999999999980e+01 2.050140000000000029e+01 4.429877062898184281e-01 6.108237974285789518e-01
-4.583110000000000239e-01 -7.438540000000000152e-01 -9.912790000000000212e-01 -5.587280000000000024e-01 -4.109050000000000202e-01 -4.349080000000000168e-01 3.209571254131982077e-02 2.564472761218283825e-02 -1.043330000000000082e-03 0.000000000000000000e+00 nan nan 1.000000000000000000e+00 7.916580031570000231e-02 6.175788027310000206e-02 4.921878397269999900e-02 1.131230000000000047e+01 1.559820000000000029e+01 1.875939999999999941e+01 1.872380000000000067e+01 4.429877062898184281e-01 6.108237974285789518e-01
-4.581899999999999862e-01 -6.965430000000000232e-01 -7.561919999999999753e-01 -4.304419999999999913e-01 -4.248700000000000254e-01 -4.313919999999999977e-01 2.544686026671638679e-02 1.993752584494568048e-02 -1.043330000000000082e-03 0.000000000000000000e+00 nan nan 1.000000000000000000e+00 7.916580031570000231e-02 6.175788027310000206e-02 4.921878397269999900e-02 1.131230000000000047e+01 1.559820000000000029e+01 1.875939999999999941e+01 1.872380000000000067e+01 3.890133829544616395e-01 5.993087014585352090e-01
-4.586089999999999889e-01 -9.189629999999999743e-01 -1.221070000000000100e+00 -5.812920000000000309e-01 -4.440790000000000015e-01 -4.264430000000000165e-01 1.982062051239652511e-02 1.513139900178239738e-02 4.371559999999999890e-01 0.000000000000000000e+00 nan nan 1.000000000000000000e+00 8.705207066520000148e-02 6.562266478900000144e-02 5.608158635200000131e-02 9.593220000000000525e+00 1.683680000000000021e+01 1.834819999999999851e+01 2.034049999999999869e+01 3.890133829544616395e-01 5.993087014585352090e-01
-4.575080000000000258e-01 -5.032079999999999886e-01 -4.870120000000000005e-01 -5.078789999999999694e-01 -3.988119999999999998e-01 -4.248529999999999807e-01 1.507386501277963031e-02 1.105869784667834477e-02 -1.043330000000000082e-03 0.000000000000000000e+00 nan nan 1.000000000000000000e+00 8.705207066520000148e-02 6.562266478900000144e-02 5.608158635200000131e-02 9.593220000000000525e+00 1.683680000000000021e+01 1.834819999999999851e+01 2.034049999999999869e+01 3.919974584300132125e-01 6.026768179318652274e-01
-4.520040000000000169e-01 -7.405570000000000208e-03 -5.040760000000000032e-03 -6.084319999999999729e-01 -4.705690000000000150e-01 -4.239550000000000263e-01 1.106119432849739237e-02 7.543463137511197125e-03 -1.023509999999999920e+00 0.000000000000000000e+00 nan nan 1.000000000000000000e+00 9.002024966890000146e-02 8.049559294840000212e-02 5.857755203150000201e-02 1.305879999999999974e+01 1.443730000000000047e+01 1.875300000000000011e+01 2.005870000000000175e+01 3.919974584300132125e-01 6.026768179318652274e-01
-4.487849999999999895e-01 9.792280000000000428e-02 1.649289999999999923e-01 -7.660160000000000302e-01 -5.545649999999999746e-01 -4.279399999999999871e-01 7.633961267644262527e-03 4.403419314573664423e-03 -1.023509999999999920e+00 0.000000000000000000e+00 nan nan 1.000000000000000000e+00 9.002024966890000146e-02 8.049559294840000212e-02 5.857755203150000201e-02 1.305879999999999974e+01 1.443730000000000047e+01 1.875300000000000011e+01 2.005870000000000175e+01 4.901882917586188881e-01 6.131804970017544765e-01
-4.570420000000000038e-01 -3.962930000000000064e-01 -4.562459999999999849e-01 -6.232309999999999794e-01 -5.103760000000000518e-01 -4.343429999999999791e-01 4.637562091488023341e-03 1.452039755498901741e-03 -1.023509999999999920e+00 0.000000000000000000e+00 nan nan 1.000000000000000000e+00 6.379909116380000356e-02 8.541297296060000599e-02 4.784454547860000212e-02 8.099470000000000169e+00 1.356770000000000032e+01 1.569979999999999976e+01 2.005880000000000152e+01 4.901882917586188881e-01 6.131804970017544765e-01
-4.583329999999999904e-01 -7.235270000000000312e-01 -7.679430000000000422e-01 -7.252220000000000333e-01 -6.195469999999999589e-01 -4.371149999999999758e-01 1.914207038916426740e-03 0.000000000000000000e+00 2.910900000000000154e-01 0.000000000000000000e+00 nan nan 1.000000000000000000e+00 6.379909116380000356e-02 8.541297296060000599e-02 4.784454547860000212e-02 8.099470000000000169e+00 1.356770000000000032e+01 1.569979999999999976e+01 2.005880000000000152e+01 3.661052141896760093e-01 5.698401372122863240e-01
-4.589679999999999871e-01 -1.349750000000000005e+00 -1.462210000000000010e+00 -6.351599999999999469e-01 -6.600599999999999801e-01 -4.372900000000000120e-01 3.012727679478910403e-04 0.000000000000000000e+00 1.021419999999999995e+00 0.000000000000000000e+00 nan nan 1.000000000000000000e+00 4.094378425939999844e-02 9.450512705079999742e-02 2.777427780730000115e-02 6.621229999999999727e+00 1.692040000000000077e+01 1.891189999999999927e+01 1.980829999999999913e+01 3.661052141896760093e-01 5.698401372122863240e-01
-4.588409999999999989e-01 -1.174539999999999917e+00 -1.061010000000000009e+00 -3.235729999999999995e-01 -5.409049999999999692e-01 -4.370069999999999788e-01 0.000000000000000000e+00 0.000000000000000000e+00 2.910900000000000154e-01 0.000000000000000000e+00 nan nan 1.000000000000000000e+00 4.094378425939999844e-02 9.450512705079999742e-02 2.777427780730000115e-02 6.621229999999999727e+00 1.692040000000000077e+01 1.891189999999999927e+01 1.980829999999999913e+01 3.061797593450918953e-01 5.587571028306580478e-01
-4.587769999999999904e-01 -1.000140000000000029e+00 -1.144109999999999960e+00 -7.860190000000000232e-01 -6.934040000000000203e-01 -4.350060000000000038e-01 0.000000000000000000e+00 0.000000000000000000e+00 -4.392429999999999946e-01 0.000000000000000000e+00 nan nan 1.000000000000000000e+00 4.587572263399999906e-02 1.105782081969999969e-01 3.448545217800000340e-02 1.256509999999999927e+01 2.064600000000000080e+01 2.062569999999999837e+01 2.075300000000000011e+01 3.061797593450918953e-01 5.587571028306580478e-01
-4.582689999999999819e-01 -6.883289999999999687e-01 -7.498920000000000030e-01 -8.706180000000000030e-01 -8.110340000000000327e-01 -4.312880000000000047e-01 0.000000000000000000e+00 0.000000000000000000e+00 -1.023509999999999920e+00 0.000000000000000000e+00 nan nan 1.000000000000000000e+00 4.587572263399999906e-02 1.105782081969999969e-01 3.448545217800000340e-02 1.256509999999999927e+01 2.064600000000000080e+01 2.062569999999999837e+01 2.075300000000000011e+01 5.007630383107637417e-01 7.129179868548536358e-01
-4.582410000000000094e-01 -6.680509999999999504e-01 -7.645009999999999861e-01 -5.613059999999999716e-01 -6.575710000000000166e-01 -4.256309999999999816e-01 0.000000000000000000e+00 0.000000000000000000e+00 -1.023509999999999920e+00 0.000000000000000000e+00 nan nan 1.000000000000000000e+00 6.976023600210000397e-02 9.863749304520000316e-02 4.759618962940000142e-02 1.200169999999999959e+01 2.614069999999999894e+01 2.589509999999999934e+01 2.303280000000000172e+01 5.007630383107637417e-01 7.129179868548536358e-01
-4.568349999999999911e-01 -3.719990000000000241e-01 -3.815390000000000170e-01 -6.998109999999999609e-01 -6.920579999999999510e-01 -4.230769999999999809e-01 0.000000000000000000e+00 0.000000000000000000e+00 -1.023509999999999920e+00 0.000000000000000000e+00 nan nan 1.000000000000000000e+00 6.976023600210000397e-02 9.863749304520000316e-02 4.759618962940000142e-02 1.200169999999999959e+01 2.614069999999999894e+01 2.589509999999999934e+01 2.303280000000000172e+01 9.284843052380169492e-01 8.798868784204875171e-01
-4.550660000000000260e-01 -1.867139999999999911e-01 -1.900439999999999907e-01 -6.793109999999999982e-01 -7.111499999999999488e-01 -4.261199999999999988e-01 0.000000000000000000e+00 0.000000000000000000e+00 -1.023509999999999920e+00 0.000000000000000000e+00 nan nan 1.000000000000000000e+00 9.733598263090000036e-02 1.020429405779999937e-01 5.246636098279999771e-02 1.100810000000000066e+01 2.421750000000000114e+01 2.300740000000000052e+01 2.019249999999999901e+01 9.284843052380169492e-01 8.798868784204875171e-01
-4.511939999999999840e-01 2.302540000000000142e-02 5.137889999999999818e-02 -6.807379999999999542e-01 -6.636039999999999717e-01 -4.279370000000000118e-01 0.000000000000000000e+00 0.000000000000000000e+00 -1.023509999999999920e+00 0.000000000000000000e+00 nan nan 1.000000000000000000e+00 9.733598263090000036e-02 1.020429405779999937e-01 5.246636098279999771e-02 1.100810000000000066e+01 2.421750000000000114e+01 2.300740000000000052e+01 2.019249999999999901e+01 8.897423823814737398e-01 8.031763073136244380e-01
-4.539190000000000169e-01 -1.201760000000000050e-01 -6.948160000000000447e-02 -7.931909999999999794e-01 -7.433560000000000167e-01 -4.296209999999999751e-01 0.000000000000000000e+00 0.000000000000000000e+00 -1.023509999999999920e+00 0.000000000000000000e+00 nan nan 1.000000000000000000e+00 9.556828626839999896e-02 1.308163952449999945e-01 5.335867451770000269e-02 1.183159999999999989e+01 2.197550000000000026e+01 2.330430000000000135e+01 2.155610000000000070e+01 8.897423823814737398e-01 8.031763073136244380e-01
-4.587899999999999756e-01 -1.074040000000000106e+00 -9.668499999999999872e-01 -6.997839999999999616e-01 -7.634239999999999915e-01 -4.339210000000000012e-01 0.000000000000000000e+00 0.000000000000000000e+00 2.910900000000000154e-01 0.000000000000000000e+00 nan nan 1.000000000000000000e+00 9.556828626839999896e-02 1.308163952449999945e-01 5.335867451770000269e-02 1.183159999999999989e+01 2.197550000000000026e+01 2.330430000000000135e+01 2.155610000000000070e+01 8.044863248784527299e-01 7.797631516928958950e-01
-4.585020000000000207e-01 -8.384519999999999751e-01 -7.652539999999999898e-01 -7.545399999999999885e-01 -7.769190000000000262e-01 -4.359620000000000162e-01 0.000000000000000000e+00 0.000000000000000000e+00 2.910900000000000154e-01 0.000000000000000000e+00 nan nan 1.000000000000000000e+00 5.554239033120000196e-02 1.056463973800000067e-01 5.156049424809999726e-02 1.112909999999999933e+01 2.452380000000000138e+01 2.480059999999999931e+01 2.247050000000000125e+01 8.044863248784527299e-01 7.797631516928958950e-01
-4.571540000000000048e-01 -4.146429999999999838e-01 -4.474000000000000199e-01 -7.711860000000000381e-01 -8.030190000000000383e-01 -4.359689999999999954e-01 0.000000000000000000e+00 7.467633749336233251e-04 -1.023509999999999920e+00 0.000000000000000000e+00 nan nan 9.971709407227428157e-01 5.554239033120000196e-02 1.056463973800000067e-01 5.156049424809999726e-02 1.112909999999999933e+01 2.452380000000000138e+01 2.480059999999999931e+01 2.247050000000000125e+01 8.938157021370745081e-01 8.336988399800990823e-01
-4.577939999999999787e-01 -5.520429999999999504e-01 -5.622519999999999740e-01 -6.478540000000000409e-01 -7.004169999999999563e-01 -4.366929999999999978e-01 0.000000000000000000e+00 1.517852491227045242e-03 -1.043330000000000082e-03 0.000000000000000000e+00 nan nan 9.942497251258534119e-01 3.287587404120000112e-02 8.258594620589999880e-02 3.539319418160000175e-02 1.086289999999999978e+01 1.934779999999999944e+01 2.504500000000000171e+01 2.387460000000000093e+01 8.938157021370745081e-01 8.336988399800990823e-01
-4.589349999999999818e-01 -1.234269999999999978e+00 -1.318449999999999900e+00 -7.480830000000000535e-01 -7.881110000000000060e-01 -4.376479999999999815e-01 0.000000000000000000e+00 2.361643211230002315e-03 1.021419999999999995e+00 0.000000000000000000e+00 nan nan 9.910530847379922514e-01 3.287587404120000112e-02 8.258594620589999880e-02 3.539319418160000175e-02 1.086289999999999978e+01 1.934779999999999944e+01 2.504500000000000171e+01 2.387460000000000093e+01 9.293976819520164412e-01 1.000000000000000000e+00
-4.589920000000000111e-01 -1.466730000000000089e+00 -1.356409999999999894e+00 -8.149539999999999562e-01 -8.683480000000000087e-01 -4.377349999999999852e-01 0.000000000000000000e+00 3.325687659072706914e-03 1.450230000000000130e-01 0.000000000000000000e+00 nan nan 9.874008717607551944e-01 3.395172554010000149e-02 6.895631679109999468e-02 3.143966181639999691e-02 8.699109999999999232e+00 2.196750000000000114e+01 2.320110000000000028e+01 2.126320000000000121e+01 9.293976819520164412e-01 1.000000000000000000e+00
-4.588450000000000029e-01 -1.139739999999999975e+00 -1.026310000000000056e+00 -7.868479999999999919e-01 -8.058539999999999592e-01 -4.377389999999999892e-01 0.000000000000000000e+00 4.456175436097553622e-03 -4.392429999999999946e-01 0.000000000000000000e+00 nan nan 9.831181002152139525e-01 3.395172554010000149e-02 6.895631679109999468e-02 3.143966181639999691e-02 8.699109999999999232e+00 2.196750000000000114e+01 2.320110000000000028e+01 2.126320000000000121e+01 7.047240297499843820e-01 8.101874885438214990e-01
-4.584449999999999914e-01 -7.974240000000000217e-01 -7.491489999999999538e-01 -7.950679999999999970e-01 -7.881139999999999812e-01 -4.373239999999999905e-01 0.000000000000000000e+00 5.797410274219760851e-03 -5.853089999999999682e-01 0.000000000000000000e+00 nan nan 9.780369286029774178e-01 4.985261112779999781e-02 7.173630791719999567e-02 3.952894926719999896e-02 1.352660000000000018e+01 2.107130000000000081e+01 2.291079999999999828e+01 2.006889999999999930e+01 7.047240297499843820e-01 8.101874885438214990e-01
-4.588229999999999809e-01 -1.053790000000000004e+00 -1.133170000000000011e+00 -8.184569999999999901e-01 -8.758799999999999919e-01 -4.360180000000000167e-01 0.000000000000000000e+00 7.391308056942547111e-03 -7.313760000000000261e-01 0.000000000000000000e+00 nan nan 9.719985616174344756e-01 4.985261112779999781e-02 7.173630791719999567e-02 3.952894926719999896e-02 1.352660000000000018e+01 2.107130000000000081e+01 2.291079999999999828e+01 2.006889999999999930e+01 4.131185857978431075e-01 6.241555159862788305e-01
-4.588849999999999874e-01 -1.134910000000000085e+00 -1.225870000000000015e+00 -7.740320000000000533e-01 -7.791959999999999997e-01 -4.345470000000000166e-01 0.000000000000000000e+00 9.276921895647438632e-03 -7.313760000000000261e-01 0.000000000000000000e+00 nan nan 9.648550493580295706e-01 5.320677950609999790e-02 6.446214124900000175e-02 3.570147498770000205e-02 1.097639999999999993e+01 2.271630000000000038e+01 2.233579999999999899e+01 1.988899999999999935e+01 4.131185857978431075e-01 6.241555159862788305e-01
-4.587060000000000026e-01 -9.313209999999999544e-01 -1.015959999999999974e+00 -7.726300000000000390e-01 -8.259119999999999795e-01 -4.314700000000000202e-01 0.000000000000000000e+00 1.148999964223795800e-02 -1.023509999999999920e+00 0.000000000000000000e+00 nan nan 9.564709636617535482e-01 5.320677950609999790e-02 6.446214124900000175e-02 3.570147498770000205e-02 1.097639999999999993e+01 2.271630000000000038e+01 2.233579999999999899e+01 1.988899999999999935e+01 6.871032342612711785e-01 7.552698421011285745e-01
-4.578439999999999732e-01 -5.608980000000000077e-01 -5.832030000000000269e-01 -7.075320000000000498e-01 -7.511670000000000291e-01 -4.286860000000000115e-01 0.000000000000000000e+00 1.406257885169348576e-02 -1.023509999999999920e+00 0.000000000000000000e+00 nan nan 9.467249325583450004e-01 5.974450668269999654e-02 7.028063180240000374e-02 5.547577124329999831e-02 1.312030000000000030e+01 2.074869999999999948e+01 2.230379999999999896e+01 2.044819999999999993e+01 6.871032342612711785e-01 7.552698421011285745e-01
-4.559179999999999899e-01 -2.680699999999999750e-01 -2.517309999999999826e-01 -6.499099999999999877e-01 -7.791519999999999557e-01 -4.293139999999999734e-01 0.000000000000000000e+00 1.702262378376939722e-02 -1.023509999999999920e+00 0.000000000000000000e+00 nan nan 9.355110154632108044e-01 5.974450668269999654e-02 7.028063180240000374e-02 5.547577124329999831e-02 1.312030000000000030e+01 2.074869999999999948e+01 2.230379999999999896e+01 2.044819999999999993e+01 9.344864950728715147e-01 8.760605148079289028e-01
-4.548499999999999766e-01 -1.698900000000000132e-01 -1.700780000000000070e-01 -9.382430000000000492e-01 -8.679360000000000408e-01 -4.314230000000000009e-01 0.000000000000000000e+00 2.039370855676048144e-02 -1.023509999999999920e+00 0.000000000000000000e+00 nan nan 9.227399035265825278e-01 5.797089641779999691e-02 7.148939645160000411e-02 5.383620030370000337e-02 9.231080000000000396e+00 2.035290000000000177e+01 2.328119999999999834e+01 2.124549999999999983e+01 9.344864950728715147e-01 8.760605148079289028e-01
-4.553019999999999845e-01 -2.183070000000000010e-01 -1.761699999999999933e-01 -7.050319999999999920e-01 -7.033549999999999525e-01 -4.343609999999999971e-01 0.000000000000000000e+00 2.419475004332083401e-02 -1.023509999999999920e+00 0.000000000000000000e+00 nan nan 9.083399315384683703e-01 5.797089641779999691e-02 7.148939645160000411e-02 5.383620030370000337e-02 9.231080000000000396e+00 2.035290000000000177e+01 2.328119999999999834e+01 2.124549999999999983e+01 9.047989152942378377e-01 8.711736363874413858e-01
-4.587729999999999864e-01 -9.787529999999999841e-01 -1.128579999999999917e+00 -8.699909999999999588e-01 -8.505479999999999707e-01 -4.370240000000000236e-01 0.000000000000000000e+00 2.843979353473768956e-02 -4.392429999999999946e-01 0.000000000000000000e+00 nan nan 8.922578899241198069e-01 7.787396321110000297e-02 9.660678873189999794e-02 6.189530255220000027e-02 1.179790000000000028e+01 1.928569999999999851e+01 2.171030000000000015e+01 2.162280000000000157e+01 9.047989152942378377e-01 8.711736363874413858e-01
-4.590069999999999983e-01 -1.449780000000000069e+00 -1.508580000000000032e+00 -6.731589999999999518e-01 -8.277109999999999745e-01 -4.377860000000000085e-01 0.000000000000000000e+00 3.313785360216903175e-02 1.021419999999999995e+00 0.000000000000000000e+00 nan nan 8.744596276297741388e-01 7.787396321110000297e-02 9.660678873189999794e-02 6.189530255220000027e-02 1.179790000000000028e+01 1.928569999999999851e+01 2.171030000000000015e+01 2.162280000000000157e+01 7.438460534750863662e-01 7.901293566210165764e-01
-4.585670000000000024e-01 -8.836770000000000458e-01 -7.822200000000000264e-01 -6.840380000000000349e-01 -8.367639999999999523e-01 -4.376439999999999775e-01 0.000000000000000000e+00 3.829281195795064541e-02 5.832220000000000182e-01 0.000000000000000000e+00 nan nan 8.549304390677403553e-01 7.262351703500000144e-02 1.018353736799999937e-01 6.373093638479999934e-02 1.168469999999999942e+01 1.728650000000000020e+01 1.934110000000000085e+01 1.917370000000000019e+01 7.438460534750863662e-01 7.901293566210165764e-01
-4.584070000000000089e-01 -7.846090000000000009e-01 -7.199100000000000499e-01 -7.749430000000000485e-01 -7.643619999999999859e-01 -4.368830000000000213e-01 0.000000000000000000e+00 4.390337347424388970e-02 -7.313760000000000261e-01 0.000000000000000000e+00 nan nan 8.336752307365831172e-01 7.262351703500000144e-02 1.018353736799999937e-01 6.373093638479999934e-02 1.168469999999999942e+01 1.728650000000000020e+01 1.934110000000000085e+01 1.917370000000000019e+01 7.406577446970254996e-01 7.807909345623085251e-01
-4.589440000000000186e-01 -1.310670000000000002e+00 -1.232040000000000024e+00 -8.338320000000000176e-01 -8.988770000000000371e-01 -4.349620000000000153e-01 0.000000000000000000e+00 4.996308085735123861e-02 -2.931759999999999922e-01 0.000000000000000000e+00 nan nan 8.107184656285342239e-01 4.927144670329999809e-02 6.813463522500000369e-02 4.945253709130000008e-02 1.394519999999999982e+01 2.102690000000000126e+01 2.125240000000000151e+01 2.012369999999999948e+01 7.406577446970254996e-01 7.807909345623085251e-01
-4.590159999999999796e-01 -1.484439999999999982e+00 -1.574680000000000080e+00 -8.557460000000000067e-01 -9.063700000000000090e-01 -4.335120000000000084e-01 0.000000000000000000e+00 5.646038781143514207e-02 1.167489999999999917e+00 0.000000000000000000e+00 nan nan 7.861038860540146000e-01 4.927144670329999809e-02 6.813463522500000369e-02 4.945253709130000008e-02 1.394519999999999982e+01 2.102690000000000126e+01 2.125240000000000151e+01 2.012369999999999948e+01 8.239622395316249515e-01 8.045281363743486125e-01
-4.578849999999999865e-01 -6.104709999999999859e-01 -5.058049999999999491e-01 -7.402400000000000091e-01 -7.657249999999999890e-01 -4.307289999999999730e-01 0.000000000000000000e+00 6.337878986266320958e-02 4.371559999999999890e-01 0.000000000000000000e+00 nan nan 7.598940180237797604e-01 4.653220157230000126e-02 7.100557693179999907e-02 5.119209248010000296e-02 1.214499999999999957e+01 2.411629999999999896e+01 2.358640000000000114e+01 2.209919999999999973e+01 8.239622395316249515e-01 8.045281363743486125e-01
-4.540009999999999879e-01 -1.128649999999999931e-01 -1.058609999999999968e-01 -7.719439999999999635e-01 -8.320180000000000353e-01 -4.277380000000000071e-01 0.000000000000000000e+00 7.069701136149053600e-02 -1.023509999999999920e+00 0.000000000000000000e+00 nan nan 7.321694628042333397e-01 4.653220157230000126e-02 7.100557693179999907e-02 5.119209248010000296e-02 1.214499999999999957e+01 2.411629999999999896e+01 2.358640000000000114e+01 2.209919999999999973e+01 8.889481417606045488e-01 9.161014951949515428e-01
-4.554239999999999955e-01 -2.144210000000000005e-01 -2.242619999999999891e-01 -7.430839999999999668e-01 -7.963569999999999816e-01 -4.296659999999999924e-01 0.000000000000000000e+00 7.838924654427181782e-02 -1.023509999999999920e+00 0.000000000000000000e+00 nan nan 7.030279836728720033e-01 3.476466193720000042e-02 4.708418491409999823e-02 4.576355307749999796e-02 1.756859999999999999e+01 2.318489999999999895e+01 2.153630000000000067e+01 1.924879999999999924e+01 8.889481417606045488e-01 9.161014951949515428e-01
-4.574469999999999925e-01 -4.572379999999999778e-01 -5.323179999999999579e-01 -7.497059999999999835e-01 -8.750200000000000200e-01 -4.344560000000000088e-01 0.000000000000000000e+00 8.642545192287409694e-02 -1.023509999999999920e+00 0.000000000000000000e+00 nan nan 6.725833982212875428e-01 3.476466193720000042e-02 4.708418491409999823e-02 4.576355307749999796e-02 1.756859999999999999e+01 2.318489999999999895e+01 2.153630000000000067e+01 1.924879999999999924e+01 9.828330562946405724e-01 8.206518892874912208e-01
-4.576219999999999732e-01 -5.059839999999999893e-01 -5.344999999999999751e-01 -8.093299999999999939e-01 -8.784610000000000474e-01 -4.363679999999999781e-01 0.000000000000000000e+00 9.477168668940194607e-02 -1.023509999999999920e+00 0.000000000000000000e+00 nan nan 6.409642887563746783e-01 4.447172255730000301e-02 5.910435942770000256e-02 5.824149875199999965e-02 1.179850000000000065e+01 2.025690000000000168e+01 1.876839999999999975e+01 -1.000000000000000000e+00 9.828330562946405724e-01 8.206518892874912208e-01
-4.585650000000000004e-01 -8.324700000000000433e-01 -8.912109999999999754e-01 -7.211809999999999610e-01 -7.891340000000000021e-01 -4.372909999999999853e-01 0.000000000000000000e+00 1.033904972791137578e-01 -4.392429999999999946e-01 0.000000000000000000e+00 nan nan 6.083125454114153285e-01 4.447172255730000301e-02 5.910435942770000256e-02 5.824149875199999965e-02 1.179850000000000065e+01 2.025690000000000168e+01 1.876839999999999975e+01 -1.000000000000000000e+00 9.416289875134027376e-01 6.513557568933463493e-01
-4.590270000000000183e-01 -1.601520000000000055e+00 -1.513060000000000072e+00 -8.486639999999999739e-01 -8.772670000000000190e-01 -4.373779999999999890e-01 0.000000000000000000e+00 1.122413417342752462e-01 1.459619999999999918e+00 0.000000000000000000e+00 nan nan 5.747817584741712338e-01 5.671719556069999835e-02 8.477986404010000310e-02 8.950935596249999515e-02 1.216699999999999982e+01 1.929289999999999949e+01 -1.000000000000000000e+00 -1.000000000000000000e+00 9.416289875134027376e-01 6.513557568933463493e-01
-4.590199999999999836e-01 -1.572810000000000041e+00 -1.466139999999999999e+00 -6.816520000000000357e-01 -8.115390000000000104e-01 -4.368360000000000021e-01 0.000000000000000000e+00 1.212810490607404423e-01 1.897820000000000062e+00 0.000000000000000000e+00 nan nan 5.405354781475534276e-01 5.671719556069999835e-02 8.477986404010000310e-02 8.950935596249999515e-02 1.216699999999999982e+01 1.929289999999999949e+01 -1.000000000000000000e+00 -1.000000000000000000e+00 9.045776625498527235e-01 7.741463510434942741e-01
-4.585989999999999789e-01 -9.062839999999999785e-01 -7.976469999999999949e-01 -8.244050000000000544e-01 -8.947060000000000013e-01 -4.357460000000000222e-01 0.000000000000000000e+00 1.304643083725659514e-01 8.753549999999999942e-01 0.000000000000000000e+00 nan nan 5.057453614604707770e-01 5.431786358360000261e-02 8.720378066999999456e-02 1.077918311089999942e-01 6.301120000000000054e+00 -1.000000000000000000e+00 -1.000000000000000000e+00 -1.000000000000000000e+00 9.045776625498527235e-01 7.741463510434942741e-01
-4.582459999999999867e-01 -7.300159999999999982e-01 -6.197610000000000063e-01 -7.623689999999999634e-01 -7.456220000000000070e-01 -4.346999999999999753e-01 0.000000000000000000e+00 1.397441822824536661e-01 -1.043330000000000082e-03 0.000000000000000000e+00 nan nan 4.705892273251024438e-01 5.431786358360000261e-02 8.720378066999999456e-02 1.077918311089999942e-01 6.301120000000000054e+00 -1.000000000000000000e+00 -1.000000000000000000e+00 -1.000000000000000000e+00 0.000000000000000000e+00 0.000000000000000000e+00
