-4.509239999999999915e-01 -1.911559999999999926e+00 -1.878200000000000092e+00 -1.425219999999999931e+00 -1.555309999999999970e+00 -5.496959999999999624e-01 0.000000000000000000e+00 1.981631601160699363e-01 -2.169470000000000010e-01 0.000000000000000000e+00 0.000000000000000000e+00 nan 5.000000000000000000e-01 2.154892625139999962e-01 3.180814338969999849e-02 9.771560962719999521e-02 -1.000000000000000000e+00 -1.000000000000000000e+00 -1.000000000000000000e+00 -1.000000000000000000e+00 0.000000000000000000e+00 0.000000000000000000e+00
-4.508940000000000170e-01 -1.897759999999999891e+00 -1.867410000000000014e+00 -9.984929999999999639e-01 -1.288089999999999957e+00 -5.509030000000000316e-01 0.000000000000000000e+00 1.928253634668334326e-01 -8.262540000000000162e-02 4.412638136129021227e-03 0.000000000000000000e+00 nan 5.148720406588226384e-01 1.920858751199999992e-01 4.256589503440000311e-02 1.228332772749999996e-01 1.436560000000000059e+01 -1.000000000000000000e+00 -1.000000000000000000e+00 -1.000000000000000000e+00 0.000000000000000000e+00 0.000000000000000000e+00
-4.499679999999999791e-01 -1.629520000000000080e+00 -1.360729999999999995e+00 -1.297660000000000036e+00 -1.392940000000000067e+00 -5.457109999999999461e-01 0.000000000000000000e+00 1.879890346969209647e-01 -6.199109999999999898e-01 9.241318805226828026e-03 0.000000000000000000e+00 nan 5.272768626889214882e-01 1.920858751199999992e-01 4.256589503440000311e-02 1.228332772749999996e-01 1.436560000000000059e+01 -1.000000000000000000e+00 -1.000000000000000000e+00 -1.000000000000000000e+00 0.000000000000000000e+00 0.000000000000000000e+00
-4.463260000000000005e-01 -1.031029999999999891e+00 -9.872649999999999482e-01 -1.364400000000000057e+00 -1.506310000000000038e+00 -5.450530000000000097e-01 2.316302420134364048e-03 1.841499590244182194e-01 -6.870720000000000161e-01 1.475816401233231989e-02 0.000000000000000000e+00 nan 5.370739144999800985e-01 1.493515912779999899e-01 4.875959244670000081e-02 1.497155333680000033e-01 1.581460000000000043e+01 3.598870000000000147e+01 -1.000000000000000000e+00 -1.000000000000000000e+00 0.000000000000000000e+00 0.000000000000000000e+00
-4.507970000000000033e-01 -1.963999999999999968e+00 -1.609960000000000058e+00 -1.272969999999999935e+00 -1.502350000000000074e+00 -5.492839999999999945e-01 7.661149334349914852e-03 1.817926223913352013e-01 -6.870720000000000161e-01 2.122749858329187056e-02 0.000000000000000000e+00 nan 5.441521915802758347e-01 1.493515912779999899e-01 4.875959244670000081e-02 1.497155333680000033e-01 1.581460000000000043e+01 3.598870000000000147e+01 -1.000000000000000000e+00 -1.000000000000000000e+00 7.887782829597880241e-01 8.544922344156424820e-01
-4.433830000000000271e-01 -8.490689999999999626e-01 -7.530810000000000004e-01 -1.145059999999999967e+00 -1.482129999999999947e+00 -5.437990000000000324e-01 1.397402817638682126e-02 1.813847220442920127e-01 -8.885549999999999837e-01 2.890285525886393536e-02 0.000000000000000000e+00 nan 5.484314942221533151e-01 1.168217032579999953e-01 5.902022360550000096e-02 1.269426324909999904e-01 2.170070000000000121e+01 4.331799999999999784e+01 4.586070000000000135e+01 -1.000000000000000000e+00 7.887782829597880241e-01 8.544922344156424820e-01
-4.488469999999999960e-01 -1.309709999999999930e+00 -1.295509999999999939e+00 -1.216699999999999893e+00 -1.359339999999999993e+00 -5.411519999999999664e-01 2.096963451551903113e-02 1.833718673378330610e-01 -7.542330000000000423e-01 3.802410206745987509e-02 0.000000000000000000e+00 nan 5.498633362167570926e-01 1.168217032579999953e-01 5.902022360550000096e-02 1.269426324909999904e-01 2.170070000000000121e+01 4.331799999999999784e+01 4.586070000000000135e+01 -1.000000000000000000e+00 7.858339842837209765e-01 7.687619675101402539e-01
-4.512590000000000212e-01 -2.112330000000000041e+00 -2.298639999999999795e+00 -1.302699999999999969e+00 -1.547979999999999912e+00 -5.490439999999999765e-01 2.898385180997775645e-02 1.881725308023832755e-01 -7.542330000000000423e-01 4.881472452453572419e-02 0.000000000000000000e+00 nan 5.484314942221533151e-01 1.163347437049999933e-01 5.362481071559999785e-02 7.567205268589999312e-02 2.174050000000000082e+01 4.392229999999999990e+01 5.419939999999999714e+01 5.390789999999999793e+01 7.858339842837209765e-01 7.687619675101402539e-01
-4.499699999999999811e-01 -1.519709999999999894e+00 -1.570330000000000004e+00 -1.313220000000000054e+00 -1.448530000000000095e+00 -5.514170000000000460e-01 3.835692013701519354e-02 1.961733066832648253e-01 -8.885549999999999837e-01 6.147929345240077392e-02 0.000000000000000000e+00 nan 5.441521915802760567e-01 1.163347437049999933e-01 5.362481071559999785e-02 7.567205268589999312e-02 2.174050000000000082e+01 4.392229999999999990e+01 5.419939999999999714e+01 5.390789999999999793e+01 6.008238695161602916e-01 7.099006911129870367e-01
-4.478860000000000063e-01 -1.190709999999999935e+00 -1.130479999999999929e+00 -1.281600000000000072e+00 -1.536149999999999904e+00 -5.506849999999999801e-01 4.941590199110579285e-02 2.077245306734234465e-01 -8.885549999999999837e-01 7.620114711106040772e-02 0.000000000000000000e+00 nan 5.370739144999800985e-01 1.944950112369999984e-01 4.664897835520000202e-02 6.911759825839999816e-02 1.690830000000000055e+01 5.347420000000000329e+01 6.121880000000000166e+01 6.279410000000000025e+01 6.008238695161602916e-01 7.099006911129870367e-01
-4.512269999999999892e-01 -2.188629999999999853e+00 -2.061399999999999899e+00 -1.165790000000000104e+00 -1.389990000000000059e+00 -4.322030000000000038e-01 6.244515814906681506e-02 2.231363104700392341e-01 -4.855900000000000216e-01 9.314031390246968467e-02 0.000000000000000000e+00 nan 5.272768626889214882e-01 1.944950112369999984e-01 4.664897835520000202e-02 6.911759825839999816e-02 1.690830000000000055e+01 5.347420000000000329e+01 6.121880000000000166e+01 6.279410000000000025e+01 6.031873201540917107e-01 7.783599964311941344e-01
-4.501709999999999878e-01 -1.617369999999999974e+00 -1.538470000000000004e+00 -1.119029999999999969e+00 -1.334929999999999950e+00 -2.504899999999999904e-01 7.770756869597927885e-02 2.426750121304053209e-01 -4.855900000000000216e-01 1.124316991847967850e-01 0.000000000000000000e+00 nan 5.148720406588226384e-01 2.891013062280000101e-01 2.243879403689999844e-02 7.048495162840000272e-02 3.041740000000000066e+01 5.475379999999999825e+01 6.573539999999999850e+01 6.539650000000000318e+01 6.031873201540917107e-01 7.783599964311941344e-01
-4.505270000000000108e-01 -1.729270000000000085e+00 -1.689440000000000053e+00 -1.162770000000000081e+00 -1.313120000000000065e+00 1.863100000000000034e-01 9.547479164377759009e-02 2.631893406653064149e-01 -2.169470000000000010e-01 1.341835567408092844e-01 0.000000000000000000e+00 nan 5.000000000000000000e-01 2.891013062280000101e-01 2.243879403689999844e-02 7.048495162840000272e-02 3.041740000000000066e+01 5.475379999999999825e+01 6.573539999999999850e+01 6.539650000000000318e+01 6.725485876045693701e-01 7.367079138270639094e-01
2.183940000000000048e-01 1.005260000000000042e+00 9.389790000000000081e-01 2.076729999999999965e+00 2.149620000000000086e+00 5.262619999999999798e-02 1.160141713896470916e-01 2.847398223121314631e-01 7.904640000000000555e-01 1.584762622192587012e-01 0.000000000000000000e+00 nan 4.828292468756840705e-01 2.853546842210000212e-01 1.310869099929999962e-02 6.069865056559999722e-02 2.384929999999999950e+01 5.523409999999999798e+01 5.816380000000000194e+01 5.806759999999999877e+01 6.725485876045693701e-01 7.367079138270639094e-01
9.250469999999999526e-01 1.308249999999999913e+00 1.526980000000000004e+00 2.327570000000000139e+00 2.243759999999999977e+00 4.810709999999999986e-02 1.395327782094397673e-01 3.104883872787712606e-01 1.663550000000000084e+00 1.853614024466638810e-01 0.000000000000000000e+00 nan 4.635543327798580249e-01 2.853546842210000212e-01 1.310869099929999962e-02 6.069865056559999722e-02 2.384929999999999950e+01 5.523409999999999798e+01 5.816380000000000194e+01 5.806759999999999877e+01 4.179902657880506522e-01 6.844043182551284854e-01
1.557169999999999943e+00 1.554380000000000095e+00 1.619539999999999980e+00 2.654170000000000140e+00 2.204950000000000188e+00 9.273289999999999311e-02 1.662028783450156810e-01 3.400686653647601032e-01 2.872450000000000170e+00 2.148611909279539711e-01 0.000000000000000000e+00 nan 4.423936501910924468e-01 3.039483740510000032e-01 1.052994638599999942e-02 5.751577219750000219e-02 2.002149999999999963e+01 4.789659999999999940e+01 5.584590000000000032e+01 5.536840000000000117e+01 4.179902657880506522e-01 6.844043182551284854e-01
2.247850000000000126e-01 9.953379999999999450e-01 2.139159999999999950e-01 2.599429999999999907e+00 2.113560000000000105e+00 2.704550000000000010e-01 1.954908008769855599e-01 3.730708715289147159e-01 4.282820000000000071e+00 2.426947846222413663e-01 0.000000000000000000e+00 nan 4.195869580984978864e-01 3.039483740510000032e-01 1.052994638599999942e-02 5.751577219750000219e-02 2.002149999999999963e+01 4.789659999999999940e+01 5.584590000000000032e+01 5.536840000000000117e+01 8.379567501886087122e-01 8.795219172723343082e-01
-6.736219999999999686e-05 8.125179999999999625e-01 -1.134949999999999987e-01 2.420819999999999972e+00 2.022400000000000198e+00 1.569689999999999974e-01 2.254131912142635086e-01 4.090464489175934526e-01 4.887270000000000003e+00 2.729594559273592624e-01 0.000000000000000000e+00 nan 3.953926654365750304e-01 2.140294555360000017e-01 1.262424067689999971e-02 6.101340126350000143e-02 2.166969999999999885e+01 5.015789999999999793e+01 6.153040000000000020e+01 6.427809999999999491e+01 8.379567501886087122e-01 8.795219172723343082e-01
-8.620909999999999684e-02 7.243800000000000239e-01 9.693269999999999664e-02 2.232229999999999936e+00 1.946220000000000061e+00 1.177190000000000042e-01 2.565255509678407986e-01 4.475131511930816597e-01 4.081339999999999968e+00 3.053122940242716243e-01 0.000000000000000000e+00 nan 3.700849032087325519e-01 2.140294555360000017e-01 1.262424067689999971e-02 6.101340126350000143e-02 2.166969999999999885e+01 5.015789999999999793e+01 6.153040000000000020e+01 6.427809999999999491e+01 9.324480408062438830e-01 8.653496400310212167e-01
-1.537939999999999863e-01 7.289149999999999796e-01 5.577820000000000000e-01 1.954210000000000003e+00 1.661899999999999933e+00 3.769279999999999853e-02 2.905570753177334486e-01 4.879605065772942840e-01 1.663550000000000084e+00 3.393867283298021009e-01 0.000000000000000000e+00 nan 3.439504184734805126e-01 2.165148786749999943e-01 1.709695061779999831e-02 8.900002324719999414e-02 2.036410000000000053e+01 5.107379999999999853e+01 6.952110000000000412e+01 7.281870000000000687e+01 9.324480408062438830e-01 8.653496400310212167e-01
3.705620000000000025e-01 1.187910000000000021e+00 1.347429999999999906e+00 1.622619999999999951e+00 1.489910000000000068e+00 4.259000000000000008e-01 3.271221734947503679e-01 5.298556017009956598e-01 3.875000000000000111e-01 3.790701134241553083e-01 0.000000000000000000e+00 nan 3.172853253856794398e-01 2.165148786749999943e-01 1.709695061779999831e-02 8.900002324719999414e-02 2.036410000000000053e+01 5.107379999999999853e+01 6.952110000000000412e+01 7.281870000000000687e+01 4.366775492218638588e-01 6.967132670359008628e-01
-3.489180000000000059e-01 2.243209999999999926e-01 -3.835100000000000314e-02 1.312110000000000110e+00 1.137559999999999905e+00 4.191409999999999858e-01 3.658065483258737816e-01 5.726491197252140397e-01 1.059109999999999996e+00 4.198270154478696004e-01 0.000000000000000000e+00 nan 2.903917501048448591e-01 2.353333707070000003e-01 2.706010285639999860e-02 1.207858086670000053e-01 1.693639999999999901e+01 4.459239999999999782e+01 6.529550000000000409e+01 7.377960000000000207e+01 4.366775492218638588e-01 6.967132670359008628e-01
-1.497130000000000127e-01 6.858419999999999517e-01 7.859559999999999880e-01 1.066670000000000007e+00 1.216020000000000101e+00 6.079430000000000112e-01 4.063522057004836929e-01 6.157815643205235556e-01 5.889820000000000055e-01 4.615224753018472015e-01 0.000000000000000000e+00 nan 2.635744075850359192e-01 2.353333707070000003e-01 2.706010285639999860e-02 1.207858086670000053e-01 1.693639999999999901e+01 4.459239999999999782e+01 6.529550000000000409e+01 7.377960000000000207e+01 4.863367182753487450e-01 6.657778967379741619e-01
1.351570000000000028e-02 9.534859999999999447e-01 9.742629999999999901e-01 1.266399999999999970e+00 1.115779999999999994e+00 1.482010000000000050e+00 4.481273486032439912e-01 6.586895989840194643e-01 -2.169470000000000010e-01 5.040108996517442819e-01 0.000000000000000000e+00 nan 2.371371490326684706e-01 2.446110516159999970e-01 3.512142513150000311e-02 1.189520233759999990e-01 1.722569999999999979e+01 4.073870000000000147e+01 5.886189999999999856e+01 7.336400000000000432e+01 4.863367182753487450e-01 6.657778967379741619e-01
1.535519999999999941e-01 1.065029999999999921e+00 1.106319999999999970e+00 1.255889999999999951e+00 1.110409999999999897e+00 9.396700000000000053e-01 4.904921232096016714e-01 7.008124298669942132e-01 -4.855900000000000216e-01 5.428642790222868442e-01 0.000000000000000000e+00 nan 2.113795191509334481e-01 2.446110516159999970e-01 3.512142513150000311e-02 1.189520233759999990e-01 1.722569999999999979e+01 4.073870000000000147e+01 5.886189999999999856e+01 7.336400000000000432e+01 5.583351693472469179e-01 6.577309257619743388e-01
1.756840000000000068e-01 1.074289999999999967e+00 1.109150000000000080e+00 1.071960000000000024e+00 1.088119999999999976e+00 3.603250000000000064e-01 5.331527087619649663e-01 7.415981597933249958e-01 5.169610000000000177e-02 5.820550272363129718e-01 0.000000000000000000e+00 nan 1.865933621786175500e-01 3.296100635349999974e-01 3.735523398849999871e-02 1.185808594080000056e-01 1.800959999999999894e+01 5.447509999999999764e+01 7.850289999999999679e+01 8.110020000000000095e+01 5.583351693472469179e-01 6.577309257619743388e-01
3.234259999999999913e-02 9.228819999999999801e-01 9.030620000000000314e-01 8.651339999999999586e-01 9.653749999999999831e-01 -2.468339999999999979e-01 5.756257437797203114e-01 7.805100414750062443e-01 4.546609999999999818e-01 6.211390974567290169e-01 0.000000000000000000e+00 nan 1.630595151782627816e-01 3.296100635349999974e-01 3.735523398849999871e-02 1.185808594080000056e-01 1.800959999999999894e+01 5.447509999999999764e+01 7.850289999999999679e+01 8.110020000000000095e+01 4.898818942322458181e-01 6.461563274242143606e-01
-2.119000000000000050e-01 5.868670000000000275e-01 5.992750000000000021e-01 1.021430000000000060e+00 1.023379999999999956e+00 3.581230000000000246e-01 6.205389485457164511e-01 8.170325590733961141e-01 7.233039999999999470e-01 6.596736515507359844e-01 0.000000000000000000e+00 nan 1.410446260400315399e-01 4.648740478689999955e-01 4.529223058580000155e-02 1.452614440810000018e-01 3.330310000000000059e+01 7.695629999999999882e+01 8.458669999999999334e+01 8.823720000000000141e+01 4.898818942322458181e-01 6.461563274242143606e-01
-2.237460000000000004e-01 4.966070000000000206e-01 5.164370000000000349e-01 8.440990000000000437e-01 8.426489999999999814e-01 1.830189999999999984e+00 6.649866037907773419e-01 8.506772691996578040e-01 5.889820000000000055e-01 6.972220776228220673e-01 0.000000000000000000e+00 nan 1.207981322545630398e-01 4.648740478689999955e-01 4.529223058580000155e-02 1.452614440810000018e-01 3.330310000000000059e+01 7.695629999999999882e+01 8.458669999999999334e+01 8.823720000000000141e+01 3.360038990259112124e-01 6.420762214581317018e-01
2.821119999999999739e-01 1.025910000000000100e+00 1.362549999999999928e+00 1.032559999999999922e+00 8.633100000000000218e-01 3.957040000000000113e+00 7.050435799561058925e-01 8.809883351735273704e-01 -1.497860000000000025e-01 7.333589370020006104e-01 0.000000000000000000e+00 nan 1.025494346865354345e-01 5.956493008269999612e-01 4.468593436840000155e-02 1.507200823590000016e-01 2.248720000000000141e+01 6.408610000000000184e+01 7.868179999999999552e+01 7.308910000000000196e+01 3.360038990259112124e-01 6.420762214581317018e-01
1.413739999999999997e+00 1.435540000000000038e+00 1.780880000000000019e+00 4.559489999999999932e-01 7.394030000000000324e-01 5.288000000000000256e+00 7.429346226322925961e-01 9.075476918350440236e-01 -3.512680000000000247e-01 7.676747846319493807e-01 0.000000000000000000e+00 nan 8.650529837120379817e-02 5.956493008269999612e-01 4.468593436840000155e-02 1.507200823590000016e-01 2.248720000000000141e+01 6.408610000000000184e+01 7.868179999999999552e+01 7.308910000000000196e+01 3.464324580554275501e-01 6.556822939186175425e-01
3.050089999999999968e+00 1.716849999999999987e+00 2.080400000000000027e+00 7.183079999999999465e-01 8.012519999999999643e-01 5.002970000000000361e+00 7.788247975105628829e-01 9.309873594496207438e-01 -3.512680000000000247e-01 7.997808082471037361e-01 0.000000000000000000e+00 nan 7.284750978393239595e-02 6.241881031499999510e-01 5.739864978269999807e-02 1.529532076719999911e-01 2.046010000000000062e+01 5.202250000000000085e+01 6.512359999999999616e+01 6.672029999999999461e+01 3.464324580554275501e-01 6.556822939186175425e-01
2.905899999999999928e+00 1.697910000000000030e+00 2.023099999999999898e+00 5.762460000000000360e-01 8.670170000000000377e-01 4.877819999999999823e+00 8.123074545685601278e-01 9.500659664431171381e-01 -1.546460000000000022e-02 8.335866653073276122e-01 0.000000000000000000e+00 nan 6.173081712679062694e-02 6.241881031499999510e-01 5.739864978269999807e-02 1.529532076719999911e-01 2.046010000000000062e+01 5.202250000000000085e+01 6.512359999999999616e+01 6.672029999999999461e+01 4.647118125796997345e-01 6.348837049695622570e-01
2.471179999999999932e+00 1.636460000000000026e+00 1.917030000000000012e+00 7.816570000000000462e-01 9.031489999999999796e-01 3.940929999999999822e+00 8.430032219228260626e-01 9.645673445748723651e-01 -1.497860000000000025e-01 8.646235166943269101e-01 0.000000000000000000e+00 nan 5.328117696958889482e-02 6.902818487720000507e-01 3.798281830720000307e-02 1.315585027839999976e-01 1.395950000000000024e+01 4.415409999999999968e+01 5.873490000000000322e+01 6.030879999999999797e+01 4.647118125796997345e-01 6.348837049695622570e-01
2.574489999999999945e+00 1.655240000000000045e+00 1.793430000000000080e+00 6.529850000000000376e-01 9.888500000000000068e-01 2.316089999999999982e+00 8.705643042638305795e-01 9.776981142822275261e-01 -2.169470000000000010e-01 8.928665353666528359e-01 0.000000000000000000e+00 nan 4.759432711161282192e-02 6.902818487720000507e-01 3.798281830720000307e-02 1.315585027839999976e-01 1.395950000000000024e+01 4.415409999999999968e+01 5.873490000000000322e+01 6.030879999999999797e+01 5.235577276156522242e-01 6.192598845628556337e-01
2.816440000000000055e+00 1.689000000000000057e+00 1.680290000000000061e+00 7.501379999999999715e-01 1.054689999999999905e+00 1.969009999999999927e+00 8.946784235158001808e-01 9.894574747732998166e-01 5.169610000000000177e-02 9.183225495238727110e-01 0.000000000000000000e+00 nan 4.473470183410366285e-02 7.536006980960000545e-01 1.940775956479999856e-02 1.112650482430000004e-01 1.101459999999999972e+01 3.289520000000000266e+01 4.905140000000000100e+01 5.446800000000000352e+01 5.235577276156522242e-01 6.192598845628556337e-01
2.706949999999999967e+00 1.672069999999999945e+00 1.552429999999999977e+00 8.850130000000000496e-01 9.863750000000000018e-01 1.263249999999999984e+00 9.162544728068143796e-01 9.967470960025235360e-01 1.860179999999999889e-01 9.410299652403404380e-01 0.000000000000000000e+00 nan 2.200888235936437898e-02 7.536006980960000545e-01 1.940775956479999856e-02 1.112650482430000004e-01 1.101459999999999972e+01 3.289520000000000266e+01 4.905140000000000100e+01 5.446800000000000352e+01 5.334521735066530823e-01 6.107290658650579296e-01
2.160260000000000069e+00 1.586049999999999960e+00 1.435349999999999904e+00 5.886259999999999826e-01 9.487900000000000222e-01 1.057630000000000070e+00 9.370260922487740896e-01 1.000000000000000000e+00 5.169610000000000177e-02 9.610583313090284019e-01 0.000000000000000000e+00 nan 0.000000000000000000e+00 8.040225896279999951e-01 1.349327558090000073e-02 8.423476938860000041e-02 9.741759999999999309e+00 2.185970000000000013e+01 3.153950000000000031e+01 4.507430000000000092e+01 5.334521735066530823e-01 6.107290658650579296e-01
1.948569999999999913e+00 1.548990000000000089e+00 1.334200000000000053e+00 5.833899999999999642e-01 9.151089999999999502e-01 9.215929999999999955e-01 9.557479070905694485e-01 9.996949464150561848e-01 2.531780000000000141e-01 9.742341196895718536e-01 1.356413337972239841e-02 nan 0.000000000000000000e+00 8.040225896279999951e-01 1.349327558090000073e-02 8.423476938860000041e-02 9.741759999999999309e+00 2.185970000000000013e+01 3.153950000000000031e+01 4.507430000000000092e+01 5.421782469071512178e-01 5.983274653928774001e-01
8.744129999999999958e-01 1.287420000000000009e+00 9.495780000000000332e-01 2.890110000000000179e-01 6.417960000000000331e-01 3.206309999999999993e-01 9.706734193201096428e-01 9.963510079781161544e-01 3.875000000000000111e-01 9.848206815709705797e-01 2.757011703148648518e-02 nan 0.000000000000000000e+00 7.844551360150000541e-01 1.681591788799999959e-02 8.718246995900000296e-02 6.877349999999999852e+00 1.714849999999999852e+01 2.508230000000000004e+01 4.346849999999999881e+01 5.421782469071512178e-01 5.983274653928774001e-01
5.626319999999999766e+00 1.968199999999999950e+00 1.463819999999999899e+00 1.345359999999999889e+00 1.491870000000000029e+00 -6.669909999999999728e-02 9.821196192945494952e-01 9.905216891992528749e-01 2.531780000000000141e-01 9.926980669769326360e-01 4.289664515923907739e-02 nan 0.000000000000000000e+00 7.844551360150000541e-01 1.681591788799999959e-02 8.718246995900000296e-02 6.877349999999999852e+00 1.714849999999999852e+01 2.508230000000000004e+01 4.346849999999999881e+01 5.479466688031192634e-01 5.905515864028496598e-01
6.100680000000000547e-01 1.184309999999999974e+00 -2.681029999999999802e-01 5.436900000000000066e-01 3.723179999999999823e-01 -8.896299999999999347e-03 9.904013803115269132e-01 9.827886549409221573e-01 -1.546460000000000022e-02 9.977770219831649801e-01 6.040744967035127644e-02 nan 0.000000000000000000e+00 6.929063905019999803e-01 3.121208133459999964e-02 1.039370932019999944e-01 1.633859999999999957e+01 1.664849999999999852e+01 2.981390000000000029e+01 4.151460000000000150e+01 5.479466688031192634e-01 5.905515864028496598e-01
-4.064030000000000142e-01 -1.311150000000000093e-01 -2.368649999999999922e-02 -7.178160000000000096e-01 -3.235779999999999768e-01 -2.666919999999999846e-01 9.958548372224136358e-01 9.737551399226472837e-01 -5.527509999999999923e-01 1.000000000000000000e+00 6.737738036825591248e-02 nan 2.200888235936437898e-02 6.929063905019999803e-01 3.121208133459999964e-02 1.039370932019999944e-01 1.633859999999999957e+01 1.664849999999999852e+01 2.981390000000000029e+01 4.151460000000000150e+01 5.555110461273459199e-01 5.865469744075439973e-01
-4.268629999999999924e-01 -4.245789999999999842e-01 -1.980590000000000128e-01 -7.945520000000000360e-01 -4.496350000000000069e-01 -3.371640000000000192e-01 9.989013177709489266e-01 9.640391138306079188e-01 -3.512680000000000247e-01 9.993418137982496008e-01 7.773344880486665609e-02 nan 4.473470183410366285e-02 5.682495706300000338e-01 4.298550343699999998e-02 1.090205440419999977e-01 1.199639999999999951e+01 2.886840000000000117e+01 3.268580000000000041e+01 3.788580000000000325e+01 5.555110461273459199e-01 5.865469744075439973e-01
1.125010000000000038e-01 9.064470000000000027e-01 8.053240000000000398e-01 3.498470000000000191e-01 8.874379999999999491e-01 -3.266720000000000179e-01 1.000000000000000000e+00 9.508953781014091167e-01 -1.546460000000000022e-02 9.958099208905774047e-01 1.049224499664438426e-01 nan 4.759432711161282192e-02 5.682495706300000338e-01 4.298550343699999998e-02 1.090205440419999977e-01 1.199639999999999951e+01 2.886840000000000117e+01 3.268580000000000041e+01 3.788580000000000325e+01 5.673616813881600107e-01 5.825217731474809923e-01
3.518580000000000041e+00 1.772860000000000102e+00 1.087739999999999929e+00 1.352889999999999926e+00 1.260799999999999921e+00 -3.188110000000000110e-01 9.995596687803456337e-01 9.348404469604212341e-01 1.188570000000000043e-01 9.894443390349003664e-01 1.356677255491181011e-01 nan 5.328117696958878380e-02 3.327579326630000223e-01 6.475235568680000331e-02 9.009905284489999611e-02 2.729870000000000019e+01 3.660410000000000252e+01 3.625950000000000273e+01 3.314920000000000044e+01 5.673616813881600107e-01 5.825217731474809923e-01
-3.019499999999999962e-01 3.534079999999999999e-01 -1.898259999999999947e-01 5.724459999999999965e-02 4.190550000000000108e-01 -3.753279999999999950e-01 9.980108847414543849e-01 9.195369636395714918e-01 1.860179999999999889e-01 9.803171928172008665e-01 1.570941735108545290e-01 nan 6.173081712679051591e-02 3.327579326630000223e-01 6.475235568680000331e-02 9.009905284489999611e-02 2.729870000000000019e+01 3.660410000000000252e+01 3.625950000000000273e+01 3.314920000000000044e+01 6.112323993029823432e-01 5.966460087710268034e-01
-4.422809999999999797e-01 -8.558280000000000332e-01 -9.784289999999999932e-01 -1.123059999999999947e+00 -8.346329999999999583e-01 -4.871739999999999959e-01 9.944393553195611801e-01 9.051583227198466419e-01 1.860179999999999889e-01 9.685318964511475670e-01 1.829650072864366095e-01 nan 7.284750978393239595e-02 3.090942832710000254e-01 4.639143288699999756e-02 8.698149197439999925e-02 3.133960000000000079e+01 4.191539999999999822e+01 3.593090000000000117e+01 3.062650000000000006e+01 6.112323993029823432e-01 5.966460087710268034e-01
-4.399719999999999742e-01 -7.262579999999999592e-01 -5.957419999999999938e-01 -1.195580000000000087e+00 -1.019679999999999920e+00 -5.158439999999999692e-01 9.878599111645907094e-01 8.918674399482805493e-01 -2.169470000000000010e-01 9.542219820537338748e-01 2.129870999917266028e-01 nan 8.650529837120379817e-02 3.090942832710000254e-01 4.639143288699999756e-02 8.698149197439999925e-02 3.133960000000000079e+01 4.191539999999999822e+01 3.593090000000000117e+01 3.062650000000000006e+01 6.684158871953052028e-01 6.069406411497045850e-01
-3.367220000000000213e-01 2.367190000000000127e-01 -9.784869999999999679e-02 5.305509999999999948e-01 8.181890000000000551e-01 -5.155049999999999910e-01 9.799409113264521132e-01 8.798149063374426371e-01 -8.262540000000000162e-02 9.375495866730336747e-01 2.468202893201536519e-01 nan 1.025494346865354345e-01 4.788962345519999775e-01 2.642588841079999973e-02 1.043854488949999965e-01 1.868819999999999837e+01 5.579579999999999984e+01 4.347950000000000159e+01 3.929359999999999786e+01 6.684158871953052028e-01 6.069406411497045850e-01
-4.173000000000000043e-01 -2.976159999999999917e-01 -8.916979999999999906e-01 -1.295179999999999942e-01 -2.807000000000000033e-03 -4.856719999999999926e-01 9.722449742569054809e-01 8.691372819090914525e-01 1.860179999999999889e-01 9.187036152106615727e-01 2.840812317175703816e-01 nan 1.207981322545630398e-01 4.788962345519999775e-01 2.642588841079999973e-02 1.043854488949999965e-01 1.868819999999999837e+01 5.579579999999999984e+01 4.347950000000000159e+01 3.929359999999999786e+01 6.503695395277104829e-01 5.954003582532068073e-01
-4.472249999999999837e-01 -1.188409999999999966e+00 -1.113629999999999898e+00 -9.258610000000000451e-01 -7.621160000000000156e-01 -3.246899999999999786e-01 9.648592979980898932e-01 8.599555484145625650e-01 5.889820000000000055e-01 8.978976000537545188e-01 3.243477458178968265e-01 nan 1.410446260400314289e-01 6.173976907479999943e-01 1.566121152289999888e-02 1.100805079990000018e-01 4.309449999999999648e+01 5.040639999999999787e+01 4.422330000000000183e+01 4.673270000000000124e+01 6.503695395277104829e-01 5.954003582532068073e-01
-4.491519999999999957e-01 -1.469449999999999923e+00 -1.833199999999999941e+00 -8.353519999999999834e-01 -6.316450000000000120e-01 -3.219239999999999879e-01 9.578675652131836138e-01 8.523737385631835473e-01 9.247859999999999969e-01 8.753672816677021684e-01 3.671635959266936755e-01 nan 1.630595151782627816e-01 6.173976907479999943e-01 1.566121152289999888e-02 1.100805079990000018e-01 4.309449999999999648e+01 5.040639999999999787e+01 4.422330000000000183e+01 4.673270000000000124e+01 5.987007697905608605e-01 5.805486352749009704e-01
3.544919999999999738e-01 1.061190000000000078e+00 8.566939999999999555e-01 1.843130000000000046e-01 6.622620000000000173e-01 -3.311279999999999779e-01 9.513489950283945396e-01 8.464777572901079905e-01 1.860179999999999889e-01 8.513679375624766399e-01 4.120436613538825954e-01 nan 1.865933621786174390e-01 5.281057110869999960e-01 2.173524868339999847e-02 1.027892156859999961e-01 1.618039999999999878e+01 4.106280000000000285e+01 3.464289999999999736e+01 4.416479999999999961e+01 5.987007697905608605e-01 5.805486352749009704e-01
5.284480000000000288e+00 1.937249999999999917e+00 1.350459999999999994e+00 1.352249999999999952e+00 1.482080000000000064e+00 -3.257689999999999753e-01 9.453774454486048029e-01 8.423344084190744763e-01 3.203389999999999849e-01 8.261714898964418463e-01 4.584794330250092642e-01 nan 2.333884015102977161e-01 5.281057110869999960e-01 2.173524868339999847e-02 1.027892156859999961e-01 1.618039999999999878e+01 4.106280000000000285e+01 3.464289999999999736e+01 4.416479999999999961e+01 5.771493046514578618e-01 5.769695347512473482e-01
-1.269079999999999930e-01 7.189900000000000180e-01 4.730429999999999913e-01 -3.402020000000000044e-01 3.913719999999999699e-02 -3.089729999999999976e-01 9.400205765166634864e-01 8.399906377483900011e-01 -1.546460000000000022e-02 8.000634244896434044e-01 5.059447750922470011e-01 nan 2.818718508667720224e-01 2.500703143960000263e-01 6.725689547610000374e-02 9.676584745369999629e-02 3.153480000000000061e+01 6.010860000000000269e+01 5.312080000000000268e+01 5.756110000000000326e+01 5.771493046514578618e-01 5.769695347512473482e-01
-3.280950000000000255e-01 3.567960000000000020e-01 3.658759999999999790e-01 -8.605530000000000124e-02 1.994910000000000017e-01 -3.909880000000000022e-01 9.353390836980658429e-01 8.394730011362767641e-01 -4.855900000000000216e-01 7.733395561553938480e-01 5.539018862637855589e-01 nan 3.111687346966487411e-01 2.500703143960000263e-01 6.725689547610000374e-02 9.676584745369999629e-02 3.153480000000000061e+01 6.010860000000000269e+01 5.312080000000000268e+01 5.756110000000000326e+01 5.506906750522430061e-01 5.770038501925096597e-01
-4.194149999999999823e-01 -2.638349999999999862e-01 -2.497910000000000130e-01 -6.760950000000000015e-01 -4.059619999999999895e-01 -4.772319999999999895e-01 9.313860101770760069e-01 8.407873636123868177e-01 -8.262540000000000162e-02 7.463026770002363364e-01 6.018073933073619930e-01 nan 3.436729270744334208e-01 1.710044623430000132e-01 1.174175486070000024e-01 8.365131839999999375e-02 3.562420000000000186e+01 6.436539999999999395e+01 5.820230000000000103e+01 6.331179999999999808e+01 5.506906750522430061e-01 5.770038501925096597e-01
-4.492990000000000039e-01 -1.493649999999999922e+00 -1.806389999999999940e+00 -9.216550000000000020e-01 -6.695020000000000415e-01 -5.308749999999999858e-01 9.282061458562551604e-01 8.439188329246735121e-01 5.169610000000000177e-02 7.192591256683875667e-01 6.491185076861034631e-01 nan 3.790161425124700667e-01 1.710044623430000132e-01 1.174175486070000024e-01 8.365131839999999375e-02 3.562420000000000186e+01 6.436539999999999395e+01 5.820230000000000103e+01 6.331179999999999808e+01 5.466915029276077087e-01 5.725428428284159432e-01
-4.375950000000000117e-01 -6.279400000000000537e-01 -5.693019999999999747e-01 -5.712909999999999933e-01 -4.976059999999999928e-01 -5.376379999999999493e-01 9.258355198689671717e-01 8.488319282745567795e-01 -3.512680000000000247e-01 6.925153164024924202e-01 6.952991755695365761e-01 nan 4.167979282574129085e-01 2.624282726139999800e-01 1.060987773039999971e-01 9.943657547369999516e-02 2.014610000000000056e+01 6.615449999999999875e+01 6.850000000000000000e+01 6.584149999999999636e+01 5.466915029276077087e-01 5.725428428284159432e-01
-4.440230000000000010e-01 -9.046499999999999542e-01 -8.992299999999999738e-01 -5.293989999999999529e-01 -4.705070000000000086e-01 -4.576589999999999825e-01 9.243009923549022622e-01 8.519902478816747671e-01 1.188570000000000043e-01 6.619616291116879880e-01 7.398261515376833852e-01 nan 4.565902015799362390e-01 2.624282726139999800e-01 1.060987773039999971e-01 9.943657547369999516e-02 2.014610000000000056e+01 6.615449999999999875e+01 6.850000000000000000e+01 6.584149999999999636e+01 4.017932848625659359e-01 5.774808348260549451e-01
-4.464940000000000020e-01 -1.121229999999999949e+00 -1.472690000000000055e+00 -2.941219999999999946e-01 -2.749139999999999917e-01 -2.873399999999999843e-01 9.236199501239608090e-01 8.529904162752895980e-01 9.919470000000000232e-01 6.318908479314904181e-01 7.821949271607477883e-01 nan 4.979421001231104649e-01 4.173955876170000190e-01 1.245685806090000014e-01 1.374573182069999955e-01 4.339929999999999666e+01 8.773009999999999309e+01 9.451690000000000680e+01 8.749590000000000600e+01 4.017932848625659359e-01 5.774808348260549451e-01
-3.939570000000000016e-01 -1.168020000000000030e-01 8.185230000000000283e-02 -3.320989999999999776e-01 9.550549999999999665e-03 -1.652669999999999972e-01 9.238001096567501902e-01 8.546763861691997199e-01 3.203389999999999849e-01 6.023168539418833900e-01 8.219254472812173029e-01 nan 5.403850903530608152e-01 4.173955876170000190e-01 1.245685806090000014e-01 1.374573182069999955e-01 4.339929999999999666e+01 8.773009999999999309e+01 9.451690000000000680e+01 8.749590000000000600e+01 3.534293401699815096e-01 5.991887829685602629e-01
-3.822470000000000034e-02 7.651170000000000471e-01 1.062019999999999964e+00 -2.491180000000000061e-01 1.698719999999999952e-01 1.940699999999999925e-01 9.224476739367342137e-01 8.565134384994146366e-01 -2.841080000000000272e-01 5.732478994254748272e-01 8.585675492306160672e-01 nan 5.834382762311237647e-01 4.619232184100000027e-01 1.265188859230000074e-01 1.459241873540000067e-01 2.464600000000000080e+01 8.772119999999999607e+01 1.047469999999999999e+02 9.365959999999999752e+01 3.534293401699815096e-01 5.991887829685602629e-01
5.419859999999999678e-01 1.153909999999999991e+00 1.278469999999999995e+00 -3.794349999999999806e-02 6.945799999999999752e-01 4.633399999999999741e-01 9.186678299319865904e-01 8.579651423775711550e-01 -1.546460000000000022e-02 5.446865143658382591e-01 8.917060633524166446e-01 nan 6.266138479581204734e-01 4.619232184100000027e-01 1.265188859230000074e-01 1.459241873540000067e-01 2.464600000000000080e+01 8.772119999999999607e+01 1.047469999999999999e+02 9.365959999999999752e+01 4.768829157236231797e-01 6.273137186271078303e-01
-3.603250000000000064e-01 8.772850000000000092e-02 4.154709999999999792e-01 -4.143039999999999917e-02 1.268129999999999952e-02 4.370919999999999805e-01 9.147415239963516687e-01 8.584994330672450769e-01 -1.497860000000000025e-01 5.166294777817873607e-01 9.209655170401402913e-01 nan 6.694226090543013985e-01 4.678609392299999947e-01 1.293055002899999861e-01 1.282000026079999910e-01 2.885750000000000171e+01 7.074540000000000362e+01 9.326370000000000005e+01 9.037369999999999948e+01 4.768829157236231797e-01 6.273137186271078303e-01
1.541389999999999982e-01 9.366999999999999771e-01 1.245160000000000045e+00 1.031019999999999992e-01 1.594939999999999969e-01 1.852509999999999990e-01 9.127877670711808111e-01 8.575946404900177678e-01 -4.855900000000000216e-01 4.890678542223797498e-01 9.460143889920213933e-01 nan 7.113795191509333371e-01 4.678609392299999947e-01 1.293055002899999861e-01 1.282000026079999910e-01 2.885750000000000171e+01 7.074540000000000362e+01 9.326370000000000005e+01 9.037369999999999948e+01 4.970790687737429714e-01 6.512281496427763106e-01
1.013270000000000004e-01 8.926859999999999795e-01 1.310910000000000020e+00 -2.697760000000000158e-01 1.501879999999999882e-01 9.723379999999999523e-02 9.099623534848839679e-01 8.547453999559129212e-01 -4.184289999999999954e-01 4.619870950091473638e-01 9.665688654798230139e-01 nan 7.520091896914909979e-01 4.038736144150000262e-01 1.339054603819999911e-01 1.150349177810000012e-01 2.096849999999999881e+01 7.150799999999999557e+01 1.005810000000000031e+02 9.871609999999999729e+01 4.970790687737429714e-01 6.512281496427763106e-01
5.361869999999999831e-02 8.682619999999999783e-01 1.195750000000000091e+00 -2.723209999999999797e-01 1.510029999999999983e-01 -1.661960000000000104e-01 9.041844964592378187e-01 8.494683781472676110e-01 -4.184289999999999954e-01 4.353672030784356828e-01 9.823960560717865942e-01 nan 7.908512702739572964e-01 4.038736144150000262e-01 1.339054603819999911e-01 1.150349177810000012e-01 2.096849999999999881e+01 7.150799999999999557e+01 1.005810000000000031e+02 9.871609999999999729e+01 3.658942055400885573e-01 6.602702684153816115e-01
-3.563270000000000048e-01 1.098699999999999954e-01 4.429370000000000251e-01 -4.036819999999999853e-01 -1.249170000000000003e-01 -3.854090000000000016e-01 8.973845375435283156e-01 8.413077494783516297e-01 -3.512680000000000247e-01 4.091829595561268240e-01 9.933166323742804726e-01 nan 8.274656646048248465e-01 3.114786454189999998e-01 1.279095745939999862e-01 1.112421371230000039e-01 2.926150000000000162e+01 8.139119999999999777e+01 1.055070000000000050e+02 1.099000000000000057e+02 3.658942055400885573e-01 6.602702684153816115e-01
-3.621229999999999727e-01 1.139239999999999975e-01 4.079099999999999948e-01 -4.035590000000000011e-01 -9.005359999999999754e-02 -5.206020000000000092e-01 8.892354924976075825e-01 8.298403607813924499e-01 -8.262540000000000162e-02 3.834042094975582682e-01 9.992068598941570290e-01 nan 8.614375169659552745e-01 3.114786454189999998e-01 1.279095745939999862e-01 1.112421371230000039e-01 2.926150000000000162e+01 8.139119999999999777e+01 1.055070000000000050e+02 1.099000000000000057e+02 2.795614931132787140e-01 6.694359227765309672e-01
-3.803650000000000087e-01 3.829380000000000284e-02 2.383520000000000083e-01 -7.302329999999999932e-02 8.910899999999999377e-02 -4.698240000000000194e-01 8.794267029270078639e-01 8.146805258010497708e-01 -2.169470000000000010e-01 3.579962035550976474e-01 1.000000000000000000e+00 nan 8.923819126956337167e-01 2.367759640800000120e-01 1.407149910549999883e-01 1.028116560629999954e-01 3.264580000000000126e+01 7.217140000000000555e+01 9.616289999999999338e+01 1.073539999999999992e+02 2.795614931132787140e-01 6.694359227765309672e-01
-4.389230000000000076e-01 -6.862540000000000306e-01 -6.855520000000000502e-01 1.462519999999999931e-01 3.839220000000000133e-02 -4.736960000000000059e-01 8.676324678690954251e-01 7.989651033176129458e-01 -2.169470000000000010e-01 3.329199917021341548e-01 9.956870660974876941e-01 nan 9.199482394254896445e-01 2.367759640800000120e-01 1.407149910549999883e-01 1.028116560629999954e-01 3.264580000000000126e+01 7.217140000000000555e+01 9.616289999999999338e+01 1.073539999999999992e+02 7.140024435676087800e-01 7.290349811608228814e-01
-4.386780000000000124e-01 -7.558740000000000459e-01 -4.299220000000000264e-01 -5.559030000000000360e-01 -4.797399999999999998e-01 -4.795010000000000105e-01 8.535232684598439423e-01 7.827241792716930213e-01 -2.841080000000000272e-01 3.081328645524454846e-01 9.863169254510965045e-01 nan 9.438241596587283455e-01 1.927952989760000069e-01 1.406558521949999863e-01 1.145077575450000051e-01 2.195449999999999946e+01 5.759729999999999706e+01 7.952200000000000557e+01 9.000769999999999982e+01 7.140024435676087800e-01 7.290349811608228814e-01
-3.848019999999999774e-01 9.620539999999999647e-02 1.814520000000000022e-01 -1.402919999999999945e+00 -1.267379999999999951e+00 -4.291749999999999732e-01 8.368220952059759465e-01 7.627708429762434239e-01 -6.870720000000000161e-01 2.835888372746087072e-01 9.719957454984683443e-01 nan 9.637391496787737211e-01 1.927952989760000069e-01 1.406558521949999863e-01 1.145077575450000051e-01 2.195449999999999946e+01 5.759729999999999706e+01 7.952200000000000557e+01 9.000769999999999982e+01 9.875017525587357348e-01 8.197512816817311698e-01
-4.284330000000000083e-01 -3.553569999999999784e-01 -3.606619999999999826e-01 -1.171380000000000088e+00 -1.304049999999999931e+00 -4.614960000000000173e-01 8.181147956545394839e-01 7.393311737044401255e-01 -8.885549999999999837e-01 2.592391706185147582e-01 9.528857909309196295e-01 nan 9.794675646910724343e-01 1.771349663869999924e-01 1.226549828270000059e-01 1.139927152110000036e-01 2.225860000000000127e+01 4.845210000000000150e+01 6.581860000000000355e+01 7.500209999999999866e+01 9.875017525587357348e-01 8.197512816817311698e-01
-4.278910000000000213e-01 -3.572319999999999940e-01 -3.179449999999999776e-01 -1.298570000000000002e+00 -1.444679999999999964e+00 -5.074279999999999902e-01 7.970679037411478873e-01 7.126707522751494217e-01 -8.885549999999999837e-01 2.394455612866769334e-01 9.292035851696510695e-01 nan 9.908311954687792911e-01 1.771349663869999924e-01 1.226549828270000059e-01 1.139927152110000036e-01 2.225860000000000127e+01 4.845210000000000150e+01 6.581860000000000355e+01 7.500209999999999866e+01 9.319539861531169755e-01 8.769894377071795200e-01
-4.299069999999999836e-01 -4.182790000000000119e-01 -3.098779999999999868e-01 -1.120759999999999978e+00 -1.176320000000000032e+00 -4.876920000000000144e-01 7.749086176487653965e-01 6.830916519161289724e-01 -8.885549999999999837e-01 2.201588472456106338e-01 9.012174570688670228e-01 nan 9.977012875345067089e-01 1.727168100860000111e-01 9.572243854190000401e-02 1.171275242809999978e-01 1.648420000000000130e+01 3.935609999999999786e+01 4.965740000000000265e+01 5.639170000000000016e+01 9.319539861531169755e-01 8.769894377071795200e-01
-4.489679999999999782e-01 -1.446350000000000025e+00 -1.234930000000000083e+00 -1.272949999999999915e-01 -7.213629999999999765e-01 -5.164260000000000517e-01 7.520076426853230522e-01 6.509290156536553518e-01 1.188570000000000043e-01 2.015975546719808165e-01 8.692445006426390286e-01 nan 1.000000000000000000e+00 1.727168100860000111e-01 9.572243854190000401e-02 1.171275242809999978e-01 1.648420000000000130e+01 3.935609999999999786e+01 4.965740000000000265e+01 5.639170000000000016e+01 8.512628437518777735e-01 8.798787978614618366e-01
-4.325060000000000016e-01 -4.687959999999999905e-01 -3.881120000000000125e-01 -5.246499999999999497e-01 -9.529499999999999638e-01 -4.902050000000000018e-01 7.266084176469026490e-01 6.165472590081197968e-01 1.188570000000000043e-01 1.839719904273630080e-01 8.336469822630212523e-01 nan 9.977012875345067089e-01 1.419302200929999924e-01 7.430328272920000421e-02 1.383173555599999938e-01 1.741240000000000165e+01 3.272809999999999775e+01 3.797220000000000084e+01 4.753170000000000073e+01 8.512628437518777735e-01 8.798787978614618366e-01
-4.158529999999999727e-01 -1.784370000000000123e-01 -1.177409999999999984e-01 -1.218280000000000030e+00 -1.304380000000000095e+00 -4.492800000000000127e-01 6.989987259022051314e-01 5.803359410205690683e-01 -8.885549999999999837e-01 1.630692210613380322e-01 7.948282360373011279e-01 nan 9.908311954687794021e-01 1.419302200929999924e-01 7.430328272920000421e-02 1.383173555599999938e-01 1.741240000000000165e+01 3.272809999999999775e+01 3.797220000000000084e+01 4.753170000000000073e+01 7.809535254805349824e-01 8.470663729264894526e-01
-4.440930000000000155e-01 -8.471649999999999459e-01 -9.033029999999999671e-01 -1.202730000000000077e+00 -1.345890000000000031e+00 -4.722609999999999864e-01 6.694913962909709859e-01 5.427053503931105194e-01 -8.885549999999999837e-01 1.430726819530226956e-01 7.532280938714005503e-01 nan 9.794675646910725453e-01 1.127965029839999994e-01 7.356910546929999739e-02 1.314580379420000056e-01 1.087320000000000064e+01 3.100590000000000046e+01 4.126319999999999766e+01 4.760999999999999943e+01 7.809535254805349824e-01 8.470663729264894526e-01
-4.395499999999999963e-01 -6.542820000000000302e-01 -6.384300000000000530e-01 -1.253209999999999935e+00 -1.337190000000000101e+00 -5.059489999999999821e-01 6.382345695814228836e-01 5.040818567539744333e-01 -8.885549999999999837e-01 1.238821089942632181e-01 7.093179019986322054e-01 nan 9.637391496787737211e-01 1.127965029839999994e-01 7.356910546929999739e-02 1.314580379420000056e-01 1.087320000000000064e+01 3.100590000000000046e+01 4.126319999999999766e+01 4.760999999999999943e+01 8.474239055687970978e-01 8.314631417845402828e-01
-4.258549999999999836e-01 -3.208539999999999726e-01 -2.780030000000000001e-01 -1.318089999999999984e+00 -1.374570000000000070e+00 -5.180289999999999617e-01 6.057489228727387376e-01 4.649030797192573727e-01 -8.885549999999999837e-01 1.053881061583837875e-01 6.635951804385370467e-01 nan 9.438241596587283455e-01 9.555846993170000192e-02 7.954076927429999666e-02 1.115652374829999988e-01 1.326169999999999938e+01 3.274470000000000169e+01 4.704990000000000094e+01 5.646470000000000056e+01 8.474239055687970978e-01 8.314631417845402828e-01
-4.440600000000000103e-01 -8.426670000000000549e-01 -9.082010000000000360e-01 -1.274750000000000050e+00 -1.408719999999999972e+00 -5.395590000000000108e-01 5.725749300387931173e-01 4.256129304878073505e-01 -8.885549999999999837e-01 9.188602313701010882e-02 6.165779858962636695e-01 nan 9.199482394254896445e-01 9.555846993170000192e-02 7.954076927429999666e-02 1.115652374829999988e-01 1.326169999999999938e+01 3.274470000000000169e+01 4.704990000000000094e+01 5.646470000000000056e+01 9.157703580560953016e-01 8.787875668293219089e-01
-4.488110000000000155e-01 -1.316330000000000000e+00 -1.266340000000000021e+00 -1.119420000000000082e+00 -1.325520000000000032e+00 -5.436299999999999466e-01 5.389081503603408985e-01 3.866565821499639011e-01 -7.542330000000000423e-01 7.925541238959377122e-02 5.687990419730933889e-01 nan 8.923819126956339387e-01 1.233966742539999994e-01 7.089786418320000172e-02 8.789777140099999664e-02 1.368239999999999945e+01 3.280279999999999774e+01 4.917410000000000281e+01 5.267519999999999669e+01 9.157703580560953016e-01 8.787875668293219089e-01
-4.507149999999999768e-01 -1.851129999999999942e+00 -1.674379999999999979e+00 -1.243100000000000094e+00 -1.401259999999999950e+00 -5.492310000000000247e-01 5.051300419037016987e-01 3.484754256985618248e-01 -6.870720000000000161e-01 7.191281531917781411e-02 5.207997031951734357e-01 nan 8.614375169659556075e-01 1.233966742539999994e-01 7.089786418320000172e-02 8.789777140099999664e-02 1.368239999999999945e+01 3.280279999999999774e+01 4.917410000000000281e+01 5.267519999999999669e+01 9.504142715030611255e-01 8.656447528258766067e-01
-4.501240000000000241e-01 -1.584270000000000067e+00 -1.560780000000000056e+00 -1.297490000000000032e+00 -1.421450000000000102e+00 -5.497699999999999809e-01 4.684130934425883019e-01 3.115020688926114500e-01 -8.213939999999999575e-01 6.585562123485710906e-02 4.731238212504199625e-01 nan 8.274656646048249575e-01 2.070256135359999916e-01 6.074298858419999864e-02 7.411739819479999658e-02 1.236570000000000036e+01 4.623669999999999902e+01 5.642869999999999919e+01 5.381909999999999883e+01 9.504142715030611255e-01 8.656447528258766067e-01
-4.431249999999999911e-01 -8.343310000000000448e-01 -7.426190000000000291e-01 -1.216620000000000035e+00 -1.381140000000000034e+00 -5.467060000000000253e-01 4.314501325960483635e-01 2.761554346385280967e-01 -7.542330000000000423e-01 6.147929345240099597e-02 4.263115829315828886e-01 nan 7.908512702739574074e-01 2.070256135359999916e-01 6.074298858419999864e-02 7.411739819479999658e-02 1.236570000000000036e+01 4.623669999999999902e+01 5.642869999999999919e+01 5.381909999999999883e+01 8.109373017939526251e-01 7.837578153417474880e-01
-4.507510000000000128e-01 -1.812680000000000069e+00 -1.806470000000000020e+00 -1.255589999999999984e+00 -1.356459999999999999e+00 -5.209479999999999666e-01 3.981640070409843135e-01 2.428360144262087239e-01 1.860179999999999889e-01 5.916025040073902286e-02 3.808933896040361811e-01 nan 7.520091896914911089e-01 3.266214586719999868e-01 4.124407249459999952e-02 7.404549008749999883e-02 3.947169999999999845e+01 6.422620000000000573e+01 7.047140000000000271e+01 6.136339999999999861e+01 8.109373017939526251e-01 7.837578153417474880e-01
-4.512929999999999997e-01 -2.224180000000000046e+00 -2.169989999999999863e+00 -1.204299999999999926e+00 -1.425179999999999891e+00 -4.611100000000000199e-01 3.663732795350334026e-01 2.119213306004238406e-01 3.203389999999999849e-01 5.497816911441222310e-02 3.373838475463700748e-01 nan 7.113795191509335591e-01 3.266214586719999868e-01 4.124407249459999952e-02 7.404549008749999883e-02 3.947169999999999845e+01 6.422620000000000573e+01 7.047140000000000271e+01 6.136339999999999861e+01 6.154719223399496286e-01 7.711640483984985028e-01
-4.404429999999999734e-01 -8.173219999999999930e-01 -1.266319999999999890e+00 4.170559999999999823e-01 5.811009999999999787e-01 -4.921699999999999964e-01 3.358625166333404355e-01 1.837616588818005159e-01 3.203389999999999849e-01 5.339307238159896052e-02 2.962759372556286186e-01 nan 6.694226090543016205e-01 3.834308794490000061e-01 3.056843036859999835e-02 7.024316819020000324e-02 1.708040000000000092e+01 7.116899999999999693e+01 7.454609999999999559e+01 6.354310000000000258e+01 6.154719223399496286e-01 7.711640483984985028e-01
2.037509999999999877e-01 9.749280000000000168e-01 6.000910000000000410e-01 1.788229999999999986e+00 1.972140000000000004e+00 -4.586000000000000076e-01 3.069774174710639958e-01 1.586760596029446191e-01 1.327749999999999986e+00 5.001028184552491762e-02 2.580354277812939578e-01 nan 6.266138479581208065e-01 3.834308794490000061e-01 3.056843036859999835e-02 7.024316819020000324e-02 1.708040000000000092e+01 7.116899999999999693e+01 7.454609999999999559e+01 6.354310000000000258e+01 5.274901355979730866e-01 7.267598674051349850e-01
-7.460269999999999402e-02 7.623299999999999521e-01 4.906769999999999743e-01 1.406630000000000047e+00 1.577539999999999942e+00 -3.581250000000000266e-01 2.800452617636125519e-01 1.369487626273824254e-01 1.126270000000000104e+00 4.881472452453572419e-02 2.230955993758418909e-01 nan 5.834382762311239867e-01 3.558134556650000002e-01 2.664806704919999922e-02 7.606383205149999660e-02 3.797370000000000090e+01 6.802589999999999293e+01 7.188079999999999359e+01 6.388700000000000045e+01 5.274901355979730866e-01 7.267598674051349850e-01
-1.688010000000000066e-01 6.010830000000000339e-01 9.140470000000000539e-01 1.628470000000000084e+00 1.453200000000000047e+00 -1.968330000000000080e-01 2.553712015966951299e-01 1.153452124647598165e-01 9.919470000000000232e-01 4.949311367433595343e-02 1.918523342563538403e-01 nan 5.403850903530609262e-01 3.558134556650000002e-01 2.664806704919999922e-02 7.606383205149999660e-02 3.797370000000000090e+01 6.802589999999999293e+01 7.188079999999999359e+01 6.388700000000000045e+01 4.714616673676901293e-01 7.200031570205962517e-01
-2.893000000000000016e-01 3.806829999999999936e-01 2.184969999999999968e-01 1.836759999999999948e+00 1.559199999999999919e+00 -3.401210000000000067e-01 2.332348039312569510e-01 9.374259552317143473e-02 2.267999999999999794e+00 5.171092998832549359e-02 1.646596311008085012e-01 nan 4.979421001231104649e-01 3.636652881399999870e-01 3.280104164469999778e-02 6.521860141730000116e-02 1.824930000000000163e+01 5.506810000000000116e+01 5.874130000000000251e+01 5.695969999999999800e+01 4.714616673676901293e-01 7.200031570205962517e-01
-6.807439999999999325e-02 7.874830000000000441e-01 7.876450000000000395e-01 1.984070000000000000e+00 1.701370000000000049e+00 -3.361120000000000219e-01 2.126662599629672856e-01 7.524096310587824465e-02 2.267999999999999794e+00 5.511621183500969856e-02 1.418255941016112187e-01 nan 4.565902015799363500e-01 3.636652881399999870e-01 3.280104164469999778e-02 6.521860141730000116e-02 1.824930000000000163e+01 5.506810000000000116e+01 5.874130000000000251e+01 5.695969999999999800e+01 9.358797177212063723e-01 9.824785356914904622e-01
-3.476540000000000186e-02 7.764459999999999695e-01 1.105790000000000051e+00 1.835020000000000095e+00 1.563819999999999988e+00 -3.410520000000000218e-01 1.917807536334342755e-01 5.953432974963213109e-02 1.059109999999999996e+00 5.934354312392198239e-02 1.236089420219813606e-01 nan 4.167979282574129085e-01 3.000986728489999922e-01 3.989167452519999657e-02 6.425992180910000684e-02 1.822490000000000165e+01 3.662579999999999814e+01 4.793319999999999936e+01 5.118110000000000070e+01 9.358797177212063723e-01 9.824785356914904622e-01
-2.261229999999999907e-01 5.091080000000000050e-01 7.204110000000000236e-01 1.727219999999999978e+00 1.424190000000000067e+00 -3.747519999999999740e-01 1.716627356892534984e-01 4.628504153499901630e-02 8.576249999999999707e-01 7.270426328840873254e-02 9.621009315722151012e-02 nan 3.790161425124701777e-01 3.000986728489999922e-01 3.989167452519999657e-02 6.425992180910000684e-02 1.822490000000000165e+01 3.662579999999999814e+01 4.793319999999999936e+01 5.118110000000000070e+01 1.000000000000000000e+00 1.000000000000000000e+00
-3.178750000000000187e-01 2.591019999999999990e-01 5.583590000000000497e-01 1.476669999999999927e+00 1.179319999999999924e+00 -5.114459999999999562e-01 1.540159487757131185e-01 3.512760184018393073e-02 5.889820000000000055e-01 8.668775324432742568e-02 7.246623319748823899e-02 nan 3.436729270744337539e-01 2.877910427020000106e-01 4.928222777280000244e-02 6.843162269960000044e-02 1.444170000000000087e+01 2.976200000000000045e+01 4.394630000000000081e+01 5.490330000000000155e+01 1.000000000000000000e+00 1.000000000000000000e+00
-3.871069999999999789e-01 1.753460000000000088e-02 -1.430289999999999895e-01 1.002950000000000008e+00 9.657310000000000061e-01 -5.188279999999999559e-01 1.385584199426350693e-01 2.567281256380327115e-02 5.218209999999999793e-01 1.014624073494212464e-01 5.160900196846152088e-02 nan 3.111687346966488521e-01 2.877910427020000106e-01 4.928222777280000244e-02 6.843162269960000044e-02 1.444170000000000087e+01 2.976200000000000045e+01 4.394630000000000081e+01 5.490330000000000155e+01 5.218552419866337999e-01 7.435847282560206217e-01
-4.010009999999999963e-01 -1.173099999999999976e-01 -2.963839999999999808e-01 1.142009999999999970e+00 1.007509999999999906e+00 -5.384919999999999707e-01 1.250249300419132847e-01 1.751218389488728988e-02 1.596389999999999976e+00 1.171876557554892839e-01 3.283733263886490228e-02 nan 2.818718508667722444e-01 2.203757707300000035e-01 6.571498007440000622e-02 9.063429557780000589e-02 8.592330000000000467e+00 2.693349999999999866e+01 4.468900000000000006e+01 5.313259999999999650e+01 5.218552419866337999e-01 7.435847282560206217e-01
-4.316459999999999742e-01 -5.764599999999999724e-01 -1.215240000000000098e+00 8.495040000000000369e-01 7.470820000000000238e-01 -5.423360000000000403e-01 1.131445801139613350e-01 1.022256266566368144e-02 2.267999999999999794e+00 1.340121580010631419e-01 2.933251177951667898e-02 nan 2.333884015102977161e-01 2.203757707300000035e-01 6.571498007440000622e-02 9.063429557780000589e-02 8.592330000000000467e+00 2.693349999999999866e+01 4.468900000000000006e+01 5.313259999999999650e+01 5.684432604936540123e-01 7.221513036436135735e-01
-4.218540000000000068e-01 -4.084409999999999985e-01 -4.882949999999999791e-01 7.563239999999999963e-01 7.226120000000000321e-01 -5.387210000000000054e-01 1.025744763955225292e-01 3.370926846031019330e-03 1.865040000000000031e+00 1.520721186394327074e-01 2.757011703148648518e-02 nan 1.865933621786175500e-01 2.113224638270000122e-01 7.686149104990000480e-02 1.163787200749999973e-01 1.302979999999999983e+01 2.777700000000000102e+01 3.503889999999999816e+01 4.500670000000000215e+01 5.684432604936540123e-01 7.221513036436135735e-01
-4.309270000000000045e-01 -5.609260000000000357e-01 -6.197080000000000366e-01 7.519040000000000168e-01 6.216399999999999704e-01 -5.386339999999999462e-01 9.294367515160095738e-02 0.000000000000000000e+00 1.932199999999999918e+00 1.714897439866337470e-01 1.356413337972239841e-02 nan 1.630595151782627816e-01 2.113224638270000122e-01 7.686149104990000480e-02 1.163787200749999973e-01 1.302979999999999983e+01 2.777700000000000102e+01 3.503889999999999816e+01 4.500670000000000215e+01 5.174821906650376446e-01 6.850563116391112928e-01
-4.218199999999999728e-01 -3.797209999999999752e-01 -2.994609999999999772e-01 5.289690000000000225e-01 4.658490000000000131e-01 -5.438979999999999926e-01 8.394212817222124201e-02 0.000000000000000000e+00 9.247859999999999969e-01 1.923718574750553634e-01 0.000000000000000000e+00 nan 1.410446260400315399e-01 2.621902401369999858e-01 7.777780427880000291e-02 1.234537294179999939e-01 1.411040000000000028e+01 2.652110000000000056e+01 3.192220000000000013e+01 3.398219999999999885e+01 5.174821906650376446e-01 6.850563116391112928e-01
-4.229149999999999854e-01 -4.210550000000000126e-01 -2.782140000000000168e-01 3.882369999999999988e-01 3.546730000000000160e-01 -5.308450000000000113e-01 7.524942627013964103e-02 0.000000000000000000e+00 6.561430000000000318e-01 2.105352577649277634e-01 0.000000000000000000e+00 nan 1.207981322545630398e-01 2.621902401369999858e-01 7.777780427880000291e-02 1.234537294179999939e-01 1.411040000000000028e+01 2.652110000000000056e+01 3.192220000000000013e+01 3.398219999999999885e+01 4.995226363824517568e-01 6.374402053436005744e-01
-4.417019999999999835e-01 -8.758590000000000542e-01 -1.182269999999999932e+00 3.024080000000000101e-01 1.899969999999999992e-01 -4.495219999999999771e-01 6.794404995302394390e-02 0.000000000000000000e+00 1.126270000000000104e+00 2.301867844093690163e-01 0.000000000000000000e+00 nan 1.025494346865354345e-01 2.750466142760000232e-01 8.234092947920000627e-02 1.283017204480000062e-01 2.089199999999999946e+01 4.129679999999999751e+01 4.059429999999999694e+01 3.959499999999999886e+01 4.995226363824517568e-01 6.374402053436005744e-01
-4.340780000000000194e-01 -5.258840000000000181e-01 -5.648050000000000015e-01 1.627949999999999953e-01 1.058589999999999948e-01 -3.039029999999999787e-01 6.327258840028149312e-02 0.000000000000000000e+00 1.860179999999999889e-01 2.511037777591460518e-01 0.000000000000000000e+00 nan 8.650529837120379817e-02 2.750466142760000232e-01 8.234092947920000627e-02 1.283017204480000062e-01 2.089199999999999946e+01 4.129679999999999751e+01 4.059429999999999694e+01 3.959499999999999886e+01 5.317163058064774406e-01 6.290981215727453613e-01
-4.262219999999999898e-01 -3.446239999999999859e-01 -4.440339999999999843e-01 -3.969589999999999924e-02 9.241920000000000690e-02 -4.496229999999999671e-02 5.983246416949183910e-02 0.000000000000000000e+00 -4.855900000000000216e-01 2.730492399215993515e-01 0.000000000000000000e+00 nan 7.284750978393239595e-02 2.524879978899999822e-01 7.897554053560000564e-02 1.152593685359999953e-01 1.853750000000000142e+01 4.079310000000000258e+01 4.394330000000000069e+01 4.266490000000000293e+01 5.317163058064774406e-01 6.290981215727453613e-01
-3.698380000000000001e-01 1.840029999999999999e-01 2.068210000000000048e-01 3.653810000000000113e-01 1.615240000000000009e-01 6.139990000000000031e-02 5.623622794822569215e-02 0.000000000000000000e+00 -7.542330000000000423e-01 2.957745200414666487e-01 0.000000000000000000e+00 nan 6.173081712679062694e-02 2.524879978899999822e-01 7.897554053560000564e-02 1.152593685359999953e-01 1.853750000000000142e+01 4.079310000000000258e+01 4.394330000000000069e+01 4.266490000000000293e+01 4.514391010875878907e-01 6.284873067182771278e-01
-3.132130000000000192e-01 4.388349999999999751e-01 4.344379999999999908e-01 9.253630000000000189e-02 -2.946899999999999867e-02 1.242889999999999967e-01 5.252462652985290248e-02 0.000000000000000000e+00 -8.885549999999999837e-01 3.190221316144286057e-01 0.000000000000000000e+00 nan 5.328117696958889482e-02 2.707759558200000249e-01 7.057452794540000629e-02 1.273986232150000064e-01 1.992350000000000065e+01 3.796730000000000160e+01 4.265120000000000289e+01 4.036509999999999820e+01 4.514391010875878907e-01 6.284873067182771278e-01
-1.947560000000000124e-01 7.085669999999999469e-01 7.622970000000000024e-01 -5.317390000000000311e-02 -6.166839999999999822e-02 1.646829999999999961e-01 4.873971384152431252e-02 0.000000000000000000e+00 -8.885549999999999837e-01 3.425286699120893008e-01 0.000000000000000000e+00 nan 4.759432711161282192e-02 2.707759558200000249e-01 7.057452794540000629e-02 1.273986232150000064e-01 1.992350000000000065e+01 3.796730000000000160e+01 4.265120000000000289e+01 4.036509999999999820e+01 4.641109352988697090e-01 6.087010232864584758e-01
-3.491560000000000219e-01 3.092250000000000276e-01 2.995789999999999842e-01 -1.101700000000000040e-01 -2.703849999999999865e-01 8.821560000000000512e-02 4.492437445637309512e-02 0.000000000000000000e+00 -8.885549999999999837e-01 3.660277964628001479e-01 0.000000000000000000e+00 nan 4.473470183410366285e-02 3.179126443020000026e-01 6.500104660239999776e-02 1.217882272949999956e-01 1.758920000000000172e+01 4.214929999999999666e+01 4.562700000000000244e+01 4.311410000000000053e+01 4.641109352988697090e-01 6.087010232864584758e-01
-3.785789999999999988e-01 1.356799999999999951e-01 1.751820000000000044e-01 -2.110659999999999967e-02 -2.654489999999999975e-02 -2.800030000000000019e-01 4.112183769416544177e-02 0.000000000000000000e+00 -8.885549999999999837e-01 3.892532567729670712e-01 0.000000000000000000e+00 nan 2.200888235936437898e-02 3.179126443020000026e-01 6.500104660239999776e-02 1.217882272949999956e-01 1.758920000000000172e+01 4.214929999999999666e+01 4.562700000000000244e+01 4.311410000000000053e+01 6.382652005261014727e-01 6.920669562889909532e-01
-3.522460000000000035e-01 2.814610000000000167e-01 2.950980000000000270e-01 -2.888239999999999818e-03 9.887929999999999636e-03 -2.988230000000000053e-01 3.737518781583348826e-02 0.000000000000000000e+00 -8.885549999999999837e-01 4.119418970968526938e-01 0.000000000000000000e+00 nan 0.000000000000000000e+00 3.676672269910000179e-01 5.689571443940000250e-02 1.190884972880000003e-01 2.067549999999999955e+01 4.193569999999999709e+01 4.468130000000000024e+01 4.108270000000000266e+01 6.382652005261014727e-01 6.920669562889909532e-01
-2.925039999999999862e-01 4.736799999999999899e-01 5.263419999999999765e-01 8.808859999999999468e-01 7.690879999999999939e-01 -2.068889999999999896e-01 3.372687586158418238e-02 0.000000000000000000e+00 -4.855900000000000216e-01 4.338366460736668984e-01 0.000000000000000000e+00 nan 0.000000000000000000e+00 3.676672269910000179e-01 5.689571443940000250e-02 1.190884972880000003e-01 2.067549999999999955e+01 4.193569999999999709e+01 4.468130000000000024e+01 4.108270000000000266e+01 8.560832148269807984e-01 8.301454288400694770e-01
-4.275939999999999741e-01 -5.016479999999999828e-01 -2.521180000000000088e-01 6.452759999999999607e-01 3.239330000000000265e-01 -1.818079999999999974e-01 3.021823866365069833e-02 0.000000000000000000e+00 1.188570000000000043e-01 4.546894274488044729e-01 0.000000000000000000e+00 nan 0.000000000000000000e+00 3.410942478000000277e-01 8.154909632250000040e-02 1.117552125980000033e-01 1.401239999999999952e+01 3.270150000000000290e+01 3.586220000000000141e+01 3.721609999999999729e+01 8.560832148269807984e-01 8.301454288400694770e-01
-3.374369999999999870e-01 3.306680000000000175e-01 3.891009999999999747e-01 3.151990000000000069e-01 2.374459999999999904e-01 3.118830000000000213e-01 2.688903048346580338e-02 0.000000000000000000e+00 -2.841080000000000272e-01 4.742639708769362805e-01 0.000000000000000000e+00 nan 0.000000000000000000e+00 3.410942478000000277e-01 8.154909632250000040e-02 1.117552125980000033e-01 1.401239999999999952e+01 3.270150000000000290e+01 3.586220000000000141e+01 3.721609999999999729e+01 8.736688899126057173e-01 8.267790840522417639e-01
-3.244739999999999847e-01 4.061190000000000078e-01 3.892959999999999754e-01 -2.221339999999999981e-01 -3.477859999999999979e-02 5.600330000000000030e-01 2.377697257999533687e-02 0.000000000000000000e+00 -8.885549999999999837e-01 4.923384889594311087e-01 0.000000000000000000e+00 nan 0.000000000000000000e+00 2.563069199529999787e-01 1.019525143270000045e-01 1.184906220170000024e-01 1.911789999999999878e+01 3.841369999999999862e+01 3.927980000000000160e+01 3.622899999999999920e+01 8.736688899126057173e-01 8.267790840522417639e-01
-1.644909999999999983e-01 7.568709999999999605e-01 8.143019999999999703e-01 -2.889140000000000041e-01 -7.706309999999999549e-02 4.701949999999999741e-01 2.091732581280070224e-02 0.000000000000000000e+00 -8.885549999999999837e-01 5.087081901842034348e-01 0.000000000000000000e+00 nan 0.000000000000000000e+00 2.563069199529999787e-01 1.019525143270000045e-01 1.184906220170000024e-01 1.911789999999999878e+01 3.841369999999999862e+01 3.927980000000000160e+01 3.622899999999999920e+01 7.855335456433059083e-01 8.093468398910141914e-01
-1.054449999999999971e-01 8.452490000000000281e-01 8.964830000000000298e-01 -3.289949999999999819e-01 -2.337440000000000073e-01 3.919279999999999986e-01 1.834249112241093105e-02 0.000000000000000000e+00 -8.885549999999999837e-01 5.231875992953756160e-01 0.000000000000000000e+00 nan 0.000000000000000000e+00 2.160306061220000073e-01 1.311052897880000123e-01 1.206874283480000032e-01 1.341399999999999970e+01 3.744169999999999732e+01 4.037760000000000105e+01 3.936339999999999861e+01 7.855335456433059083e-01 8.093468398910141914e-01
-2.799510000000000054e-01 5.287560000000000038e-01 5.675810000000000022e-01 -3.282479999999999842e-01 -2.697490000000000165e-01 1.201750000000000040e-01 1.608164241471998768e-02 9.757907740515214812e-04 -8.885549999999999837e-01 5.356126588020397872e-01 0.000000000000000000e+00 nan 0.000000000000000000e+00 2.160306061220000073e-01 1.311052897880000123e-01 1.206874283480000032e-01 1.341399999999999970e+01 3.744169999999999732e+01 4.037760000000000105e+01 3.936339999999999861e+01 7.114720825738912735e-01 7.844372610787402333e-01
-3.785490000000000244e-01 1.605840000000000045e-01 1.466200000000000003e-01 -5.888820000000000165e-01 -4.956880000000000175e-01 -7.362739999999999563e-02 1.416039600897534001e-02 1.983367833809701608e-03 -8.885549999999999837e-01 5.458425878151837995e-01 0.000000000000000000e+00 nan 0.000000000000000000e+00 2.293555522160000137e-01 1.190288428780000018e-01 1.325549598290000075e-01 1.563410000000000011e+01 2.917460000000000164e+01 3.163749999999999929e+01 3.064770000000000039e+01 7.114720825738912735e-01 7.844372610787402333e-01
-3.672579999999999734e-01 2.049080000000000068e-01 2.618530000000000024e-01 -5.035669999999999868e-01 -4.227770000000000139e-01 -1.879969999999999974e-01 1.260052039464532037e-02 3.085943599369644907e-03 -8.885549999999999837e-01 5.537614771514162149e-01 0.000000000000000000e+00 nan 0.000000000000000000e+00 2.293555522160000137e-01 1.190288428780000018e-01 1.325549598290000075e-01 1.563410000000000011e+01 2.917460000000000164e+01 3.163749999999999929e+01 3.064770000000000039e+01 8.485655724023741797e-01 8.418469943104999187e-01
-3.838119999999999865e-01 1.107999999999999957e-01 1.114320000000000033e-01 -5.045680000000000165e-01 -3.604040000000000021e-01 -3.174580000000000179e-01 1.105269523871088566e-02 4.345654117529629268e-03 -8.885549999999999837e-01 5.592796026303299417e-01 0.000000000000000000e+00 nan 0.000000000000000000e+00 2.968141715170000139e-01 9.927786330500000533e-02 1.450985002150000092e-01 1.022080000000000055e+01 2.983170000000000144e+01 3.382920000000000016e+01 3.485770000000000124e+01 8.485655724023741797e-01 8.418469943104999187e-01
-3.496310000000000251e-01 2.953930000000000167e-01 3.419740000000000002e-01 -6.121119999999999894e-01 -5.319549999999999557e-01 -2.993919999999999915e-01 7.568670633590679486e-03 5.822855035554130865e-03 -8.885549999999999837e-01 5.623344416853179872e-01 0.000000000000000000e+00 nan 0.000000000000000000e+00 2.968141715170000139e-01 9.927786330500000533e-02 1.450985002150000092e-01 1.022080000000000055e+01 2.983170000000000144e+01 3.382920000000000016e+01 3.485770000000000124e+01 9.352921932688392781e-01 8.650716849567969824e-01
-4.155579999999999830e-01 -1.687939999999999996e-01 -1.699620000000000020e-01 -4.636689999999999978e-01 -4.304419999999999913e-01 -2.844050000000000050e-02 4.579465386063019672e-03 7.575437747571633906e-03 -8.885549999999999837e-01 5.628913817692354771e-01 0.000000000000000000e+00 nan 0.000000000000000000e+00 3.647701761909999951e-01 1.002896163930000056e-01 1.327069994479999904e-01 2.167099999999999937e+01 3.862330000000000041e+01 4.293919999999999959e+01 3.962440000000000140e+01 9.352921932688392781e-01 8.650716849567969824e-01
-4.314339999999999842e-01 -5.245069999999999455e-01 -2.641080000000000094e-01 -5.621279999999999610e-01 -4.190389999999999948e-01 2.054519999999999957e-01 3.887656023668140115e-03 9.658173461947527905e-03 -4.184289999999999954e-01 5.609441125283896046e-01 0.000000000000000000e+00 nan 0.000000000000000000e+00 3.647701761909999951e-01 1.002896163930000056e-01 1.327069994479999904e-01 2.167099999999999937e+01 3.862330000000000041e+01 4.293919999999999959e+01 3.962440000000000140e+01 8.038269206374640818e-01 7.980433335392260741e-01
-2.723539999999999850e-01 5.289880000000000138e-01 6.507969999999999589e-01 -5.559739999999999682e-01 -4.370720000000000161e-01 5.863519999999999843e-01 3.279421727872100512e-03 1.212209262160912626e-02 -4.184289999999999954e-01 5.565146973013685994e-01 0.000000000000000000e+00 nan 0.000000000000000000e+00 4.557115380510000091e-01 8.465667598970000318e-02 1.123523861649999983e-01 1.271170000000000044e+01 3.322849999999999682e+01 3.777980000000000160e+01 3.504500000000000171e+01 8.038269206374640818e-01 7.980433335392260741e-01
9.477770000000000639e-02 1.045339999999999936e+00 1.124880000000000102e+00 -4.770010000000000083e-01 -3.502979999999999983e-01 3.540550000000000086e-01 2.761654036284144631e-03 1.501390670873414823e-02 -8.885549999999999837e-01 5.496533231325989588e-01 0.000000000000000000e+00 nan 0.000000000000000000e+00 4.557115380510000091e-01 8.465667598970000318e-02 1.123523861649999983e-01 1.271170000000000044e+01 3.322849999999999682e+01 3.777980000000000160e+01 3.504500000000000171e+01 8.002149805382524628e-01 7.780648836363386334e-01
5.619439999999999852e-02 1.017479999999999940e+00 1.079329999999999901e+00 -3.447459999999999969e-01 -2.961559999999999748e-01 5.634489999999999776e-01 2.340219463739634520e-03 1.837547898499480858e-02 -8.885549999999999837e-01 5.404377321330788853e-01 0.000000000000000000e+00 nan 0.000000000000000000e+00 4.222190332360000187e-01 7.534920217689999866e-02 1.253001906819999900e-01 1.053079999999999927e+01 2.387109999999999843e+01 2.838800000000000168e+01 2.826510000000000034e+01 8.002149805382524628e-01 7.780648836363386334e-01
-2.495769999999999933e-01 5.911589999999999900e-01 6.837440000000000184e-01 -3.381219999999999781e-01 -3.056300000000000128e-01 2.780030000000000001e-01 2.019893032342068295e-03 2.224335016407463783e-02 -5.527509999999999923e-01 5.289723406311965803e-01 0.000000000000000000e+00 nan 0.000000000000000000e+00 4.222190332360000187e-01 7.534920217689999866e-02 1.253001906819999900e-01 1.053079999999999927e+01 2.387109999999999843e+01 2.838800000000000168e+01 2.826510000000000034e+01 7.755523063672963291e-01 7.720562498713171573e-01
-3.596329999999999805e-01 1.505730000000000124e-01 4.761420000000000097e-01 -4.672310000000000074e-01 -3.070019999999999971e-01 -2.038349999999999884e-01 1.804304168555148635e-03 2.664832439078090864e-02 -5.527509999999999923e-01 5.153870560940059242e-01 0.000000000000000000e+00 nan 0.000000000000000000e+00 3.279154822509999789e-01 8.676756439560000256e-02 1.187213351399999950e-01 1.326120000000000054e+01 2.587130000000000152e+01 3.104019999999999868e+01 3.048470000000000013e+01 7.755523063672963291e-01 7.720562498713171573e-01
6.072649999999999533e-04 9.535959999999999992e-01 1.056580000000000075e+00 -5.689060000000000228e-01 -4.704949999999999966e-01 -1.284170000000000034e-01 1.695895580350659237e-03 3.161512021777601600e-02 -8.885549999999999837e-01 4.998358052237177329e-01 0.000000000000000000e+00 nan 0.000000000000000000e+00 3.279154822509999789e-01 8.676756439560000256e-02 1.187213351399999950e-01 1.326120000000000054e+01 2.587130000000000152e+01 3.104019999999999868e+01 3.048470000000000013e+01 6.961964468123460481e-01 7.792968079776538826e-01
-2.819159999999999999e-01 5.282980000000000453e-01 5.654430000000000289e-01 -4.743160000000000154e-01 -4.143609999999999793e-01 -2.567929999999999935e-01 8.343582228427237624e-04 3.716209053449914812e-02 -8.885549999999999837e-01 4.824947899066569512e-01 0.000000000000000000e+00 nan 0.000000000000000000e+00 2.285338617630000013e-01 9.392691462220000009e-02 1.151263075349999998e-01 9.790800000000000836e+00 3.029690000000000083e+01 3.546949999999999648e+01 3.326800000000000068e+01 6.961964468123460481e-01 7.792968079776538826e-01
-4.110469999999999957e-01 -1.399829999999999963e-01 -3.954769999999999813e-02 -2.702010000000000245e-01 -3.770350000000000090e-01 -4.423039999999999750e-01 0.000000000000000000e+00 4.330101462159396952e-02 -3.512680000000000247e-01 4.635604907754841131e-01 0.000000000000000000e+00 nan 0.000000000000000000e+00 2.285338617630000013e-01 9.392691462220000009e-02 1.151263075349999998e-01 9.790800000000000836e+00 3.029690000000000083e+01 3.546949999999999648e+01 3.326800000000000068e+01 7.367489868541403641e-01 7.640367312483272721e-01
-4.454270000000000174e-01 -1.082319999999999949e+00 -8.012340000000000018e-01 -4.385220000000000229e-01 -5.114370000000000305e-01 -5.232660000000000089e-01 0.000000000000000000e+00 5.003696468695362221e-02 -1.546460000000000022e-02 4.432474410051172597e-01 0.000000000000000000e+00 nan 0.000000000000000000e+00 1.869725347300000007e-01 9.166572741589999740e-02 1.137578588959999998e-01 1.453049999999999997e+01 2.895589999999999975e+01 3.049950000000000117e+01 2.786220000000000141e+01 7.367489868541403641e-01 7.640367312483272721e-01
-3.952200000000000157e-01 6.912999999999999874e-03 1.214189999999999992e-01 -3.151220000000000132e-01 -4.575739999999999807e-01 -4.791190000000000171e-01 0.000000000000000000e+00 5.736824839557774780e-02 -6.199109999999999898e-01 4.217857955661376002e-01 0.000000000000000000e+00 nan 0.000000000000000000e+00 1.869725347300000007e-01 9.166572741589999740e-02 1.137578588959999998e-01 1.453049999999999997e+01 2.895589999999999975e+01 3.049950000000000117e+01 2.786220000000000141e+01 8.956142634913640821e-01 7.930058267619263246e-01
-4.380870000000000042e-01 -6.520920000000000050e-01 -5.351150000000000073e-01 -4.151830000000000243e-01 -4.439000000000000168e-01 -4.390180000000000193e-01 0.000000000000000000e+00 6.528642804440498715e-02 -1.497860000000000025e-01 3.994187234770071315e-01 0.000000000000000000e+00 nan 0.000000000000000000e+00 1.998475311779999986e-01 7.163091181450000067e-02 1.067873412010000023e-01 1.085050000000000026e+01 2.221349999999999980e+01 2.363870000000000005e+01 2.119040000000000035e+01 8.956142634913640821e-01 7.930058267619263246e-01
-4.494940000000000047e-01 -1.462229999999999919e+00 -1.549889999999999990e+00 -6.052480000000000082e-01 -6.701780000000000515e-01 -4.893009999999999859e-01 0.000000000000000000e+00 7.377641616485952625e-02 5.169610000000000177e-02 3.763996526019244282e-01 0.000000000000000000e+00 nan 0.000000000000000000e+00 1.998475311779999986e-01 7.163091181450000067e-02 1.067873412010000023e-01 1.085050000000000026e+01 2.221349999999999980e+01 2.363870000000000005e+01 2.119040000000000035e+01 8.655103117217803899e-01 7.966055165503374003e-01
-4.299200000000000244e-01 -4.206099999999999839e-01 -3.203259999999999996e-01 -5.917440000000000477e-01 -7.033570000000000100e-01 -5.051109999999999767e-01 0.000000000000000000e+00 8.281664646989894685e-02 -6.870720000000000161e-01 3.529893982118579299e-01 0.000000000000000000e+00 nan 0.000000000000000000e+00 2.729266017049999937e-01 7.419654667609999754e-02 1.034500013130000007e-01 1.775069999999999837e+01 2.828059999999999974e+01 2.530480000000000018e+01 2.164099999999999824e+01 8.655103117217803899e-01 7.966055165503374003e-01
-3.878039999999999821e-01 8.003040000000000154e-02 1.377130000000000021e-01 -4.026029999999999887e-01 -5.684660000000000268e-01 -4.858700000000000241e-01 0.000000000000000000e+00 9.237931820866385202e-02 -8.885549999999999837e-01 3.294532078433102251e-01 0.000000000000000000e+00 nan 0.000000000000000000e+00 2.729266017049999937e-01 7.419654667609999754e-02 1.034500013130000007e-01 1.775069999999999837e+01 2.828059999999999974e+01 2.530480000000000018e+01 2.164099999999999824e+01 5.651918467629405418e-01 6.947813076928357479e-01
-4.431229999999999891e-01 -8.751600000000000490e-01 -7.153960000000000319e-01 -4.687470000000000248e-01 -6.240909999999999513e-01 -4.825130000000000252e-01 0.000000000000000000e+00 1.024307111600935016e-01 -1.497860000000000025e-01 3.060577559377414270e-01 0.000000000000000000e+00 nan 0.000000000000000000e+00 3.190266703940000115e-01 8.096494880599999777e-02 9.966391220070000556e-02 9.138389999999999347e+00 2.423529999999999873e+01 2.699579999999999913e+01 2.286339999999999861e+01 5.651918467629405418e-01 6.947813076928357479e-01
-4.442860000000000142e-01 -1.032559999999999922e+00 -1.085720000000000018e+00 -4.954999999999999960e-01 -6.122539999999999649e-01 -5.351630000000000553e-01 0.000000000000000000e+00 1.129315676965049198e-01 1.860179999999999889e-01 2.830681223135900204e-01 0.000000000000000000e+00 nan 0.000000000000000000e+00 3.190266703940000115e-01 8.096494880599999777e-02 9.966391220070000556e-02 9.138389999999999347e+00 2.423529999999999873e+01 2.699579999999999913e+01 2.286339999999999861e+01 5.106054840066496237e-01 6.809144378787567176e-01
-4.380129999999999857e-01 -6.434640000000000359e-01 -6.382489999999999553e-01 -4.781759999999999899e-01 -5.289230000000000320e-01 -5.122839999999999616e-01 0.000000000000000000e+00 1.238375375882008189e-01 -5.527509999999999923e-01 2.607447887060091452e-01 0.000000000000000000e+00 nan 0.000000000000000000e+00 2.937618609780000001e-01 8.440762936850000620e-02 8.174165047850000254e-02 1.333929999999999971e+01 1.688019999999999854e+01 1.993939999999999912e+01 -1.000000000000000000e+00 5.106054840066496237e-01 6.809144378787567176e-01
-4.068169999999999842e-01 -8.876549999999999718e-02 -3.658119999999999948e-03 -4.253560000000000119e-01 -5.431219999999999937e-01 -5.075520000000000032e-01 0.000000000000000000e+00 1.350996805092931075e-01 -6.199109999999999898e-01 2.349280492685950072e-01 0.000000000000000000e+00 nan 0.000000000000000000e+00 2.937618609780000001e-01 8.440762936850000620e-02 8.174165047850000254e-02 1.333929999999999971e+01 1.688019999999999854e+01 1.993939999999999912e+01 -1.000000000000000000e+00 5.580881420206835752e-01 7.516454254085254139e-01
-4.439560000000000173e-01 -1.012329999999999952e+00 -6.504710000000000214e-01 -4.607200000000000184e-01 -6.431679999999999620e-01 -4.814800000000000191e-01 0.000000000000000000e+00 1.466650205511512706e-01 -5.527509999999999923e-01 2.098570166248963087e-01 0.000000000000000000e+00 nan 0.000000000000000000e+00 3.260464362889999856e-01 8.471310518669999956e-02 7.261189267720000173e-02 7.498709999999999987e+00 1.340489999999999959e+01 -1.000000000000000000e+00 -1.000000000000000000e+00 5.580881420206835752e-01 7.516454254085254139e-01
-4.282569999999999988e-01 -3.829069999999999974e-01 -3.285279999999999867e-01 -3.191570000000000240e-01 -4.941440000000000277e-01 -5.078559999999999741e-01 0.000000000000000000e+00 1.584771464606150593e-01 -6.870720000000000161e-01 1.854889227061801149e-01 0.000000000000000000e+00 nan 0.000000000000000000e+00 3.260464362889999856e-01 8.471310518669999956e-02 7.261189267720000173e-02 7.498709999999999987e+00 1.340489999999999959e+01 -1.000000000000000000e+00 -1.000000000000000000e+00 3.087374233046915606e-01 7.345940826453087880e-01
-4.412280000000000091e-01 -8.752680000000000460e-01 -6.060119999999999951e-01 -5.147429999999999506e-01 -5.901729999999999476e-01 -5.157960000000000322e-01 0.000000000000000000e+00 1.704768508020336748e-01 -5.527509999999999923e-01 1.617730348670790574e-01 0.000000000000000000e+00 nan 0.000000000000000000e+00 3.160410619969999946e-01 8.379589791970000479e-02 6.163423560459999756e-02 9.715550000000000352e+00 -1.000000000000000000e+00 -1.000000000000000000e+00 -1.000000000000000000e+00 3.087374233046915606e-01 7.345940826453087880e-01
-4.187670000000000003e-01 -2.178350000000000009e-01 -1.776739999999999986e-01 -4.958580000000000210e-01 -6.603419999999999845e-01 -5.028489999999999904e-01 0.000000000000000000e+00 1.826028008011698622e-01 -6.870720000000000161e-01 1.430638688428647054e-01 0.000000000000000000e+00 nan 0.000000000000000000e+00 3.160410619969999946e-01 8.379589791970000479e-02 6.163423560459999756e-02 9.715550000000000352e+00 -1.000000000000000000e+00 -1.000000000000000000e+00 -1.000000000000000000e+00 0.000000000000000000e+00 0.000000000000000000e+00
