-6.701329999999999787e-01 -5.367279999999999829e-01 -6.588739999999999597e-01 -8.115339999999999776e-01 -7.567720000000000002e-01 -6.487559999999999993e-01 0.000000000000000000e+00 1.450403962018572690e-01 -9.677390000000000159e-01 1.057161630631187066e-02 nan nan 3.682328151092766344e-01 1.619228527090000036e-01 6.299693676539999676e-02 1.116340096589999997e-01 -1.000000000000000000e+00 -1.000000000000000000e+00 -1.000000000000000000e+00 -1.000000000000000000e+00 0.000000000000000000e+00 0.000000000000000000e+00
-6.508530000000000149e-01 -2.170300000000000007e-01 -3.269639999999999769e-01 -6.656370000000000342e-01 -6.023650000000000393e-01 -6.316640000000000033e-01 0.000000000000000000e+00 1.359642637242873819e-01 -9.677390000000000159e-01 1.488704717087308005e-02 nan nan 3.720827310645840047e-01 1.479788037060000006e-01 8.549728573959999856e-02 1.007716248929999975e-01 1.548489999999999966e+01 -1.000000000000000000e+00 -1.000000000000000000e+00 -1.000000000000000000e+00 0.000000000000000000e+00 0.000000000000000000e+00
-6.352259999999999573e-01 -7.332460000000000366e-02 -1.762600000000000000e-01 -8.444720000000000004e-01 -8.430330000000000323e-01 -6.416250000000000009e-01 0.000000000000000000e+00 1.283502871854845795e-01 -9.677390000000000159e-01 1.994754189795644450e-02 nan nan 3.740186564463034991e-01 1.479788037060000006e-01 8.549728573959999856e-02 1.007716248929999975e-01 1.548489999999999966e+01 -1.000000000000000000e+00 -1.000000000000000000e+00 -1.000000000000000000e+00 0.000000000000000000e+00 0.000000000000000000e+00
-6.451160000000000228e-01 -1.576710000000000056e-01 -2.647249999999999881e-01 -2.620819999999999816e-01 -4.774120000000000030e-01 -6.703200000000000269e-01 0.000000000000000000e+00 1.222912941776467255e-01 -9.677390000000000159e-01 2.595142089960400522e-02 nan nan 3.740186564463034991e-01 1.861555165010000124e-01 7.196199747300000005e-02 9.435206311820000524e-02 1.454589999999999961e+01 2.612190000000000012e+01 -1.000000000000000000e+00 -1.000000000000000000e+00 0.000000000000000000e+00 0.000000000000000000e+00
-6.670289999999999830e-01 -4.573380000000000223e-01 -6.011530000000000484e-01 -8.146280000000000188e-01 -7.353269999999999529e-01 -7.135869999999999713e-01 6.969853318775642848e-04 1.165558074539949640e-01 -9.677390000000000159e-01 3.308631566706976557e-02 nan nan 3.720827310645840047e-01 1.861555165010000124e-01 7.196199747300000005e-02 9.435206311820000524e-02 1.454589999999999961e+01 2.612190000000000012e+01 -1.000000000000000000e+00 -1.000000000000000000e+00 7.905700360245815350e-01 7.828509400271226326e-01
-6.732259999999999911e-01 -6.272119999999999918e-01 -7.548589999999999467e-01 -9.607710000000000417e-01 -8.189239999999999853e-01 -7.429160000000000208e-01 2.789444873377733281e-03 1.113696667185404277e-01 -9.677390000000000159e-01 4.152704283105079774e-02 nan nan 3.682328151092766344e-01 2.052181021499999980e-01 6.641592011069999413e-02 7.812960605570000439e-02 1.747040000000000148e+01 3.003010000000000090e+01 3.050910000000000011e+01 -1.000000000000000000e+00 7.905700360245815350e-01 7.828509400271226326e-01
-6.765060000000000517e-01 -7.579399999999999471e-01 -8.816910000000000025e-01 -7.200900000000000079e-01 -6.380400000000000515e-01 -7.367939999999999490e-01 5.696599142235081459e-03 1.069524873657409225e-01 -9.677390000000000159e-01 5.143362341940616034e-02 nan nan 3.625125296665032693e-01 2.052181021499999980e-01 6.641592011069999413e-02 7.812960605570000439e-02 1.747040000000000148e+01 3.003010000000000090e+01 3.050910000000000011e+01 -1.000000000000000000e+00 7.744967154058064462e-01 7.750024269202823168e-01
-6.824519999999999476e-01 -1.291760000000000019e+00 -1.281260000000000066e+00 -2.337839999999999918e-01 -5.528729999999999478e-01 -7.277879999999999905e-01 8.896512711201176593e-03 1.035151721503270172e-01 1.762340000000000018e-01 6.294946975497284214e-02 nan nan 3.549866878560405947e-01 2.508700829769999752e-01 6.622317610689999745e-02 7.118560988739999762e-02 1.542900000000000027e+01 2.750730000000000075e+01 3.040370000000000061e+01 3.081990000000000052e+01 7.744967154058064462e-01 7.750024269202823168e-01
-6.805590000000000250e-01 -1.052159999999999984e+00 -1.062950000000000061e+00 -7.157839999999999758e-01 -7.478350000000000275e-01 -7.022890000000000521e-01 1.251742790816501305e-02 1.012575215748191537e-01 1.762340000000000018e-01 7.619976053664079263e-02 nan nan 3.457405604727751269e-01 2.508700829769999752e-01 6.622317610689999745e-02 7.118560988739999762e-02 1.542900000000000027e+01 2.750730000000000075e+01 3.040370000000000061e+01 3.081990000000000052e+01 5.297255774528502048e-01 6.965790720045184070e-01
-6.691009999999999458e-01 -5.064870000000000205e-01 -6.430749999999999522e-01 -9.255830000000000446e-01 -8.690679999999999517e-01 -6.998919999999999586e-01 1.671847645992663445e-02 1.003659700699972568e-01 -9.677390000000000159e-01 9.129002251467754903e-02 nan nan 3.348789098345240633e-01 2.209949562109999877e-01 5.894406217090000094e-02 5.863525368240000285e-02 1.255799999999999983e+01 2.347370000000000090e+01 2.511319999999999908e+01 2.851419999999999888e+01 5.297255774528502048e-01 6.965790720045184070e-01
-6.429749999999999632e-01 -1.376719999999999888e-01 -2.467080000000000106e-01 -8.634359999999999813e-01 -7.887990000000000279e-01 -7.196280000000000454e-01 2.167572638274239960e-02 1.010114736183050921e-01 -9.677390000000000159e-01 1.083049348304804260e-01 nan nan 3.225248027831142394e-01 2.209949562109999877e-01 5.894406217090000094e-02 5.863525368240000285e-02 1.255799999999999983e+01 2.347370000000000090e+01 2.511319999999999908e+01 2.851419999999999888e+01 6.312778130959950662e-02 4.702253652882740775e-01
-6.447150000000000380e-01 -1.690790000000000071e-01 -2.257540000000000102e-01 -9.324740000000000251e-01 -7.845509999999999984e-01 -7.298139999999999628e-01 2.755052543113789554e-02 1.033475727542585432e-01 -7.389440000000000452e-01 1.273073695680686512e-01 nan nan 3.088182162878888581e-01 1.821466133159999889e-01 5.532113672970000173e-02 7.026687763859999769e-02 1.452779999999999916e+01 2.193240000000000123e+01 2.350639999999999930e+01 2.694869999999999877e+01 6.312778130959950662e-02 4.702253652882740775e-01
-6.824510000000000298e-01 -1.337730000000000086e+00 -1.200420000000000043e+00 -7.940639999999999921e-01 -8.094489999999999741e-01 -7.476540000000000408e-01 3.448765911779683169e-02 1.075086528888373749e-01 6.338219999999999965e-01 1.483376793882483780e-01 nan nan 2.939144514507130435e-01 1.821466133159999889e-01 5.532113672970000173e-02 7.026687763859999769e-02 1.452779999999999916e+01 2.193240000000000123e+01 2.350639999999999930e+01 2.694869999999999877e+01 2.097796143250688639e-01 5.696408452154370083e-01
-6.829340000000000410e-01 -1.365830000000000100e+00 -1.394970000000000043e+00 -5.829530000000000545e-01 -7.816180000000000350e-01 -7.549850000000000172e-01 4.261567928405518568e-02 1.136084216690819160e-01 4.050279999999999991e-01 1.714132403168431296e-01 nan nan 2.779823738824340751e-01 1.372284930919999979e-01 4.309827286930000001e-02 8.499879711400000482e-02 1.159389999999999965e+01 2.186090000000000089e+01 2.051689999999999969e+01 2.555099999999999838e+01 2.097796143250688639e-01 5.696408452154370083e-01
-6.823449999999999793e-01 -1.236010000000000053e+00 -1.331970000000000098e+00 -6.615140000000000464e-01 -8.778789999999999649e-01 -7.503030000000000532e-01 5.204802913320794033e-02 1.217386206250161695e-01 -9.677390000000000159e-01 1.965282548673765728e-01 nan nan 2.612025003880357188e-01 1.372284930919999979e-01 4.309827286930000001e-02 8.499879711400000482e-02 1.159389999999999965e+01 2.186090000000000089e+01 2.051689999999999969e+01 2.555099999999999838e+01 6.185049798686161893e-01 7.528983311613622886e-01
-6.814529999999999754e-01 -1.115790000000000060e+00 -1.207359999999999989e+00 -9.006859999999999866e-01 -1.027139999999999942e+00 -7.382619999999999738e-01 6.288287081049637184e-02 1.319679857014549595e-01 -9.677390000000000159e-01 2.236538177289117968e-01 nan nan 2.437649536391069960e-01 8.209214854360000202e-02 3.054359130049999829e-02 1.317171633679999898e-01 1.586669999999999980e+01 2.432209999999999894e+01 2.818759999999999977e+01 3.451520000000000010e+01 6.185049798686161893e-01 7.528983311613622886e-01
-6.838140000000000329e-01 -1.679650000000000087e+00 -1.542499999999999982e+00 -8.233030000000000070e-01 -9.469670000000000032e-01 -7.277280000000000415e-01 7.520164198392653709e-02 1.443414684522834612e-01 -2.813550000000000217e-01 2.527382432747738994e-01 nan nan 2.258673080080031426e-01 8.209214854360000202e-02 3.054359130049999829e-02 1.317171633679999898e-01 1.586669999999999980e+01 2.432209999999999894e+01 2.818759999999999977e+01 3.451520000000000010e+01 6.170904852723033684e-01 7.149883654912528863e-01
-6.750869999999999926e-01 -7.120440000000000103e-01 -7.753139999999999477e-01 -8.444319999999999604e-01 -8.732729999999999659e-01 -7.079520000000000257e-01 8.906714043076946474e-02 1.588797267213901687e-01 -2.813550000000000217e-01 2.837076511813523272e-01 nan nan 2.077123509712609506e-01 7.256884150179999937e-02 3.582519124380000031e-02 1.656351107719999938e-01 1.263840000000000074e+01 2.798819999999999908e+01 3.830960000000000321e+01 4.775240000000000151e+01 6.170904852723033684e-01 7.149883654912528863e-01
-6.586030000000000495e-01 -3.151209999999999845e-01 -4.299669999999999881e-01 -7.882649999999999935e-01 -8.736329999999999929e-01 -7.085179999999999811e-01 1.045244810049307249e-01 1.755788905810411471e-01 -9.677390000000000159e-01 3.164668035216894326e-01 nan nan 1.895057854464595737e-01 7.256884150179999937e-02 3.582519124380000031e-02 1.656351107719999938e-01 1.263840000000000074e+01 2.798819999999999908e+01 3.830960000000000321e+01 4.775240000000000151e+01 6.820671752489935180e-01 7.174976539770604456e-01
-6.549070000000000169e-01 -2.671169999999999933e-01 -3.717579999999999774e-01 -8.945750000000000091e-01 -9.230829999999999869e-01 -7.269200000000000106e-01 1.216016128556233200e-01 1.944106061797072904e-01 -9.677390000000000159e-01 3.509001838492471492e-01 nan nan 1.714538990959696418e-01 8.322852035460000242e-02 3.128045070419999824e-02 1.593908605649999866e-01 1.386790000000000056e+01 2.943270000000000053e+01 5.034729999999999706e+01 6.679340000000000543e+01 6.820671752489935180e-01 7.174976539770604456e-01
-6.719720000000000137e-01 -5.912680000000000158e-01 -7.008940000000000170e-01 -7.599900000000000544e-01 -8.075480000000000436e-01 -7.409280000000000310e-01 1.403089144164650914e-01 2.153223570025322164e-01 -9.677390000000000159e-01 3.868733060454047079e-01 nan nan 1.537612270053094754e-01 8.322852035460000242e-02 3.128045070419999824e-02 1.593908605649999866e-01 1.386790000000000056e+01 2.943270000000000053e+01 5.034729999999999706e+01 6.679340000000000543e+01 6.699671540580631746e-01 6.901484686868449847e-01
-6.835860000000000269e-01 -1.580170000000000075e+00 -1.476760000000000073e+00 -8.455200000000000493e-01 -9.615179999999999838e-01 -7.526730000000000365e-01 1.606363594153201735e-01 2.382380589044296171e-01 1.548999999999999932e+00 4.242342381009205354e-01 nan nan 1.366282342188998022e-01 1.432213086590000128e-01 3.722822903410000217e-02 1.486772780010000017e-01 1.654479999999999862e+01 4.257529999999999859e+01 6.458220000000000027e+01 8.041540000000000532e+01 6.699671540580631746e-01 6.901484686868449847e-01
-6.846440000000000303e-01 -2.469700000000000006e+00 -2.374859999999999971e+00 -9.008739999999999526e-01 -1.010010000000000074e+00 -7.559940000000000548e-01 1.825559280871917878e-01 2.630589221738498518e-01 4.065739999999999910e+00 4.628153235663058362e-01 nan nan 1.202490443910069207e-01 1.432213086590000128e-01 3.722822903410000217e-02 1.486772780010000017e-01 1.654479999999999862e+01 4.257529999999999859e+01 6.458220000000000027e+01 8.041540000000000532e+01 4.152097902097902082e-01 6.658410234837632835e-01
-6.821669999999999678e-01 -1.213980000000000059e+00 -1.288030000000000008e+00 -9.767879999999999896e-01 -1.010340000000000016e+00 -7.547800000000000065e-01 2.060226526426771620e-01 2.896645708596842228e-01 1.548999999999999932e+00 5.024350811663895744e-01 nan nan 1.048092402871731998e-01 2.273981021700000049e-01 4.463247839619999963e-02 1.463125686129999881e-01 3.221340000000000003e+01 5.969650000000000034e+01 8.828400000000000603e+01 1.056250000000000000e+02 4.152097902097902082e-01 6.658410234837632835e-01
-6.817360000000000086e-01 -1.173869999999999969e+00 -1.187920000000000087e+00 -8.318480000000000318e-01 -8.804980000000000029e-01 -6.257610000000000117e-01 2.309713249073308550e-01 3.179144066788930356e-01 -5.256090000000000068e-02 5.395574631961810308e-01 nan nan 9.048376105732758301e-02 2.273981021700000049e-01 4.463247839619999963e-02 1.463125686129999881e-01 3.221340000000000003e+01 5.969650000000000034e+01 8.828400000000000603e+01 1.056250000000000000e+02 1.159355795719432258e-01 5.761950008383907029e-01
-6.831230000000000357e-01 -1.412469999999999892e+00 -1.422360000000000069e+00 -9.461540000000000505e-01 -1.004340000000000011e+00 -5.080189999999999984e-01 2.573195664346411560e-01 3.476492020512309544e-01 -5.256090000000000068e-02 5.772135473953868834e-01 nan nan 7.743492010531549674e-02 3.446732202410000001e-01 5.388069683780000174e-02 1.306052713589999914e-01 2.599709999999999965e+01 9.854739999999999611e+01 1.201389999999999958e+02 1.216140000000000043e+02 1.159355795719432258e-01 5.761950008383907029e-01
-6.792880000000000029e-01 -1.018010000000000081e+00 -9.336820000000000119e-01 1.123399999999999954e+00 8.267349999999999977e-01 -3.751169999999999782e-01 2.849691518580277361e-01 3.786929042113562627e-01 1.762340000000000018e-01 6.149766752834220362e-01 nan nan 6.581056601317547550e-02 3.446732202410000001e-01 5.388069683780000174e-02 1.306052713589999914e-01 2.599709999999999965e+01 9.854739999999999611e+01 1.201389999999999958e+02 1.216140000000000043e+02 2.764621741894468521e-01 5.461688489337730434e-01
6.322730000000000017e-02 9.019970000000000487e-01 9.558820000000000094e-01 2.514079999999999870e+00 2.308840000000000003e+00 -2.651270000000000016e-01 3.138054869153603654e-01 4.108546299570091653e-01 8.626169999999999671e-01 6.524189755319349526e-01 nan nan 5.574240735762758803e-02 4.563549892109999839e-01 5.995440094400000114e-02 1.337841060680000083e-01 7.814900000000000091e+01 1.323100000000000023e+02 1.459339999999999975e+02 1.317100000000000080e+02 2.764621741894468521e-01 5.461688489337730434e-01
-2.885380000000000167e-01 5.805919999999999970e-01 7.307879999999999932e-01 1.107609999999999983e+00 9.947139999999999871e-01 2.323659999999999892e-01 3.437028724758870446e-01 4.439308284319656295e-01 4.050279999999999991e-01 6.891162119179259360e-01 nan nan 4.734452039927128375e-02 4.563549892109999839e-01 5.995440094400000114e-02 1.337841060680000083e-01 7.814900000000000091e+01 1.323100000000000023e+02 1.459339999999999975e+02 1.317100000000000080e+02 2.610510701419792579e-01 4.771472361055136835e-01
4.319290000000000074e-01 1.024990000000000068e+00 1.057600000000000096e+00 1.231430000000000025e+00 1.593460000000000099e+00 1.100589999999999957e+00 3.745262575700085694e-01 4.777075874385745546e-01 4.050279999999999991e-01 7.246525900896697570e-01 nan nan 4.071205655297027715e-02 5.231096913920000313e-01 5.589647202200000164e-02 1.575995784060000016e-01 2.700080000000000169e+01 1.106770000000000067e+02 1.211820000000000022e+02 1.135630000000000024e+02 2.610510701419792579e-01 4.771472361055136835e-01
2.273210000000000175e+00 1.356579999999999897e+00 1.314720000000000111e+00 1.496329999999999938e+00 1.244650000000000034e+00 1.439740000000000020e+00 4.061289059828853132e-01 5.119630571484312664e-01 6.338219999999999965e-01 7.586254686828647342e-01 nan nan 3.592016428430100383e-02 5.231096913920000313e-01 5.589647202200000164e-02 1.575995784060000016e-01 2.700080000000000169e+01 1.106770000000000067e+02 1.211820000000000022e+02 1.135630000000000024e+02 2.991311718584445112e-01 4.451560142026317335e-01
1.682770000000000099e+00 1.263779999999999903e+00 1.247430000000000039e+00 1.779840000000000089e+00 1.871860000000000079e+00 1.776359999999999939e+00 4.383564451555711505e-01 5.472201957968125807e-01 1.091409999999999991e+00 7.906499214081760263e-01 nan nan 2.680757272356870669e-02 5.631104715139999550e-01 5.147804466039999916e-02 1.748653509339999912e-01 3.173509999999999920e+01 6.547400000000000375e+01 8.782890000000000441e+01 8.639220000000000255e+01 2.991311718584445112e-01 4.451560142026317335e-01
1.716139999999999999e+00 1.268150000000000110e+00 1.237500000000000044e+00 1.492050000000000098e+00 1.399920000000000053e+00 1.750599999999999934e+00 4.710492848484166828e-01 5.825693837534697828e-01 8.626169999999999671e-01 8.237058962794047146e-01 nan nan 1.903664102654267776e-02 5.631104715139999550e-01 5.147804466039999916e-02 1.748653509339999912e-01 3.173509999999999920e+01 6.547400000000000375e+01 8.782890000000000441e+01 8.639220000000000255e+01 3.302553507098960894e-01 4.531016041207636125e-01
1.921790000000000109e+00 1.299350000000000005e+00 1.247549999999999937e+00 1.118170000000000108e+00 1.427259999999999973e+00 1.737290000000000001e+00 5.040412989730043147e-01 6.178265227217620836e-01 1.091409999999999991e+00 8.542228245706784406e-01 nan nan 1.223504586523915805e-02 6.166127758030000017e-01 4.383907385619999902e-02 1.717157670299999939e-01 1.827809999999999846e+01 5.094919999999999760e+01 6.300780000000000314e+01 7.693680000000000518e+01 3.302553507098960894e-01 4.531016041207636125e-01
2.064169999999999838e+00 1.319809999999999928e+00 1.254210000000000047e+00 1.637869999999999937e+00 1.586750000000000105e+00 1.537590000000000012e+00 5.371628532834804570e-01 6.528085573568669364e-01 1.091409999999999991e+00 8.821105951298825465e-01 nan nan 6.019480941397259421e-03 6.166127758030000017e-01 4.383907385619999902e-02 1.717157670299999939e-01 1.827809999999999846e+01 5.094919999999999760e+01 6.300780000000000314e+01 7.693680000000000518e+01 3.293918203009111867e-01 3.702303662149163399e-01
2.133490000000000109e+00 1.329439999999999955e+00 1.243940000000000046e+00 1.802769999999999984e+00 1.560340000000000060e+00 1.807830000000000048e+00 5.702437187500544180e-01 6.873355493559833995e-01 8.626169999999999671e-01 9.073088862125646692e-01 nan nan 0.000000000000000000e+00 6.727170207010000347e-01 3.702711883249999725e-02 1.430474530410000000e-01 1.158799999999999919e+01 3.506969999999999743e+01 4.869200000000000017e+01 5.506589999999999918e+01 3.293918203009111867e-01 3.702303662149163399e-01
2.299580000000000179e+00 1.352240000000000109e+00 1.267940000000000067e+00 1.939289999999999958e+00 1.763319999999999999e+00 2.028259999999999952e+00 6.031160775291213305e-01 7.212327162312019979e-01 8.626169999999999671e-01 9.297878489514027622e-01 nan nan 0.000000000000000000e+00 6.727170207010000347e-01 3.702711883249999725e-02 1.430474530410000000e-01 1.158799999999999919e+01 3.506969999999999743e+01 4.869200000000000017e+01 5.506589999999999918e+01 3.138800593346048329e-01 2.724151828132860276e-01
2.320870000000000211e+00 1.354139999999999899e+00 1.266869999999999941e+00 2.240050000000000097e+00 1.843939999999999912e+00 2.060729999999999951e+00 6.356163643316625755e-01 7.543324116649325894e-01 8.626169999999999671e-01 9.495484455557993142e-01 nan nan 0.000000000000000000e+00 7.032979943379999987e-01 3.340219654459999910e-02 1.227920752720000064e-01 5.224730000000000096e+00 1.300229999999999997e+01 2.418949999999999889e+01 3.462760000000000105e+01 3.138800593346048329e-01 2.724151828132860276e-01
2.303339999999999943e+00 1.351480000000000015e+00 1.270140000000000047e+00 2.347970000000000113e+00 1.972350000000000048e+00 1.996459999999999901e+00 6.675863425385557548e-01 7.864760250096702876e-01 1.091409999999999991e+00 9.666224384096637756e-01 nan nan 0.000000000000000000e+00 7.032979943379999987e-01 3.340219654459999910e-02 1.227920752720000064e-01 5.224730000000000096e+00 1.300229999999999997e+01 2.418949999999999889e+01 3.462760000000000105e+01 3.080578512396694446e-01 3.065744535016782235e-01
2.355679999999999996e+00 1.359280000000000044e+00 1.285889999999999977e+00 1.939699999999999980e+00 2.036290000000000155e+00 1.951540000000000052e+00 6.988806344338952536e-01 8.175157784100093306e-01 1.091409999999999991e+00 9.810720301909119367e-01 nan nan 0.000000000000000000e+00 7.269188233509999986e-01 3.211659798509999830e-02 1.092986364939999983e-01 4.535230000000000317e+00 7.458990000000000009e+00 1.136560000000000059e+01 1.940670000000000073e+01 3.080578512396694446e-01 3.065744535016782235e-01
2.230820000000000025e+00 1.345930000000000071e+00 1.277840000000000087e+00 1.768340000000000023e+00 1.729070000000000107e+00 2.027559999999999807e+00 7.293489875321076399e-01 8.459015087562000712e-01 8.626169999999999671e-01 9.896463612307685453e-01 nan nan 6.019480941397259421e-03 7.269188233509999986e-01 3.211659798509999830e-02 1.092986364939999983e-01 4.535230000000000317e+00 7.458990000000000009e+00 1.136560000000000059e+01 1.940670000000000073e+01 3.086300063572792185e-01 3.640056834060430013e-01
2.132429999999999826e+00 1.332480000000000109e+00 1.270180000000000087e+00 1.863259999999999916e+00 2.066180000000000128e+00 2.015439999999999898e+00 7.588613855301500344e-01 8.714659001519020620e-01 1.091409999999999991e+00 9.956999700938783393e-01 nan nan 1.223504586523915805e-02 7.175674516040000395e-01 3.908122560950000324e-02 1.138847575109999954e-01 2.672559999999999825e+00 8.670279999999999987e+00 1.156600000000000072e+01 1.285139999999999993e+01 3.086300063572792185e-01 3.640056834060430013e-01
1.957640000000000047e+00 1.306880000000000042e+00 1.264829999999999899e+00 1.989049999999999985e+00 1.691389999999999949e+00 1.873820000000000041e+00 7.873370816707312425e-01 8.953802751563052498e-01 1.091409999999999991e+00 9.991642669729230430e-01 nan nan 1.903664102654267776e-02 7.175674516040000395e-01 3.908122560950000324e-02 1.138847575109999954e-01 2.672559999999999825e+00 8.670279999999999987e+00 1.156600000000000072e+01 1.285139999999999993e+01 3.045666454757364194e-01 3.572779662113861887e-01
1.903370000000000006e+00 1.298519999999999897e+00 1.265390000000000015e+00 1.770929999999999893e+00 1.639420000000000099e+00 1.788739999999999997e+00 8.146709240357326021e-01 9.173736743449103503e-01 1.091409999999999991e+00 1.000000000000000000e+00 nan nan 2.680757272356870669e-02 6.776366823849999665e-01 5.326667269379999764e-02 1.337544962130000070e-01 4.672970000000000290e+00 9.422060000000000102e+00 1.305780000000000030e+01 1.385319999999999929e+01 3.045666454757364194e-01 3.572779662113861887e-01
1.786470000000000002e+00 1.281959999999999988e+00 1.265600000000000058e+00 1.838430000000000009e+00 1.718569999999999931e+00 1.745460000000000012e+00 8.398727894466779809e-01 9.371969037167943162e-01 1.091409999999999991e+00 9.981976999859705213e-01 nan nan 3.592016428430100383e-02 6.776366823849999665e-01 5.326667269379999764e-02 1.337544962130000070e-01 4.672970000000000290e+00 9.422060000000000102e+00 1.305780000000000030e+01 1.385319999999999929e+01 2.948929858020766792e-01 3.541744499716125150e-01
1.712059999999999915e+00 1.268860000000000099e+00 1.257640000000000091e+00 1.902309999999999945e+00 1.587299999999999933e+00 1.603960000000000052e+00 8.637196075821927943e-01 9.546253581622128337e-01 8.626169999999999671e-01 9.937777877101561241e-01 nan nan 4.673153749436753657e-02 6.505928402789999954e-01 6.287421098419999910e-02 1.547500565609999934e-01 2.491039999999999921e+00 8.688650000000000873e+00 1.224259999999999948e+01 1.456809999999999938e+01 2.948929858020766792e-01 3.541744499716125150e-01
1.602279999999999927e+00 1.249379999999999935e+00 1.239170000000000105e+00 1.808019999999999960e+00 1.651370000000000005e+00 1.384989999999999943e+00 8.869531221811707278e-01 9.694615663282425411e-01 1.091409999999999991e+00 9.867903425447493992e-01 nan nan 5.957956626451044180e-02 6.505928402789999954e-01 6.287421098419999910e-02 1.547500565609999934e-01 2.491039999999999921e+00 8.688650000000000873e+00 1.224259999999999948e+01 1.456809999999999938e+01 2.926891290527654510e-01 3.757372689645434027e-01
1.561390000000000056e+00 1.243389999999999995e+00 1.242150000000000087e+00 1.144949999999999912e+00 1.336030000000000051e+00 1.258669999999999956e+00 9.075958309092377885e-01 9.815374280481140579e-01 1.091409999999999991e+00 9.773145350355154637e-01 nan nan 7.477904838417026578e-02 6.252949505929999985e-01 6.823915323130000377e-02 1.677756337200000114e-01 2.602529999999999788e+00 7.404709999999999681e+00 1.330799999999999983e+01 1.687770000000000081e+01 2.926891290527654510e-01 3.757372689645434027e-01
1.554899999999999949e+00 1.242110000000000047e+00 1.239230000000000054e+00 1.579460000000000086e+00 1.752780000000000005e+00 1.245789999999999953e+00 9.263459609908735182e-01 9.907161189832719428e-01 8.626169999999999671e-01 9.654577298678747033e-01 nan nan 9.261813873674418218e-02 6.252949505929999985e-01 6.823915323130000377e-02 1.677756337200000114e-01 2.602529999999999788e+00 7.404709999999999681e+00 1.330799999999999983e+01 1.687770000000000081e+01 2.854259376986649777e-01 3.651764885846494613e-01
1.499589999999999979e+00 1.231829999999999981e+00 1.245409999999999906e+00 1.500809999999999977e+00 1.529179999999999984e+00 1.284450000000000092e+00 9.429425671738780323e-01 9.968936408978019692e-01 8.626169999999999671e-01 9.513542693821153140e-01 nan nan 1.133550843896165006e-01 5.856584293619999659e-01 6.867613906389999356e-02 1.823966377100000036e-01 2.616680000000000117e+00 8.919320000000000803e+00 1.513380000000000081e+01 2.075300000000000011e+01 2.854259376986649777e-01 3.651764885846494613e-01
1.460429999999999895e+00 1.225729999999999986e+00 1.251749999999999918e+00 1.589350000000000041e+00 1.716190000000000104e+00 1.394670000000000076e+00 9.565702898904699936e-01 1.000000000000000000e+00 8.626169999999999671e-01 9.351639514209977300e-01 nan nan 1.372152985516951196e-01 5.856584293619999659e-01 6.867613906389999356e-02 1.823966377100000036e-01 2.616680000000000117e+00 8.919320000000000803e+00 1.513380000000000081e+01 2.075300000000000011e+01 2.651568128840856575e-01 3.376478582796224037e-01
1.379269999999999996e+00 1.210720000000000018e+00 1.240510000000000002e+00 1.495020000000000016e+00 1.590680000000000094e+00 1.462550000000000017e+00 9.696584166112174330e-01 1.000000000000000000e+00 8.626169999999999671e-01 9.170702187563445351e-01 nan nan 1.643888065516835306e-01 5.508041593620000009e-01 5.822741598190000339e-02 2.020683751250000049e-01 3.559250000000000025e+00 1.112689999999999912e+01 1.959629999999999939e+01 2.526549999999999940e+01 2.651568128840856575e-01 3.376478582796224037e-01
1.321450000000000014e+00 1.199829999999999952e+00 1.249419999999999975e+00 9.187410000000000299e-01 1.244399999999999951e+00 1.448080000000000034e+00 9.809301975145798824e-01 9.968936408978019692e-01 1.091409999999999991e+00 9.006208784686353663e-01 nan nan 1.890086118337798160e-01 5.508041593620000009e-01 5.822741598190000339e-02 2.020683751250000049e-01 3.559250000000000025e+00 1.112689999999999912e+01 1.959629999999999939e+01 2.526549999999999940e+01 2.428957406230133342e-01 3.530212951223316020e-01
1.419680000000000053e+00 1.222180000000000044e+00 1.256529999999999925e+00 1.286920000000000064e+00 1.205589999999999939e+00 1.433589999999999920e+00 9.888882992846065312e-01 9.907161189832719428e-01 1.091409999999999991e+00 8.828062768340689814e-01 nan nan 2.170113270904048264e-01 5.041272676900000471e-01 5.688706424599999922e-02 2.249407943329999882e-01 5.475459999999999994e+00 1.561050000000000004e+01 2.263789999999999836e+01 2.964600000000000080e+01 2.428957406230133342e-01 3.530212951223316020e-01
1.360489999999999977e+00 1.210599999999999898e+00 1.243109999999999937e+00 1.378560000000000008e+00 1.458650000000000002e+00 1.427310000000000079e+00 9.946840520964516097e-01 9.815374280481141689e-01 8.626169999999999671e-01 8.640839182468902369e-01 nan nan 2.480796703683832982e-01 5.041272676900000471e-01 5.688706424599999922e-02 2.249407943329999882e-01 5.475459999999999994e+00 1.561050000000000004e+01 2.263789999999999836e+01 2.964600000000000080e+01 2.256622165713074724e-01 3.609286426602577036e-01
1.372959999999999958e+00 1.212730000000000086e+00 1.253540000000000099e+00 1.269339999999999913e+00 1.695559999999999956e+00 1.465719999999999912e+00 9.984019942583525209e-01 9.694615663282424300e-01 8.626169999999999671e-01 8.449215923503374803e-01 nan nan 2.818616249240958327e-01 4.623634168740000105e-01 6.150028568310000193e-02 2.795960042569999859e-01 6.565260000000000318e+00 1.929479999999999862e+01 2.669569999999999865e+01 3.617009999999999792e+01 2.256622165713074724e-01 3.609286426602577036e-01
1.337120000000000086e+00 1.208590000000000053e+00 1.259619999999999962e+00 8.955109999999999459e-01 1.268820000000000059e+00 1.549239999999999950e+00 1.000000000000000000e+00 9.546253581622129447e-01 8.626169999999999671e-01 8.257920737930669608e-01 nan nan 3.179744277138422115e-01 4.623634168740000105e-01 6.150028568310000193e-02 2.795960042569999859e-01 6.565260000000000318e+00 1.929479999999999862e+01 2.669569999999999865e+01 3.617009999999999792e+01 2.209525323161686261e-01 3.599490493826796866e-01
1.210760000000000058e+00 1.181759999999999922e+00 1.229810000000000070e+00 1.090600000000000014e+00 1.604360000000000008e+00 1.542259999999999964e+00 9.994599632778110587e-01 9.371969037167943162e-01 8.626169999999999671e-01 8.071677655034712462e-01 nan nan 3.560089062520706005e-01 4.836366569339999866e-01 6.595473799779999480e-02 2.593007283880000013e-01 9.640359999999999374e+00 2.184049999999999869e+01 3.277060000000000173e+01 4.550390000000000157e+01 2.209525323161686261e-01 3.599490493826796866e-01
1.057199999999999918e+00 1.146090000000000053e+00 1.199699999999999989e+00 7.637749999999999817e-01 1.161920000000000064e+00 1.448450000000000015e+00 9.967880029236351191e-01 9.173736743449105724e-01 1.091409999999999991e+00 7.860636570142838231e-01 nan nan 3.955341146991364631e-01 4.836366569339999866e-01 6.595473799779999480e-02 2.593007283880000013e-01 9.640359999999999374e+00 2.184049999999999869e+01 3.277060000000000173e+01 4.550390000000000157e+01 2.119040050858232993e-01 3.436224947563812915e-01
9.774770000000000403e-01 1.127690000000000081e+00 1.164840000000000098e+00 4.713100000000000067e-01 6.302820000000000089e-01 1.323919999999999986e+00 9.920143933159468741e-01 8.953802751563052498e-01 1.091409999999999991e+00 7.660616641669615312e-01 nan nan 4.361022166498625952e-01 5.279791320850000247e-01 6.405976451879999423e-02 2.081003173900000114e-01 1.304679999999999929e+01 3.688289999999999935e+01 5.004729999999999990e+01 6.053479999999999706e+01 2.119040050858232993e-01 3.436224947563812915e-01
8.801999999999999824e-01 1.105019999999999891e+00 1.156630000000000047e+00 5.274969999999999937e-01 7.792259999999999742e-01 1.064340000000000064e+00 9.851932213590386400e-01 8.714659001519020620e-01 1.091409999999999991e+00 7.440456196733549188e-01 nan nan 4.772535592989561870e-01 5.279791320850000247e-01 6.405976451879999423e-02 2.081003173900000114e-01 1.304679999999999929e+01 3.688289999999999935e+01 5.004729999999999990e+01 6.053479999999999706e+01 2.113901250264886844e-01 3.330322971609445126e-01
9.410030000000000339e-01 1.119620000000000060e+00 1.141720000000000068e+00 7.940840000000000121e-01 6.359500000000000153e-01 7.097449999999999593e-01 9.764017736567842665e-01 8.459015087562002932e-01 1.320210000000000106e+00 7.234610054368252330e-01 nan nan 5.185218814909606788e-01 5.552153151269999531e-01 4.928295862990000192e-02 1.505564505499999983e-01 2.062249999999999872e+01 5.382730000000000103e+01 6.623739999999999384e+01 7.559749999999999659e+01 2.113901250264886844e-01 3.330322971609445126e-01
9.327400000000000135e-01 1.117169999999999996e+00 1.119809999999999972e+00 8.402060000000000084e-01 1.130419999999999980e+00 4.577149999999999830e-01 9.657396608245347736e-01 8.175157784100094416e-01 1.091409999999999991e+00 7.042853955224960272e-01 nan nan 5.594395966454559499e-01 5.552153151269999531e-01 4.928295862990000192e-02 1.505564505499999983e-01 2.062249999999999872e+01 5.382730000000000103e+01 6.623739999999999384e+01 7.559749999999999659e+01 2.153952108497563245e-01 3.417780353418427008e-01
8.594850000000000545e-01 1.100190000000000001e+00 1.071360000000000090e+00 9.107460000000000555e-01 8.222190000000000332e-01 3.035669999999999757e-01 9.533276888610434652e-01 7.864760250096703986e-01 4.050279999999999991e-01 6.864803994135100229e-01 nan nan 5.995430906998522325e-01 5.485387265629999565e-01 4.432583176700000127e-02 1.326977942489999951e-01 2.956409999999999982e+01 6.531600000000000250e+01 7.915349999999999397e+01 8.254250000000000398e+01 2.153952108497563245e-01 3.417780353418427008e-01
7.052279999999999660e-01 1.060230000000000006e+00 9.981600000000000472e-01 9.876559999999999784e-01 1.243770000000000042e+00 -1.426510000000000000e-01 9.385868008097063564e-01 7.543324116649328115e-01 6.338219999999999965e-01 6.699920969909265445e-01 nan nan 6.383779750419698029e-01 5.485387265629999565e-01 4.432583176700000127e-02 1.326977942489999951e-01 2.956409999999999982e+01 6.531600000000000250e+01 7.915349999999999397e+01 8.254250000000000398e+01 2.209949141767324488e-01 3.669944725051995649e-01
3.759319999999999884e-01 9.567020000000000524e-01 8.874959999999999516e-01 1.311150000000000038e+00 8.728810000000000180e-01 -2.760000000000000231e-01 9.209102087523436397e-01 7.212327162312022200e-01 6.338219999999999965e-01 6.547516494702138035e-01 nan nan 6.755042349145804481e-01 4.819984668169999820e-01 6.144304679289999682e-02 1.104859813160000009e-01 2.812549999999999883e+01 8.732129999999999370e+01 9.983190000000000452e+01 9.743750000000000000e+01 2.209949141767324488e-01 3.669944725051995649e-01
1.375319999999999876e-01 8.597120000000000317e-01 5.996479999999999588e-01 4.870490000000000097e-01 9.339739999999999709e-01 -3.646639999999999882e-01 9.009876772412266366e-01 6.873355493559833995e-01 6.338219999999999965e-01 6.406760793721837377e-01 nan nan 7.105012149584262193e-01 4.819984668169999820e-01 6.144304679289999682e-02 1.104859813160000009e-01 2.812549999999999883e+01 8.732129999999999370e+01 9.983190000000000452e+01 9.743750000000000000e+01 2.114007204916296123e-01 4.043484528015485191e-01
-5.613099999999999756e-01 1.438750000000000029e-01 -1.840479999999999894e-01 5.683479999999999643e-01 4.659360000000000168e-01 -6.178449999999999775e-01 8.795102792930290514e-01 6.528085573568669364e-01 8.626169999999999671e-01 6.276692106909887992e-01 nan nan 7.429723854055272358e-01 4.340030337349999878e-01 6.501968744590000404e-02 1.159966218629999990e-01 4.894420000000000215e+01 1.008299999999999983e+02 1.168730000000000047e+02 1.126850000000000023e+02 2.114007204916296123e-01 4.043484528015485191e-01
-2.160479999999999901e-01 6.463619999999999921e-01 6.162670000000000092e-01 -3.160810000000000008e-01 3.144959999999999978e-01 -6.076519999999999699e-01 8.565568814602930736e-01 6.178265227217620836e-01 4.050279999999999991e-01 6.156227586066964630e-01 nan nan 7.725498349198959280e-01 4.340030337349999878e-01 6.501968744590000404e-02 1.159966218629999990e-01 4.894420000000000215e+01 1.008299999999999983e+02 1.168730000000000047e+02 1.126850000000000023e+02 1.663223140495868613e-01 4.464356630787469360e-01
-3.785129999999999884e-01 4.824749999999999872e-01 5.582850000000000312e-01 -3.760499999999999954e-01 3.384539999999999771e-01 -6.241569999999999618e-01 8.321894061600666470e-01 5.825693837534700048e-01 -5.256090000000000068e-02 6.044175563955687114e-01 nan nan 7.988984391799855977e-01 3.414163911940000240e-01 6.713197842590000464e-02 1.426569112049999866e-01 2.715190000000000126e+01 8.199060000000000059e+01 1.076189999999999998e+02 1.113840000000000003e+02 1.663223140495868613e-01 4.464356630787469360e-01
-6.511930000000000218e-01 -2.929300000000000237e-01 -2.413750000000000062e-01 -6.230780000000000207e-01 -3.025410000000000044e-01 -7.133239999999999581e-01 8.064622639303000717e-01 5.472201957968125807e-01 -5.256090000000000068e-02 5.939249056366581181e-01 nan nan 8.217196579711614213e-01 3.414163911940000240e-01 6.713197842590000464e-02 1.426569112049999866e-01 2.715190000000000126e+01 8.199060000000000059e+01 1.076189999999999998e+02 1.113840000000000003e+02 1.523415977961432022e-01 4.585761479332934876e-01
-6.279590000000000449e-01 -1.474779999999999980e-01 -1.348199999999999954e-01 -8.449020000000000419e-01 -5.546999999999999709e-01 -7.370309999999999917e-01 7.794506805542809058e-01 5.119630571484313775e-01 1.762340000000000018e-01 5.840080344163425252e-01 nan nan 8.407549177656228334e-01 2.257355949219999880e-01 6.593740975600000109e-02 1.481324392389999911e-01 2.290899999999999892e+01 6.910320000000000107e+01 1.007159999999999940e+02 1.133310000000000031e+02 1.523415977961432022e-01 4.585761479332934876e-01
-6.425429999999999753e-01 -2.315349999999999908e-01 -8.227589999999999903e-02 -6.901209999999999845e-01 -4.287190000000000167e-01 -7.422710000000000141e-01 7.512501406300746698e-01 4.769810231495235087e-01 4.050279999999999991e-01 5.745236470087575764e-01 nan nan 8.557885414637949051e-01 2.257355949219999880e-01 6.593740975600000109e-02 1.481324392389999911e-01 2.290899999999999892e+01 6.910320000000000107e+01 1.007159999999999940e+02 1.133310000000000031e+02 1.449141767323585128e-01 4.859106246157376408e-01
-6.693909999999999583e-01 -6.576419999999999488e-01 -6.568800000000000194e-01 -6.676710000000000145e-01 -5.047279999999999545e-01 -7.496289999999999898e-01 7.219735994194207418e-01 4.424540320956817929e-01 1.762340000000000018e-01 5.653235474736288957e-01 nan nan 8.666501921020458576e-01 1.290097864070000044e-01 5.214192633890000345e-02 1.397823256659999902e-01 2.999540000000000006e+01 7.026609999999999445e+01 9.973950000000000671e+01 1.137849999999999966e+02 1.449141767323585128e-01 4.859106246157376408e-01
-6.709389999999999521e-01 -6.871329999999999938e-01 -5.013840000000000519e-01 -8.966060000000000141e-01 -6.351890000000000036e-01 -7.518200000000000438e-01 6.917477596608826440e-01 4.085568664641052727e-01 1.762340000000000018e-01 5.562563187754918648e-01 nan nan 8.732168028385492997e-01 1.290097864070000044e-01 5.214192633890000345e-02 1.397823256659999902e-01 2.999540000000000006e+01 7.026609999999999445e+01 9.973950000000000671e+01 1.137849999999999966e+02 1.264038991311717819e-01 5.039492611866316363e-01
-6.795350000000000001e-01 -9.947329999999999783e-01 -9.398750000000000160e-01 -8.141070000000000251e-01 -6.986999999999999877e-01 -7.494709999999999983e-01 6.607105499608345589e-01 3.754571725582932507e-01 4.050279999999999991e-01 5.471690383992056095e-01 nan nan 8.754139713497757214e-01 1.051114613700000061e-01 5.132000705229999848e-02 1.345453585149999909e-01 1.589000000000000057e+01 5.707979999999999876e+01 9.586750000000000682e+01 1.091269999999999953e+02 1.264038991311717819e-01 5.039492611866316363e-01
-6.832589999999999497e-01 -1.543139999999999956e+00 -1.331329999999999902e+00 -7.960580000000000434e-01 -7.724090000000000122e-01 -7.479489999999999750e-01 6.290098980316629618e-01 3.433135610084387945e-01 6.338219999999999965e-01 5.379090110231554700e-01 nan nan 8.732168028385492997e-01 1.051114613700000061e-01 5.132000705229999848e-02 1.345453585149999909e-01 1.589000000000000057e+01 5.707979999999999876e+01 9.586750000000000682e+01 1.091269999999999953e+02 3.573903369357915860e-01 6.114809508820753248e-01
-6.818670000000000009e-01 -1.213789999999999925e+00 -1.199100000000000055e+00 -8.825180000000000247e-01 -8.501720000000000388e-01 -7.425620000000000553e-01 5.968030975285798512e-01 3.122738096496107119e-01 1.762340000000000018e-01 5.283254986182601698e-01 nan nan 8.666501921020459687e-01 1.457175186780000076e-01 5.593057226150000005e-02 1.453450957790000109e-01 2.238200000000000145e+01 6.010549999999999926e+01 8.619299999999999784e+01 1.035000000000000000e+02 3.573903369357915860e-01 6.114809508820753248e-01
-6.756010000000000071e-01 -7.289409999999999501e-01 -8.068239999999999856e-01 -8.308419999999999694e-01 -8.685079999999999467e-01 -7.470419999999999838e-01 5.642533854842238794e-01 2.824731891398332140e-01 -9.677390000000000159e-01 5.182714283700732283e-01 nan nan 8.557885414637949051e-01 1.457175186780000076e-01 5.593057226150000005e-02 1.453450957790000109e-01 2.238200000000000145e+01 6.010549999999999926e+01 8.619299999999999784e+01 1.035000000000000000e+02 8.530673871582963308e-01 8.244527662478635666e-01
-6.721409999999999885e-01 -6.034009999999999652e-01 -6.896809999999999885e-01 -7.912339999999999929e-01 -7.864160000000000039e-01 -7.497829999999999773e-01 5.315270016994053659e-01 2.540329302894793750e-01 -9.677390000000000159e-01 5.076050590725380562e-01 nan nan 8.407549177656228334e-01 2.322404305690000115e-01 5.976585083409999971e-02 1.366252903450000111e-01 2.848959999999999937e+01 7.422209999999999752e+01 9.767040000000000077e+01 9.231010000000000559e+01 8.530673871582963308e-01 8.244527662478635666e-01
-6.799169999999999936e-01 -9.897230000000000194e-01 -1.019779999999999909e+00 -8.098279999999999923e-01 -9.566729999999999956e-01 -7.159849999999999826e-01 4.987912990931326895e-01 2.270588504677479857e-01 -7.389440000000000452e-01 4.961915871124895627e-01 nan nan 8.217196579711614213e-01 2.322404305690000115e-01 5.976585083409999971e-02 1.366252903450000111e-01 2.848959999999999937e+01 7.422209999999999752e+01 9.767040000000000077e+01 9.231010000000000559e+01 4.407554566645476291e-01 6.487790384688927325e-01
-6.839129999999999932e-01 -1.701580000000000092e+00 -1.616049999999999986e+00 -1.019139999999999935e+00 -9.966159999999999464e-01 -4.976920000000000233e-01 4.662155659345155190e-01 2.016401546495881769e-01 -7.389440000000000452e-01 4.839046738484558130e-01 nan nan 7.988984391799855977e-01 3.853978575109999749e-01 6.268543583060000313e-02 1.179844241469999999e-01 3.608050000000000068e+01 8.558329999999999416e+01 9.029819999999999425e+01 8.162949999999999307e+01 4.407554566645476291e-01 6.487790384688927325e-01
-6.787260000000000515e-01 -9.820100000000000495e-01 -8.211580000000000545e-01 -9.367710000000000203e-01 -9.463249999999999718e-01 -1.966160000000000130e-01 4.339668338338785736e-01 1.778484246876886887e-01 -9.677390000000000159e-01 4.706278770779487308e-01 nan nan 7.725498349198959280e-01 3.853978575109999749e-01 6.268543583060000313e-02 1.179844241469999999e-01 3.608050000000000068e+01 8.558329999999999416e+01 9.029819999999999425e+01 8.162949999999999307e+01 2.199777495232040359e-01 4.993719424481595226e-01
-6.088620000000000143e-01 4.997039999999999815e-02 6.806059999999999888e-02 -5.669140000000000290e-01 -3.822740000000000027e-01 5.192280000000000229e-01 4.022071893107268536e-01 1.557368082614841720e-01 -7.389440000000000452e-01 4.562559703741456696e-01 nan nan 7.429723854055272358e-01 5.294343097670000109e-01 4.381526459530000334e-02 1.017857768949999991e-01 2.680829999999999913e+01 6.964839999999999520e+01 7.436060000000000514e+01 7.474800000000000466e+01 2.199777495232040359e-01 4.993719424481595226e-01
1.138649999999999940e-01 8.930420000000000025e-01 1.085650000000000004e+00 3.146169999999999800e-01 5.832690000000000374e-01 1.015139999999999931e+00 3.710957805375438845e-01 1.353394166927106568e-01 -7.389440000000000452e-01 4.441478245048071649e-01 nan nan 7.105012149584264414e-01 5.294343097670000109e-01 4.381526459530000334e-02 1.017857768949999991e-01 2.680829999999999913e+01 6.964839999999999520e+01 7.436060000000000514e+01 7.474800000000000466e+01 7.668203009112100066e-01 8.794717844777121263e-01
1.200120000000000076e+00 1.282699999999999951e+00 1.321379999999999999e+00 -1.160989999999999939e-01 1.033270000000000022e-01 8.923860000000000126e-01 3.407847816913565087e-01 1.166709384505000280e-01 -7.389440000000000452e-01 4.310978317413018956e-01 nan nan 6.755042349145805591e-01 5.199037863080000488e-01 5.256245155570000299e-02 1.070678877590000022e-01 4.055839999999999890e+01 5.955720000000000169e+01 6.189529999999999887e+01 6.692910000000000537e+01 7.668203009112100066e-01 8.794717844777121263e-01
1.608799999999999952e-01 9.558999999999999719e-01 1.046769999999999978e+00 4.255240000000000133e-01 4.791270000000000251e-01 1.035500000000000087e+00 3.114172928511427241e-01 9.972647272515511307e-02 -7.389440000000000452e-01 4.172538537161527561e-01 nan nan 6.443974559833672844e-01 5.199037863080000488e-01 5.256245155570000299e-02 1.070678877590000022e-01 4.055839999999999890e+01 5.955720000000000169e+01 6.189529999999999887e+01 6.692910000000000537e+01 8.118987073532528687e-01 1.000000000000000000e+00
6.254440000000000000e-01 1.161939999999999973e+00 1.140179999999999971e+00 -4.079229999999999662e-02 1.383780000000000010e-01 1.917059999999999986e+00 2.831274081693891942e-01 8.448158495628299569e-02 -7.389440000000000452e-01 4.027727482321576957e-01 nan nan 6.117781365650916126e-01 4.560434179269999833e-01 6.257013462320000496e-02 9.985109056350000012e-02 1.347150000000000070e+01 4.534369999999999834e+01 5.396900000000000119e+01 6.089679999999999893e+01 8.118987073532528687e-01 1.000000000000000000e+00
-5.079669999999999463e-01 2.758860000000000201e-01 4.897830000000000239e-01 3.254199999999999871e-01 5.596280000000000143e-01 8.671680000000000499e-01 2.560347067957482459e-01 7.089258368612605388e-02 -2.813550000000000217e-01 3.878185920008065946e-01 nan nan 5.784762376719988497e-01 4.560434179269999833e-01 6.257013462320000496e-02 9.985109056350000012e-02 1.347150000000000070e+01 4.534369999999999834e+01 5.396900000000000119e+01 6.089679999999999893e+01 3.102670057215510813e-01 6.793199916455108234e-01
4.298270000000000146e-01 1.067299999999999915e+00 1.143639999999999990e+00 3.523450000000000193e-01 5.896510000000000362e-01 1.714089999999999892e+00 2.302424016394167827e-01 5.889701560123827839e-02 -5.101499999999999924e-01 3.725608215875783058e-01 nan nan 5.453294542145294965e-01 4.216217192530000157e-01 6.146533260450000313e-02 1.071099064049999966e-01 3.139580000000000126e+01 5.659230000000000160e+01 5.524719999999999942e+01 5.783279999999999887e+01 3.102670057215510813e-01 6.793199916455108234e-01
1.536249999999999893e+00 1.367690000000000072e+00 1.336379999999999901e+00 8.551140000000000477e-03 1.588710000000000122e-01 2.030530000000000168e+00 2.058399856995400956e-01 4.841437315348073867e-02 -7.389440000000000452e-01 3.571723136279502109e-01 nan nan 5.131737235832573019e-01 4.216217192530000157e-01 6.146533260450000313e-02 1.071099064049999966e-01 3.139580000000000126e+01 5.659230000000000160e+01 5.524719999999999942e+01 5.783279999999999887e+01 8.746768383132019764e-01 9.083300729252773431e-01
-2.708929999999999949e-01 5.989250000000000407e-01 8.793239999999999945e-01 6.367779999999999552e-01 6.591780000000000417e-01 1.785919999999999952e+00 1.828998442083170639e-01 3.934700674271118803e-02 -7.389440000000000452e-01 3.418274260660409958e-01 nan nan 4.828337541442302427e-01 2.973260017739999816e-01 5.286526880720000127e-02 1.680491062130000102e-01 2.200359999999999872e+01 4.607350000000000279e+01 4.760929999999999751e+01 4.696739999999999782e+01 8.746768383132019764e-01 9.083300729252773431e-01
1.811919999999999975e+00 1.408860000000000001e+00 1.390370000000000106e+00 -3.692770000000000219e-01 -1.951880000000000004e-01 5.876620000000000177e-01 1.614756909859763612e-01 3.158123112577315705e-02 -9.677390000000000159e-01 3.232483334479778758e-01 nan nan 4.551136809636471270e-01 2.973260017739999816e-01 5.286526880720000127e-02 1.680491062130000102e-01 2.200359999999999872e+01 4.607350000000000279e+01 4.760929999999999751e+01 4.696739999999999782e+01 9.113159567705022557e-01 8.857170593374654732e-01
5.825719999999999510e-04 8.736380000000000257e-01 9.680860000000000021e-01 4.450790000000000024e-01 6.022089999999999943e-01 3.803630000000000067e-01 1.416051083298577318e-01 2.498861351572634337e-02 -7.389440000000000452e-01 3.047326843370815608e-01 nan nan 4.307879546362410883e-01 2.065204679089999995e-01 4.958434307000000180e-02 2.073831903380000119e-01 1.876930000000000121e+01 3.935370000000000346e+01 3.854140000000000299e+01 3.695729999999999649e+01 9.113159567705022557e-01 8.857170593374654732e-01
-1.229740000000000000e-01 8.253340000000000121e-01 8.390530000000000488e-01 -2.410370000000000013e-01 -1.405959999999999988e-01 -4.360299999999999732e-01 1.233080798412221624e-01 1.942742877664249690e-02 -7.389440000000000452e-01 2.862346105968857080e-01 nan nan 4.105925664505865047e-01 2.065204679089999995e-01 4.958434307000000180e-02 2.073831903380000119e-01 1.876930000000000121e+01 3.935370000000000346e+01 3.854140000000000299e+01 3.695729999999999649e+01 9.232570459843187916e-01 8.122887476208826563e-01
-5.208749999999999769e-01 3.448550000000000226e-01 3.780140000000000167e-01 2.169400000000000148e-02 4.816379999999999967e-02 -4.694590000000000152e-01 1.065858192618966971e-01 1.474426522602545475e-02 -9.677390000000000159e-01 2.677080449549504859e-01 nan nan 3.952167093137124443e-01 2.057327397800000068e-01 5.394847624040000067e-02 1.794245956699999922e-01 1.790899999999999892e+01 3.055399999999999849e+01 3.252459999999999951e+01 3.466199999999999903e+01 9.232570459843187916e-01 8.122887476208826563e-01
-6.633620000000000072e-01 -4.504909999999999748e-01 -3.844009999999999927e-01 -6.323739999999999917e-01 -6.257789999999999742e-01 -6.283389999999999809e-01 9.141966545197721672e-02 1.077576285047465721e-02 -7.389440000000000452e-01 2.491072429634680896e-01 nan nan 3.852949689200784178e-01 2.057327397800000068e-01 5.394847624040000067e-02 1.794245956699999922e-01 1.790899999999999892e+01 3.055399999999999849e+01 3.252459999999999951e+01 3.466199999999999903e+01 9.537666878575969953e-01 8.468216169466695753e-01
-6.387100000000000000e-01 -1.581809999999999883e-01 -8.434229999999999505e-02 -6.167820000000000524e-01 -5.993230000000000501e-01 -5.151689999999999880e-01 7.777131251765156961e-02 7.350464239910925457e-03 -7.389440000000000452e-01 2.303873013021342508e-01 nan nan 3.814001336420883570e-01 2.264515937319999950e-01 4.580114645939999812e-02 1.892217593080000038e-01 1.173809999999999931e+01 2.453719999999999857e+01 2.783360000000000056e+01 3.125319999999999965e+01 9.537666878575969953e-01 8.468216169466695753e-01
-5.809299999999999464e-01 1.887070000000000136e-01 1.627879999999999883e-01 -7.087719999999999576e-01 -6.461310000000000109e-01 -4.994589999999999863e-01 6.558401495008858717e-02 4.290757268546108172e-03 -7.389440000000000452e-01 2.115046665507095414e-01 nan nan 3.780172236675598541e-01 2.264515937319999950e-01 4.580114645939999812e-02 1.892217593080000038e-01 1.173809999999999931e+01 2.453719999999999857e+01 2.783360000000000056e+01 3.125319999999999965e+01 9.837306632761179115e-01 8.354842220764435723e-01
-6.175650000000000306e-01 -2.697010000000000032e-02 8.385149999999999548e-02 -3.766860000000000208e-01 -2.312589999999999923e-01 -4.274970000000000159e-01 5.477733531900075281e-02 1.414887511235973783e-03 -7.389440000000000452e-01 1.924176286666747782e-01 nan nan 3.814001336420883570e-01 2.462492968370000035e-01 4.442785245880000178e-02 1.794398358890000045e-01 1.030240000000000045e+01 1.833869999999999933e+01 2.027929999999999922e+01 2.362650000000000006e+01 9.837306632761179115e-01 8.354842220764435723e-01
-3.409059999999999868e-01 6.579359999999999653e-01 6.021809999999999663e-01 -7.640419999999999989e-01 -6.132680000000000353e-01 -3.797209999999999752e-01 4.526773987869359139e-02 0.000000000000000000e+00 -9.677390000000000159e-01 1.765384827381332178e-01 nan nan 3.913144498614756772e-01 2.462492968370000035e-01 4.442785245880000178e-02 1.794398358890000045e-01 1.030240000000000045e+01 1.833869999999999933e+01 2.027929999999999922e+01 2.362650000000000006e+01 9.416984530620894356e-01 8.018368109384974574e-01
-5.818889999999999896e-01 1.553259999999999919e-01 2.177010000000000056e-01 -3.246339999999999781e-01 -2.005810000000000093e-01 -4.770989999999999953e-01 3.694631731628483795e-02 0.000000000000000000e+00 -7.389440000000000452e-01 1.607043479739390657e-01 nan nan 4.074517551789514913e-01 2.377898572709999936e-01 5.294762560050000205e-02 1.572793539129999918e-01 1.356509999999999927e+01 2.212580000000000169e+01 1.882349999999999923e+01 1.883930000000000149e+01 9.416984530620894356e-01 8.018368109384974574e-01
-5.260449999999999848e-01 3.437029999999999808e-01 3.437069999999999848e-01 -6.593869999999999454e-01 -5.223360000000000225e-01 -6.378519999999999746e-01 2.965096387305521386e-02 0.000000000000000000e+00 -7.389440000000000452e-01 1.450946314479704125e-01 nan nan 4.236097265357318120e-01 2.377898572709999936e-01 5.294762560050000205e-02 1.572793539129999918e-01 1.356509999999999927e+01 2.212580000000000169e+01 1.882349999999999923e+01 1.883930000000000149e+01 9.531150667514304287e-01 8.360490326148668494e-01
-5.255100000000000326e-01 3.583799999999999764e-01 3.151079999999999992e-01 -5.498910000000000187e-01 -4.196309999999999762e-01 -6.318129999999999580e-01 2.324290326329558898e-02 0.000000000000000000e+00 -7.389440000000000452e-01 1.298861974857924428e-01 nan nan 4.453604814945705259e-01 1.977172326190000107e-01 5.566522342059999906e-02 1.324135335219999987e-01 9.259579999999999700e+00 1.802830000000000155e+01 1.755640000000000001e+01 1.697139999999999915e+01 9.531150667514304287e-01 8.360490326148668494e-01
-6.714999999999999858e-01 -7.108799999999999564e-01 -4.689659999999999940e-01 -5.487830000000000208e-01 -4.644630000000000147e-01 -6.961239999999999650e-01 1.850070629437172709e-02 0.000000000000000000e+00 -7.389440000000000452e-01 1.152513637211785014e-01 nan nan 4.719972042214052310e-01 1.977172326190000107e-01 5.566522342059999906e-02 1.324135335219999987e-01 9.259579999999999700e+00 1.802830000000000155e+01 1.755640000000000001e+01 1.697139999999999915e+01 8.882496291587201886e-01 8.286564863489411792e-01
-6.658720000000000194e-01 -4.844539999999999957e-01 -4.571669999999999900e-01 -7.927490000000000370e-01 -6.982120000000000548e-01 -6.910359999999999836e-01 1.444214532086918190e-02 0.000000000000000000e+00 -7.389440000000000452e-01 1.013559486684646460e-01 nan nan 5.027577189150288506e-01 2.075378514389999984e-01 5.570935618770000292e-02 1.237730884839999962e-01 1.384510000000000041e+01 1.996099999999999852e+01 1.821249999999999858e+01 1.902319999999999922e+01 8.882496291587201886e-01 8.286564863489411792e-01
-6.603200000000000180e-01 -3.806640000000000024e-01 -3.664370000000000127e-01 -7.677770000000000428e-01 -8.487569999999999837e-01 -6.562109999999999888e-01 1.007163435311742017e-02 0.000000000000000000e+00 -7.389440000000000452e-01 8.835739293252420357e-02 nan nan 5.368331255634666288e-01 2.075378514389999984e-01 5.570935618770000292e-02 1.237730884839999962e-01 1.384510000000000041e+01 1.996099999999999852e+01 1.821249999999999858e+01 1.902319999999999922e+01 8.649184149184149240e-01 7.683747282584714178e-01
-6.613980000000000414e-01 -4.039920000000000178e-01 -3.727349999999999830e-01 -7.230330000000000368e-01 -6.516070000000000473e-01 -6.121490000000000542e-01 7.158054394321822222e-03 0.000000000000000000e+00 -7.389440000000000452e-01 7.640297534380458000e-02 nan nan 5.733769651043321147e-01 2.478610013280000135e-01 5.693614784329999873e-02 1.095827639270000042e-01 5.644120000000000026e+00 1.320420000000000016e+01 1.703969999999999985e+01 1.964029999999999987e+01 8.649184149184149240e-01 7.683747282584714178e-01
-6.228430000000000355e-01 -1.959440000000000140e-02 -1.577939999999999898e-02 -4.422400000000000220e-01 -4.661109999999999975e-01 -6.303469999999999906e-01 4.845482921853272451e-03 0.000000000000000000e+00 -7.389440000000000452e-01 6.562814423032903299e-02 nan nan 6.115148101442323680e-01 2.478610013280000135e-01 5.693614784329999873e-02 1.095827639270000042e-01 5.644120000000000026e+00 1.320420000000000016e+01 1.703969999999999985e+01 1.964029999999999987e+01 6.958995549904640754e-01 6.665411532136837902e-01
-5.324470000000000036e-01 3.548939999999999872e-01 2.644150000000000111e-01 -5.651300000000000212e-01 -5.510369999999999990e-01 -5.986150000000000082e-01 3.233558539661451903e-03 0.000000000000000000e+00 -9.677390000000000159e-01 5.615498273401720031e-02 nan nan 6.503541725705377363e-01 2.633498711689999938e-01 4.344459879260000046e-02 7.300476738849999425e-02 1.127009999999999934e+01 1.649370000000000047e+01 1.926150000000000162e+01 2.196209999999999951e+01 6.958995549904640754e-01 6.665411532136837902e-01
-5.892760000000000220e-01 1.736370000000000136e-01 8.980849999999999944e-02 -7.643119999999999914e-01 -6.121459999999999679e-01 -5.971760000000000401e-01 3.022847222435176562e-03 0.000000000000000000e+00 -9.677390000000000159e-01 4.809082555990562557e-02 nan nan 6.889946157983179997e-01 2.633498711689999938e-01 4.344459879260000046e-02 7.300476738849999425e-02 1.127009999999999934e+01 1.649370000000000047e+01 1.926150000000000162e+01 2.196209999999999951e+01 6.756198347107438273e-01 6.954818098647690405e-01
-6.733040000000000136e-01 -7.198489999999999611e-01 -5.810689999999999467e-01 -7.942609999999999948e-01 -7.382870000000000266e-01 -6.860359999999999792e-01 1.628111535702747581e-03 0.000000000000000000e+00 -7.389440000000000452e-01 4.152704283105079774e-02 nan nan 7.265379570766474782e-01 2.231346899749999946e-01 5.588679143039999853e-02 5.642012190710000291e-02 1.041849999999999987e+01 1.592820000000000036e+01 1.627990000000000137e+01 2.080180000000000007e+01 6.756198347107438273e-01 6.954818098647690405e-01
-6.398439999999999683e-01 -1.266380000000000006e-01 -1.747750000000000137e-01 -8.749179999999999735e-01 -7.488320000000000531e-01 -7.100379999999999470e-01 1.454679012982129649e-04 0.000000000000000000e+00 -7.389440000000000452e-01 3.308631566706976557e-02 nan nan 7.683140091819083972e-01 2.231346899749999946e-01 5.588679143039999853e-02 5.642012190710000291e-02 1.041849999999999987e+01 1.592820000000000036e+01 1.627990000000000137e+01 2.080180000000000007e+01 9.645210849756304938e-01 7.392605100356830494e-01
-6.296580000000000510e-01 -3.711609999999999909e-02 -1.227319999999999939e-01 -9.372740000000000515e-01 -8.503530000000000255e-01 -7.145650000000000057e-01 0.000000000000000000e+00 0.000000000000000000e+00 -9.677390000000000159e-01 2.595142089960400522e-02 nan nan 8.078299518094873566e-01 1.782698403300000123e-01 8.165123434010000680e-02 6.100441925890000283e-02 1.103669999999999973e+01 1.708239999999999981e+01 1.675390000000000157e+01 1.838060000000000116e+01 9.645210849756304938e-01 7.392605100356830494e-01
-6.746159999999999934e-01 -6.880220000000000224e-01 -7.703130000000000255e-01 -9.210960000000000258e-01 -8.961540000000000061e-01 -7.299630000000000285e-01 0.000000000000000000e+00 0.000000000000000000e+00 -9.677390000000000159e-01 1.994754189795644450e-02 nan nan 8.446380535396447176e-01 1.782698403300000123e-01 8.165123434010000680e-02 6.100441925890000283e-02 1.103669999999999973e+01 1.708239999999999981e+01 1.675390000000000157e+01 1.838060000000000116e+01 8.551493960584870546e-01 6.120869455222586186e-01
-6.835419999999999829e-01 -1.532880000000000020e+00 -1.516769999999999952e+00 -8.885389999999999677e-01 -1.064680000000000071e+00 -7.468150000000000066e-01 0.000000000000000000e+00 0.000000000000000000e+00 -7.389440000000000452e-01 1.488704717087308005e-02 nan nan 8.783212638720062637e-01 1.373653495740000119e-01 9.276496627109999393e-02 6.653561999729999676e-02 1.268290000000000006e+01 2.121979999999999933e+01 2.196890000000000143e+01 2.289310000000000045e+01 8.551493960584870546e-01 6.120869455222586186e-01
-6.797870000000000301e-01 -9.801729999999999610e-01 -1.004599999999999937e+00 -9.270509999999999584e-01 -1.002930000000000099e+00 -7.492980000000000196e-01 0.000000000000000000e+00 0.000000000000000000e+00 -7.389440000000000452e-01 1.057161630631187066e-02 nan nan 9.084979385743786606e-01 1.373653495740000119e-01 9.276496627109999393e-02 6.653561999729999676e-02 1.268290000000000006e+01 2.121979999999999933e+01 2.196890000000000143e+01 2.289310000000000045e+01 6.405435473617291375e-01 6.520502328372610457e-01
-6.709159999999999568e-01 -5.641089999999999716e-01 -6.620329999999999826e-01 -9.659820000000000073e-01 -9.390079999999999538e-01 -7.494629999999999903e-01 0.000000000000000000e+00 0.000000000000000000e+00 -9.677390000000000159e-01 6.794487020955641832e-03 nan nan 9.348261638643963201e-01 1.019434875639999988e-01 9.364480524410000173e-02 8.128922617030000242e-02 1.081770000000000032e+01 2.383409999999999940e+01 2.552479999999999905e+01 2.622220000000000084e+01 6.405435473617291375e-01 6.520502328372610457e-01
-6.807579999999999742e-01 -1.053180000000000005e+00 -1.108239999999999892e+00 -9.468400000000000150e-01 -8.995159999999999823e-01 -7.543410000000000393e-01 0.000000000000000000e+00 7.265642890513790420e-04 -2.813550000000000217e-01 3.342797859500534763e-03 nan nan 9.570076304292985947e-01 1.019434875639999988e-01 9.364480524410000173e-02 8.128922617030000242e-02 1.081770000000000032e+01 2.383409999999999940e+01 2.552479999999999905e+01 2.622220000000000084e+01 6.622801440983259180e-01 6.932578683697272481e-01
-6.819410000000000194e-01 -1.229270000000000085e+00 -1.163110000000000088e+00 -1.132870000000000044e+00 -1.101159999999999917e+00 -7.552529999999999522e-01 0.000000000000000000e+00 1.476796336284058597e-03 -2.813550000000000217e-01 0.000000000000000000e+00 nan nan 9.747910133896406926e-01 1.045614538819999995e-01 9.202417837040000048e-02 9.093881882359999835e-02 1.368389999999999951e+01 2.319310000000000116e+01 2.566379999999999839e+01 2.597790000000000177e+01 6.622801440983259180e-01 6.932578683697272481e-01
-6.841819999999999569e-01 -1.812189999999999968e+00 -1.808559999999999945e+00 -7.613510000000000000e-01 -9.190080000000000471e-01 -7.552179999999999449e-01 0.000000000000000000e+00 2.297763492904003613e-03 1.777789999999999981e+00 0.000000000000000000e+00 nan nan 9.879748199106026529e-01 1.045614538819999995e-01 9.202417837040000048e-02 9.093881882359999835e-02 1.368389999999999951e+01 2.319310000000000116e+01 2.566379999999999839e+01 2.597790000000000177e+01 6.659090909090910060e-01 7.034332832260095092e-01
-6.843120000000000314e-01 -1.993619999999999948e+00 -1.792059999999999986e+00 -9.913969999999999727e-01 -1.098959999999999937e+00 -7.551090000000000302e-01 0.000000000000000000e+00 3.235731653063345092e-03 2.006590000000000096e+00 0.000000000000000000e+00 nan nan 9.964096721963200398e-01 1.232051521619999951e-01 7.661759610309999691e-02 9.155940531280000461e-02 1.213870000000000005e+01 2.752919999999999945e+01 3.183449999999999847e+01 3.796650000000000347e+01 6.659090909090910060e-01 7.034332832260095092e-01
-6.807379999999999542e-01 -1.045949999999999935e+00 -1.119369999999999976e+00 -8.299109999999999543e-01 -9.867949999999999777e-01 -7.538839999999999986e-01 0.000000000000000000e+00 4.335641042792270916e-03 -7.389440000000000452e-01 0.000000000000000000e+00 nan nan 1.000000000000000000e+00 1.232051521619999951e-01 7.661759610309999691e-02 9.155940531280000461e-02 1.213870000000000005e+01 2.752919999999999945e+01 3.183449999999999847e+01 3.796650000000000347e+01 7.372006781097690808e-01 7.083400747785618679e-01
-6.829340000000000410e-01 -1.400390000000000024e+00 -1.325639999999999930e+00 -9.964870000000000116e-01 -9.768970000000000153e-01 -7.519940000000000513e-01 0.000000000000000000e+00 5.640597029282434782e-03 -2.813550000000000217e-01 0.000000000000000000e+00 nan nan 9.987051234730044413e-01 1.366074107659999981e-01 7.134329389480000005e-02 1.050784302520000046e-01 2.008439999999999870e+01 3.658160000000000167e+01 5.343480000000000274e+01 5.497650000000000148e+01 7.372006781097690808e-01 7.083400747785618679e-01
-6.818659999999999721e-01 -1.174420000000000019e+00 -1.238920000000000021e+00 -8.518090000000000384e-01 -1.012750000000000039e+00 -7.513020000000000254e-01 0.000000000000000000e+00 7.191381719851119847e-03 -2.813550000000000217e-01 0.000000000000000000e+00 nan nan 9.925397140837908250e-01 1.366074107659999981e-01 7.134329389480000005e-02 1.050784302520000046e-01 2.008439999999999870e+01 3.658160000000000167e+01 5.343480000000000274e+01 5.497650000000000148e+01 7.527866073320619300e-01 7.538955747682658526e-01
-6.815620000000000012e-01 -1.154479999999999951e+00 -1.162840000000000096e+00 -8.601900000000000102e-01 -1.018629999999999924e+00 -7.486140000000000017e-01 0.000000000000000000e+00 9.025991884370698770e-03 -2.813550000000000217e-01 0.000000000000000000e+00 nan nan 9.815736283843112808e-01 1.725932232590000059e-01 4.945229981810000258e-02 1.156780357659999980e-01 1.749239999999999995e+01 6.831950000000000500e+01 7.657899999999999352e+01 7.211339999999999861e+01 7.527866073320619300e-01 7.538955747682658526e-01
-6.834339999999999860e-01 -1.488189999999999902e+00 -1.507130000000000081e+00 -9.007270000000000554e-01 -1.027109999999999967e+00 -7.531489999999999574e-01 0.000000000000000000e+00 1.117920843668174236e-02 -2.813550000000000217e-01 0.000000000000000000e+00 nan nan 9.659311165073665162e-01 1.725932232590000059e-01 4.945229981810000258e-02 1.156780357659999980e-01 1.749239999999999995e+01 6.831950000000000500e+01 7.657899999999999352e+01 7.211339999999999861e+01 7.263668150031785675e-01 7.306471493247277404e-01
-6.767020000000000257e-01 -7.666629999999999834e-01 -8.823480000000000212e-01 -7.544170000000000043e-01 -9.601100000000000190e-01 -7.527540000000000342e-01 0.000000000000000000e+00 1.368220235294415055e-02 -9.677390000000000159e-01 0.000000000000000000e+00 nan nan 9.457894143629530515e-01 2.108735898059999891e-01 4.921186428979999750e-02 1.091488149999999963e-01 5.708829999999999671e+01 8.550870000000000459e+01 8.748869999999999436e+01 7.598869999999999436e+01 7.263668150031785675e-01 7.306471493247277404e-01
-6.772139999999999826e-01 -8.260600000000000165e-01 -8.302399999999999780e-01 -8.088649999999999451e-01 -9.493059999999999832e-01 -7.524739999999999762e-01 0.000000000000000000e+00 1.656218149201860168e-02 1.777789999999999981e+00 0.000000000000000000e+00 nan nan 9.213767354845827651e-01 2.108735898059999891e-01 4.921186428979999750e-02 1.091488149999999963e-01 5.708829999999999671e+01 8.550870000000000459e+01 8.748869999999999436e+01 7.598869999999999436e+01 7.579624920534011601e-01 6.911633626230743177e-01
-6.840779999999999639e-01 -1.838100000000000067e+00 -2.003890000000000171e+00 4.982820000000000027e-01 1.090020000000000017e-01 -7.524440000000000017e-01 0.000000000000000000e+00 1.984208231955697510e-02 4.294529999999999959e+00 0.000000000000000000e+00 nan nan 8.929696852787591954e-01 2.114206101220000023e-01 5.176151543359999718e-02 1.059426876059999939e-01 2.681739999999999924e+01 8.817279999999999518e+01 8.506159999999999854e+01 7.022140000000000271e+01 7.579624920534011601e-01 6.911633626230743177e-01
-6.801960000000000228e-01 -1.111560000000000104e+00 -1.241800000000000015e+00 1.503319999999999990e+00 4.546540000000000026e-01 -7.403610000000000468e-01 0.000000000000000000e+00 2.354031002867962297e-02 2.921769999999999978e+00 0.000000000000000000e+00 nan nan 8.608901269751956242e-01 2.114206101220000023e-01 5.176151543359999718e-02 1.059426876059999939e-01 2.681739999999999924e+01 8.817279999999999518e+01 8.506159999999999854e+01 7.022140000000000271e+01 7.598855689764780763e-01 7.000620703247955046e-01
-6.833249999999999602e-01 -1.441410000000000080e+00 -1.724310000000000009e+00 -3.769759999999999778e-01 -5.003290000000000237e-01 -7.329320000000000279e-01 0.000000000000000000e+00 2.767053000178365529e-02 4.050279999999999991e-01 0.000000000000000000e+00 nan nan 8.255015347878125187e-01 2.312566859259999885e-01 5.376522613830000269e-02 1.234083644430000043e-01 6.629609999999999559e+01 1.185289999999999964e+02 1.070909999999999940e+02 8.705119999999999436e+01 7.598855689764780763e-01 7.000620703247955046e-01
-6.743799999999999795e-01 -6.767009999999999970e-01 -7.764090000000000158e-01 1.080190000000000039e-01 -7.706799999999999762e-02 -7.073899999999999633e-01 0.000000000000000000e+00 3.224151297629984647e-02 -9.677390000000000159e-01 0.000000000000000000e+00 nan nan 7.872048756066568620e-01 2.312566859259999885e-01 5.376522613830000269e-02 1.234083644430000043e-01 6.629609999999999559e+01 1.185289999999999964e+02 1.070909999999999940e+02 8.705119999999999436e+01 7.523204068658614352e-01 7.286938462126806293e-01
-6.618519999999999959e-01 -3.751999999999999780e-01 -4.720360000000000111e-01 1.073909999999999920e+00 4.038869999999999960e-01 -6.099010000000000264e-01 0.000000000000000000e+00 3.725703566873328487e-02 -9.677390000000000159e-01 0.000000000000000000e+00 nan nan 7.464340658828197972e-01 2.196114524170000026e-01 4.437144300879999892e-02 1.507324094149999905e-01 4.710949999999999704e+01 1.030109999999999957e+02 1.131929999999999978e+02 9.551569999999999538e+01 7.523204068658614352e-01 7.286938462126806293e-01
-6.763160000000000283e-01 -7.754010000000000069e-01 -8.052610000000000046e-01 -2.776710000000000012e-01 -5.221029999999999838e-01 -5.866850000000000120e-01 0.000000000000000000e+00 4.271583798295597312e-02 -7.389440000000000452e-01 0.000000000000000000e+00 nan nan 7.036510551816614889e-01 2.196114524170000026e-01 4.437144300879999892e-02 1.507324094149999905e-01 4.710949999999999704e+01 1.030109999999999957e+02 1.131929999999999978e+02 9.551569999999999538e+01 8.014886628522992496e-01 7.157885137540191955e-01
-6.222360000000000113e-01 -2.422559999999999991e-02 4.119620000000000053e-03 -3.709910000000000152e-01 -2.513850000000000251e-01 -6.074610000000000287e-01 0.000000000000000000e+00 4.861163728759909652e-02 -7.389440000000000452e-01 0.000000000000000000e+00 nan nan 6.593405921096493483e-01 2.240169574920000128e-01 4.307358299189999878e-02 1.919467099690000123e-01 2.470769999999999911e+01 7.169209999999999638e+01 8.323269999999999413e+01 9.076539999999999964e+01 8.014886628522992496e-01 7.157885137540191955e-01
-3.759060000000000179e-01 5.978930000000000078e-01 6.035850000000000382e-01 -3.360870000000000246e-01 -6.043290000000000051e-01 -5.960659999999999847e-01 0.000000000000000000e+00 5.493319960077780451e-02 -7.389440000000000452e-01 0.000000000000000000e+00 nan nan 6.140047319189522179e-01 2.240169574920000128e-01 4.307358299189999878e-02 1.919467099690000123e-01 2.470769999999999911e+01 7.169209999999999638e+01 8.323269999999999413e+01 9.076539999999999964e+01 9.961750370841281343e-01 7.973536272897625565e-01
-6.035660000000000469e-01 1.944500000000000048e-02 1.945669999999999900e-01 -1.408669999999999922e-01 -2.323830000000000062e-01 -6.270700000000000163e-01 0.000000000000000000e+00 6.166446687559390405e-02 -7.389440000000000452e-01 0.000000000000000000e+00 nan nan 5.681571480208214009e-01 1.989823397990000131e-01 3.832052613579999684e-02 1.969861698760000113e-01 2.038240000000000052e+01 3.427420000000000044e+01 6.169769999999999754e+01 7.729399999999999693e+01 9.961750370841281343e-01 7.973536272897625565e-01
-6.287300000000000111e-01 -1.002699999999999980e-01 1.932700000000000043e-02 -2.115640000000000021e-01 -5.884179999999999966e-01 -6.809319999999999817e-01 0.000000000000000000e+00 6.878473894422409973e-02 -7.389440000000000452e-01 0.000000000000000000e+00 nan nan 5.223173118605874965e-01 1.989823397990000131e-01 3.832052613579999684e-02 1.969861698760000113e-01 2.038240000000000052e+01 3.427420000000000044e+01 6.169769999999999754e+01 7.729399999999999693e+01 9.064367450731087850e-01 8.446182675025079023e-01
-6.655750000000000277e-01 -4.889950000000000130e-01 -4.319620000000000126e-01 -2.326680000000000137e-01 -8.363899999999999668e-01 -7.073469999999999480e-01 0.000000000000000000e+00 7.626890805909269933e-02 -5.101499999999999924e-01 0.000000000000000000e+00 nan nan 4.770046070986151410e-01 1.647349285849999956e-01 4.390810253780000338e-02 2.139427101799999953e-01 1.008009999999999984e+01 2.562160000000000082e+01 3.966049999999999898e+01 6.050769999999999982e+01 9.064367450731087850e-01 8.446182675025079023e-01
-6.596199999999999841e-01 -3.885310000000000152e-01 -3.216990000000000127e-01 -2.938060000000000116e-01 -7.947440000000000060e-01 -6.427100000000000035e-01 0.000000000000000000e+00 8.408774337368463136e-02 -5.101499999999999924e-01 0.000000000000000000e+00 nan nan 4.327324447858956757e-01 1.647349285849999956e-01 4.390810253780000338e-02 2.139427101799999953e-01 1.008009999999999984e+01 2.562160000000000082e+01 3.966049999999999898e+01 6.050769999999999982e+01 8.953644840008476713e-01 8.367609292310046465e-01
-6.636100000000000332e-01 -5.049209999999999532e-01 -3.168880000000000030e-01 -3.893159999999999954e-01 -6.024929999999999453e-01 -5.773540000000000338e-01 0.000000000000000000e+00 9.220822213971535675e-02 -7.389440000000000452e-01 0.000000000000000000e+00 nan nan 3.900024462116907786e-01 1.997843874040000078e-01 4.381452987599999960e-02 2.015918353370000082e-01 1.256789999999999985e+01 1.988500000000000156e+01 3.235679999999999978e+01 -1.000000000000000000e+00 8.953644840008476713e-01 8.367609292310046465e-01
-5.991229999999999611e-01 1.047680000000000000e-01 1.098709999999999964e-01 -6.206340000000000190e-01 -7.284089999999999732e-01 -5.773909999999999876e-01 0.000000000000000000e+00 1.005939038680658815e-01 -7.389440000000000452e-01 0.000000000000000000e+00 nan nan 3.492987593338870989e-01 1.997843874040000078e-01 4.381452987599999960e-02 2.015918353370000082e-01 1.256789999999999985e+01 1.988500000000000156e+01 3.235679999999999978e+01 -1.000000000000000000e+00 9.536713286713287552e-01 8.542524055928011339e-01
-5.889269999999999783e-01 1.220289999999999986e-01 2.010399999999999965e-01 -2.599319999999999964e-01 -2.466470000000000051e-01 -5.528089999999999948e-01 0.000000000000000000e+00 1.092053432140838165e-01 -7.389440000000000452e-01 0.000000000000000000e+00 nan nan 3.110825731891784240e-01 2.536866900690000204e-01 4.411768912220000172e-02 1.701377245469999910e-01 7.620960000000000178e+00 1.928010000000000090e+01 -1.000000000000000000e+00 -1.000000000000000000e+00 9.536713286713287552e-01 8.542524055928011339e-01
-4.391120000000000023e-01 5.252559999999999452e-01 4.813520000000000021e-01 -6.746490000000000542e-01 -7.365949999999999998e-01 -5.785439999999999472e-01 0.000000000000000000e+00 1.180005369091003953e-01 -9.677390000000000159e-01 0.000000000000000000e+00 nan nan 2.757868924369971664e-01 2.536866900690000204e-01 4.411768912220000172e-02 1.701377245469999910e-01 7.620960000000000178e+00 1.928010000000000090e+01 -1.000000000000000000e+00 -1.000000000000000000e+00 1.000000000000000000e+00 8.424502187169976564e-01
-6.562379999999999880e-01 -4.163519999999999999e-01 -1.712950000000000028e-01 -4.113760000000000194e-01 -3.034109999999999863e-01 -5.515280000000000182e-01 0.000000000000000000e+00 1.269353996742486057e-01 -7.389440000000000452e-01 0.000000000000000000e+00 nan nan 2.438116312437043076e-01 3.243282940930000136e-01 3.822124961670000237e-02 1.545652870199999973e-01 1.299150000000000027e+01 -1.000000000000000000e+00 -1.000000000000000000e+00 -1.000000000000000000e+00 1.000000000000000000e+00 8.424502187169976564e-01
-5.952220000000000288e-01 1.165579999999999949e-01 1.377919999999999978e-01 -8.304350000000000342e-01 -8.857570000000000165e-01 -5.626769999999999827e-01 0.000000000000000000e+00 1.359642637242873819e-01 -7.389440000000000452e-01 0.000000000000000000e+00 nan nan 2.093035171714440201e-01 3.243282940930000136e-01 3.822124961670000237e-02 1.545652870199999973e-01 1.299150000000000027e+01 -1.000000000000000000e+00 -1.000000000000000000e+00 -1.000000000000000000e+00 0.000000000000000000e+00 0.000000000000000000e+00
