-5.902650000000000396e-01 -1.290200000000000014e+00 -1.205189999999999984e+00 -4.132779999999999787e-01 -3.889179999999999859e-01 -6.358099999999999863e-01 5.404005249341370387e-03 1.800162274359004000e-01 3.252139999999999809e+00 9.176495360249559141e-03 0.000000000000000000e+00 nan 2.711916158150029510e-01 1.500358919210000030e-01 6.492300123579999860e-02 5.306372976800000085e-02 -1.000000000000000000e+00 -1.000000000000000000e+00 -1.000000000000000000e+00 -1.000000000000000000e+00 0.000000000000000000e+00 0.000000000000000000e+00
-5.883019999999999916e-01 -7.815020000000000300e-01 -8.492629999999999901e-01 -8.636810000000000320e-01 -8.713760000000000394e-01 -6.344910000000000272e-01 5.504414205548924244e-03 1.666934394401364816e-01 -4.301370000000000193e-02 1.292242504202223419e-02 0.000000000000000000e+00 nan 2.835640262018069846e-01 1.551094432260000100e-01 8.186953120359999336e-02 5.206331407959999963e-02 7.020920000000000272e+00 -1.000000000000000000e+00 -1.000000000000000000e+00 -1.000000000000000000e+00 0.000000000000000000e+00 0.000000000000000000e+00
-5.709159999999999791e-01 -1.135609999999999953e-01 -1.747120000000000062e-01 2.757510000000000239e-01 4.830789999999999806e-01 -6.299930000000000252e-01 5.576958724766267750e-03 1.548017519649407259e-01 -7.020450000000000301e-01 1.731509358372107510e-02 0.000000000000000000e+00 nan 2.945857927968933421e-01 1.551094432260000100e-01 8.186953120359999336e-02 5.206331407959999963e-02 7.020920000000000272e+00 -1.000000000000000000e+00 -1.000000000000000000e+00 -1.000000000000000000e+00 0.000000000000000000e+00 0.000000000000000000e+00
-5.865810000000000191e-01 -6.376140000000000141e-01 -6.649359999999999715e-01 -4.141880000000000006e-01 -3.024749999999999939e-01 -6.340320000000000400e-01 5.620816848603382709e-03 1.444541255162083981e-01 8.356940000000000479e-01 2.252664933884485077e-02 0.000000000000000000e+00 nan 3.041320345806652892e-01 1.394246742910000003e-01 9.130055239510000142e-02 5.197314738839999698e-02 9.592480000000000118e+00 2.791140000000000043e+01 -1.000000000000000000e+00 -1.000000000000000000e+00 0.000000000000000000e+00 0.000000000000000000e+00
-5.878090000000000259e-01 -7.422860000000000014e-01 -7.945149999999999713e-01 -2.313479999999999981e-01 -2.781600000000000045e-02 -6.408930000000000460e-01 6.018092824597420787e-03 1.344884467880878010e-01 3.963400000000000256e-01 2.871996234155271832e-02 0.000000000000000000e+00 nan 3.120945888192278028e-01 1.394246742910000003e-01 9.130055239510000142e-02 5.197314738839999698e-02 9.592480000000000118e+00 2.791140000000000043e+01 -1.000000000000000000e+00 -1.000000000000000000e+00 9.010622861544526074e-02 4.882847554512546040e-01
-5.846620000000000150e-01 -4.991070000000000229e-01 -5.595869999999999456e-01 -7.801479999999999526e-01 -6.639880000000000226e-01 -6.397869999999999946e-01 7.736189795956693871e-03 1.251443522157952293e-01 -1.141399999999999970e+00 3.604677892409913209e-02 0.000000000000000000e+00 nan 3.183832365913829010e-01 1.280084812220000090e-01 6.710846415650000008e-02 5.291100974049999656e-02 1.840259999999999962e+01 4.280259999999999820e+01 4.646269999999999811e+01 -1.000000000000000000e+00 9.010622861544526074e-02 4.882847554512546040e-01
-5.905599999999999739e-01 -1.395520000000000094e+00 -1.349860000000000060e+00 -8.104599999999999582e-01 -8.824680000000000302e-01 -6.406899999999999817e-01 1.048718945362658861e-02 1.166544354376890524e-01 8.356940000000000479e-01 4.464600237025329044e-02 0.000000000000000000e+00 nan 3.229267250050559257e-01 1.280084812220000090e-01 6.710846415650000008e-02 5.291100974049999656e-02 1.840259999999999962e+01 4.280259999999999820e+01 4.646269999999999811e+01 -1.000000000000000000e+00 9.294496294836656070e-01 9.223972990088012969e-01
-5.905240000000000489e-01 -1.358409999999999895e+00 -1.408900000000000041e+00 -8.228950000000000431e-01 -8.575150000000000272e-01 -6.386950000000000127e-01 1.345598019798976974e-02 1.092416119164074662e-01 1.494729999999999892e+00 5.464211908559224451e-02 0.000000000000000000e+00 nan 3.256735745210341815e-01 1.382896133419999896e-01 5.851403003039999662e-02 5.266415917930000051e-02 2.143509999999999849e+01 4.843460000000000321e+01 5.259810000000000230e+01 4.868639999999999901e+01 9.294496294836656070e-01 9.223972990088012969e-01
-5.907780000000000253e-01 -1.596070000000000100e+00 -1.661049999999999915e+00 -9.050519999999999676e-01 -9.310030000000000250e-01 -6.332410000000000538e-01 1.676923571987187778e-02 1.031165932176041355e-01 1.494729999999999892e+00 6.614378811678278680e-02 0.000000000000000000e+00 nan 3.265926622367160137e-01 1.382896133419999896e-01 5.851403003039999662e-02 5.266415917930000051e-02 2.143509999999999849e+01 4.843460000000000321e+01 5.259810000000000230e+01 4.868639999999999901e+01 9.621004484412040147e-01 9.062543388226848018e-01
-5.896839999999999860e-01 -1.057260000000000089e+00 -1.016189999999999927e+00 -8.223489999999999966e-01 -7.688519999999999799e-01 -6.313320000000000043e-01 2.058523576697801616e-02 9.847549956371337565e-02 6.160170000000000368e-01 7.924261000116461506e-02 0.000000000000000000e+00 nan 3.256735745210341815e-01 1.603231349579999909e-01 6.887253980610000270e-02 6.915202725060000388e-02 1.974940000000000140e+01 5.838660000000000139e+01 6.231530000000000058e+01 5.537440000000000140e+01 9.621004484412040147e-01 9.062543388226848018e-01
-5.810499999999999554e-01 -3.380150000000000099e-01 -4.095010000000000039e-01 -9.109800000000000120e-01 -8.981379999999999919e-01 -6.323079999999999812e-01 2.507849638964776418e-02 9.549763771346420071e-02 -1.141399999999999970e+00 9.401208889606149643e-02 0.000000000000000000e+00 nan 3.229267250050560367e-01 1.603231349579999909e-01 6.887253980610000270e-02 6.915202725060000388e-02 1.974940000000000140e+01 5.838660000000000139e+01 6.231530000000000058e+01 5.537440000000000140e+01 6.625584436522580223e-01 7.927727489764613278e-01
-5.820070000000000521e-01 -3.601469999999999949e-01 -4.776779999999999915e-01 -7.126379999999999937e-01 -7.157520000000000548e-01 -6.334330000000000238e-01 3.041099026035865016e-02 9.434346934465676071e-02 -1.141399999999999970e+00 1.105067997473067054e-01 0.000000000000000000e+00 nan 3.183832365913830120e-01 1.778882453839999989e-01 6.146339097319999945e-02 8.703807864519999549e-02 3.158239999999999981e+01 7.237369999999999948e+01 8.116200000000000614e+01 6.817390000000000327e+01 6.625584436522580223e-01 7.927727489764613278e-01
-5.877869999999999484e-01 -7.106120000000000214e-01 -8.136849999999999916e-01 -4.235800000000000121e-01 -6.650620000000000420e-01 -6.353309999999999791e-01 3.672835838127042063e-02 9.515279295923562142e-02 -1.141399999999999970e+00 1.287617699333006849e-01 0.000000000000000000e+00 nan 3.120945888192278028e-01 1.778882453839999989e-01 6.146339097319999945e-02 8.703807864519999549e-02 3.158239999999999981e+01 7.237369999999999948e+01 8.116200000000000614e+01 6.817390000000000327e+01 7.481444327009775241e-01 7.797385023315351882e-01
-5.903159999999999519e-01 -1.321809999999999929e+00 -1.121099999999999985e+00 -7.533830000000000249e-01 -7.830070000000000086e-01 -6.347969999999999446e-01 4.416081091052848073e-02 9.804315991040180034e-02 -4.823680000000000190e-01 1.487920823908177592e-01 0.000000000000000000e+00 nan 3.041320345806652892e-01 1.721805617799999910e-01 4.812726430759999702e-02 1.094453878890000037e-01 2.603509999999999991e+01 8.202439999999999998e+01 7.707720000000000482e+01 6.526890000000000214e+01 7.481444327009775241e-01 7.797385023315351882e-01
-5.875820000000000487e-01 -6.925310000000000077e-01 -7.839679999999999982e-01 -9.113510000000000222e-01 -8.840900000000000425e-01 -6.303769999999999651e-01 5.282506396524155878e-02 1.031085424988100741e-01 -4.823680000000000190e-01 1.705927047193041002e-01 0.000000000000000000e+00 nan 2.945857927968934531e-01 1.721805617799999910e-01 4.812726430759999702e-02 1.094453878890000037e-01 2.603509999999999991e+01 8.202439999999999998e+01 7.707720000000000482e+01 6.526890000000000214e+01 8.532205960506124010e-01 8.087667076420849144e-01
-5.863279999999999603e-01 -6.071429999999999882e-01 -6.349209999999999576e-01 -8.745899999999999785e-01 -1.013940000000000063e+00 -6.307340000000000169e-01 6.282391757633964957e-02 1.104182692288532275e-01 -9.217220000000000413e-01 1.941385461999884932e-01 0.000000000000000000e+00 nan 2.835640262018070956e-01 1.276437712999999863e-01 3.390176387490000109e-02 1.161557943629999978e-01 3.405660000000000309e+01 5.890039999999999765e+01 5.852980000000000160e+01 5.444619999999999749e+01 8.532205960506124010e-01 8.087667076420849144e-01
-5.829739999999999922e-01 -4.451140000000000096e-01 -4.136250000000000204e-01 -7.981800000000000006e-01 -8.410590000000000011e-01 -6.280620000000000092e-01 7.424292101394613930e-02 1.200162392890049556e-01 -9.217220000000000413e-01 2.193847420837510276e-01 0.000000000000000000e+00 nan 2.711916158150029510e-01 1.276437712999999863e-01 3.390176387490000109e-02 1.161557943629999978e-01 3.405660000000000309e+01 5.890039999999999765e+01 5.852980000000000160e+01 5.444619999999999749e+01 8.911918026619851663e-01 7.385565139062442164e-01
-5.697510000000000074e-01 -7.973410000000000220e-02 -1.490660000000000041e-01 -8.548289999999999500e-01 -8.889190000000000147e-01 -6.242280000000000051e-01 8.715192371264313120e-02 1.319204251564728425e-01 -1.141399999999999970e+00 2.462671619266578737e-01 0.000000000000000000e+00 nan 2.576087459899281118e-01 6.354476154700000601e-02 2.912615401330000131e-02 9.335848858659999416e-02 2.260450000000000159e+01 6.729319999999999879e+01 6.197249999999999659e+01 6.621410000000000196e+01 8.911918026619851663e-01 7.385565139062442164e-01
-5.888050000000000228e-01 -9.152200000000000335e-01 -7.928899999999999837e-01 -8.771879999999999677e-01 -8.609679999999999556e-01 -6.325089999999999879e-01 1.016052387367165633e-01 1.461226689618509988e-01 -9.217220000000000413e-01 2.747031362135160526e-01 0.000000000000000000e+00 nan 2.429693160691400733e-01 6.354476154700000601e-02 2.912615401330000131e-02 9.335848858659999416e-02 2.260450000000000159e+01 6.729319999999999879e+01 6.197249999999999659e+01 6.621410000000000196e+01 8.833694594223407970e-01 7.471037829454214574e-01
-5.837620000000000031e-01 -4.500469999999999748e-01 -5.074410000000000309e-01 -8.707629999999999537e-01 -8.490469999999999962e-01 -6.336739999999999595e-01 1.176378878267254624e-01 1.625887749210391808e-01 -9.217220000000000413e-01 3.045923930365136423e-01 0.000000000000000000e+00 nan 2.274391966432605106e-01 6.001628350600000245e-02 2.521408047750000117e-02 8.769864652830000606e-02 3.215169999999999817e+01 5.942289999999999850e+01 6.241140000000000043e+01 7.843309999999999604e+01 8.833694594223407970e-01 7.471037829454214574e-01
-5.847820000000000240e-01 -4.902239999999999931e-01 -5.854009999999999492e-01 -8.206109999999999793e-01 -8.325329999999999675e-01 -6.354800000000000448e-01 1.352675956335180896e-01 1.812588967871412438e-01 -1.141399999999999970e+00 3.358181942160021194e-01 0.000000000000000000e+00 nan 2.111943501709055981e-01 6.001628350600000245e-02 2.521408047750000117e-02 8.769864652830000606e-02 3.215169999999999817e+01 5.942289999999999850e+01 6.241140000000000043e+01 7.843309999999999604e+01 1.000000000000000000e+00 9.197660676128263102e-01
-5.888790000000000413e-01 -8.361790000000000056e-01 -9.848430000000000240e-01 -1.011919999999999931e+00 -9.480260000000000353e-01 -6.396399999999999864e-01 1.544950936473543646e-01 2.020482159323558902e-01 -1.141399999999999970e+00 3.682486579907180424e-01 0.000000000000000000e+00 nan 1.944188372537184462e-01 1.195784460429999974e-01 2.312848478470000066e-02 7.647412310880000175e-02 2.240309999999999846e+01 3.986580000000000013e+01 4.794160000000000110e+01 7.603679999999999950e+01 1.000000000000000000e+00 9.197660676128263102e-01
-5.889469999999999983e-01 -8.632929999999999771e-01 -9.446830000000000505e-01 -8.407430000000000181e-01 -9.591920000000000446e-01 -6.411769999999999969e-01 1.753014255551721412e-01 2.248479023769206497e-01 -9.217220000000000413e-01 4.017382532908351234e-01 0.000000000000000000e+00 nan 1.773027311562055397e-01 1.195784460429999974e-01 2.312848478470000066e-02 7.647412310880000175e-02 2.240309999999999846e+01 3.986580000000000013e+01 4.794160000000000110e+01 7.603679999999999950e+01 8.162227039034090081e-01 7.934229374295205250e-01
-5.905839999999999979e-01 -1.457279999999999909e+00 -1.266499999999999959e+00 -8.664849999999999497e-01 -9.306410000000000515e-01 -6.394549999999999956e-01 1.976492474315966197e-01 2.495263478762700382e-01 -9.217220000000000413e-01 4.361294486631369649e-01 0.000000000000000000e+00 nan 1.600399641997007905e-01 1.891504347100000094e-01 3.321209362639999940e-02 6.679921518680000114e-02 1.884519999999999840e+01 5.575229999999999819e+01 6.792029999999999745e+01 9.647889999999999588e+01 8.162227039034090081e-01 7.934229374295205250e-01
-5.894380000000000175e-01 -9.638039999999999941e-01 -1.017009999999999970e+00 -8.762469999999999981e-01 -9.113529999999999687e-01 -4.360859999999999737e-01 2.214841652057476518e-01 2.759306570950333937e-01 -1.141399999999999970e+00 4.712544971653278569e-01 0.000000000000000000e+00 nan 1.428261304316730262e-01 1.891504347100000094e-01 3.321209362639999940e-02 6.679921518680000114e-02 1.884519999999999840e+01 5.575229999999999819e+01 6.792029999999999745e+01 9.647889999999999588e+01 4.487278242540410078e-01 6.168696812383380745e-01
-5.903019999999999934e-01 -1.280810000000000004e+00 -1.151219999999999910e+00 -1.051250000000000018e+00 -1.026129999999999987e+00 -3.378840000000000177e-01 2.467339950792600822e-01 3.038883799722790213e-01 -4.823680000000000190e-01 5.069373370059179207e-01 0.000000000000000000e+00 nan 1.258562694670130044e-01 2.996500171420000136e-01 4.566530499779999919e-02 8.068609051269999555e-02 3.363210000000000122e+01 7.665519999999999357e+01 8.786360000000000525e+01 1.007009999999999934e+02 4.487278242540410078e-01 6.168696812383380745e-01
-5.839929999999999843e-01 -4.726549999999999918e-01 -7.009809999999999652e-01 6.450949999999999740e-01 8.587970000000000326e-01 5.452130000000000171e-02 2.733112622576573392e-01 3.332094656496120688e-01 -4.823680000000000190e-01 5.429955863946711592e-01 0.000000000000000000e+00 nan 1.093226566112628362e-01 2.996500171420000136e-01 4.566530499779999919e-02 8.068609051269999555e-02 3.363210000000000122e+01 7.665519999999999357e+01 8.786360000000000525e+01 1.007009999999999934e+02 3.813422185598529524e-01 5.971134341802715184e-01
7.149739999999999984e-01 1.288240000000000052e+00 1.195349999999999913e+00 2.020540000000000003e+00 2.391059999999999963e+00 1.750670000000000004e-01 3.011142039766745437e-01 3.636884158233405495e-01 -7.020450000000000301e-01 5.792426100011645040e-01 0.000000000000000000e+00 nan 9.341262430457442090e-02 4.298355635469999769e-01 4.922025808669999725e-02 1.255335913329999886e-01 4.058229999999999649e+01 9.641020000000000323e+01 1.088040000000000020e+02 1.018040000000000020e+02 3.813422185598529524e-01 5.971134341802715184e-01
4.442969999999999975e-01 1.146700000000000053e+00 1.097059999999999924e+00 1.089239999999999986e+00 1.492790000000000061e+00 5.309300000000000130e-01 3.300271192219665917e-01 3.951066131223692768e-01 1.766629999999999867e-01 6.154896336076579599e-01 0.000000000000000000e+00 nan 7.830643957030913871e-02 4.298355635469999769e-01 4.922025808669999725e-02 1.255335913329999886e-01 4.058229999999999649e+01 9.641020000000000323e+01 1.088040000000000020e+02 1.018040000000000020e+02 3.306462688616997880e-01 6.400360312767737758e-01
1.680399999999999894e+00 1.459640000000000049e+00 1.388239999999999919e+00 8.650419999999999776e-01 1.278070000000000039e+00 1.517490000000000006e+00 3.599238484245869119e-01 4.272347981303691311e-01 6.160170000000000368e-01 6.515478829964109764e-01 0.000000000000000000e+00 nan 6.417526151763097708e-02 5.160113729559999696e-01 4.744557281990000042e-02 1.456159473360000012e-01 3.455879999999999797e+01 1.012399999999999949e+02 1.101770000000000067e+02 1.034380000000000024e+02 3.306462688616997880e-01 6.400360312767737758e-01
3.459020000000000206e+00 1.617609999999999992e+00 1.512119999999999909e+00 1.325099999999999945e+00 1.748550000000000049e+00 2.081339999999999968e+00 3.906673510832685547e-01 4.598356669865716340e-01 6.160170000000000368e-01 6.872307228370011511e-01 0.000000000000000000e+00 nan 5.117920204040948828e-02 5.160113729559999696e-01 4.744557281990000042e-02 1.456159473360000012e-01 3.455879999999999797e+01 1.012399999999999949e+02 1.101770000000000067e+02 1.034380000000000024e+02 3.802196227361481773e-01 6.665616883226831435e-01
3.230500000000000149e+00 1.589749999999999996e+00 1.444320000000000048e+00 1.468390000000000084e+00 1.710539999999999949e+00 2.482219999999999871e+00 4.221087102620486586e-01 4.937678202281603479e-01 8.356940000000000479e-01 7.223557713391922652e-01 0.000000000000000000e+00 nan 3.946551168548328992e-02 5.870351130890000269e-01 5.257818192250000161e-02 1.374583360499999907e-01 2.769640000000000057e+01 6.926760000000000161e+01 9.145319999999999538e+01 9.025119999999999720e+01 3.802196227361481773e-01 6.665616883226831435e-01
3.419039999999999857e+00 1.606060000000000043e+00 1.457729999999999970e+00 1.612000000000000099e+00 1.859809999999999963e+00 2.280990000000000073e+00 4.540920466563599378e-01 5.277885634814709626e-01 1.055369999999999919e+00 7.567469667114938847e-01 0.000000000000000000e+00 nan 2.916691124512671429e-02 5.870351130890000269e-01 5.257818192250000161e-02 1.374583360499999907e-01 2.769640000000000057e+01 6.926760000000000161e+01 9.145319999999999538e+01 9.025119999999999720e+01 3.982110121873301267e-01 6.997382314196798347e-01
3.111709999999999976e+00 1.578719999999999901e+00 1.454469999999999930e+00 1.946499999999999897e+00 1.754979999999999984e+00 2.319209999999999994e+00 4.864564821813975870e-01 5.617207169795713773e-01 8.356940000000000479e-01 7.902365620116110767e-01 0.000000000000000000e+00 nan 2.040008797744119473e-02 6.227918381520000102e-01 5.703090310569999821e-02 1.311514104919999923e-01 1.435810000000000031e+01 4.833500000000000085e+01 6.551330000000000098e+01 7.893609999999999616e+01 3.982110121873301267e-01 6.997382314196798347e-01
2.444249999999999812e+00 1.511330000000000062e+00 1.451130000000000031e+00 1.656190000000000051e+00 1.688739999999999908e+00 2.155130000000000212e+00 5.188038497393745452e-01 5.953881047128546378e-01 8.356940000000000479e-01 8.197653721357262002e-01 0.000000000000000000e+00 nan 1.316801906648779052e-02 6.227918381520000102e-01 5.703090310569999821e-02 1.311514104919999923e-01 1.435810000000000031e+01 4.833500000000000085e+01 6.551330000000000098e+01 7.893609999999999616e+01 4.170861472869605846e-01 6.839000470709348800e-01
2.075709999999999944e+00 1.467340000000000089e+00 1.446439999999999948e+00 1.550820000000000087e+00 1.592240000000000100e+00 1.919869999999999965e+00 5.511769510517481319e-01 6.286175505736240066e-01 6.160170000000000368e-01 8.479949985906172216e-01 0.000000000000000000e+00 nan 7.456292316209589544e-03 6.544305231300000525e-01 6.427910368960000620e-02 1.169138399360000052e-01 1.217520000000000024e+01 2.987130000000000152e+01 4.633449999999999847e+01 5.932399999999999807e+01 4.170861472869605846e-01 6.839000470709348800e-01
2.028770000000000184e+00 1.460190000000000099e+00 1.452900000000000080e+00 1.661219999999999919e+00 1.719189999999999996e+00 2.096589999999999954e+00 5.836272100424271247e-01 6.612408405105913989e-01 6.160170000000000368e-01 8.746055884285635074e-01 0.000000000000000000e+00 nan 3.329623872977305332e-03 6.544305231300000525e-01 6.427910368960000620e-02 1.169138399360000052e-01 1.217520000000000024e+01 2.987130000000000152e+01 4.633449999999999847e+01 5.932399999999999807e+01 4.358896273340140404e-01 6.929823670246089140e-01
1.931470000000000020e+00 1.446660000000000057e+00 1.444080000000000030e+00 1.658430000000000071e+00 1.651569999999999983e+00 2.258329999999999949e+00 6.157636292769967934e-01 6.930966284612924966e-01 6.160170000000000368e-01 8.992956330336491222e-01 0.000000000000000000e+00 nan 8.347705391860138491e-04 6.877575912040000405e-01 6.085487095969999843e-02 1.142587379009999959e-01 4.353769999999999918e+00 1.514620000000000033e+01 2.607440000000000069e+01 4.071779999999999688e+01 4.358896273340140404e-01 6.929823670246089140e-01
2.009459999999999802e+00 1.457719999999999905e+00 1.439489999999999936e+00 1.643590000000000106e+00 1.700380000000000003e+00 2.267739999999999867e+00 6.474174316788297023e-01 7.240322644674461738e-01 6.160170000000000368e-01 9.217853843348569054e-01 0.000000000000000000e+00 nan 0.000000000000000000e+00 6.877575912040000405e-01 6.085487095969999843e-02 1.142587379009999959e-01 4.353769999999999918e+00 1.514620000000000033e+01 2.607440000000000069e+01 4.071779999999999688e+01 4.518328765323731400e-01 6.879738840971354463e-01
2.056280000000000108e+00 1.463240000000000096e+00 1.450010000000000021e+00 1.721349999999999936e+00 1.726609999999999978e+00 2.164950000000000152e+00 6.784211103240502805e-01 7.539055242599768114e-01 6.160170000000000368e-01 9.418200244634957752e-01 0.000000000000000000e+00 nan 8.347705391860138491e-04 6.817683876829999656e-01 6.306827842510000226e-02 1.288317443170000076e-01 4.007310000000000372e+00 1.054499999999999993e+01 1.579840000000000089e+01 2.549849999999999994e+01 4.518328765323731400e-01 6.879738840971354463e-01
1.997679999999999900e+00 1.456739999999999924e+00 1.444180000000000019e+00 1.728709999999999969e+00 1.673240000000000061e+00 2.078469999999999818e+00 7.086265415989541072e-01 7.825862207168131635e-01 8.356940000000000479e-01 9.591725529414723006e-01 4.002609541271262561e-02 nan 3.716890771553460482e-04 6.817683876829999656e-01 6.306827842510000226e-02 1.288317443170000076e-01 4.007310000000000372e+00 1.054499999999999993e+01 1.579840000000000089e+01 2.549849999999999994e+01 4.589147842287228940e-01 7.068056444485082412e-01
1.818580000000000085e+00 1.432520000000000016e+00 1.435750000000000082e+00 1.620770000000000044e+00 1.659769999999999968e+00 2.062520000000000131e+00 7.378929829050646649e-01 8.099576789350013684e-01 6.160170000000000368e-01 9.736463586874123388e-01 8.135603683252157214e-02 nan 1.444068297959177904e-03 6.792826449250000120e-01 6.288897449470000345e-02 1.300579820999999969e-01 4.464889999999999581e+00 9.110160000000000480e+00 1.091590000000000060e+01 1.711390000000000100e+01 4.589147842287228940e-01 7.068056444485082412e-01
1.712329999999999908e+00 1.415489999999999915e+00 1.431349999999999900e+00 1.608000000000000096e+00 1.542740000000000000e+00 2.012910000000000199e+00 7.660776927194837826e-01 8.359180582039767993e-01 6.160170000000000368e-01 9.850774476987750328e-01 8.655664776465676891e-02 nan 6.771469075966485285e-03 6.792826449250000120e-01 6.288897449470000345e-02 1.300579820999999969e-01 4.464889999999999581e+00 9.110160000000000480e+00 1.091590000000000060e+01 1.711390000000000100e+01 4.559709558186888501e-01 6.943335399036232314e-01
1.539860000000000007e+00 1.388949999999999907e+00 1.428940000000000099e+00 1.337979999999999947e+00 1.630290000000000017e+00 1.868910000000000071e+00 7.930672495321409166e-01 8.603815059015076372e-01 8.356940000000000479e-01 9.933363011694301692e-01 9.689894462900727756e-02 nan 1.323924060921299883e-02 6.706239505869999729e-01 7.407342616980000516e-02 1.177110809150000020e-01 3.765540000000000109e+00 9.441969999999999530e+00 1.106439999999999912e+01 1.236059999999999981e+01 4.559709558186888501e-01 6.943335399036232314e-01
1.439310000000000089e+00 1.372109999999999941e+00 1.410849999999999937e+00 1.588379999999999903e+00 1.535940000000000083e+00 1.786380000000000079e+00 8.187750417979879902e-01 8.832791302382105858e-01 1.055369999999999919e+00 9.983293429894851689e-01 1.122657450695280223e-01 nan 2.382838968426470583e-02 6.706239505869999729e-01 7.407342616980000516e-02 1.177110809150000020e-01 3.765540000000000109e+00 9.441969999999999530e+00 1.106439999999999912e+01 1.236059999999999981e+01 4.475753721584292411e-01 6.949261595874013375e-01
1.211500000000000021e+00 1.331229999999999913e+00 1.391319999999999890e+00 1.415550000000000086e+00 1.313679999999999959e+00 1.753579999999999917e+00 8.430993278961684823e-01 9.045597808290509745e-01 8.356940000000000479e-01 1.000000000000000000e+00 1.324829370969659026e-01 nan 3.568722565145021619e-02 6.371548399130000373e-01 8.941140748289999607e-02 1.259023853519999903e-01 5.381450000000000067e+00 1.369190000000000040e+01 1.396669999999999945e+01 1.349559999999999960e+01 4.475753721584292411e-01 6.949261595874013375e-01
1.080310000000000104e+00 1.305709999999999926e+00 1.372840000000000060e+00 1.427570000000000006e+00 1.252480000000000038e+00 1.649420000000000108e+00 8.659464510063397125e-01 9.241906282476454182e-01 1.275050000000000017e+00 9.983293429894849469e-01 1.573214518472698664e-01 nan 4.890760659709125768e-02 6.371548399130000373e-01 8.941140748289999607e-02 1.259023853519999903e-01 5.381450000000000067e+00 1.369190000000000040e+01 1.396669999999999945e+01 1.349559999999999960e+01 4.458138521159139556e-01 6.791523168043238634e-01
9.945450000000000124e-01 1.286939999999999973e+00 1.352950000000000097e+00 1.515830000000000011e+00 1.405000000000000027e+00 1.479360000000000008e+00 8.872597572082635553e-01 9.421575359967795382e-01 8.356940000000000479e-01 9.933363011694302802e-01 1.864998590233524212e-01 nan 6.356596375885781303e-02 6.399635818940000442e-01 8.373914645020000269e-02 1.398358693210000059e-01 5.133309999999999818e+00 1.236490000000000045e+01 1.312449999999999939e+01 1.257639999999999958e+01 4.458138521159139556e-01 6.791523168043238634e-01
9.574660000000000393e-01 1.280440000000000023e+00 1.350829999999999975e+00 1.536219999999999919e+00 1.258270000000000000e+00 1.371960000000000068e+00 9.069962387275831706e-01 9.571035011936778192e-01 1.766629999999999867e-01 9.850774476987751438e-01 2.196875556128081719e-01 nan 7.676450073348262126e-02 6.399635818940000442e-01 8.373914645020000269e-02 1.398358693210000059e-01 5.133309999999999818e+00 1.236490000000000045e+01 1.312449999999999939e+01 1.257639999999999958e+01 4.429237649953124967e-01 7.141609013237431025e-01
9.821509999999999962e-01 1.287500000000000089e+00 1.337309999999999999e+00 1.518000000000000016e+00 1.307730000000000059e+00 1.401599999999999957e+00 9.251290044588426076e-01 9.690076861711605094e-01 6.160170000000000368e-01 9.736463586874123388e-01 2.565085117521481717e-01 nan 9.140796204560408533e-02 6.666226504009999942e-01 6.727527409069999909e-02 1.383228966679999894e-01 5.426689999999999792e+00 1.045749999999999957e+01 1.153470000000000084e+01 1.210660000000000025e+01 4.429237649953124967e-01 7.141609013237431025e-01
9.766049999999999454e-01 1.284110000000000085e+00 1.335769999999999902e+00 1.489260000000000028e+00 1.340959999999999930e+00 1.395319999999999894e+00 9.416451152623858123e-01 9.791412850468361739e-01 6.160170000000000368e-01 9.591725529414723006e-01 2.965455312954061728e-01 nan 1.073304314273253457e-01 6.666226504009999942e-01 6.727527409069999909e-02 1.383228966679999894e-01 5.426689999999999792e+00 1.045749999999999957e+01 1.153470000000000084e+01 1.210660000000000025e+01 4.287480070938501919e-01 6.651631058689667642e-01
1.008909999999999973e+00 1.290319999999999911e+00 1.335190000000000099e+00 1.494050000000000100e+00 1.373629999999999907e+00 1.415049999999999919e+00 9.565396344279374352e-01 9.873894800962624840e-01 6.160170000000000368e-01 9.418200244634958862e-01 3.393449788131754907e-01 nan 1.243515009382557546e-01 6.900764687579999945e-01 5.517892143260000326e-02 1.267242749830000126e-01 4.050500000000000433e+00 1.142849999999999966e+01 1.302580000000000027e+01 1.580879999999999974e+01 4.287480070938501919e-01 6.651631058689667642e-01
1.101050000000000084e+00 1.311399999999999899e+00 1.347609999999999975e+00 1.500550000000000050e+00 1.445789999999999909e+00 1.438890000000000002e+00 9.691435519444447921e-01 9.936588159737180792e-01 8.356940000000000479e-01 9.217853843348569054e-01 3.844219194632886305e-01 nan 1.422783150595620105e-01 6.900764687579999945e-01 5.517892143260000326e-02 1.267242749830000126e-01 4.050500000000000433e+00 1.142849999999999966e+01 1.302580000000000027e+01 1.580879999999999974e+01 4.161307465859352961e-01 6.604356939915136948e-01
1.180830000000000046e+00 1.325220000000000065e+00 1.345599999999999907e+00 1.337439999999999962e+00 1.495409999999999906e+00 1.448290000000000077e+00 9.789352378283204814e-01 9.978782585986116782e-01 8.356940000000000479e-01 8.992956330336491222e-01 4.312656134963480659e-01 nan 1.609077558240585848e-01 7.116057824989999725e-01 4.561010771849999951e-02 1.172854233190000067e-01 4.126769999999999605e+00 9.700169999999999959e+00 1.556939999999999991e+01 2.141369999999999862e+01 4.161307465859352961e-01 6.604356939915136948e-01
1.217249999999999943e+00 1.333469999999999933e+00 1.357969999999999899e+00 1.336510000000000087e+00 1.579099999999999948e+00 1.575369999999999937e+00 9.865840364986423472e-01 1.000000000000000000e+00 6.160170000000000368e-01 8.746055884285636184e-01 4.793453031411688547e-01 nan 1.800287442239364433e-01 7.116057824989999725e-01 4.561010771849999951e-02 1.172854233190000067e-01 4.126769999999999605e+00 9.700169999999999959e+00 1.556939999999999991e+01 2.141369999999999862e+01 3.987245400641312720e-01 6.665413699335249742e-01
1.211910000000000043e+00 1.332249999999999934e+00 1.347969999999999891e+00 1.426989999999999981e+00 1.546750000000000069e+00 1.564759999999999929e+00 9.925729257160565977e-01 1.000000000000000000e+00 6.160170000000000368e-01 8.479949985906172216e-01 5.281162263024058445e-01 nan 1.994246318202660406e-01 6.948791187170000327e-01 4.164471489450000119e-02 1.197736906319999961e-01 3.907859999999999889e+00 1.300120000000000076e+01 2.207219999999999871e+01 3.109179999999999922e+01 3.987245400641312720e-01 6.665413699335249742e-01
1.202299999999999924e+00 1.329439999999999955e+00 1.331700000000000106e+00 1.552389999999999937e+00 1.603990000000000027e+00 1.408120000000000038e+00 9.968340489726909004e-01 9.978782585986116782e-01 8.356940000000000479e-01 8.197653721357263112e-01 5.770257889327703449e-01 nan 2.188756554563773271e-01 6.948791187170000327e-01 4.164471489450000119e-02 1.197736906319999961e-01 3.907859999999999889e+00 1.300120000000000076e+01 2.207219999999999871e+01 3.109179999999999922e+01 3.859639694510624830e-01 6.638254785827246707e-01
1.146640000000000104e+00 1.318470000000000031e+00 1.319860000000000033e+00 1.499470000000000081e+00 1.261239999999999917e+00 1.348689999999999944e+00 9.993191260393895492e-01 9.936588159737180792e-01 1.055369999999999919e+00 7.902365620116110767e-01 6.255198261443906116e-01 nan 2.381614272622384343e-01 6.366911577360000463e-01 4.763473511510000341e-02 1.212526113850000004e-01 8.497579999999999245e+00 2.484369999999999834e+01 3.676959999999999695e+01 4.329890000000000327e+01 3.859639694510624830e-01 6.638254785827246707e-01
1.146789999999999976e+00 1.319960000000000022e+00 1.324480000000000102e+00 1.447570000000000023e+00 1.180039999999999978e+00 1.288200000000000012e+00 1.000000000000000000e+00 9.873894800962624840e-01 8.356940000000000479e-01 7.567469667114938847e-01 6.730488811184247577e-01 nan 2.570634317370857902e-01 6.366911577360000463e-01 4.763473511510000341e-02 1.212526113850000004e-01 8.497579999999999245e+00 2.484369999999999834e+01 3.676959999999999695e+01 4.329890000000000327e+01 3.759262908359158883e-01 6.691827605240789900e-01
1.027069999999999927e+00 1.297109999999999985e+00 1.312110000000000110e+00 1.179240000000000066e+00 1.277949999999999919e+00 1.104570000000000052e+00 9.988689562804855537e-01 9.791412850468361739e-01 8.356940000000000479e-01 7.223557713391922652e-01 7.190744306703704680e-01 nan 2.753675016173612322e-01 5.603058305870000089e-01 5.673284157320000048e-02 1.302433714279999932e-01 1.158140000000000036e+01 3.534020000000000294e+01 4.665590000000000259e+01 5.697570000000000334e+01 3.759262908359158883e-01 6.691827605240789900e-01
8.828200000000000491e-01 1.262389999999999901e+00 1.292890000000000095e+00 1.392709999999999892e+00 1.323839999999999906e+00 1.072240000000000082e+00 9.959388100581301195e-01 9.690076861711605094e-01 6.160170000000000368e-01 6.872307228370013732e-01 7.630749869329274127e-01 nan 2.928662444773864060e-01 5.603058305870000089e-01 5.673284157320000048e-02 1.302433714279999932e-01 1.158140000000000036e+01 3.534020000000000294e+01 4.665590000000000259e+01 5.697570000000000334e+01 3.358651451910502628e-01 6.721763365267068302e-01
8.295099999999999696e-01 1.249160000000000048e+00 1.297299999999999898e+00 1.469049999999999967e+00 1.330940000000000012e+00 1.026599999999999957e+00 9.912427610604600536e-01 9.571035011936778192e-01 6.160170000000000368e-01 6.515478829964113094e-01 8.045520060219109038e-01 nan 3.093613925684142174e-01 5.069194401380000548e-01 6.280367531349999310e-02 1.314189798070000137e-01 2.117920000000000158e+01 4.760699999999999932e+01 6.476009999999999422e+01 6.840760000000000218e+01 3.358651451910502628e-01 6.721763365267068302e-01
7.621339999999999781e-01 1.232490000000000085e+00 1.290070000000000050e+00 1.261370000000000102e+00 1.214839999999999920e+00 7.990570000000000173e-01 9.848340173990650648e-01 9.421575359967797603e-01 1.055369999999999919e+00 6.154896336076579599e-01 8.430355367376668463e-01 nan 3.246660492714462665e-01 5.069194401380000548e-01 6.280367531349999310e-02 1.314189798070000137e-01 2.117920000000000158e+01 4.760699999999999932e+01 6.476009999999999422e+01 6.840760000000000218e+01 2.620783547999928631e-01 6.680246123420670035e-01
7.760190000000000143e-01 1.236210000000000031e+00 1.271039999999999948e+00 1.189370000000000038e+00 1.135440000000000005e+00 5.342230000000000034e-01 9.767851927004327361e-01 9.241906282476455292e-01 8.356940000000000479e-01 5.792426100011646151e-01 8.780895452999468720e-01 nan 3.386068067106072776e-01 4.072541866209999917e-01 8.839147876460000386e-02 1.389391214850000111e-01 2.215129999999999910e+01 8.031919999999999504e+01 9.188909999999999911e+01 8.824230000000000018e+01 2.620783547999928631e-01 6.680246123420670035e-01
5.565900000000000292e-01 1.176109999999999989e+00 1.227570000000000050e+00 1.150940000000000074e+00 9.252759999999999874e-01 3.412189999999999945e-01 9.667924189923023937e-01 9.045597808290509745e-01 -4.301370000000000193e-02 5.429955863946712702e-01 9.093168557848694267e-01 nan 3.510257105336669348e-01 4.072541866209999917e-01 8.839147876460000386e-02 1.389391214850000111e-01 2.215129999999999910e+01 8.031919999999999504e+01 9.188909999999999911e+01 8.824230000000000018e+01 2.019179669073082328e-01 6.561519002773460452e-01
-8.077420000000000433e-02 9.004490000000000549e-01 1.053609999999999935e+00 7.148010000000000197e-01 4.780699999999999950e-01 1.624049999999999938e-01 9.539409750772125385e-01 8.832791302382105858e-01 -2.626910000000000078e-01 5.069373370059180317e-01 9.363636502868400990e-01 nan 3.617820495979681139e-01 2.779232884619999844e-01 1.249770419309999964e-01 1.408157250900000101e-01 5.492810000000000059e+01 9.735009999999999764e+01 1.110870000000000033e+02 1.051370000000000005e+02 2.019179669073082328e-01 6.561519002773460452e-01
-2.232949999999999935e-01 7.858129999999999837e-01 9.535540000000000127e-01 -1.110160000000000036e-01 1.411910000000000109e-01 8.771809999999999330e-02 9.385693843417021176e-01 8.603815059015078592e-01 -2.626910000000000078e-01 4.712544971653278569e-01 9.589234778168007622e-01 nan 3.707539502838972378e-01 2.779232884619999844e-01 1.249770419309999964e-01 1.408157250900000101e-01 5.492810000000000059e+01 9.735009999999999764e+01 1.110870000000000033e+02 1.051370000000000005e+02 1.330037200914796491e-01 6.795180478091696896e-01
-1.611470000000000125e-01 8.381429999999999714e-01 1.011079999999999979e+00 -3.242689999999999739e-01 -2.737049999999999900e-02 6.093860000000000249e-02 9.216030518037277020e-01 8.359180582039769103e-01 -2.626910000000000078e-01 4.361294486631369649e-01 9.767407265143872586e-01 nan 3.778397573716930635e-01 2.352760861609999865e-01 1.772875368709999899e-01 1.445599570849999960e-01 1.671369999999999933e+01 7.445770000000000266e+01 9.612829999999999586e+01 1.018080000000000069e+02 1.330037200914796491e-01 6.795180478091696896e-01
-1.472289999999999988e-01 8.495169999999999666e-01 1.027479999999999949e+00 -3.431319999999999926e-01 -6.214419999999999666e-02 -1.683180000000000093e-02 9.030739655020219026e-01 8.099576789350014794e-01 -2.626910000000000078e-01 4.017382532908352344e-01 9.896135198324447213e-01 nan 3.859171206315279434e-01 2.352760861609999865e-01 1.772875368709999899e-01 1.445599570849999960e-01 1.671369999999999933e+01 7.445770000000000266e+01 9.612829999999999586e+01 1.018080000000000069e+02 1.289193820945966351e-01 5.015933003498149745e-01
-1.630639999999999867e-01 8.404470000000000551e-01 1.014280000000000070e+00 -4.924979999999999913e-01 -1.906799999999999884e-01 -1.246400000000000008e-01 8.829982248680725565e-01 7.825862207168132745e-01 -2.626910000000000078e-01 3.682486579907181534e-01 9.973960038789723148e-01 nan 3.920664545240692966e-01 2.101864628829999970e-01 2.071421292769999867e-01 1.438508398380000108e-01 2.423450000000000060e+01 4.620790000000000219e+01 8.101269999999999527e+01 9.797039999999999793e+01 1.289193820945966351e-01 5.015933003498149745e-01
-2.450189999999999868e-01 7.643680000000000474e-01 9.471110000000000362e-01 -6.093460000000000543e-01 -3.652009999999999978e-01 -2.474399999999999933e-01 8.613874746234407853e-01 7.539055242599769224e-01 -4.301370000000000193e-02 3.358181942160022304e-01 1.000000000000000000e+00 nan 3.964443080755456483e-01 2.101864628829999970e-01 2.071421292769999867e-01 1.438508398380000108e-01 2.423450000000000060e+01 4.620790000000000219e+01 8.101269999999999527e+01 9.797039999999999793e+01 1.275937636219240945e-01 6.719765390333187760e-01
-3.366250000000000075e-01 6.597110000000000474e-01 8.420109999999999539e-01 -7.710650000000000004e-01 -5.694719999999999782e-01 -3.762820000000000054e-01 8.382748701397080282e-01 7.240322644674463959e-01 -4.301370000000000193e-02 3.045923930365136423e-01 9.973960038789723148e-01 nan 3.992273018922976036e-01 1.916020000649999999e-01 1.795145998799999865e-01 1.284171169230000076e-01 1.052139999999999986e+01 4.231499999999999773e+01 7.529489999999999839e+01 9.621200000000000330e+01 1.275937636219240945e-01 6.719765390333187760e-01
-4.238439999999999985e-01 5.154029999999999445e-01 6.975299999999999834e-01 -6.946440000000000392e-01 -5.789849999999999719e-01 -4.855340000000000211e-01 8.137169210104913120e-01 6.930966284612927186e-01 -2.626910000000000078e-01 2.747031362135161636e-01 9.896135198324448323e-01 nan 4.006101269787333274e-01 1.916020000649999999e-01 1.795145998799999865e-01 1.284171169230000076e-01 1.052139999999999986e+01 4.231499999999999773e+01 7.529489999999999839e+01 9.621200000000000330e+01 1.293612549188206673e-01 6.476757456002222302e-01
-4.977759999999999962e-01 3.154980000000000007e-01 4.973350000000000271e-01 -7.333840000000000359e-01 -5.652369999999999894e-01 -5.559429999999999650e-01 7.877905922381598369e-01 6.612408405105913989e-01 -2.626910000000000078e-01 2.462671619266578737e-01 9.767407265143873696e-01 nan 4.008033388104550454e-01 1.962329745589999896e-01 1.393059248159999874e-01 1.046028041640000017e-01 1.983660000000000068e+01 4.541219999999999857e+01 8.734560000000000457e+01 1.063419999999999987e+02 1.293612549188206673e-01 6.476757456002222302e-01
-5.345119999999999871e-01 1.760099999999999998e-01 2.870240000000000014e-01 -7.651829999999999465e-01 -6.498829999999999885e-01 -6.007679999999999687e-01 7.605891425334181388e-01 6.286175505736242286e-01 -2.626910000000000078e-01 2.193847420837510276e-01 9.589234778168007622e-01 nan 4.000309716565860763e-01 1.962329745589999896e-01 1.393059248159999874e-01 1.046028041640000017e-01 1.983660000000000068e+01 4.541219999999999857e+01 8.734560000000000457e+01 1.063419999999999987e+02 1.337142993628671617e-01 7.419632304884202778e-01
-5.638509999999999911e-01 -8.898549999999999516e-02 5.476290000000000324e-02 -8.393540000000000445e-01 -7.570869999999999544e-01 -6.155009999999999648e-01 7.322201586253422878e-01 5.953881047128546378e-01 -2.626910000000000078e-01 1.941385461999884932e-01 9.363636502868400990e-01 nan 3.985280001819819784e-01 2.531142926909999979e-01 9.252103783659999803e-02 9.470422329640000580e-02 1.664639999999999986e+01 6.611129999999999995e+01 8.762779999999999347e+01 9.395120000000000005e+01 1.337142993628671617e-01 7.419632304884202778e-01
-5.686149999999999816e-01 -1.176829999999999959e-01 -4.887550000000000228e-02 -8.479830000000000423e-01 -8.899989999999999846e-01 -5.806550000000000322e-01 7.028065446412050665e-01 5.617207169795714883e-01 -7.020450000000000301e-01 1.705927047193041002e-01 9.093168557848695377e-01 nan 3.965376770903875636e-01 2.531142926909999979e-01 9.252103783659999803e-02 9.470422329640000580e-02 1.664639999999999986e+01 6.611129999999999995e+01 8.762779999999999347e+01 9.395120000000000005e+01 1.450537114331608146e-01 6.714855112953312943e-01
-5.510659999999999448e-01 1.269659999999999955e-01 7.649780000000000468e-02 -8.194430000000000325e-01 -7.467970000000000441e-01 -4.942630000000000079e-01 6.724826407260300343e-01 5.277885634814710736e-01 -1.141399999999999970e+00 1.487920823908177592e-01 8.780895452999469830e-01 nan 3.943087769741029369e-01 3.345176093689999908e-01 4.708466137359999804e-02 9.665236382609999899e-02 4.717170000000000130e+01 7.123609999999999332e+01 7.610370000000000346e+01 7.647020000000000550e+01 1.450537114331608146e-01 6.714855112953312943e-01
-5.687100000000000488e-01 -5.668329999999999896e-02 -1.523110000000000019e-01 -8.564500000000000446e-01 -7.586739999999999595e-01 -5.597680000000000433e-01 6.413916659448009039e-01 4.937678202281604589e-01 -9.217220000000000413e-01 1.287617699333007959e-01 8.430355367376670683e-01 nan 3.920927775984496266e-01 3.345176093689999908e-01 4.708466137359999804e-02 9.665236382609999899e-02 4.717170000000000130e+01 7.123609999999999332e+01 7.610370000000000346e+01 7.647020000000000550e+01 5.656688700595333685e-01 7.153766182750365132e-01
-5.515550000000000175e-01 6.066309999999999758e-02 1.054189999999999988e-01 8.698609999999999953e-01 8.720959999999999823e-01 -5.057580000000000409e-01 6.096872304071709880e-01 4.598356669865717450e-01 -7.020450000000000301e-01 1.105067997473067054e-01 8.045520060219111258e-01 nan 3.901410105582023835e-01 3.278926888550000029e-01 4.203280410790000143e-02 9.369683881510000589e-02 1.610660000000000025e+01 5.677980000000000160e+01 5.811169999999999902e+01 5.986789999999999878e+01 5.656688700595333685e-01 7.153766182750365132e-01
-2.605210000000000026e-01 8.178819999999999979e-01 8.130039999999999489e-01 1.606230000000000047e+00 1.390349999999999975e+00 -4.970149999999999846e-01 5.775292304535508681e-01 4.261682797634056552e-01 -2.626910000000000078e-01 9.401208889606149643e-02 7.630749869329276347e-01 nan 3.887018135901938454e-01 3.278926888550000029e-01 4.203280410790000143e-02 9.369683881510000589e-02 1.610660000000000025e+01 5.677980000000000160e+01 5.811169999999999902e+01 5.986789999999999878e+01 4.469006204133302296e-01 6.864669369012426081e-01
-4.907429999999999848e-01 4.019380000000000175e-01 4.502789999999999848e-01 8.294569999999999999e-01 2.904200000000000115e-01 -5.146849999999999481e-01 5.450814705766624524e-01 3.929388346605788840e-01 -4.823680000000000190e-01 7.924261000116472609e-02 7.190744306703704680e-01 nan 3.880177168075257255e-01 3.160196109530000186e-01 5.538787662280000162e-02 1.178519101160000054e-01 2.764450000000000074e+01 4.797639999999999816e+01 5.204849999999999710e+01 5.825950000000000273e+01 4.469006204133302296e-01 6.864669369012426081e-01
-4.422780000000000045e-01 5.803300000000000125e-01 5.128580000000000361e-01 3.609569999999999723e-01 2.605879999999999863e-01 -3.635780000000000123e-01 5.125125110786468152e-01 3.603155457207920520e-01 -1.141399999999999970e+00 6.614378811678278680e-02 6.730488811184249798e-01 nan 3.883226947364768478e-01 3.160196109530000186e-01 5.538787662280000162e-02 1.178519101160000054e-01 2.764450000000000074e+01 4.797639999999999816e+01 5.204849999999999710e+01 5.825950000000000273e+01 2.002400444261325241e-01 6.743165401846942242e-01
-5.262550000000000283e-01 2.942529999999999868e-01 2.042180000000000106e-01 5.129610000000000003e-01 1.340520000000000045e-01 -4.994930000000000203e-01 4.799927513198442020e-01 3.284597589952106267e-01 -2.626910000000000078e-01 5.464211908559235553e-02 6.255198261443907226e-01 nan 3.898395152916295237e-01 2.824879218210000209e-01 5.093461587419999964e-02 1.025841431780000063e-01 1.454790000000000028e+01 3.812219999999999942e+01 4.693919999999999959e+01 5.723799999999999955e+01 2.002400444261325241e-01 6.743165401846942242e-01
-5.150059999999999638e-01 3.523339999999999805e-01 2.627079999999999971e-01 6.345600000000000129e-01 1.438979999999999981e-01 -5.877520000000000522e-01 4.476916031312427879e-01 2.975241244282348374e-01 -2.626910000000000078e-01 4.464600237025329044e-02 5.770257889327705669e-01 nan 3.927772157263835773e-01 2.824879218210000209e-01 5.093461587419999964e-02 1.025841431780000063e-01 1.454790000000000028e+01 3.812219999999999942e+01 4.693919999999999959e+01 5.723799999999999955e+01 1.877601227689901231e-01 6.659792278334841775e-01
-5.197850000000000525e-01 3.308539999999999814e-01 2.598420000000000174e-01 2.212500000000000022e-01 9.052509999999999724e-02 -6.075939999999999674e-01 4.157769617448922039e-01 2.676508662726337917e-01 1.055369999999999919e+00 3.604677892409913209e-02 5.281162263024060666e-01 nan 3.973287341573475961e-01 2.401364659209999919e-01 4.813800995680000278e-02 1.044845643439999971e-01 1.751739999999999853e+01 3.865760000000000218e+01 4.708120000000000260e+01 5.487239999999999895e+01 1.877601227689901231e-01 6.659792278334841775e-01
-5.864200000000000523e-01 -7.133150000000000324e-01 -6.039200000000000124e-01 3.170810000000000017e-01 1.027990000000000015e-01 -6.149459999999999926e-01 3.844116461675717300e-01 2.389701716319319047e-01 2.153760000000000119e+00 2.871996234155271832e-02 4.793453031411690768e-01 nan 4.036687234983845629e-01 2.401364659209999919e-01 4.813800995680000278e-02 1.044845643439999971e-01 1.751739999999999853e+01 3.865760000000000218e+01 4.708120000000000260e+01 5.487239999999999895e+01 5.226579247502523007e-01 6.845366899312222975e-01
-5.876500000000000057e-01 -7.562830000000000386e-01 -7.288210000000000521e-01 1.440460000000000074e-01 -3.730039999999999745e-02 -6.075570000000000137e-01 3.537515083213834677e-01 2.115987153885051653e-01 1.494729999999999892e+00 2.252664933884485077e-02 4.312656134963481769e-01 nan 4.119515725733097211e-01 2.339463089209999902e-01 5.031909446019999788e-02 9.492267426849999856e-02 1.478529999999999944e+01 3.327409999999999712e+01 4.245759999999999934e+01 4.447979999999999734e+01 5.226579247502523007e-01 6.845366899312222975e-01
-5.804369999999999807e-01 -3.675499999999999878e-01 -3.299259999999999970e-01 3.032909999999999773e-01 -4.479910000000000142e-02 -5.730480000000000018e-01 3.239444602656135208e-01 1.856383382305436536e-01 1.275050000000000017e+00 1.731509358372107510e-02 3.844219194632887415e-01 nan 4.223096568288255970e-01 2.339463089209999902e-01 5.031909446019999788e-02 9.492267426849999856e-02 1.478529999999999944e+01 3.327409999999999712e+01 4.245759999999999934e+01 4.447979999999999734e+01 8.685786623195934641e-02 6.862569802132754138e-01
-5.739910000000000290e-01 -1.956330000000000013e-01 -1.754670000000000119e-01 1.310399999999999898e-01 -1.991800000000000168e-02 -5.567969999999999864e-01 2.951265745783095973e-01 1.611748927563600997e-01 -2.626910000000000078e-01 1.292242504202223419e-02 3.393449788131757128e-01 nan 4.348518384678169424e-01 2.211587134680000066e-01 5.301831614029999667e-02 9.163117560219999347e-02 1.657199999999999918e+01 3.330579999999999785e+01 3.588100000000000023e+01 3.786979999999999791e+01 8.685786623195934641e-02 6.862569802132754138e-01
-4.816690000000000138e-01 4.866750000000000242e-01 3.973070000000000213e-01 -1.226060000000000066e-01 -1.297510000000000052e-01 -5.227060000000000040e-01 2.674223316054327171e-01 1.382772707301469506e-01 -1.141399999999999970e+00 9.176495360249559141e-03 2.965455312954062839e-01 nan 4.496622329970928478e-01 2.211587134680000066e-01 5.301831614029999667e-02 9.163117560219999347e-02 1.657199999999999918e+01 3.330579999999999785e+01 3.588100000000000023e+01 3.786979999999999791e+01 6.848789925299607617e-01 6.544383827916789853e-01
-5.160970000000000280e-01 3.615280000000000160e-01 2.546450000000000102e-01 4.468620000000000231e-02 -1.470539999999999903e-01 -5.657799999999999496e-01 2.409458448165447964e-01 1.169966225107598179e-01 -1.141399999999999970e+00 5.897828375198366224e-03 2.565085117521482827e-01 nan 4.667992561650833316e-01 2.177568333700000136e-01 7.777677435780000481e-02 9.610361645029999456e-02 1.608320000000000149e+01 3.578580000000000183e+01 4.200509999999999877e+01 3.888219999999999743e+01 6.848789925299607617e-01 6.544383827916789853e-01
-5.757069999999999688e-01 -1.771590000000000109e-01 -3.160149999999999904e-01 -2.954930000000000057e-01 -2.669849999999999723e-01 -6.146660000000000457e-01 2.157964117373840640e-01 9.736577749771269108e-02 -1.141399999999999970e+00 2.901653650600688472e-03 2.196875556128082829e-01 nan 4.833370272922462574e-01 2.177568333700000136e-01 7.777677435780000481e-02 9.610361645029999456e-02 1.608320000000000149e+01 3.578580000000000183e+01 4.200509999999999877e+01 3.888219999999999743e+01 3.745887298544806621e-01 6.487255290400577579e-01
-5.858550000000000146e-01 -5.649539999999999562e-01 -6.628300000000000303e-01 -7.837850000000000372e-02 2.581589999999999926e-02 -6.393489999999999451e-01 1.920571498438978786e-01 7.939887216096397360e-02 -4.301370000000000193e-02 0.000000000000000000e+00 1.864998590233523101e-01 nan 5.021424560459811781e-01 2.008996698319999996e-01 7.329617985450000150e-02 7.936252982439999382e-02 1.642000000000000171e+01 3.409170000000000300e+01 4.012010000000000076e+01 4.065350000000000108e+01 3.745887298544806621e-01 6.487255290400577579e-01
-5.899269999999999792e-01 -1.188039999999999985e+00 -1.140679999999999916e+00 -3.773750000000000160e-01 -3.041789999999999772e-01 -6.349780000000000424e-01 1.697952431074544188e-01 6.309118986906292470e-02 2.812790000000000123e+00 0.000000000000000000e+00 1.573214518472699774e-01 nan 5.229061149776338402e-01 2.008996698319999996e-01 7.329617985450000150e-02 7.936252982439999382e-02 1.642000000000000171e+01 3.409170000000000300e+01 4.012010000000000076e+01 4.065350000000000108e+01 4.923478375102257054e-01 6.460604336621526000e-01
-5.878010000000000179e-01 -7.871070000000000011e-01 -7.468759999999999843e-01 -3.888190000000000257e-01 -3.395400000000000085e-01 -6.279420000000000002e-01 1.490616211485258358e-01 4.841921433046925127e-02 2.153760000000000119e+00 0.000000000000000000e+00 1.324829370969660136e-01 nan 5.452963891081652470e-01 1.936131066389999988e-01 6.564497202440000567e-02 6.704785324770000388e-02 1.044130000000000003e+01 2.538299999999999912e+01 3.449000000000000199e+01 3.778970000000000340e+01 4.923478375102257054e-01 6.460604336621526000e-01
-5.862509999999999666e-01 -6.933000000000000274e-01 -5.408209999999999962e-01 -4.145920000000000161e-01 -2.680359999999999965e-01 -6.209569999999999812e-01 1.298883503905557957e-01 3.534089604253187744e-02 -4.823680000000000190e-01 0.000000000000000000e+00 1.122657450695280223e-01 nan 5.690595876849766643e-01 1.936131066389999988e-01 6.564497202440000567e-02 6.704785324770000388e-02 1.044130000000000003e+01 2.538299999999999912e+01 3.449000000000000199e+01 3.778970000000000340e+01 5.953460043351306297e-01 6.499209276021931103e-01
-5.676430000000000087e-01 -5.566780000000000339e-02 -1.085050000000000042e-01 -3.743230000000000168e-01 -4.067660000000000164e-01 -6.013680000000000136e-01 1.122901362847898987e-01 2.379612872915692900e-02 -9.217220000000000413e-01 0.000000000000000000e+00 9.689894462900738858e-02 nan 5.939264641729005145e-01 1.453371613830000131e-01 7.772871817160000030e-02 6.345800558160000215e-02 1.467759999999999998e+01 2.151399999999999935e+01 2.900979999999999848e+01 3.230149999999999721e+01 5.953460043351306297e-01 6.499209276021931103e-01
-5.644719999999999738e-01 3.148090000000000090e-03 -9.884210000000000218e-02 -3.708250000000000157e-01 -3.567899999999999960e-01 -5.996550000000000491e-01 9.627099925921311918e-02 1.506914591297670025e-02 -1.141399999999999970e+00 0.000000000000000000e+00 8.655664776465687993e-02 nan 6.196152669250291067e-01 1.453371613830000131e-01 7.772871817160000030e-02 6.345800558160000215e-02 1.467759999999999998e+01 2.151399999999999935e+01 2.900979999999999848e+01 3.230149999999999721e+01 5.535173673933683203e-01 6.431311992251922405e-01
-5.837799999999999656e-01 -4.266050000000000120e-01 -5.933209999999999873e-01 -4.154880000000000240e-01 -3.075129999999999808e-01 -6.231769999999999810e-01 8.182189749895307784e-02 9.110329418404283786e-03 -1.141399999999999970e+00 0.000000000000000000e+00 8.135603683252157214e-02 nan 6.458349315414555480e-01 8.133843268219999312e-02 7.373614326900000682e-02 6.147768013899999884e-02 8.395509999999999806e+00 2.228170000000000073e+01 2.494859999999999900e+01 2.815609999999999857e+01 5.535173673933683203e-01 6.431311992251922405e-01
-5.812260000000000204e-01 -3.475509999999999988e-01 -4.249390000000000112e-01 -4.887239999999999918e-01 -3.140930000000000111e-01 -6.320719999999999672e-01 6.890433425861242078e-02 4.581117655984123793e-03 -1.141399999999999970e+00 0.000000000000000000e+00 4.002609541271262561e-02 nan 6.753426679676584055e-01 8.133843268219999312e-02 7.373614326900000682e-02 6.147768013899999884e-02 8.395509999999999806e+00 2.228170000000000073e+01 2.494859999999999900e+01 2.815609999999999857e+01 6.323916665173852092e-01 6.591387034835878289e-01
-5.851049999999999862e-01 -5.301240000000000396e-01 -5.683289999999999731e-01 -3.887039999999999940e-01 -3.861390000000000100e-01 -6.331020000000000536e-01 5.746407618817428453e-02 1.532828404765762542e-03 -4.823680000000000190e-01 0.000000000000000000e+00 0.000000000000000000e+00 nan 7.050724303997935039e-01 7.662766444749999351e-02 6.002154107450000109e-02 6.908258019099999814e-02 1.673839999999999861e+01 2.469750000000000156e+01 3.028170000000000073e+01 2.772690000000000055e+01 6.323916665173852092e-01 6.591387034835878289e-01
-5.905620000000000314e-01 -1.450080000000000036e+00 -1.401810000000000000e+00 -3.569649999999999768e-01 -3.718509999999999871e-01 -6.377209999999999823e-01 4.744313773982278271e-02 0.000000000000000000e+00 2.812790000000000123e+00 0.000000000000000000e+00 0.000000000000000000e+00 nan 7.318593029640461101e-01 7.662766444749999351e-02 6.002154107450000109e-02 6.908258019099999814e-02 1.673839999999999861e+01 2.469750000000000156e+01 3.028170000000000073e+01 2.772690000000000055e+01 5.704458735646598111e-01 6.314108750791571634e-01
-5.883049999999999669e-01 -8.132989999999999942e-01 -8.216200000000000170e-01 1.686469999999999983e-02 -1.793430000000000024e-01 -6.379970000000000363e-01 3.875050807646773787e-02 0.000000000000000000e+00 2.153760000000000119e+00 0.000000000000000000e+00 0.000000000000000000e+00 nan 7.583577144865940589e-01 9.738681941790000574e-02 6.761244430879999323e-02 7.053548490830000017e-02 1.339170000000000016e+01 2.775779999999999959e+01 2.586169999999999902e+01 2.628059999999999974e+01 5.704458735646598111e-01 6.314108750791571634e-01
-5.862779999999999658e-01 -5.965249999999999719e-01 -6.666739999999999888e-01 -6.105030000000000179e-01 -5.478990000000000249e-01 -6.363090000000000135e-01 3.126588844769839781e-02 1.532828404765762542e-03 -9.217220000000000413e-01 0.000000000000000000e+00 0.000000000000000000e+00 nan 7.842674273766591098e-01 9.738681941790000574e-02 6.761244430879999323e-02 7.053548490830000017e-02 1.339170000000000016e+01 2.775779999999999959e+01 2.586169999999999902e+01 2.628059999999999974e+01 5.692396801796153483e-01 6.459351369290109446e-01
-5.900250000000000217e-01 -1.102579999999999893e+00 -1.299050000000000038e+00 -8.191220000000000168e-01 -5.977630000000000443e-01 -6.392499999999999849e-01 2.488444807608236609e-02 4.581117655984123793e-03 -2.626910000000000078e-01 0.000000000000000000e+00 0.000000000000000000e+00 nan 8.092948742342005453e-01 1.192689117589999931e-01 7.206449831399999728e-02 8.683841673049999543e-02 1.735119999999999862e+01 2.681109999999999971e+01 2.499940000000000140e+01 2.243370000000000175e+01 5.692396801796153483e-01 6.459351369290109446e-01
-5.887160000000000171e-01 -8.368370000000000530e-01 -9.311770000000000325e-01 -8.514960000000000306e-01 -7.449670000000000458e-01 -6.311470000000000136e-01 1.949715421445830099e-02 9.110329418404283786e-03 -7.020450000000000301e-01 0.000000000000000000e+00 0.000000000000000000e+00 nan 8.331564840858622922e-01 1.192689117589999931e-01 7.206449831399999728e-02 8.683841673049999543e-02 1.735119999999999862e+01 2.681109999999999971e+01 2.499940000000000140e+01 2.243370000000000175e+01 6.702315055323672111e-01 6.163820398985435656e-01
-5.892119999999999580e-01 -9.378319999999999990e-01 -9.868419999999999970e-01 -3.580740000000000034e-01 -4.865990000000000038e-01 -6.277949999999999919e-01 1.496371406916663371e-02 1.506914591297670025e-02 2.153760000000000119e+00 0.000000000000000000e+00 0.000000000000000000e+00 nan 8.555818953574094721e-01 1.054670213999999995e-01 7.721173130540000262e-02 1.030962155830000004e-01 1.193299999999999983e+01 2.423829999999999885e+01 2.321340000000000003e+01 2.158050000000000068e+01 6.702315055323672111e-01 6.163820398985435656e-01
-5.850750000000000117e-01 -5.520990000000000064e-01 -5.202360000000000317e-01 -6.484830000000000316e-01 -4.890079999999999982e-01 -6.241120000000000001e-01 1.113756594966919256e-02 2.243440924226391964e-02 2.153760000000000119e+00 0.000000000000000000e+00 0.000000000000000000e+00 nan 8.793713084008240033e-01 1.054670213999999995e-01 7.721173130540000262e-02 1.030962155830000004e-01 1.193299999999999983e+01 2.423829999999999885e+01 2.321340000000000003e+01 2.158050000000000068e+01 7.856498814706005529e-01 6.017629588992852163e-01
-5.702089999999999659e-01 -7.854700000000000570e-02 -1.802239999999999953e-01 -9.580210000000000115e-01 -7.692820000000000213e-01 -6.104009999999999714e-01 7.865682263736739621e-03 3.121138365023379269e-02 -1.141399999999999970e+00 0.000000000000000000e+00 0.000000000000000000e+00 nan 9.015234683011152939e-01 9.602949849939999838e-02 7.429555727889999850e-02 8.870339552139999695e-02 1.132450000000000045e+01 2.040739999999999910e+01 2.007920000000000016e+01 2.113240000000000052e+01 7.856498814706005529e-01 6.017629588992852163e-01
-5.778529999999999500e-01 -2.309309999999999974e-01 -3.477239999999999776e-01 -7.881939999999999502e-01 -6.133129999999999971e-01 -6.134239999999999693e-01 4.992933722453574141e-03 4.134498025577315605e-02 -1.141399999999999970e+00 0.000000000000000000e+00 0.000000000000000000e+00 nan 9.220136056714391959e-01 9.602949849939999838e-02 7.429555727889999850e-02 8.870339552139999695e-02 1.132450000000000045e+01 2.040739999999999910e+01 2.007920000000000016e+01 2.113240000000000052e+01 6.626599549767420161e-01 6.965313123308918275e-01
-5.880619999999999736e-01 -7.348850000000000104e-01 -8.589780000000000193e-01 -8.708460000000000090e-01 -7.914259999999999629e-01 -6.219209999999999461e-01 2.370391466969157257e-03 5.272038136016188314e-02 -1.141399999999999970e+00 0.000000000000000000e+00 0.000000000000000000e+00 nan 9.408357825043266454e-01 9.864754622179999766e-02 6.502550674250000273e-02 8.955075705380000084e-02 1.360289999999999999e+01 1.868700000000000117e+01 1.859519999999999840e+01 1.859280000000000044e+01 6.626599549767420161e-01 6.965313123308918275e-01
-5.842399999999999816e-01 -4.760269999999999779e-01 -5.373900000000000343e-01 -8.030680000000000041e-01 -7.119490000000000540e-01 -6.191050000000000164e-01 5.516710764054133520e-04 6.627521749047082800e-02 -1.141399999999999970e+00 0.000000000000000000e+00 0.000000000000000000e+00 nan 9.550450246558588319e-01 9.864754622179999766e-02 6.502550674250000273e-02 8.955075705380000084e-02 1.360289999999999999e+01 1.868700000000000117e+01 1.859519999999999840e+01 1.859280000000000044e+01 6.427219365972208776e-01 8.131995028767452505e-01
-5.846470000000000278e-01 -4.900280000000000191e-01 -5.648349999999999760e-01 -7.206110000000000015e-01 -7.095979999999999510e-01 -6.142790000000000195e-01 0.000000000000000000e+00 8.083621437726251635e-02 -1.141399999999999970e+00 0.000000000000000000e+00 0.000000000000000000e+00 nan 9.675346249571625812e-01 9.431908143459999394e-02 6.547821901009999446e-02 7.781292989709999441e-02 8.735580000000000567e+00 1.567500000000000071e+01 1.867869999999999919e+01 1.982560000000000144e+01 6.427219365972208776e-01 8.131995028767452505e-01
-5.861690000000000511e-01 -5.682789999999999786e-01 -6.900199999999999667e-01 -7.824109999999999676e-01 -8.218940000000000135e-01 -6.302489999999999482e-01 0.000000000000000000e+00 9.631995764251399805e-02 -1.141399999999999970e+00 0.000000000000000000e+00 0.000000000000000000e+00 nan 9.781630712462326960e-01 9.431908143459999394e-02 6.547821901009999446e-02 7.781292989709999441e-02 8.735580000000000567e+00 1.567500000000000071e+01 1.867869999999999919e+01 1.982560000000000144e+01 6.754742668792432791e-01 8.138192137460675823e-01
-5.775529999999999831e-01 -2.267200000000000049e-01 -3.284989999999999855e-01 -8.317219999999999613e-01 -8.213359999999999550e-01 -6.234239999999999782e-01 0.000000000000000000e+00 1.126325778230236052e-01 -1.141399999999999970e+00 0.000000000000000000e+00 0.000000000000000000e+00 nan 9.868099389797023724e-01 9.364153129829999589e-02 8.078093094949999331e-02 7.889301537810000653e-02 8.816259999999999764e+00 1.234810000000000052e+01 1.274399999999999977e+01 1.495490000000000030e+01 6.754742668792432791e-01 8.138192137460675823e-01
-5.790520000000000111e-01 -2.812029999999999808e-01 -3.351250000000000062e-01 -8.246259999999999701e-01 -7.689120000000000399e-01 -6.216810000000000391e-01 0.000000000000000000e+00 1.296708139489374245e-01 -4.823680000000000190e-01 0.000000000000000000e+00 0.000000000000000000e+00 nan 9.933772556910386298e-01 9.364153129829999589e-02 8.078093094949999331e-02 7.889301537810000653e-02 8.816259999999999764e+00 1.234810000000000052e+01 1.274399999999999977e+01 1.495490000000000030e+01 7.612931348488376493e-01 7.756375741197905072e-01
-5.880589999999999984e-01 -8.239469999999999850e-01 -6.889260000000000383e-01 -8.909580000000000277e-01 -9.119680000000000009e-01 -6.280149999999999899e-01 0.000000000000000000e+00 1.473231835317985183e-01 -4.823680000000000190e-01 0.000000000000000000e+00 0.000000000000000000e+00 nan 9.977906110577351440e-01 9.404219191540000300e-02 8.811786460119999664e-02 7.099422593029999784e-02 1.491820000000000057e+01 1.530569999999999986e+01 1.601500000000000057e+01 1.612020000000000053e+01 7.612931348488376493e-01 7.756375741197905072e-01
-5.789790000000000214e-01 -2.656890000000000085e-01 -3.651499999999999746e-01 -8.868800000000000017e-01 -9.006800000000000361e-01 -6.157519999999999660e-01 0.000000000000000000e+00 1.654712457056874975e-01 -1.141399999999999970e+00 0.000000000000000000e+00 0.000000000000000000e+00 nan 1.000000000000000000e+00 9.404219191540000300e-02 8.811786460119999664e-02 7.099422593029999784e-02 1.491820000000000057e+01 1.530569999999999986e+01 1.601500000000000057e+01 1.612020000000000053e+01 8.118278606786927254e-01 8.323902214365779262e-01
-5.816930000000000156e-01 -3.425699999999999856e-01 -4.774530000000000163e-01 -9.725230000000000263e-01 -8.990789999999999615e-01 -6.258420000000000094e-01 0.000000000000000000e+00 1.839909432095601094e-01 -1.141399999999999970e+00 0.000000000000000000e+00 0.000000000000000000e+00 nan 9.999803892582904696e-01 1.004699369570000028e-01 6.973869140360000607e-02 5.739268562629999682e-02 9.597490000000000521e+00 1.572620000000000040e+01 1.614480000000000004e+01 1.723979999999999890e+01 8.118278606786927254e-01 8.323902214365779262e-01
-5.794219999999999926e-01 -2.831250000000000155e-01 -3.649959999999999871e-01 -9.444550000000000445e-01 -9.224170000000000424e-01 -6.303950000000000387e-01 0.000000000000000000e+00 2.027540080055854066e-01 -1.141399999999999970e+00 0.000000000000000000e+00 0.000000000000000000e+00 nan 9.977320010301460318e-01 1.004699369570000028e-01 6.973869140360000607e-02 5.739268562629999682e-02 9.597490000000000521e+00 1.572620000000000040e+01 1.614480000000000004e+01 1.723979999999999890e+01 7.002370587989419359e-01 7.839782728691936375e-01
-5.864479999999999693e-01 -5.969619999999999926e-01 -6.871119999999999450e-01 -8.984020000000000339e-01 -8.956680000000000197e-01 -6.293809999999999683e-01 0.000000000000000000e+00 2.216294146072673721e-01 -4.823680000000000190e-01 0.000000000000000000e+00 0.000000000000000000e+00 nan 9.932803104526017890e-01 1.121345177810000038e-01 6.847506571479999860e-02 5.662362164729999731e-02 1.052319999999999922e+01 1.682389999999999830e+01 1.647360000000000113e+01 1.653119999999999834e+01 7.002370587989419359e-01 7.839782728691936375e-01
-5.903850000000000486e-01 -1.353650000000000020e+00 -1.156079999999999997e+00 -7.633710000000000218e-01 -7.920289999999999830e-01 -6.346300000000000274e-01 0.000000000000000000e+00 2.404848646505629572e-01 -4.823680000000000190e-01 0.000000000000000000e+00 0.000000000000000000e+00 nan 9.866757569587069066e-01 1.121345177810000038e-01 6.847506571479999860e-02 5.662362164729999731e-02 1.052319999999999922e+01 1.682389999999999830e+01 1.647360000000000113e+01 1.653119999999999834e+01 8.278905349646800138e-01 9.691058892850976658e-01
-5.843540000000000401e-01 -4.785710000000000242e-01 -5.386729999999999574e-01 -6.915270000000000028e-01 -7.125190000000000135e-01 -6.333630000000000093e-01 0.000000000000000000e+00 2.591882858872092132e-01 -1.141399999999999970e+00 0.000000000000000000e+00 0.000000000000000000e+00 nan 9.779931727785926565e-01 1.266460441230000122e-01 5.461956457389999936e-02 5.448534202440000196e-02 8.955470000000000041e+00 1.382600000000000051e+01 1.551309999999999967e+01 1.408820000000000050e+01 8.278905349646800138e-01 9.691058892850976658e-01
-5.818889999999999896e-01 -3.509099999999999997e-01 -4.870269999999999877e-01 -2.415640000000000009e-01 -4.408190000000000164e-01 -6.290189999999999948e-01 0.000000000000000000e+00 2.776093286160709050e-01 -1.141399999999999970e+00 0.000000000000000000e+00 0.000000000000000000e+00 nan 9.673309350604045731e-01 1.266460441230000122e-01 5.461956457389999936e-02 5.448534202440000196e-02 8.955470000000000041e+00 1.382600000000000051e+01 1.551309999999999967e+01 1.408820000000000050e+01 8.775534576548496002e-01 1.000000000000000000e+00
-5.843159999999999465e-01 -4.836860000000000048e-01 -5.204370000000000385e-01 -9.296039999999999859e-01 -9.439159999999999773e-01 -6.341499999999999915e-01 0.000000000000000000e+00 2.956208425973380072e-01 -9.217220000000000413e-01 0.000000000000000000e+00 0.000000000000000000e+00 nan 9.548098512179034048e-01 1.340313411259999865e-01 4.684054156479999786e-02 5.293144380860000109e-02 7.045440000000000147e+00 1.424060000000000059e+01 1.285149999999999970e+01 1.322770000000000046e+01 8.775534576548496002e-01 1.000000000000000000e+00
-5.852140000000000120e-01 -5.611140000000000017e-01 -5.159550000000000525e-01 -8.280030000000000445e-01 -8.635549999999999615e-01 -6.386389999999999567e-01 0.000000000000000000e+00 3.131003177155504691e-01 -9.217220000000000413e-01 0.000000000000000000e+00 0.000000000000000000e+00 nan 9.405717901341961174e-01 1.340313411259999865e-01 4.684054156479999786e-02 5.293144380860000109e-02 7.045440000000000147e+00 1.424060000000000059e+01 1.285149999999999970e+01 1.322770000000000046e+01 8.318554478739348390e-01 7.989867896606490660e-01
-5.832300000000000262e-01 -4.307779999999999943e-01 -4.724900000000000211e-01 -9.185100000000000486e-01 -9.637869999999999493e-01 -6.360780000000000323e-01 0.000000000000000000e+00 3.299312720681587541e-01 1.766629999999999867e-01 0.000000000000000000e+00 0.000000000000000000e+00 nan 9.247780747306018068e-01 1.111793271200000044e-01 5.858698234410000122e-02 5.759389420100000101e-02 9.582520000000000593e+00 1.144299999999999962e+01 1.269459999999999944e+01 1.255649999999999977e+01 8.318554478739348390e-01 7.989867896606490660e-01
-5.908999999999999808e-01 -1.781700000000000061e+00 -1.625299999999999967e+00 -9.237969999999999793e-01 -9.209209999999999896e-01 -6.400789999999999536e-01 0.000000000000000000e+00 3.460045717520230379e-01 1.275050000000000017e+00 0.000000000000000000e+00 0.000000000000000000e+00 nan 9.045533648910630831e-01 1.111793271200000044e-01 5.858698234410000122e-02 5.759389420100000101e-02 9.582520000000000593e+00 1.144299999999999962e+01 1.269459999999999944e+01 1.255649999999999977e+01 9.292107793084093403e-01 7.376421863941293733e-01
-5.906209999999999516e-01 -1.492680000000000007e+00 -1.287130000000000107e+00 -9.500629999999999908e-01 -9.835829999999999851e-01 -6.403999999999999693e-01 0.000000000000000000e+00 3.612196673941440173e-01 -4.301370000000000193e-02 0.000000000000000000e+00 0.000000000000000000e+00 nan 8.828585260188877015e-01 9.465999984219999885e-02 4.687006605650000102e-02 4.700122639610000014e-02 6.975539999999999630e+00 1.106450000000000067e+01 1.096889999999999965e+01 1.191249999999999964e+01 9.292107793084093403e-01 7.376421863941293733e-01
-5.873690000000000300e-01 -6.809279999999999777e-01 -7.423330000000000206e-01 -7.408679999999999710e-01 -8.554589999999999694e-01 -6.404800000000000493e-01 0.000000000000000000e+00 3.754857334162361449e-01 -9.217220000000000413e-01 0.000000000000000000e+00 0.000000000000000000e+00 nan 8.597131458709351692e-01 9.465999984219999885e-02 4.687006605650000102e-02 4.700122639610000014e-02 6.975539999999999630e+00 1.106450000000000067e+01 1.096889999999999965e+01 1.191249999999999964e+01 8.141506786330604539e-01 8.764878987060573667e-01
-5.895080000000000320e-01 -1.054389999999999938e+00 -8.996650000000000480e-01 -8.468900000000000317e-01 -8.879160000000000386e-01 -6.409399999999999542e-01 0.000000000000000000e+00 3.887226971248217700e-01 -4.823680000000000190e-01 0.000000000000000000e+00 0.000000000000000000e+00 nan 8.351532474163261277e-01 9.091509469529999998e-02 6.751539058710000207e-02 6.094669039520000248e-02 6.741060000000000052e+00 8.535450000000000870e+00 9.290190000000000836e+00 1.020720000000000027e+01 8.141506786330604539e-01 8.764878987060573667e-01
-5.878590000000000204e-01 -7.382260000000000488e-01 -7.706880000000000397e-01 -8.863779999999999992e-01 -1.031069999999999931e+00 -6.401200000000000223e-01 0.000000000000000000e+00 4.008621459668441078e-01 -4.823680000000000190e-01 0.000000000000000000e+00 0.000000000000000000e+00 nan 8.092308806818084843e-01 9.091509469529999998e-02 6.751539058710000207e-02 6.094669039520000248e-02 6.741060000000000052e+00 8.535450000000000870e+00 9.290190000000000836e+00 1.020720000000000027e+01 9.111059360239804894e-01 8.274325344819997152e-01
-5.906590000000000451e-01 -1.482310000000000016e+00 -1.363690000000000069e+00 -8.746190000000000353e-01 -9.621929999999999650e-01 -6.401759999999999673e-01 0.000000000000000000e+00 4.118481026712286219e-01 6.160170000000000368e-01 0.000000000000000000e+00 0.000000000000000000e+00 nan 7.820135330041565469e-01 6.235681367680000198e-02 5.270765122389999696e-02 5.871775197660000084e-02 9.108940000000000481e+00 9.968959999999999155e+00 9.890670000000000073e+00 9.676030000000000797e+00 9.111059360239804894e-01 8.274325344819997152e-01
-5.907449999999999646e-01 -1.566130000000000022e+00 -1.431629999999999958e+00 -9.177779999999999827e-01 -9.186140000000000416e-01 -6.418430000000000524e-01 0.000000000000000000e+00 4.216376594937326638e-01 6.160170000000000368e-01 0.000000000000000000e+00 0.000000000000000000e+00 nan 7.535833643716778329e-01 6.235681367680000198e-02 5.270765122389999696e-02 5.871775197660000084e-02 9.108940000000000481e+00 9.968959999999999155e+00 9.890670000000000073e+00 9.676030000000000797e+00 8.739109924821907294e-01 8.838363827849062826e-01
-5.870520000000000183e-01 -6.510059999999999736e-01 -7.178330000000000544e-01 -1.004280000000000062e+00 -1.104919999999999902e+00 -6.404959999999999543e-01 0.000000000000000000e+00 4.302014643788322212e-01 -1.141399999999999970e+00 0.000000000000000000e+00 0.000000000000000000e+00 nan 7.240362765187176031e-01 5.527170269050000334e-02 4.751912986259999860e-02 5.642751324129999940e-02 6.618529999999999802e+00 8.268660000000000565e+00 7.966400000000000148e+00 -1.000000000000000000e+00 8.739109924821907294e-01 8.838363827849062826e-01
-5.889619999999999855e-01 -9.203540000000000054e-01 -8.427019999999999511e-01 -8.657829999999999693e-01 -9.408440000000000136e-01 -6.407920000000000282e-01 0.000000000000000000e+00 4.375240535302399314e-01 -9.217220000000000413e-01 0.000000000000000000e+00 0.000000000000000000e+00 nan 6.934808263206866386e-01 5.527170269050000334e-02 4.751912986259999860e-02 5.642751324129999940e-02 6.618529999999999802e+00 8.268660000000000565e+00 7.966400000000000148e+00 -1.000000000000000000e+00 9.266670249419295402e-01 9.346729924584912252e-01
-5.908900000000000263e-01 -1.763889999999999958e+00 -1.594840000000000035e+00 -8.155229999999999979e-01 -9.209429999999999561e-01 -6.426899999999999835e-01 0.000000000000000000e+00 4.436040266218956862e-01 1.766629999999999867e-01 0.000000000000000000e+00 0.000000000000000000e+00 nan 6.620369958012867206e-01 5.671539913180000114e-02 4.158126358849999898e-02 6.997269879190000375e-02 3.472949999999999982e+00 6.083400000000000141e+00 -1.000000000000000000e+00 -1.000000000000000000e+00 9.266670249419295402e-01 9.346729924584912252e-01
-5.896449999999999747e-01 -1.016769999999999952e+00 -1.038419999999999899e+00 -9.771800000000000486e-01 -1.028389999999999915e+00 -6.409930000000000350e-01 0.000000000000000000e+00 4.484540626642203875e-01 -4.301370000000000193e-02 0.000000000000000000e+00 0.000000000000000000e+00 nan 6.298348326882400317e-01 5.671539913180000114e-02 4.158126358849999898e-02 6.997269879190000375e-02 3.472949999999999982e+00 6.083400000000000141e+00 -1.000000000000000000e+00 -1.000000000000000000e+00 7.634905564611956796e-01 8.447234836555491677e-01
-5.907229999999999981e-01 -1.470990000000000020e+00 -1.521579999999999933e+00 -8.715300000000000269e-01 -9.916270000000000362e-01 -6.413360000000000172e-01 0.000000000000000000e+00 4.521007763458620987e-01 3.963400000000000256e-01 0.000000000000000000e+00 0.000000000000000000e+00 nan 5.970129769205682058e-01 5.249457934280000321e-02 4.087601401910000154e-02 7.544702342310000143e-02 3.991410000000000124e+00 -1.000000000000000000e+00 -1.000000000000000000e+00 -1.000000000000000000e+00 7.634905564611956796e-01 8.447234836555491677e-01
-5.909360000000000168e-01 -1.831790000000000029e+00 -1.685650000000000093e+00 -8.657259999999999955e-01 -9.599269999999999747e-01 -6.410879999999999912e-01 0.000000000000000000e+00 4.545844164786384534e-01 1.055369999999999919e+00 0.000000000000000000e+00 0.000000000000000000e+00 nan 5.637170898026871990e-01 5.249457934280000321e-02 4.087601401910000154e-02 7.544702342310000143e-02 3.991410000000000124e+00 -1.000000000000000000e+00 -1.000000000000000000e+00 -1.000000000000000000e+00 0.000000000000000000e+00 0.000000000000000000e+00
