-3.767209999999999726e-01 -5.502150000000000096e-01 -4.011480000000000046e-01 -1.105560000000000098e+00 -1.317390000000000061e+00 -4.223430000000000240e-01 1.311785495045403316e-03 1.370459424890316802e-01 -5.129939999999999500e-01 9.593842793199303109e-03 nan nan 2.290434721482459413e-01 1.253074840789999977e-01 7.772525067449999325e-02 7.082082725659999412e-02 -1.000000000000000000e+00 -1.000000000000000000e+00 -1.000000000000000000e+00 -1.000000000000000000e+00 0.000000000000000000e+00 0.000000000000000000e+00
-3.644260000000000277e-01 -3.039189999999999947e-02 7.555480000000000529e-02 -1.118589999999999973e+00 -1.259349999999999969e+00 -4.121619999999999728e-01 4.132382552994195990e-03 1.336483524897286168e-01 -1.054589999999999916e+00 1.351013752996554906e-02 nan nan 2.327412673445028446e-01 1.375999350340000038e-01 9.309000980649999313e-02 8.843161645899999534e-02 3.720950000000000202e+00 -1.000000000000000000e+00 -1.000000000000000000e+00 -1.000000000000000000e+00 0.000000000000000000e+00 0.000000000000000000e+00
-3.772579999999999822e-01 -5.883129999999999749e-01 -4.618220000000000103e-01 -1.064929999999999932e+00 -1.098440000000000083e+00 -4.242980000000000085e-01 7.358441712066787765e-03 1.310162142634084814e-01 -9.643270000000000453e-01 1.810258483988769207e-02 nan nan 2.352299894315299511e-01 1.375999350340000038e-01 9.309000980649999313e-02 8.843161645899999534e-02 3.720950000000000202e+00 -1.000000000000000000e+00 -1.000000000000000000e+00 -1.000000000000000000e+00 0.000000000000000000e+00 0.000000000000000000e+00
-3.808110000000000106e-01 -1.179980000000000029e+00 -9.071240000000000414e-01 -1.153480000000000061e+00 -1.247949999999999893e+00 -4.210840000000000138e-01 1.098106682998034600e-02 1.294190463924401735e-01 -9.643270000000000453e-01 2.355116239153487445e-02 nan nan 2.364814401936380373e-01 1.606136606730000083e-01 1.023538222729999947e-01 1.113567984099999991e-01 5.757850000000000357e+00 9.946680000000000632e+00 -1.000000000000000000e+00 -1.000000000000000000e+00 0.000000000000000000e+00 0.000000000000000000e+00
-3.771390000000000020e-01 -5.929259999999999531e-01 -4.176730000000000165e-01 -1.263630000000000031e+00 -1.368009999999999948e+00 -4.102549999999999808e-01 1.508091152377799560e-02 1.291146408315126948e-01 -7.837939999999999907e-01 3.002614755574473104e-02 nan nan 2.364814401936380373e-01 1.606136606730000083e-01 1.023538222729999947e-01 1.113567984099999991e-01 5.757850000000000357e+00 9.946680000000000632e+00 -1.000000000000000000e+00 -1.000000000000000000e+00 8.063822387107993928e-01 7.183565097287222256e-01
-3.815870000000000095e-01 -1.589050000000000074e+00 -1.171170000000000044e+00 -1.123510000000000009e+00 -1.270720000000000072e+00 -4.168390000000000151e-01 1.984328198007867528e-02 1.303461420217810751e-01 -7.837939999999999907e-01 3.768618809497348288e-02 nan nan 2.352299894315299511e-01 1.919446077149999930e-01 8.628419720339999821e-02 1.396789600789999919e-01 6.454659999999999620e+00 1.692040000000000077e+01 2.715240000000000009e+01 -1.000000000000000000e+00 8.063822387107993928e-01 7.183565097287222256e-01
-3.683420000000000027e-01 -1.506129999999999969e-01 -2.037709999999999869e-03 -1.274250000000000105e+00 -1.225629999999999997e+00 -4.152640000000000220e-01 2.543504527320894493e-02 1.333392919671919641e-01 -1.054589999999999916e+00 4.667650462075356721e-02 nan nan 2.327412673445029556e-01 1.919446077149999930e-01 8.628419720339999821e-02 1.396789600789999919e-01 6.454659999999999620e+00 1.692040000000000077e+01 2.715240000000000009e+01 -1.000000000000000000e+00 6.406990899078315316e-01 7.472811875611815591e-01
-3.666139999999999954e-01 -8.491339999999999999e-02 1.309989999999999939e-02 -1.196450000000000014e+00 -1.154109999999999969e+00 -4.171590000000000020e-01 3.202924301763487858e-02 1.382998724873774066e-01 -1.054589999999999916e+00 5.712724518613920832e-02 nan nan 2.290434721482459413e-01 1.572655188950000116e-01 7.903540465960000316e-02 1.724667704620000130e-01 1.803209999999999980e+01 3.209570000000000078e+01 3.927600000000000335e+01 4.499699999999999989e+01 6.406990899078315316e-01 7.472811875611815591e-01
-3.805020000000000069e-01 -1.144679999999999920e+00 -7.619930000000000314e-01 -1.082670000000000021e+00 -1.103520000000000056e+00 -4.242670000000000052e-01 3.978361926407047999e-02 1.454113736274111890e-01 -6.166100000000000053e-02 6.915201065625986576e-02 nan nan 2.241785013398963633e-01 1.572655188950000116e-01 7.903540465960000316e-02 1.724667704620000130e-01 1.803209999999999980e+01 3.209570000000000078e+01 3.927600000000000335e+01 4.499699999999999989e+01 2.936409483508202189e-01 6.102744961313075756e-01
-3.764239999999999808e-01 -5.476889999999999814e-01 -3.544880000000000253e-01 -9.156790000000000207e-01 -9.132350000000000190e-01 -4.357730000000000214e-01 4.881775643266550446e-02 1.548329146422808833e-01 1.188720000000000054e-01 8.284656756512531750e-02 nan nan 2.182014769826565725e-01 1.684978926650000097e-01 6.211001742209999732e-02 1.734063147550000128e-01 1.470889999999999986e+01 4.246320000000000050e+01 5.235979999999999990e+01 5.363819999999999766e+01 2.936409483508202189e-01 6.102744961313075756e-01
-3.807130000000000236e-01 -1.210269999999999957e+00 -9.442120000000000513e-01 -5.719539999999999624e-01 -5.296119999999999717e-01 -4.305970000000000075e-01 5.923755351436688077e-02 1.666974411121461275e-01 -2.421939999999999926e-01 9.828776304253050711e-02 nan nan 2.111801211507918774e-01 1.684978926650000097e-01 6.211001742209999732e-02 1.734063147550000128e-01 1.470889999999999986e+01 4.246320000000000050e+01 5.235979999999999990e+01 5.363819999999999766e+01 4.352617239580314212e-01 6.346834645246939299e-01
-3.779980000000000007e-01 -7.003810000000000313e-01 -5.902910000000000101e-01 -2.360949999999999993e-01 -3.544510000000000161e-01 -4.331180000000000030e-01 7.114480160342218085e-02 1.811102186157946825e-01 6.604719999999999480e-01 1.155326541053666167e-01 nan nan 2.031939886114687566e-01 1.945452886300000073e-01 3.857336391130000014e-02 1.656384847160000118e-01 2.477090000000000103e+01 4.539770000000000039e+01 5.838730000000000331e+01 5.997169999999999845e+01 4.352617239580314212e-01 6.346834645246939299e-01
-3.801610000000000267e-01 -1.101639999999999953e+00 -1.420269999999999921e+00 -2.204890000000000148e-03 -1.757749999999999868e-01 -4.246539999999999759e-01 8.460659219864830050e-02 1.981476400295717477e-01 1.292340000000000044e+00 1.346178611788221291e-01 nan nan 1.943335654374543919e-01 1.945452886300000073e-01 3.857336391130000014e-02 1.656384847160000118e-01 2.477090000000000103e+01 4.539770000000000039e+01 5.838730000000000331e+01 5.997169999999999845e+01 5.009158889339748733e-01 6.712985933246617964e-01
-3.750499999999999945e-01 -4.957920000000000105e-01 -6.641799999999999926e-01 2.823419999999999819e-01 -1.451090000000000019e-02 -4.059769999999999768e-01 9.966169714945483094e-02 2.178563599655665151e-01 1.111799999999999899e+00 1.555591531723325982e-01 nan nan 1.846992437637556828e-01 1.882697267329999924e-01 2.304677778950000103e-02 1.473948538610000136e-01 9.700020000000000309e+00 4.303640000000000043e+01 5.600310000000000343e+01 6.112149999999999750e+01 5.009158889339748733e-01 6.712985933246617964e-01
-3.681909999999999905e-01 -2.174850000000000116e-01 -5.605369999999999520e-01 8.713389999999999747e-01 4.535890000000000200e-01 -4.120139999999999914e-01 1.165091158106422720e-01 2.402527661562144923e-01 1.472869999999999902e+00 1.783512688115345135e-01 nan nan 1.744001843046155686e-01 1.882697267329999924e-01 2.304677778950000103e-02 1.473948538610000136e-01 9.700020000000000309e+00 4.303640000000000043e+01 5.600310000000000343e+01 6.112149999999999750e+01 5.131992348269666104e-01 6.945241575369101028e-01
-3.583020000000000094e-01 1.339489999999999952e-02 -2.239289999999999892e-01 8.516169999999999574e-01 5.805040000000000200e-01 -3.995830000000000215e-01 1.352928564087676477e-01 2.653227937747412168e-01 1.653399999999999981e+00 2.029679762506078067e-01 nan nan 1.635530795190011100e-01 1.882325232490000000e-01 1.864911051260000063e-02 1.481178088960000139e-01 2.059779999999999944e+01 3.373819999999999908e+01 4.774929999999999808e+01 5.693430000000000035e+01 5.131992348269666104e-01 6.945241575369101028e-01
-3.626499999999999724e-01 -8.313819999999999544e-02 -4.529850000000000265e-01 1.421459999999999946e+00 8.047910000000000341e-01 -4.073350000000000026e-01 1.558389160313263799e-01 2.930220847952691443e-01 2.104740000000000055e+00 2.293623702895697392e-01 nan nan 1.522808314384166417e-01 1.882325232490000000e-01 1.864911051260000063e-02 1.481178088960000139e-01 2.059779999999999944e+01 3.373819999999999908e+01 4.774929999999999808e+01 5.693430000000000035e+01 4.964175989797693367e-01 6.676980944845989363e-01
-3.486020000000000230e-01 9.887669999999999793e-02 -7.849359999999999671e-01 1.208590000000000053e+00 9.424169999999999492e-01 -4.134070000000000245e-01 1.780585964542020783e-01 3.232764905869761618e-01 1.924199999999999910e+00 2.574674038289334055e-01 nan nan 1.407111591377770976e-01 1.851612097130000134e-01 2.083957385209999832e-02 1.822662835870000053e-01 1.476019999999999932e+01 3.581130000000000280e+01 5.126500000000000057e+01 6.041349999999999909e+01 4.964175989797693367e-01 6.676980944845989363e-01
-3.405469999999999886e-01 1.891130000000000033e-01 -8.134259999999999824e-01 1.070240000000000080e+00 7.919800000000000173e-01 -4.106639999999999735e-01 2.019821753815583820e-01 3.559829120477101538e-01 1.292340000000000044e+00 2.871966475401355190e-01 nan nan 1.289751516272549248e-01 1.851612097130000134e-01 2.083957385209999832e-02 1.822662835870000053e-01 1.476019999999999932e+01 3.581130000000000280e+01 5.126500000000000057e+01 6.041349999999999909e+01 5.021911773230538500e-01 6.528971611709331047e-01
-3.398660000000000014e-01 2.185880000000000045e-01 -4.051489999999999814e-01 1.300429999999999975e+00 9.328999999999999515e-01 -4.070429999999999882e-01 2.275009828733181028e-01 3.910104677580137356e-01 2.375539999999999985e+00 3.184452691443641070e-01 nan nan 1.172057825614151172e-01 1.431407706089999898e-01 2.722310468729999960e-02 2.263485077700000125e-01 1.532029999999999959e+01 3.952360000000000184e+01 5.239450000000000074e+01 6.330810000000000315e+01 5.021911773230538500e-01 6.528971611709331047e-01
-3.368820000000000148e-01 2.488609999999999989e-01 -4.184269999999999934e-01 1.429840000000000000e+00 9.975389999999999535e-01 -4.193250000000000033e-01 2.541753603198125822e-01 4.282019769199030268e-01 2.556070000000000064e+00 3.510912212041668035e-01 nan nan 1.055364035945750567e-01 1.431407706089999898e-01 2.722310468729999960e-02 2.263485077700000125e-01 1.532029999999999959e+01 3.952360000000000184e+01 5.239450000000000074e+01 6.330810000000000315e+01 5.109037157266245188e-01 6.410765290386600812e-01
-3.265600000000000169e-01 3.259770000000000167e-01 -5.986770000000000147e-01 1.394379999999999953e+00 8.422589999999999799e-01 -4.289319999999999800e-01 2.823472882134052675e-01 4.673757402781163472e-01 2.375539999999999985e+00 3.849966239696848147e-01 nan nan 9.409923345327608768e-02 1.496910590649999928e-01 4.134032448529999931e-02 2.471640576140000101e-01 2.280689999999999884e+01 3.943719999999999715e+01 5.128029999999999688e+01 5.823049999999999926e+01 5.109037157266245188e-01 6.410765290386600812e-01
-3.581469999999999931e-01 -4.128169999999999756e-02 -1.034059999999999979e+00 7.598909999999999831e-01 5.682580000000000409e-01 -4.241480000000000250e-01 3.123006998016404356e-01 5.064418386459237365e-01 2.375539999999999985e+00 4.200093276113124885e-01 nan nan 8.302385984528060092e-02 1.496910590649999928e-01 4.134032448529999931e-02 2.471640576140000101e-01 2.280689999999999884e+01 3.943719999999999715e+01 5.128029999999999688e+01 5.823049999999999926e+01 5.150252159295114485e-01 6.416531452402343128e-01
-3.719620000000000148e-01 -4.156009999999999982e-01 -9.122299999999999853e-01 6.065549999999999553e-01 6.395629999999999926e-01 -4.231090000000000129e-01 3.432664506935783066e-01 5.451145324569206529e-01 2.285270000000000135e+00 4.559646361380628177e-01 nan nan 7.243577117906185858e-02 2.546232749490000002e-01 6.548993441700000362e-02 2.025360870060000096e-01 1.508290000000000042e+01 4.094319999999999737e+01 4.988179999999999836e+01 5.424790000000000134e+01 5.150252159295114485e-01 6.416531452402343128e-01
-3.688569999999999904e-01 -2.936309999999999754e-01 -4.040889999999999760e-01 1.290860000000000063e-01 5.018420000000000103e-01 -3.719819999999999793e-01 3.747432755885103939e-01 5.848540874214325225e-01 1.743670000000000053e+00 4.926871734689545201e-01 nan nan 6.245493472999363860e-02 2.546232749490000002e-01 6.548993441700000362e-02 2.025360870060000096e-01 1.508290000000000042e+01 4.094319999999999737e+01 4.988179999999999836e+01 5.424790000000000134e+01 4.974088458640079091e-01 6.425683558392447647e-01
-3.566619999999999790e-01 -2.173179999999999903e-02 -4.739490000000000092e-01 2.196349999999999969e-01 3.999110000000000165e-01 -9.807630000000000514e-02 4.074471535056513050e-01 6.251614868549517645e-01 9.312709999999999599e-01 5.299928705140866114e-01 nan nan 5.319443736318385518e-02 4.236136496130000206e-01 6.860026114230000083e-02 1.534496052369999919e-01 2.341989999999999839e+01 4.816919999999999646e+01 5.143979999999999819e+01 5.024759999999999849e+01 4.974088458640079091e-01 6.425683558392447647e-01
-3.340099999999999736e-01 2.605310000000000126e-01 3.099520000000000053e-01 1.179840000000000055e-01 6.227810000000000290e-01 1.011449999999999960e+00 4.415325330784846125e-01 6.655312801682382595e-01 8.410050000000000026e-01 5.676910507509764781e-01 nan nan 4.475920421410528593e-02 4.236136496130000206e-01 6.860026114230000083e-02 1.534496052369999919e-01 2.341989999999999839e+01 4.816919999999999646e+01 5.143979999999999819e+01 5.024759999999999849e+01 4.475450698510231584e-01 6.490653453662853511e-01
-2.554159999999999764e-01 6.998539999999999761e-01 9.489060000000000272e-01 2.684570000000000012e-01 6.503719999999999501e-01 2.444729999999999848e+00 4.752116543560814810e-01 7.054573098244629747e-01 3.896720000000000184e-01 6.055865906657511566e-01 nan nan 3.724480984488542923e-02 6.392026718879999514e-01 5.548169226329999898e-02 1.675484304379999956e-01 1.749849999999999994e+01 4.183030000000000115e+01 4.905230000000000246e+01 4.918139999999999645e+01 4.475450698510231584e-01 6.490653453662853511e-01
1.919460000000000055e-01 1.333020000000000094e+00 1.688870000000000093e+00 1.961320000000000008e-01 6.996259999999999701e-01 3.968339999999999979e+00 5.094283329407535144e-01 7.444384463063498103e-01 -3.324610000000000065e-01 6.404485095878356127e-01 nan nan 3.073639534632699455e-02 6.392026718879999514e-01 5.548169226329999898e-02 1.675484304379999956e-01 1.749849999999999994e+01 4.183030000000000115e+01 4.905230000000000246e+01 4.918139999999999645e+01 4.337081908295171706e-01 6.546739436525284006e-01
3.865069999999999784e+00 2.186399999999999899e+00 2.317120000000000068e+00 9.073449999999999571e-01 1.578459999999999974e+00 4.913960000000000328e+00 5.449209936816485911e-01 7.819842661138481921e-01 -4.227270000000000194e-01 6.750142489352263242e-01 nan nan 2.530770365532908350e-02 6.958888467420000223e-01 4.639334047569999842e-02 1.612106962460000126e-01 1.353819999999999979e+01 3.351050000000000040e+01 3.912650000000000006e+01 4.154489999999999839e+01 4.337081908295171706e-01 6.546739436525284006e-01
3.861689999999999845e+00 2.184810000000000141e+00 2.283980000000000121e+00 1.364549999999999930e+00 1.859169999999999989e+00 5.629979999999999762e+00 5.803466408097917029e-01 8.176206084583522715e-01 -3.324610000000000065e-01 7.119257860620384903e-01 nan nan 2.102024401794588826e-02 6.958888467420000223e-01 4.639334047569999842e-02 1.612106962460000126e-01 1.353819999999999979e+01 3.351050000000000040e+01 3.912650000000000006e+01 4.154489999999999839e+01 4.300040577357834293e-01 6.510566827135826351e-01
4.185310000000000308e+00 2.216530000000000111e+00 2.214659999999999851e+00 1.543039999999999967e+00 1.813590000000000035e+00 4.295420000000000016e+00 6.156178258913989065e-01 8.515531537327678535e-01 -3.324610000000000065e-01 7.478644695456633240e-01 nan nan 1.501965603301613772e-02 7.097087475279999502e-01 4.301882747250000000e-02 1.404113640140000063e-01 8.682969999999999189e+00 2.284619999999999962e+01 3.029700000000000060e+01 3.542909999999999826e+01 4.300040577357834293e-01 6.510566827135826351e-01
2.896250000000000213e+00 2.073269999999999946e+00 2.133900000000000130e+00 1.499929999999999986e+00 1.827399999999999913e+00 3.219430000000000014e+00 6.504868293271429680e-01 8.827599911921717446e-01 -3.324610000000000065e-01 7.826551116735014357e-01 nan nan 9.970274735265793886e-03 7.097087475279999502e-01 4.301882747250000000e-02 1.404113640140000063e-01 8.682969999999999189e+00 2.284619999999999962e+01 3.029700000000000060e+01 3.542909999999999826e+01 4.183293722103066381e-01 6.596556394405481694e-01
2.500100000000000211e+00 2.017659999999999787e+00 2.035379999999999967e+00 1.464709999999999956e+00 1.823090000000000099e+00 2.275139999999999940e+00 6.834012294262695741e-01 9.108875348985292497e-01 -1.519280000000000075e-01 8.161355325002481731e-01 nan nan 5.714298319803967630e-03 6.981732965389999546e-01 4.447016869630000119e-02 1.201378052400000063e-01 7.069009999999999572e+00 1.800179999999999936e+01 2.632420000000000115e+01 3.200469999999999970e+01 4.183293722103066381e-01 6.596556394405481694e-01
1.509579999999999922e+00 1.835879999999999956e+00 1.887559999999999905e+00 8.332220000000000182e-01 1.414840000000000098e+00 1.749810000000000088e+00 7.147923129116018348e-01 9.356170885424512917e-01 2.860559999999999839e-02 8.451247764187885814e-01 nan nan 4.896294675163503918e-03 6.981732965389999546e-01 4.447016869630000119e-02 1.201378052400000063e-01 7.069009999999999572e+00 1.800179999999999936e+01 2.632420000000000115e+01 3.200469999999999970e+01 4.104747550866616468e-01 6.531988789508267335e-01
1.145369999999999999e+00 1.743500000000000050e+00 1.750459999999999905e+00 1.148400000000000087e+00 1.555299999999999905e+00 1.541889999999999983e+00 7.467056335659885136e-01 9.566684563997239765e-01 2.860559999999999839e-02 8.724268246015103312e-01 nan nan 4.622593077460823707e-03 7.262061265220000061e-01 3.354072390380000157e-02 1.036755119459999985e-01 6.650920000000000165e+00 1.382549999999999990e+01 1.762040000000000006e+01 2.282130000000000081e+01 4.104747550866616468e-01 6.531988789508267335e-01
1.215459999999999985e+00 1.762880000000000003e+00 1.685389999999999944e+00 1.361220000000000097e+00 1.655780000000000030e+00 8.119039999999999591e-01 7.782758315210478450e-01 9.738031180608243131e-01 -6.166100000000000053e-02 8.977323339331586549e-01 nan nan 2.084935387394626360e-03 7.262061265220000061e-01 3.354072390380000157e-02 1.036755119459999985e-01 6.650920000000000165e+00 1.382549999999999990e+01 1.762040000000000006e+01 2.282130000000000081e+01 3.989739725233319989e-01 6.495749131723278502e-01
6.579490000000000061e-01 1.581180000000000030e+00 1.506690000000000085e+00 1.210709999999999953e+00 1.683910000000000018e+00 5.962110000000000465e-01 8.084071846596674327e-01 9.868269309624688734e-01 -1.519280000000000075e-01 9.207545828814373001e-01 nan nan 0.000000000000000000e+00 7.638014281249999593e-01 2.510597472420000170e-02 8.247683544620000584e-02 7.340180000000000149e+00 1.265419999999999945e+01 1.441119999999999912e+01 1.599269999999999925e+01 3.989739725233319989e-01 6.495749131723278502e-01
3.738939999999999930e+00 2.172180000000000000e+00 1.977400000000000047e+00 2.146160000000000068e+00 2.135879999999999779e+00 1.242390000000000105e+00 8.370843711015687472e-01 9.955923301004304671e-01 5.702049999999999619e-01 9.412327201665386944e-01 nan nan 1.079335785724055974e-03 7.638014281249999593e-01 2.510597472420000170e-02 8.247683544620000584e-02 7.340180000000000149e+00 1.265419999999999945e+01 1.441119999999999912e+01 1.599269999999999925e+01 3.758043011999304683e-01 6.344890241776515172e-01
-7.466889999999999639e-02 1.077490000000000059e+00 7.482159999999999922e-01 7.221490000000000409e-01 1.249179999999999957e+00 5.592759999999999954e-01 8.641920329228193198e-01 1.000000000000000000e+00 5.702049999999999619e-01 9.589347203103736339e-01 nan nan 2.499354151065169560e-03 7.383756853039999957e-01 2.899992615730000167e-02 8.104354082640000123e-02 7.672970000000000290e+00 1.145679999999999943e+01 1.181010000000000026e+01 1.325210000000000043e+01 3.758043011999304683e-01 6.344890241776515172e-01
-8.472989999999999688e-02 1.037090000000000067e+00 1.209449999999999914e+00 9.589130000000000154e-01 1.157669999999999977e+00 1.849679999999999935e-01 8.896003253422204438e-01 1.000000000000000000e+00 -4.227270000000000194e-01 9.736600125779525383e-01 nan nan 4.243965720533093844e-03 7.383756853039999957e-01 2.899992615730000167e-02 8.104354082640000123e-02 7.672970000000000290e+00 1.145679999999999943e+01 1.181010000000000026e+01 1.325210000000000043e+01 3.446988580372152278e-01 6.394472530272350408e-01
8.648529999999999829e-01 1.656190000000000051e+00 1.917729999999999935e+00 1.060179999999999900e+00 1.256769999999999943e+00 5.614869999999999584e-01 9.118831247946501684e-01 9.955923301004304671e-01 -3.324610000000000065e-01 9.852417535239552659e-01 nan nan 6.293403347934822811e-03 6.872987455629999687e-01 4.659530239430000054e-02 9.338199024019999683e-02 1.006460000000000043e+01 1.076110000000000078e+01 9.948610000000000397e+00 1.070770000000000088e+01 3.446988580372152278e-01 6.394472530272350408e-01
2.279889999999999972e+00 1.983540000000000081e+00 1.753740000000000077e+00 2.092389999999999972e+00 1.909489999999999910e+00 8.888150000000000217e-01 9.309708159610915468e-01 9.868269309624688734e-01 1.188720000000000054e-01 9.935487173956347728e-01 nan nan 8.624446086037851344e-03 6.872987455629999687e-01 4.659530239430000054e-02 9.338199024019999683e-02 1.006460000000000043e+01 1.076110000000000078e+01 9.948610000000000397e+00 1.070770000000000088e+01 3.684482059011072730e-01 6.313712737854182411e-01
-2.531189999999999829e-01 7.394300000000000317e-01 6.480500000000000149e-01 6.258519999999999639e-01 8.075799999999999645e-01 9.679319999999999591e-02 9.480607880640040674e-01 9.738031180608243131e-01 1.188720000000000054e-01 9.984867829730306177e-01 nan nan 1.121068228918209453e-02 7.086248089129999483e-01 4.560399539170000016e-02 8.860005532579999510e-02 5.899339999999999584e+00 9.810109999999999886e+00 1.145839999999999925e+01 1.231470000000000020e+01 3.684482059011072730e-01 6.313712737854182411e-01
-1.445680000000000021e-01 9.421030000000000237e-01 1.270089999999999941e+00 -1.213439999999999935e-01 2.264490000000000114e-01 7.318679999999999630e-02 9.629771419125692233e-01 9.566684563997239765e-01 -3.324610000000000065e-01 1.000000000000000000e+00 nan nan 1.402280886777829139e-02 7.086248089129999483e-01 4.560399539170000016e-02 8.860005532579999510e-02 5.899339999999999584e+00 9.810109999999999886e+00 1.145839999999999925e+01 1.231470000000000020e+01 3.364964349892760609e-01 6.287094524828020781e-01
1.216890000000000027e+00 1.766750000000000043e+00 1.907129999999999992e+00 1.696860000000000035e+00 1.621639999999999970e+00 5.623609999999999998e-01 9.755508692574099694e-01 9.356170885424514028e-01 -6.166100000000000053e-02 9.980712231229763587e-01 nan nan 1.702896330402248193e-02 7.920447895319999709e-01 2.946718236480000072e-02 5.636753194889999874e-02 7.807780000000000165e+00 7.853819999999999801e+00 1.140750000000000064e+01 1.275210000000000043e+01 3.364964349892760609e-01 6.287094524828020781e-01
3.094950000000000201e-01 1.401939999999999964e+00 1.205240000000000089e+00 1.345699999999999896e+00 1.366409999999999902e+00 7.050859999999999905e-01 9.856395047435032586e-01 9.108875348985293607e-01 5.702049999999999619e-01 9.927223061546768257e-01 nan nan 2.019508466695341120e-02 7.920447895319999709e-01 2.946718236480000072e-02 5.636753194889999874e-02 7.807780000000000165e+00 7.853819999999999801e+00 1.140750000000000064e+01 1.275210000000000043e+01 3.630804011361660200e-01 6.279652152923980157e-01
-3.257149999999999768e-01 3.202990000000000004e-01 3.420849999999999724e-01 5.000250000000000528e-01 5.508250000000000091e-01 1.841919999999999946e-01 9.931287400995768566e-01 8.827599911921718556e-01 2.994049999999999767e-01 9.840138544616707783e-01 nan nan 2.348529953641120827e-02 7.742616999410000256e-01 2.398080676449999837e-02 6.480926327800000386e-02 9.896010000000000417e+00 1.172579999999999956e+01 1.430530000000000079e+01 1.356670000000000087e+01 3.630804011361660200e-01 6.279652152923980157e-01
1.681420000000000137e-01 1.309509999999999952e+00 1.568710000000000049e+00 1.016230000000000050e-01 5.926050000000000484e-01 6.890849999999999753e-02 9.979337192965004322e-01 8.515531537327678535e-01 -2.421939999999999926e-01 9.720445382813608370e-01 nan nan 2.686232846322178514e-02 7.742616999410000256e-01 2.398080676449999837e-02 6.480926327800000386e-02 9.896010000000000417e+00 1.172579999999999956e+01 1.430530000000000079e+01 1.356670000000000087e+01 3.578111413831082110e-01 6.282836951711745499e-01
3.504550000000000054e+00 2.149290000000000145e+00 1.983179999999999943e+00 2.668530000000000069e+00 2.366909999999999847e+00 9.607090000000000074e-02 1.000000000000000000e+00 8.176206084583522715e-01 -6.166100000000000053e-02 9.569499747487657526e-01 nan nan 3.028790836025219146e-02 7.232144047440000056e-01 2.720194798779999867e-02 7.889010515979999472e-02 1.296110000000000007e+01 1.118340000000000067e+01 1.101420000000000066e+01 1.275980000000000025e+01 3.578111413831082110e-01 6.282836951711745499e-01
8.498010000000000286e-02 1.236259999999999915e+00 6.178620000000000223e-01 1.067080000000000028e+00 1.095569999999999933e+00 7.689369999999999539e-02 9.993041704240614997e-01 7.813468246656412042e-01 2.091389999999999916e-01 9.389011913001917842e-01 nan nan 3.372322603847643929e-02 7.232144047440000056e-01 2.720194798779999867e-02 7.889010515979999472e-02 1.296110000000000007e+01 1.118340000000000067e+01 1.101420000000000066e+01 1.275980000000000025e+01 3.412787664483218908e-01 6.311634237592693708e-01
-3.406560000000000143e-01 1.877099999999999880e-01 -1.360090000000000021e+00 -4.896719999999999962e-01 -2.522070000000000145e-01 -1.012369999999999937e-02 9.958541145958194063e-01 7.431427988192746970e-01 7.507380000000000164e-01 9.181026878640390354e-01 nan nan 3.712935797591732090e-02 7.324476901669999540e-01 2.361726540200000113e-02 7.822374054740000027e-02 2.351170000000000115e+01 1.594589999999999996e+01 1.882189999999999941e+01 1.998410000000000153e+01 3.412787664483218908e-01 6.311634237592693708e-01
-3.534260000000000179e-01 2.968089999999999964e-02 2.462589999999999918e-02 6.542750000000000510e-01 6.345129999999999937e-01 4.339770000000000016e-01 9.896889230263802295e-01 7.034413977976461396e-01 8.410050000000000026e-01 8.978237407875893084e-01 nan nan 4.046771133670223897e-02 7.324476901669999540e-01 2.361726540200000113e-02 7.822374054740000027e-02 2.351170000000000115e+01 1.594589999999999996e+01 1.882189999999999941e+01 1.998410000000000153e+01 2.720479972175525729e-01 6.340699717055771067e-01
-2.569670000000000010e-01 6.726309999999999789e-01 9.296250000000000346e-01 2.999450000000000172e-01 3.732639999999999847e-01 5.365149999999999642e-01 9.808784497997112828e-01 6.626924543382055610e-01 -2.421939999999999926e-01 8.753936896864147332e-01 nan nan 4.370046124331528059e-02 7.532586707309999463e-01 1.949253768040000098e-02 6.341557889120000291e-02 1.608670000000000044e+01 1.518829999999999991e+01 1.699380000000000024e+01 2.172889999999999944e+01 2.720479972175525729e-01 6.340699717055771067e-01
3.460280000000000022e-01 1.424250000000000016e+00 1.648009999999999975e+00 5.175490000000000368e-01 1.154169999999999918e+00 5.586830000000000407e-01 9.695225210979570019e-01 6.213576702528001983e-01 -6.032610000000000472e-01 8.482650669410347621e-01 nan nan 4.679097934757303623e-02 7.532586707309999463e-01 1.949253768040000098e-02 6.341557889120000291e-02 1.608670000000000044e+01 1.518829999999999991e+01 1.699380000000000024e+01 2.172889999999999944e+01 3.487102196974087853e-01 6.298358655277378482e-01
4.631269999999999776e+00 2.257289999999999797e+00 1.945330000000000004e+00 2.941089999999999982e+00 2.495340000000000114e+00 6.423499999999999766e-01 9.557498041309072656e-01 5.799053851616592370e-01 1.188720000000000054e-01 8.198776915767014284e-01 nan nan 4.970424884444590852e-02 5.703105205109999520e-01 3.502714429490000336e-02 7.202741991559999390e-02 1.660640000000000072e+01 2.142389999999999972e+01 2.708449999999999847e+01 3.028999999999999915e+01 3.487102196974087853e-01 6.298358655277378482e-01
4.847290000000000210e-01 1.510049999999999892e+00 8.693779999999999841e-01 1.328030000000000044e+00 1.353499999999999925e+00 4.175679999999999947e-01 9.397163492850973965e-01 5.388052700183580956e-01 7.507380000000000164e-01 7.905532038993120514e-01 nan nan 5.240726122645089635e-02 5.703105205109999520e-01 3.502714429490000336e-02 7.202741991559999390e-02 1.660640000000000072e+01 2.142389999999999972e+01 2.708449999999999847e+01 3.028999999999999915e+01 3.524549301489768860e-01 6.320585198396202475e-01
-3.156959999999999766e-01 4.231730000000000214e-01 -9.088809999999999945e-02 -1.775289999999999924e-01 7.303179999999999394e-02 -3.265959999999999974e-01 9.216038220105735590e-01 4.985230055502430924e-01 5.702049999999999619e-01 7.606238620717222787e-01 nan nan 5.486939028323112311e-02 5.086552878940000522e-01 5.193125328139999719e-02 8.489121053640000247e-02 2.680430000000000135e+01 3.116479999999999961e+01 3.494420000000000215e+01 4.334250000000000114e+01 3.524549301489768860e-01 6.320585198396202475e-01
-3.696920000000000206e-01 -2.240850000000000064e-01 -2.323739999999999972e-01 -6.580700000000000438e-02 -1.923870000000000025e-01 -3.372180000000000177e-01 9.016174444787551367e-01 4.575678114780472594e-01 2.994049999999999767e-01 7.272963366064977286e-01 nan nan 5.987409839652502175e-02 5.086552878940000522e-01 5.193125328139999719e-02 8.489121053640000247e-02 2.680430000000000135e+01 3.116479999999999961e+01 3.494420000000000215e+01 4.334250000000000114e+01 3.157440148397194779e-01 6.354411113942043388e-01
-3.765609999999999791e-01 -5.618410000000000348e-01 -7.084120000000000417e-01 6.495679999999999510e-02 1.011599999999999999e-01 -9.259900000000000075e-02 8.799836703332285515e-01 4.161980799297109179e-01 1.188720000000000054e-01 6.937498507452135588e-01 nan nan 6.467675450421916938e-02 5.820653928490000517e-01 5.018234781630000196e-02 8.771317125420000083e-02 1.630180000000000007e+01 4.250939999999999941e+01 5.198539999999999850e+01 5.362449999999999761e+01 3.157440148397194779e-01 6.354411113942043388e-01
-2.988029999999999853e-01 4.938730000000000064e-01 5.990590000000000082e-01 1.145590000000000108e+00 9.780720000000000525e-01 3.244600000000000262e-01 8.555931021046974116e-01 3.764798596413840848e-01 -1.519280000000000075e-01 6.601324876455347823e-01 nan nan 6.943795590619439295e-02 5.820653928490000517e-01 5.018234781630000196e-02 8.771317125420000083e-02 1.630180000000000007e+01 4.250939999999999941e+01 5.198539999999999850e+01 5.362449999999999761e+01 2.441713523853690226e-01 6.135296957343809865e-01
-2.000200000000000033e-01 8.255160000000000275e-01 1.218129999999999935e+00 1.802850000000000008e-01 5.609840000000000382e-01 3.059769999999999990e-01 8.284197168589058080e-01 3.385747268673744426e-01 -6.032610000000000472e-01 6.265931335325578555e-01 nan nan 7.431876960071170934e-02 6.075691323109999598e-01 3.125037172689999754e-02 8.916437282500000450e-02 2.405270000000000152e+01 5.144440000000000168e+01 6.276069999999999993e+01 6.771989999999999554e+01 2.441713523853690226e-01 6.135296957343809865e-01
1.098899999999999988e+00 1.730620000000000047e+00 1.870470000000000077e+00 1.204930000000000057e+00 1.074600000000000000e+00 2.095190000000000108e-01 7.997875413977434400e-01 3.026237148559802748e-01 -6.935270000000000046e-01 5.932797907583899910e-01 nan nan 7.947890733096318883e-02 6.075691323109999598e-01 3.125037172689999754e-02 8.916437282500000450e-02 2.405270000000000152e+01 5.144440000000000168e+01 6.276069999999999993e+01 6.771989999999999554e+01 2.681641643962670019e-01 5.823790111702626948e-01
1.208900000000000086e+00 1.761319999999999997e+00 1.785819999999999963e+00 1.495249999999999968e+00 1.534219999999999917e+00 1.800589999999999830e-02 7.699846978151090315e-01 2.687457158864319240e-01 -1.519280000000000075e-01 5.603379008763593738e-01 nan nan 8.507491598720340331e-02 3.967011140899999733e-01 3.735592492209999921e-02 9.948005455809999509e-02 3.522409999999999997e+01 6.911159999999999570e+01 7.680450000000000443e+01 7.193829999999999814e+01 2.681641643962670019e-01 5.823790111702626948e-01
-3.131979999999999764e-01 4.134380000000000277e-01 4.200039999999999885e-01 -2.775299999999999989e-01 -1.024329999999999963e-01 -2.866079999999999739e-01 7.392284574075467241e-01 2.370361341718615344e-01 1.188720000000000054e-01 5.279086967301016564e-01 nan nan 9.125840386793082626e-02 3.967011140899999733e-01 3.735592492209999921e-02 9.948005455809999509e-02 3.522409999999999997e+01 6.911159999999999570e+01 7.680450000000000443e+01 7.193829999999999814e+01 2.448727609993623933e-01 5.808000214554864815e-01
-3.580570000000000142e-01 -1.991839999999999930e-02 3.107699999999999907e-01 -1.008709999999999996e+00 -8.422300000000000342e-01 -4.201480000000000214e-01 7.076403381813995974e-01 2.075658048914472698e-01 -5.129939999999999500e-01 4.961276022290070919e-01 nan nan 9.817432289728533767e-02 2.407673090690000128e-01 4.991271710499999709e-02 1.064766994049999999e-01 3.297050000000000125e+01 8.324609999999999843e+01 8.902599999999999625e+01 8.171689999999999543e+01 2.448727609993623933e-01 5.808000214554864815e-01
-3.669789999999999996e-01 -2.363399999999999945e-01 1.476939999999999920e-01 -7.132600000000000051e-01 -7.165340000000000042e-01 -4.014159999999999950e-01 6.753622383338016011e-01 1.803801915995278948e-01 -7.837939999999999907e-01 4.651226979412150797e-01 nan nan 1.059593262618282461e-01 2.407673090690000128e-01 4.991271710499999709e-02 1.064766994049999999e-01 3.297050000000000125e+01 8.324609999999999843e+01 8.902599999999999625e+01 8.171689999999999543e+01 1.493130832995188673e-01 6.137911844769554648e-01
-3.590579999999999883e-01 -9.942970000000000627e-03 3.279869999999999730e-01 -1.053190000000000071e+00 -8.787270000000000358e-01 -4.107750000000000012e-01 6.425278052166178977e-01 1.554988711053666428e-01 -4.227270000000000194e-01 4.350132698895982086e-01 nan nan 1.147402200753349089e-01 1.993856883279999936e-01 3.712746113329999653e-02 7.127072316120000584e-02 3.150280000000000058e+01 6.863689999999999714e+01 7.596999999999999886e+01 7.381730000000000302e+01 1.493130832995188673e-01 6.137911844769554648e-01
-3.709830000000000072e-01 -3.548250000000000015e-01 5.370330000000000242e-02 -4.810880000000000156e-01 -5.643669999999999520e-01 -4.221889999999999810e-01 6.092797068743717182e-01 1.329153116600795270e-01 -6.032610000000000472e-01 4.059084579934590931e-01 nan nan 1.246325266148560207e-01 1.993856883279999936e-01 3.712746113329999653e-02 7.127072316120000584e-02 3.150280000000000058e+01 6.863689999999999714e+01 7.596999999999999886e+01 7.381730000000000302e+01 1.789055706915542165e-01 7.304587451222293026e-01
-3.545809999999999795e-01 1.277989999999999959e-01 3.199230000000000129e-01 -2.113860000000000045e-02 -3.943490000000000051e-01 -4.100079999999999836e-01 5.757897586708691229e-01 1.125969469639599430e-01 -6.032610000000000472e-01 3.779060194696345354e-01 nan nan 1.357391754071589629e-01 2.483802923260000073e-01 3.057699396450000093e-02 5.074596457939999777e-02 2.326670000000000016e+01 5.662160000000000082e+01 6.496420000000000528e+01 7.070350000000000534e+01 1.789055706915542165e-01 7.304587451222293026e-01
-3.741920000000000246e-01 -5.079719999999999791e-01 -3.808909999999999796e-01 1.365510000000000002e+00 6.166829999999999812e-01 -2.917170000000000041e-01 5.422317190762196981e-01 9.448554515566731649e-02 2.917139999999999844e+00 3.510912212041669145e-01 nan nan 1.481493369960600326e-01 2.483802923260000073e-01 3.057699396450000093e-02 5.074596457939999777e-02 2.326670000000000016e+01 5.662160000000000082e+01 6.496420000000000528e+01 7.070350000000000534e+01 2.850559387861573146e-01 7.918985423678811530e-01
-3.680849999999999955e-01 -2.772970000000000157e-01 -2.378500000000000059e-01 1.690579999999999972e+00 1.098330000000000028e+00 -3.290390000000000259e-01 5.087679458767714324e-01 7.849786860248442188e-02 4.632200000000000095e+00 3.255358736444144974e-01 nan nan 1.619374126045329820e-01 2.958548112839999855e-01 3.530350923460000290e-02 6.507209372300000461e-02 3.271059999999999945e+01 6.409720000000000084e+01 7.378690000000000282e+01 7.935829999999999984e+01 2.850559387861573146e-01 7.918985423678811530e-01
-2.896560000000000246e-01 5.415750000000000286e-01 7.824799999999999534e-01 1.363059999999999938e+00 1.287430000000000074e+00 -2.457179999999999920e-01 4.755770281044841008e-01 6.452661701595596710e-02 1.292340000000000044e+00 3.012975171579890254e-01 nan nan 1.771621911391235704e-01 2.958548112839999855e-01 3.530350923460000290e-02 6.507209372300000461e-02 3.271059999999999945e+01 6.409720000000000084e+01 7.378690000000000282e+01 7.935829999999999984e+01 2.579734508144455596e-01 6.180219382350180535e-01
-1.108949999999999936e-01 1.102500000000000036e+00 1.332240000000000091e+00 -1.369889999999999997e-01 -1.835589999999999999e-01 -1.035039999999999988e-01 4.428454248419815276e-01 5.244164320703192939e-02 -5.129939999999999500e-01 2.784187700773982366e-01 nan nan 1.938661830881470705e-01 2.995198314320000055e-01 5.033973791500000183e-02 1.042167600179999959e-01 2.440680000000000049e+01 5.969919999999999760e+01 7.378570000000000562e+01 7.907630000000000337e+01 2.579734508144455596e-01 6.180219382350180535e-01
-3.284770000000000190e-01 4.087979999999999947e-01 5.679910000000000236e-01 -1.961230000000000005e-03 6.162270000000000247e-02 3.415689999999999699e-02 4.105707863115241052e-01 4.209142770572393832e-02 -1.519280000000000075e-01 2.569268458173094016e-01 nan nan 2.120751388608691501e-01 2.995198314320000055e-01 5.033973791500000183e-02 1.042167600179999959e-01 2.440680000000000049e+01 5.969919999999999760e+01 7.378570000000000562e+01 7.907630000000000337e+01 3.370181438757172687e-01 6.529809716653480756e-01
-3.469690000000000274e-01 2.468899999999999983e-01 3.003600000000000159e-01 2.309759999999999869e-01 3.739310000000000134e-01 -2.806170000000000053e-01 3.787703710913971067e-01 3.330479553724408071e-02 -4.227270000000000194e-01 2.368332445356874372e-01 nan nan 2.317977570250807640e-01 3.016738707509999950e-01 4.831836522490000341e-02 1.157480881290000041e-01 2.499040000000000106e+01 4.938790000000000191e+01 5.948429999999999751e+01 6.482620000000000005e+01 3.370181438757172687e-01 6.529809716653480756e-01
-3.153440000000000132e-01 5.370719999999999938e-01 5.696700000000000097e-01 6.460390000000000299e-01 6.163549999999999862e-01 -3.206189999999999873e-01 3.477537255780885905e-01 2.589285570286681271e-02 -6.935270000000000046e-01 2.181336228324095572e-01 nan nan 2.530255857488478144e-01 3.016738707509999950e-01 4.831836522490000341e-02 1.157480881290000041e-01 2.499040000000000106e+01 4.938790000000000191e+01 5.948429999999999751e+01 6.482620000000000005e+01 5.607385079125848382e-01 7.434963056334061848e-01
-3.481130000000000058e-01 2.303649999999999864e-01 2.761299999999999866e-01 8.952320000000000277e-01 5.123529999999999474e-01 -3.871069999999999789e-01 3.177250126551715015e-01 1.965114139042245522e-02 -1.519280000000000075e-01 2.008078429617243810e-01 nan nan 2.757331185631451964e-01 2.889241421450000069e-01 4.619722035479999905e-02 1.141142582770000025e-01 1.920769999999999911e+01 4.310620000000000118e+01 5.144129999999999825e+01 5.600180000000000291e+01 5.607385079125848382e-01 7.434963056334061848e-01
-3.670769999999999866e-01 -2.191659999999999997e-01 -7.713609999999999634e-01 1.006879999999999997e+00 7.209370000000000500e-01 -4.275289999999999924e-01 2.887406378132436613e-01 1.436192666497915216e-02 5.702049999999999619e-01 1.848202010009581953e-01 nan nan 2.998780833603420515e-01 2.889241421450000069e-01 4.619722035479999905e-02 1.141142582770000025e-01 1.920769999999999911e+01 4.310620000000000118e+01 5.144129999999999825e+01 5.600180000000000291e+01 5.046374123239232290e-01 6.560316736620492861e-01
-3.732110000000000150e-01 -4.704289999999999861e-01 -1.180579999999999963e+00 4.065719999999999890e-01 3.367490000000000205e-01 -4.114760000000000084e-01 2.609657767157118613e-01 9.796693390685340397e-03 1.292340000000000044e+00 1.701198313902244630e-01 nan nan 3.254019213540729760e-01 2.483997308199999976e-01 6.822713717879999584e-02 1.142826714199999955e-01 2.428119999999999834e+01 5.761260000000000048e+01 6.312180000000000035e+01 5.833019999999999783e+01 5.046374123239232290e-01 6.560316736620492861e-01
-3.726079999999999948e-01 -4.383779999999999899e-01 -7.278630000000000377e-01 1.590489999999999959e-01 2.225669999999999871e-01 -3.475320000000000076e-01 2.348799616350768504e-01 5.718720432559054601e-03 1.382600000000000051e+00 1.566412832595436289e-01 nan nan 3.522304505736854052e-01 2.483997308199999976e-01 6.822713717879999584e-02 1.142826714199999955e-01 2.428119999999999834e+01 5.761260000000000048e+01 6.312180000000000035e+01 5.833019999999999783e+01 4.561764535389253306e-01 6.270902337307067143e-01
-3.739709999999999979e-01 -4.518400000000000194e-01 -5.545999999999999819e-01 3.055030000000000245e-01 8.176990000000000647e-02 -3.232499999999999818e-01 2.101477055671434613e-01 1.885765801536987141e-03 3.896720000000000184e-01 1.443052620133513653e-01 nan nan 3.802747063756102275e-01 2.619329601409999819e-01 8.391502480330000069e-02 1.197909538289999992e-01 1.932389999999999830e+01 5.073780000000000001e+01 6.296949999999999648e+01 5.929630000000000223e+01 4.561764535389253306e-01 6.270902337307067143e-01
-3.372450000000000170e-01 3.585019999999999873e-01 4.333580000000000210e-01 2.045609999999999928e-01 2.006920000000000093e-01 -3.093899999999999983e-01 1.864325207525066030e-01 0.000000000000000000e+00 -7.837939999999999907e-01 1.330195277699519618e-01 nan nan 4.094319494483202870e-01 2.619329601409999819e-01 8.391502480330000069e-02 1.197909538289999992e-01 1.932389999999999830e+01 5.073780000000000001e+01 6.296949999999999648e+01 5.929630000000000223e+01 4.313431105443162883e-01 6.200836763976238508e-01
-3.058560000000000167e-01 5.816679999999999628e-01 7.095709999999999518e-01 1.936650000000000038e-01 1.501959999999999962e-01 -3.145479999999999943e-01 1.644276966182566246e-01 0.000000000000000000e+00 -9.643270000000000453e-01 1.226799404762345391e-01 nan nan 4.395868298897838145e-01 2.869343287760000027e-01 1.042019944639999973e-01 1.070214049370000059e-01 2.150280000000000058e+01 4.096110000000000184e+01 4.216429999999999723e+01 4.226769999999999783e+01 4.313431105443162883e-01 6.200836763976238508e-01
-3.689890000000000114e-01 -1.773270000000000124e-01 -1.637359999999999927e-01 2.618320000000000092e-01 1.893660000000000065e-01 -3.455739999999999923e-01 1.445614186759219821e-01 0.000000000000000000e+00 2.091389999999999916e-01 1.131716398560871362e-01 nan nan 4.706126941679450448e-01 2.869343287760000027e-01 1.042019944639999973e-01 1.070214049370000059e-01 2.150280000000000058e+01 4.096110000000000184e+01 4.216429999999999723e+01 4.226769999999999783e+01 4.520781403976581458e-01 6.162518605929759863e-01
-3.744290000000000118e-01 -5.016929999999999445e-01 -4.284069999999999823e-01 1.114290000000000003e-01 8.365569999999999257e-03 -4.176599999999999757e-01 1.259982106668172674e-01 0.000000000000000000e+00 6.604719999999999480e-01 1.043703468232209941e-01 nan nan 5.023730201558511688e-01 2.113491185409999973e-01 1.130585693800000013e-01 1.045445499349999946e-01 1.745720000000000027e+01 3.358550000000000324e+01 3.541640000000000299e+01 3.538179999999999836e+01 4.520781403976581458e-01 6.162518605929759863e-01
-3.742929999999999868e-01 -4.950539999999999941e-01 -4.271960000000000202e-01 1.115430000000000033e-01 7.316959999999999957e-03 -4.259180000000000188e-01 1.083956058194258665e-01 0.000000000000000000e+00 -3.324610000000000065e-01 9.614377161287745999e-02 nan nan 5.347229639819018887e-01 2.113491185409999973e-01 1.130585693800000013e-01 1.045445499349999946e-01 1.745720000000000027e+01 3.358550000000000324e+01 3.541640000000000299e+01 3.538179999999999836e+01 4.606979305547505010e-01 6.176598768991458099e-01
-3.664319999999999800e-01 -8.821829999999999949e-02 -5.618270000000000208e-02 3.330910000000000259e-01 1.190029999999999977e-01 -4.291760000000000019e-01 9.336837945270970440e-02 0.000000000000000000e+00 -5.129939999999999500e-01 8.835311267772338883e-02 nan nan 5.675110011687912737e-01 1.957316844349999974e-01 1.164720205090000044e-01 9.716050686930000069e-02 2.182999999999999829e+01 3.362369999999999948e+01 2.999230000000000018e+01 3.182329999999999970e+01 4.606979305547505010e-01 6.176598768991458099e-01
-3.741410000000000013e-01 -4.692149999999999932e-01 -2.839539999999999842e-01 1.403530000000000055e-01 -6.288960000000000383e-02 -4.354669999999999930e-01 7.979095221019449902e-02 0.000000000000000000e+00 2.860559999999999839e-02 8.398707025434337670e-02 nan nan 6.005806434663820692e-01 1.957316844349999974e-01 1.164720205090000044e-01 9.716050686930000069e-02 2.182999999999999829e+01 3.362369999999999948e+01 2.999230000000000018e+01 3.182329999999999970e+01 4.504666396150948104e-01 6.414922290909578217e-01
-3.773029999999999995e-01 -7.279740000000000100e-01 -6.986310000000000020e-01 -3.530980000000000230e-01 -2.733189999999999786e-01 -4.347110000000000141e-01 6.665233026761230306e-02 0.000000000000000000e+00 6.604719999999999480e-01 8.006149235528647878e-02 nan nan 6.337722119261089970e-01 1.512400916040000098e-01 1.352281446580000102e-01 8.771962553459999867e-02 1.711400000000000077e+01 2.303330000000000055e+01 2.375799999999999912e+01 2.537930000000000064e+01 4.504666396150948104e-01 6.414922290909578217e-01
-3.811809999999999921e-01 -1.390740000000000087e+00 -1.934900000000000064e+00 -1.065699999999999981e-02 -3.910580000000000167e-01 -4.274120000000000141e-01 5.500978350593921373e-02 0.000000000000000000e+00 1.653399999999999981e+00 7.348841645723069860e-02 nan nan 6.669246461272704263e-01 1.512400916040000098e-01 1.352281446580000102e-01 8.771962553459999867e-02 1.711400000000000077e+01 2.303330000000000055e+01 2.375799999999999912e+01 2.537930000000000064e+01 4.170714741174424978e-01 6.234461534335482558e-01
-3.808739999999999903e-01 -1.262999999999999901e+00 -1.410369999999999902e+00 -3.819150000000000045e-01 -3.455019999999999758e-01 -4.190800000000000081e-01 4.468425724429847534e-02 0.000000000000000000e+00 1.292340000000000044e+00 6.714392719761996808e-02 nan nan 6.998773290559516802e-01 1.657389844340000085e-01 1.361844213199999987e-01 1.011088898910000033e-01 1.064450000000000074e+01 1.707600000000000051e+01 1.669089999999999918e+01 2.220929999999999893e+01 4.170714741174424978e-01 6.234461534335482558e-01
-3.661499999999999755e-01 -1.253009999999999957e-01 1.118760000000000032e-01 -1.628130000000000133e-01 -4.352989999999999915e-01 -4.167339999999999933e-01 3.564454012493878388e-02 0.000000000000000000e+00 -2.421939999999999926e-01 6.086789824325589127e-02 nan nan 7.296605476722031192e-01 1.657389844340000085e-01 1.361844213199999987e-01 1.011088898910000033e-01 1.064450000000000074e+01 1.707600000000000051e+01 1.669089999999999918e+01 2.220929999999999893e+01 3.654802620137963531e-01 6.024700628913949307e-01
-3.727880000000000082e-01 -2.852740000000000276e-01 -3.047540000000000249e-01 -4.674559999999999826e-01 -5.222780000000000200e-01 -3.804009999999999891e-01 2.920252249685628687e-02 0.000000000000000000e+00 -1.054589999999999916e+00 5.449942757832559881e-02 nan nan 7.588397852403671040e-01 1.702906378409999866e-01 1.364508936440000098e-01 9.407901531310000620e-02 9.070180000000000575e+00 1.798629999999999995e+01 1.774940000000000140e+01 1.985190000000000055e+01 3.654802620137963531e-01 6.024700628913949307e-01
-3.759100000000000219e-01 -5.012069999999999581e-01 -4.433429999999999871e-01 -4.585879999999999956e-01 -5.545879999999999699e-01 -3.710870000000000002e-01 2.470385300680144613e-02 0.000000000000000000e+00 1.188720000000000054e-01 5.101110147803533668e-02 nan nan 7.841814903073295318e-01 1.702906378409999866e-01 1.364508936440000098e-01 9.407901531310000620e-02 9.070180000000000575e+00 1.798629999999999995e+01 1.774940000000000140e+01 1.985190000000000055e+01 5.735319691612080772e-01 7.499161895055851401e-01
-3.812590000000000146e-01 -1.358980000000000077e+00 -1.453989999999999894e+00 -5.476280000000000037e-01 -5.953209999999999891e-01 -3.769529999999999825e-01 1.977891401785658587e-02 0.000000000000000000e+00 1.111799999999999899e+00 4.740882307827520847e-02 nan nan 8.079948772037943705e-01 2.146032353210000077e-01 1.491995917549999995e-01 8.263904558869999972e-02 9.846189999999999998e+00 1.526200000000000045e+01 1.725230000000000175e+01 2.082150000000000034e+01 5.735319691612080772e-01 7.499161895055851401e-01
-3.686119999999999952e-01 -1.728359999999999896e-01 7.164199999999999909e-03 -7.993569999999999842e-01 -8.551199999999999912e-01 -3.996379999999999932e-01 1.491262751268129794e-02 0.000000000000000000e+00 -1.519280000000000075e-01 4.373340763271216236e-02 nan nan 8.355094157480564832e-01 2.146032353210000077e-01 1.491995917549999995e-01 8.263904558869999972e-02 9.846189999999999998e+00 1.526200000000000045e+01 1.725230000000000175e+01 2.082150000000000034e+01 8.628891078778042623e-01 1.000000000000000000e+00
-3.583620000000000139e-01 1.086189999999999933e-01 1.456639999999999879e-01 -6.887849999999999806e-01 -6.673660000000000148e-01 -3.961859999999999826e-01 1.087438303220300551e-02 0.000000000000000000e+00 -1.054589999999999916e+00 4.002649906696598148e-02 nan nan 8.609140702169788550e-01 1.853022937250000113e-01 1.315843462619999960e-01 7.380647453109999423e-02 1.133709999999999951e+01 1.854520000000000124e+01 1.801229999999999976e+01 2.029189999999999827e+01 8.628891078778042623e-01 1.000000000000000000e+00
-3.665599999999999969e-01 -9.734479999999999522e-02 3.948179999999999745e-02 -9.079829999999999846e-01 -8.810430000000000206e-01 -4.008470000000000089e-01 7.387415621724957582e-03 0.000000000000000000e+00 -6.032610000000000472e-01 3.633009813629184404e-02 nan nan 8.841360090368690638e-01 1.853022937250000113e-01 1.315843462619999960e-01 7.380647453109999423e-02 1.133709999999999951e+01 1.854520000000000124e+01 1.801229999999999976e+01 2.029189999999999827e+01 3.981102544780013019e-01 5.803541496251994891e-01
-3.809890000000000221e-01 -1.301390000000000047e+00 -9.672460000000000502e-01 -7.653269999999999795e-01 -8.354209999999999692e-01 -4.251320000000000099e-01 4.282302036119567390e-03 0.000000000000000000e+00 -4.227270000000000194e-01 3.268608654024118820e-02 nan nan 9.051271316745065354e-01 1.257928459850000125e-01 1.233499353399999943e-01 7.276491158419999550e-02 1.263010000000000055e+01 2.077339999999999876e+01 2.110719999999999885e+01 2.524480000000000146e+01 3.981102544780013019e-01 5.803541496251994891e-01
-3.782809999999999784e-01 -6.947379999999999667e-01 -5.934660000000000490e-01 -7.945440000000000280e-01 -8.270849999999999591e-01 -4.156580000000000275e-01 1.419341056225653652e-03 0.000000000000000000e+00 -8.740599999999999481e-01 2.913575238627064135e-02 nan nan 9.238646136354047300e-01 1.257928459850000125e-01 1.233499353399999943e-01 7.276491158419999550e-02 1.263010000000000055e+01 2.077339999999999876e+01 2.110719999999999885e+01 2.524480000000000146e+01 3.650223175468089165e-01 5.856677349711021385e-01
-3.730020000000000002e-01 -3.393490000000000117e-01 -2.018159999999999954e-01 -1.473069999999999935e-01 -1.524389999999999912e-01 -4.156000000000000250e-01 1.717746764406946625e-05 0.000000000000000000e+00 -1.054589999999999916e+00 2.571932237898610918e-02 nan nan 9.403511650744539319e-01 1.176072891219999972e-01 1.022811364050000005e-01 6.684767642000000176e-02 1.355790000000000006e+01 2.591290000000000049e+01 2.688350000000000151e+01 2.480819999999999936e+01 3.650223175468089165e-01 5.856677349711021385e-01
-3.776349999999999985e-01 -5.980509999999999993e-01 -6.430620000000000225e-01 -4.523349999999999871e-01 -4.644420000000000215e-01 -4.128499999999999948e-01 0.000000000000000000e+00 0.000000000000000000e+00 -1.054589999999999916e+00 2.247550603550629855e-02 nan nan 9.546150000887831943e-01 1.176072891219999972e-01 1.022811364050000005e-01 6.684767642000000176e-02 1.355790000000000006e+01 2.591290000000000049e+01 2.688350000000000151e+01 2.480819999999999936e+01 3.910671845110429423e-01 5.673132366942459370e-01
-3.790129999999999888e-01 -8.002770000000000161e-01 -6.443429999999999991e-01 -1.057479999999999976e+00 -9.706740000000000368e-01 -4.168149999999999911e-01 0.000000000000000000e+00 0.000000000000000000e+00 -5.129939999999999500e-01 1.944105709116594749e-02 nan nan 9.667095170407655758e-01 1.312773860610000065e-01 9.418734805619999317e-02 7.465525186570000360e-02 1.167950000000000088e+01 2.617680000000000007e+01 2.320349999999999824e+01 2.579540000000000077e+01 3.910671845110429423e-01 5.673132366942459370e-01
-3.810310000000000086e-01 -1.220569999999999933e+00 -1.150810000000000111e+00 -1.124900000000000011e+00 -1.004340000000000011e+00 -4.038519999999999888e-01 0.000000000000000000e+00 0.000000000000000000e+00 -1.519280000000000075e-01 1.665035706500883617e-02 nan nan 9.767126935332364202e-01 1.312773860610000065e-01 9.418734805619999317e-02 7.465525186570000360e-02 1.167950000000000088e+01 2.617680000000000007e+01 2.320349999999999824e+01 2.579540000000000077e+01 4.822966784534230555e-01 6.420990170705214162e-01
-3.775810000000000000e-01 -6.297239999999999505e-01 -5.165450000000000319e-01 -1.076920000000000099e+00 -9.096210000000000129e-01 -3.851550000000000251e-01 0.000000000000000000e+00 0.000000000000000000e+00 -6.935270000000000046e-01 1.413502570343860842e-02 nan nan 9.847262028920945598e-01 1.153420999010000003e-01 9.608720742920000280e-02 7.906503130879999341e-02 1.715459999999999852e+01 2.371780000000000044e+01 2.223019999999999996e+01 2.364480000000000004e+01 4.822966784534230555e-01 6.420990170705214162e-01
-3.781360000000000277e-01 -6.411759999999999682e-01 -7.009980000000000100e-01 -9.634279999999999511e-01 -8.935920000000000529e-01 -3.803380000000000094e-01 0.000000000000000000e+00 0.000000000000000000e+00 -1.054589999999999916e+00 1.192356271585692795e-02 nan nan 9.908742621668935602e-01 1.153420999010000003e-01 9.608720742920000280e-02 7.906503130879999341e-02 1.715459999999999852e+01 2.371780000000000044e+01 2.223019999999999996e+01 2.364480000000000004e+01 8.513361544258304381e-01 8.423960414627278404e-01
-3.654729999999999923e-01 -5.972770000000000162e-02 4.337099999999999983e-02 -1.055180000000000007e+00 -8.776350000000000540e-01 -3.940389999999999726e-01 0.000000000000000000e+00 0.000000000000000000e+00 -1.054589999999999916e+00 1.004102486156932539e-02 nan nan 9.953022247020345548e-01 1.108912079589999961e-01 7.810762491290000609e-02 6.369973188230000638e-02 1.195390000000000086e+01 2.704400000000000048e+01 2.869350000000000023e+01 3.020550000000000068e+01 8.513361544258304381e-01 8.423960414627278404e-01
-3.689350000000000129e-01 -1.501760000000000039e-01 -7.284480000000000122e-02 -9.735049999999999537e-01 -8.967439999999999856e-01 -4.009289999999999798e-01 0.000000000000000000e+00 0.000000000000000000e+00 -1.054589999999999916e+00 8.508742046688388960e-03 nan nan 9.981749332252958240e-01 1.108912079589999961e-01 7.810762491290000609e-02 6.369973188230000638e-02 1.195390000000000086e+01 2.704400000000000048e+01 2.869350000000000023e+01 3.020550000000000068e+01 6.613181844530751086e-01 5.940890134499081654e-01
-3.774790000000000090e-01 -6.100839999999999597e-01 -4.996900000000000230e-01 -9.766270000000000229e-01 -8.322789999999999910e-01 -4.218549999999999800e-01 0.000000000000000000e+00 0.000000000000000000e+00 -1.054589999999999916e+00 7.344075647776171500e-03 nan nan 9.996748521138575372e-01 1.175471819379999977e-01 7.242139818230000636e-02 6.080485851569999989e-02 1.585430000000000028e+01 2.325300000000000011e+01 2.531390000000000029e+01 3.140360000000000085e+01 6.613181844530751086e-01 5.940890134499081654e-01
-3.814489999999999825e-01 -1.371739999999999959e+00 -1.376060000000000061e+00 -1.306300000000000017e+00 -1.279320000000000013e+00 -4.240269999999999873e-01 0.000000000000000000e+00 0.000000000000000000e+00 -1.054589999999999916e+00 6.560221800509302703e-03 nan nan 1.000000000000000000e+00 1.175471819379999977e-01 7.242139818230000636e-02 6.080485851569999989e-02 1.585430000000000028e+01 2.325300000000000011e+01 2.531390000000000029e+01 3.140360000000000085e+01 6.130253318648194449e-01 7.332915398334517443e-01
-3.807280000000000109e-01 -1.103869999999999907e+00 -1.012610000000000010e+00 -1.131610000000000005e+00 -1.126819999999999933e+00 -4.225340000000000207e-01 0.000000000000000000e+00 0.000000000000000000e+00 -1.054589999999999916e+00 6.166061882189377563e-03 nan nan 9.993617061408761604e-01 1.156217153489999955e-01 6.869931880540000591e-02 7.540765920700000235e-02 1.657570000000000121e+01 2.630399999999999849e+01 2.992970000000000041e+01 3.119519999999999982e+01 6.130253318648194449e-01 7.332915398334517443e-01
-3.810870000000000091e-01 -1.215880000000000072e+00 -1.183040000000000092e+00 -1.387340000000000018e+00 -1.229039999999999910e+00 -4.292880000000000029e-01 0.000000000000000000e+00 6.374414482072099375e-04 -7.837939999999999907e-01 3.033620992690000406e-03 nan nan 9.951708566858148419e-01 1.156217153489999955e-01 6.869931880540000591e-02 7.540765920700000235e-02 1.657570000000000121e+01 2.630399999999999849e+01 2.992970000000000041e+01 3.119519999999999982e+01 8.423627615790389989e-01 8.938757995521167121e-01
-3.761610000000000231e-01 -5.049510000000000387e-01 -3.728319999999999967e-01 -1.028580000000000050e+00 -1.058189999999999964e+00 -4.305069999999999730e-01 0.000000000000000000e+00 1.295647487075224369e-03 -7.837939999999999907e-01 0.000000000000000000e+00 nan nan 9.903778746657557752e-01 1.199785720050000060e-01 7.288166619180000416e-02 1.036164518789999961e-01 1.390959999999999930e+01 2.573400000000000176e+01 2.875740000000000052e+01 3.380490000000000350e+01 8.423627615790389989e-01 8.938757995521167121e-01
-3.735189999999999899e-01 -3.671829999999999816e-01 -1.776709999999999956e-01 -1.337120000000000086e+00 -1.185920000000000085e+00 -4.249220000000000219e-01 0.000000000000000000e+00 2.015912026817057168e-03 -1.519280000000000075e-01 0.000000000000000000e+00 nan nan 9.850370664821647138e-01 1.199785720050000060e-01 7.288166619180000416e-02 1.036164518789999961e-01 1.390959999999999930e+01 2.573400000000000176e+01 2.875740000000000052e+01 3.380490000000000350e+01 8.651846269781462428e-01 7.131267348772343251e-01
-3.818329999999999780e-01 -1.764950000000000019e+00 -1.464669999999999916e+00 -1.099569999999999936e+00 -1.063649999999999984e+00 -4.319810000000000039e-01 0.000000000000000000e+00 2.838825830033031572e-03 -6.166100000000000053e-02 0.000000000000000000e+00 nan nan 9.792089456258401547e-01 1.425922372389999970e-01 6.675560799749999386e-02 8.914822444179999750e-02 1.343759999999999977e+01 3.203699999999999903e+01 3.657350000000000279e+01 3.643169999999999931e+01 8.651846269781462428e-01 7.131267348772343251e-01
-3.804330000000000211e-01 -1.039230000000000098e+00 -8.876979999999999871e-01 -1.231500000000000039e+00 -1.144300000000000095e+00 -4.147219999999999795e-01 0.000000000000000000e+00 3.803816602151677273e-03 -9.643270000000000453e-01 0.000000000000000000e+00 nan nan 9.729595470348830766e-01 1.425922372389999970e-01 6.675560799749999386e-02 8.914822444179999750e-02 1.343759999999999977e+01 3.203699999999999903e+01 3.657350000000000279e+01 3.643169999999999931e+01 7.954901165149846909e-01 8.284432703525403952e-01
-3.787860000000000116e-01 -7.514990000000000281e-01 -6.230290000000000550e-01 -6.869159999999999711e-01 -8.852109999999999701e-01 -3.930379999999999985e-01 0.000000000000000000e+00 4.948702259773285483e-03 -1.054589999999999916e+00 0.000000000000000000e+00 nan nan 9.663596788924624370e-01 1.622121049689999872e-01 5.190777859060000110e-02 6.897825042609999346e-02 2.095730000000000004e+01 3.937700000000000244e+01 4.804090000000000060e+01 4.489500000000000313e+01 7.954901165149846909e-01 8.284432703525403952e-01
-3.779770000000000074e-01 -6.284189999999999499e-01 -6.110640000000000516e-01 -8.058790000000000120e-01 -9.308260000000000423e-01 -3.889719999999999844e-01 0.000000000000000000e+00 6.309262438562779352e-03 -1.054589999999999916e+00 0.000000000000000000e+00 nan nan 9.565811813097698790e-01 1.622121049689999872e-01 5.190777859060000110e-02 6.897825042609999346e-02 2.095730000000000004e+01 3.937700000000000244e+01 4.804090000000000060e+01 4.489500000000000313e+01 7.491507738681815187e-01 8.121806820162793539e-01
-3.750990000000000157e-01 -4.103899999999999770e-01 -3.649589999999999779e-01 -1.066799999999999971e+00 -1.090500000000000025e+00 -3.653799999999999826e-01 0.000000000000000000e+00 7.918833095680755108e-03 -1.054589999999999916e+00 0.000000000000000000e+00 nan nan 9.463311945468508846e-01 1.919705562089999984e-01 3.907386314300000107e-02 5.572515139950000307e-02 1.701340000000000074e+01 4.793769999999999953e+01 4.950399999999999778e+01 4.542560000000000286e+01 7.491507738681815187e-01 8.121806820162793539e-01
-3.670329999999999981e-01 -9.683450000000000391e-02 7.079760000000000263e-04 -9.752469999999999750e-01 -9.873560000000000114e-01 -3.232439999999999758e-01 0.000000000000000000e+00 9.807928800069198871e-03 -1.054589999999999916e+00 0.000000000000000000e+00 nan nan 9.355108417367909990e-01 1.919705562089999984e-01 3.907386314300000107e-02 5.572515139950000307e-02 1.701340000000000074e+01 4.793769999999999953e+01 4.950399999999999778e+01 4.542560000000000286e+01 7.291693235174773191e-01 7.856865085218509570e-01
-3.759210000000000051e-01 -4.950990000000000113e-01 -5.478290000000000104e-01 1.543080000000000007e-01 1.186149999999999982e-01 -3.109339999999999882e-01 0.000000000000000000e+00 1.200389699019210887e-02 2.860559999999999839e-02 0.000000000000000000e+00 nan nan 9.240277084878967262e-01 2.147797298570000013e-01 3.218707386470000265e-02 5.907755938820000163e-02 1.810500000000000043e+01 3.602890000000000015e+01 4.373290000000000077e+01 4.027920000000000300e+01 7.291693235174773191e-01 7.856865085218509570e-01
-3.631119999999999903e-01 -3.142059999999999992e-02 1.664869999999999892e-02 9.068340000000000289e-01 8.582440000000000069e-01 -3.547339999999999938e-01 0.000000000000000000e+00 1.453060811662976182e-02 2.091389999999999916e-01 0.000000000000000000e+00 nan nan 9.117968899756804246e-01 2.147797298570000013e-01 3.218707386470000265e-02 5.907755938820000163e-02 1.810500000000000043e+01 3.602890000000000015e+01 4.373290000000000077e+01 4.027920000000000300e+01 6.112631151817287112e-01 7.863000013409677802e-01
-3.507549999999999835e-01 2.168819999999999915e-01 2.596789999999999932e-01 4.948580000000000201e-01 3.892430000000000057e-01 -3.716309999999999891e-01 0.000000000000000000e+00 1.740818518033582230e-02 -8.740599999999999481e-01 0.000000000000000000e+00 nan nan 8.987419529484477199e-01 2.225024252470000075e-01 4.139967719390000300e-02 5.756966733769999789e-02 1.640459999999999852e+01 3.383400000000000318e+01 3.936500000000000199e+01 3.854560000000000031e+01 6.112631151817287112e-01 7.863000013409677802e-01
-3.566880000000000051e-01 1.198270000000000030e-01 2.160189999999999888e-01 1.229279999999999956e-01 1.061819999999999986e-01 -3.737099999999999866e-01 0.000000000000000000e+00 2.065277573099588704e-02 -3.324610000000000065e-01 0.000000000000000000e+00 nan nan 8.847958017465800129e-01 2.225024252470000075e-01 4.139967719390000300e-02 5.756966733769999789e-02 1.640459999999999852e+01 3.383400000000000318e+01 3.936500000000000199e+01 3.854560000000000031e+01 6.493768477189728605e-01 7.893507033376692128e-01
-3.784399999999999986e-01 -7.826419999999999488e-01 -5.982769999999999477e-01 1.109340000000000048e-01 1.535630000000000051e-01 -4.122939999999999938e-01 0.000000000000000000e+00 2.427636890883733134e-02 -6.166100000000000053e-02 0.000000000000000000e+00 nan nan 8.699014385231689239e-01 2.107235079829999913e-01 6.081356484630000281e-02 5.721875045319999714e-02 1.166440000000000055e+01 3.567920000000000158e+01 4.442840000000000344e+01 4.175970000000000226e+01 6.493768477189728605e-01 7.893507033376692128e-01
-3.688290000000000179e-01 -1.793649999999999967e-01 -2.484319999999999931e-02 -1.165749999999999981e-01 -1.294919999999999960e-01 -4.195119999999999960e-01 0.000000000000000000e+00 2.828665960287968240e-02 -7.837939999999999907e-01 0.000000000000000000e+00 nan nan 8.540126090523961766e-01 2.107235079829999913e-01 6.081356484630000281e-02 5.721875045319999714e-02 1.166440000000000055e+01 3.567920000000000158e+01 4.442840000000000344e+01 4.175970000000000226e+01 6.872355225784012589e-01 7.924684537299021558e-01
-3.723090000000000011e-01 -2.846839999999999926e-01 -2.041630000000000111e-01 -2.430650000000000033e-01 -5.011889999999999956e-01 -3.958579999999999877e-01 0.000000000000000000e+00 3.268696126476744457e-02 -1.054589999999999916e+00 0.000000000000000000e+00 nan nan 8.370943268083946842e-01 1.301417216980000069e-01 7.998569242799999368e-02 4.011589492740000318e-02 1.389160000000000039e+01 2.875240000000000151e+01 3.897849999999999682e+01 3.784759999999999991e+01 6.872355225784012589e-01 7.924684537299021558e-01
-3.804409999999999736e-01 -1.128370000000000095e+00 -8.024080000000000101e-01 -9.514059999999999739e-01 -9.090859999999999497e-01 -4.057919999999999860e-01 0.000000000000000000e+00 3.747616836603873125e-02 -5.129939999999999500e-01 0.000000000000000000e+00 nan nan 8.191232693765666539e-01 1.301417216980000069e-01 7.998569242799999368e-02 4.011589492740000318e-02 1.389160000000000039e+01 2.875240000000000151e+01 3.897849999999999682e+01 3.784759999999999991e+01 6.765057098139237723e-01 7.742111756265671607e-01
-3.790399999999999880e-01 -8.527200000000000335e-01 -5.369169999999999776e-01 -1.178080000000000016e+00 -1.054440000000000044e+00 -4.084999999999999742e-01 0.000000000000000000e+00 4.264876892420510490e-02 -5.129939999999999500e-01 0.000000000000000000e+00 nan nan 8.000880427058599809e-01 1.040549382679999968e-01 9.856036694269999787e-02 4.359947772779999842e-02 9.267390000000000683e+00 2.125809999999999889e+01 2.627670000000000172e+01 3.092379999999999995e+01 6.765057098139237723e-01 7.742111756265671607e-01
-3.704569999999999808e-01 -2.032589999999999952e-01 -1.217720000000000052e-01 -1.416430000000000078e+00 -1.291379999999999972e+00 -3.872970000000000024e-01 0.000000000000000000e+00 4.819490695571504446e-02 -1.054589999999999916e+00 0.000000000000000000e+00 nan nan 7.799893102079192841e-01 1.040549382679999968e-01 9.856036694269999787e-02 4.359947772779999842e-02 9.267390000000000683e+00 2.125809999999999889e+01 2.627670000000000172e+01 3.092379999999999995e+01 7.524665236797867252e-01 8.313129416813054284e-01
-3.750890000000000057e-01 -4.104659999999999975e-01 -3.623279999999999834e-01 -1.318750000000000089e+00 -1.210259999999999891e+00 -3.806039999999999979e-01 0.000000000000000000e+00 5.410049414818618452e-02 -1.054589999999999916e+00 0.000000000000000000e+00 nan nan 7.588397852403671040e-01 8.944788451070000146e-02 1.268748979240000019e-01 5.289659855829999952e-02 8.908670000000000755e+00 1.526110000000000078e+01 2.150479999999999947e+01 2.422439999999999927e+01 7.524665236797867252e-01 8.313129416813054284e-01
-3.783889999999999754e-01 -6.753559999999999564e-01 -6.432290000000000507e-01 -1.104899999999999993e+00 -1.127839999999999954e+00 -4.085570000000000035e-01 0.000000000000000000e+00 6.034736948661356681e-02 -1.054589999999999916e+00 0.000000000000000000e+00 nan nan 7.366640870593823553e-01 8.944788451070000146e-02 1.268748979240000019e-01 5.289659855829999952e-02 8.908670000000000755e+00 1.526110000000000078e+01 2.150479999999999947e+01 2.422439999999999927e+01 8.497130601124572857e-01 8.193481554986389304e-01
-3.750700000000000145e-01 -4.103020000000000000e-01 -3.572250000000000147e-01 -1.028639999999999999e+00 -1.146970000000000045e+00 -4.260999999999999788e-01 0.000000000000000000e+00 6.691350502492687813e-02 -1.054589999999999916e+00 0.000000000000000000e+00 nan nan 7.134984618736900375e-01 6.697584510439999472e-02 1.149055386410000046e-01 5.311103221329999818e-02 1.295100000000000051e+01 1.729909999999999926e+01 1.923610000000000042e+01 2.278099999999999881e+01 8.497130601124572857e-01 8.193481554986389304e-01
-3.731999999999999762e-01 -3.196300000000000252e-01 -2.289660000000000029e-01 -1.067630000000000079e+00 -1.123310000000000031e+00 -4.331050000000000177e-01 0.000000000000000000e+00 7.377325547142143947e-02 -1.054589999999999916e+00 0.000000000000000000e+00 nan nan 6.893903721605330048e-01 6.697584510439999472e-02 1.149055386410000046e-01 5.311103221329999818e-02 1.295100000000000051e+01 1.729909999999999926e+01 1.923610000000000042e+01 2.278099999999999881e+01 8.179235986319634000e-01 8.843817467448003011e-01
-3.809730000000000061e-01 -1.254550000000000054e+00 -9.253120000000000234e-01 -1.127629999999999910e+00 -1.191040000000000099e+00 -4.376320000000000210e-01 0.000000000000000000e+00 8.089764876016003470e-02 -6.032610000000000472e-01 0.000000000000000000e+00 nan nan 6.643979588968403904e-01 7.493922866480000333e-02 1.561444405300000116e-01 7.103411841939999416e-02 1.501169999999999938e+01 1.620520000000000138e+01 1.803579999999999828e+01 -1.000000000000000000e+00 8.179235986319634000e-01 8.843817467448003011e-01
-3.810649999999999871e-01 -1.265819999999999945e+00 -1.007540000000000102e+00 -1.079849999999999977e+00 -1.159939999999999971e+00 -4.416260000000000185e-01 0.000000000000000000e+00 8.825471431605702577e-02 2.091389999999999916e-01 0.000000000000000000e+00 nan nan 6.385893827987263460e-01 7.493922866480000333e-02 1.561444405300000116e-01 7.103411841939999416e-02 1.501169999999999938e+01 1.620520000000000138e+01 1.803579999999999828e+01 -1.000000000000000000e+00 8.008927018723551727e-01 7.670403497244311364e-01
-3.819049999999999945e-01 -1.872409999999999908e+00 -1.533250000000000002e+00 -1.346060000000000034e+00 -1.353580000000000005e+00 -4.415089999999999848e-01 0.000000000000000000e+00 9.580984529426861407e-02 -6.166100000000000053e-02 0.000000000000000000e+00 nan nan 6.120420520333409442e-01 7.538553657110000361e-02 1.652209097000000015e-01 7.570667290509999758e-02 6.858929999999999971e+00 1.242500000000000071e+01 -1.000000000000000000e+00 -1.000000000000000000e+00 8.008927018723551727e-01 7.670403497244311364e-01
-3.819960000000000022e-01 -1.951429999999999998e+00 -1.820089999999999986e+00 -1.142930000000000001e+00 -1.181540000000000035e+00 -4.410290000000000044e-01 0.000000000000000000e+00 1.035261906895734718e-01 -5.129939999999999500e-01 0.000000000000000000e+00 nan nan 5.848417451534070333e-01 7.538553657110000361e-02 1.652209097000000015e-01 7.570667290509999758e-02 6.858929999999999971e+00 1.242500000000000071e+01 -1.000000000000000000e+00 -1.000000000000000000e+00 1.000000000000000000e+00 5.857347833666339820e-01
-3.812200000000000033e-01 -1.336149999999999949e+00 -1.038410000000000055e+00 -1.121850000000000014e+00 -1.220080000000000053e+00 -4.364629999999999899e-01 0.000000000000000000e+00 1.113650728729862482e-01 2.994049999999999767e-01 0.000000000000000000e+00 nan nan 5.570816391919395372e-01 7.137852242370000544e-02 1.915872372359999909e-01 8.517508832909999328e-02 7.778679999999999595e+00 -1.000000000000000000e+00 -1.000000000000000000e+00 -1.000000000000000000e+00 1.000000000000000000e+00 5.857347833666339820e-01
-3.816820000000000213e-01 -1.589280000000000026e+00 -1.329360000000000097e+00 -1.161149999999999904e+00 -1.193089999999999984e+00 -4.211500000000000243e-01 0.000000000000000000e+00 1.192864258247493536e-01 5.702049999999999619e-01 0.000000000000000000e+00 nan nan 5.288612539292326664e-01 7.137852242370000544e-02 1.915872372359999909e-01 8.517508832909999328e-02 7.778679999999999595e+00 -1.000000000000000000e+00 -1.000000000000000000e+00 -1.000000000000000000e+00 0.000000000000000000e+00 0.000000000000000000e+00
