-7.029800000000000493e-01 -1.704649999999999999e+00 -1.370470000000000077e+00 -1.677899999999999947e+00 -2.152969999999999828e+00 -5.939999999999999725e-01 7.990754796789845127e-02 2.967522905640113118e-01 -3.743349999999999733e-01 1.401981195123847002e-01 1.990288392203797274e-01 nan 5.000000000000000000e-01 1.299591663580000056e-01 4.844703097510000278e-02 1.865241539040000118e-01 -1.000000000000000000e+00 -1.000000000000000000e+00 -1.000000000000000000e+00 -1.000000000000000000e+00 0.000000000000000000e+00 0.000000000000000000e+00
-6.952530000000000099e-01 -1.060680000000000067e+00 -1.013130000000000086e+00 -1.788750000000000062e+00 -2.241350000000000176e+00 -5.877149999999999874e-01 9.436558581196363704e-02 3.021091907355949457e-01 -5.595930000000000071e-01 1.553295405591393896e-01 2.317054013030178661e-01 nan 5.000000000000000000e-01 1.412950925560000071e-01 4.538496407979999980e-02 2.099525591699999971e-01 7.365280000000000271e+00 -1.000000000000000000e+00 -1.000000000000000000e+00 -1.000000000000000000e+00 0.000000000000000000e+00 0.000000000000000000e+00
-6.964339999999999975e-01 -1.185189999999999966e+00 -9.313200000000000367e-01 -1.885659999999999892e+00 -2.383919999999999817e+00 -5.843580000000000441e-01 1.104325081395837183e-01 3.091206899677163555e-01 -5.225419999999999510e-01 1.709181416235742157e-01 2.679592659237852725e-01 nan 4.973960038789723148e-01 1.412950925560000071e-01 4.538496407979999980e-02 2.099525591699999971e-01 7.365280000000000271e+00 -1.000000000000000000e+00 -1.000000000000000000e+00 -1.000000000000000000e+00 0.000000000000000000e+00 0.000000000000000000e+00
-6.938290000000000290e-01 -1.040119999999999933e+00 -8.885979999999999990e-01 -1.899850000000000039e+00 -2.312510000000000066e+00 -5.780149999999999455e-01 1.281301898495336156e-01 3.178342353330673165e-01 -5.225419999999999510e-01 1.869788572940241922e-01 3.073796623102197367e-01 nan 4.922175159534725175e-01 1.514135242230000011e-01 4.326636559909999985e-02 1.749311127909999874e-01 1.980249999999999844e+01 3.848389999999999844e+01 -1.000000000000000000e+00 -1.000000000000000000e+00 0.000000000000000000e+00 0.000000000000000000e+00
-6.863930000000000309e-01 -8.147159999999999958e-01 -7.050560000000000160e-01 -1.892009999999999970e+00 -2.343649999999999789e+00 -5.744270000000000209e-01 1.474639631405720852e-01 3.282779890415468138e-01 -4.484380000000000033e-01 2.035212729116906427e-01 3.495199416196713704e-01 nan 4.845232105609148521e-01 1.514135242230000011e-01 4.326636559909999985e-02 1.749311127909999874e-01 1.980249999999999844e+01 3.848389999999999844e+01 -1.000000000000000000e+00 -1.000000000000000000e+00 8.252249167435258270e-01 5.944393862962461528e-01
-6.967769999999999797e-01 -1.219240000000000101e+00 -9.203770000000000007e-01 -1.767230000000000079e+00 -2.189869999999999983e+00 -5.868980000000000308e-01 1.684179199016058170e-01 3.404605093511703373e-01 -4.484380000000000033e-01 2.205495159648958037e-01 3.939026376491630010e-01 nan 4.744002672558859102e-01 1.698566256419999920e-01 4.593131908689999932e-02 1.733368726560000073e-01 1.442249999999999943e+01 6.113479999999999848e+01 7.413240000000000407e+01 -1.000000000000000000e+00 8.252249167435258270e-01 5.944393862962461528e-01
-6.615919999999999579e-01 -4.112179999999999724e-01 -4.143660000000000121e-01 -1.801010000000000000e+00 -2.200990000000000002e+00 -5.847440000000000415e-01 1.909560368850576895e-01 3.543706535995859719e-01 -5.595930000000000071e-01 2.380622093229898262e-01 4.400248767182549647e-01 nan 4.619633830309542999e-01 1.698566256419999920e-01 4.593131908689999932e-02 1.733368726560000073e-01 1.442249999999999943e+01 6.113479999999999848e+01 7.413240000000000407e+01 -1.000000000000000000e+00 8.913330424649439365e-01 6.615616964208816952e-01
-6.897299999999999542e-01 -8.853959999999999608e-01 -8.117969999999999908e-01 -1.738860000000000072e+00 -2.165490000000000137e+00 -5.828039999999999887e-01 2.150247728068197528e-01 3.699777044548924199e-01 -5.595930000000000071e-01 2.560524868397926479e-01 4.873640754287829058e-01 nan 4.473534727539152378e-01 2.296154680230000078e-01 4.904685121729999986e-02 1.650155294250000015e-01 3.515109999999999957e+01 6.056430000000000291e+01 8.425530000000000541e+01 8.463379999999999370e+01 8.913330424649439365e-01 6.615616964208816952e-01
-7.051509999999999723e-01 -2.141649999999999832e+00 -1.935810000000000031e+00 -1.584009999999999918e+00 -1.933659999999999934e+00 -5.875470000000000415e-01 2.405478555845730337e-01 3.872317179552824395e-01 -3.743349999999999733e-01 2.745080711497727144e-01 5.353838617435722202e-01 nan 4.307360725460317452e-01 2.296154680230000078e-01 4.904685121729999986e-02 1.650155294250000015e-01 3.515109999999999957e+01 6.056430000000000291e+01 8.425530000000000541e+01 8.463379999999999370e+01 6.962339907327121935e-01 5.951222363030130857e-01
-6.927079999999999904e-01 -1.136419999999999986e+00 -1.051250000000000018e+00 3.081180000000000030e-01 -2.512940000000000174e-01 -5.713669999999999582e-01 2.674307919042638870e-01 4.060640893940873353e-01 -3.372829999999999995e-01 2.934114127755046431e-01 5.835401522959438037e-01 nan 4.122994641916352121e-01 2.697023306179999746e-01 6.809260000330000229e-02 1.448908065149999980e-01 2.326490000000000080e+01 6.999840000000000373e+01 8.919089999999999918e+01 9.156140000000000612e+01 6.962339907327121935e-01 5.951222363030130857e-01
-6.873960000000000070e-01 -8.173259999999999970e-01 -8.198680000000000412e-01 -9.881640000000000423e-01 -1.437889999999999890e+00 -4.845400000000000262e-01 2.955694059270338458e-01 4.263883306385161109e-01 -5.225419999999999510e-01 3.127398889702607265e-01 6.312873170716613025e-01 nan 3.922525418302759137e-01 2.697023306179999746e-01 6.809260000330000229e-02 1.448908065149999980e-01 2.326490000000000080e+01 6.999840000000000373e+01 8.919089999999999918e+01 9.156140000000000612e+01 4.521420247753593635e-01 5.707026588087651398e-01
-6.723620000000000152e-01 -5.668039999999999745e-01 -4.796079999999999788e-01 -1.654910000000000103e+00 -1.855739999999999945e+00 -4.542340000000000266e-01 3.248468732525158220e-01 4.481010500747593106e-01 -5.225419999999999510e-01 3.324660600427714607e-01 6.780843616150173947e-01 nan 3.708224451026516100e-01 3.956470837100000137e-01 1.148106702780000016e-01 1.633154514400000090e-01 3.834499999999999886e+01 6.593019999999999925e+01 8.700589999999999691e+01 9.242400000000000659e+01 4.521420247753593635e-01 5.707026588087651398e-01
-6.490339999999999998e-01 -3.483410000000000117e-01 -2.211670000000000025e-01 -1.540559999999999929e+00 -1.498599999999999932e+00 -2.864860000000000184e-01 3.551289978978623418e-01 4.710831240762862748e-01 -5.225419999999999510e-01 3.525579802598910462e-01 7.234010567121853530e-01 nan 3.482519855677188581e-01 3.956470837100000137e-01 1.148106702780000016e-01 1.633154514400000090e-01 3.834499999999999886e+01 6.593019999999999925e+01 8.700589999999999691e+01 9.242400000000000659e+01 1.706495385685961041e-01 5.771743543683944822e-01
-2.231090000000000156e-02 7.927910000000000235e-01 6.517220000000000235e-01 -6.895729999999999915e-01 -3.316640000000000144e-01 8.040440000000000087e-02 3.862702875082024701e-01 4.952010467221334977e-01 -4.113859999999999739e-01 3.729795598045195781e-01 7.667239461000816547e-01 nan 3.247968955507061217e-01 4.730082099390000017e-01 1.381593506000000082e-01 1.733349574270000026e-01 1.903989999999999938e+01 5.589470000000000027e+01 7.003260000000000218e+01 8.372860000000000014e+01 1.706495385685961041e-01 5.771743543683944822e-01
2.942039999999999933e-02 8.028579999999999606e-01 7.648979999999999668e-01 -6.597380000000000466e-01 -2.675379999999999980e-01 1.710160000000000013e-01 4.181165039890896162e-01 5.203084424723354307e-01 -3.372829999999999995e-01 3.936909736876514909e-01 8.075621641309930210e-01 nan 3.007229305936847119e-01 4.730082099390000017e-01 1.381593506000000082e-01 1.733349574270000026e-01 1.903989999999999938e+01 5.589470000000000027e+01 7.003260000000000218e+01 8.372860000000000014e+01 1.519106187212467818e-01 5.536590917479730090e-01
3.249009999999999954e-01 9.045419999999999572e-01 9.862919999999999465e-01 -1.100789999999999935e+00 -1.033109999999999973e+00 8.032569999999999988e-01 4.505030846894438890e-01 5.462477246612802428e-01 -3.743349999999999733e-01 4.146491129814138255e-01 8.454529974765057077e-01 nan 2.763028583390859660e-01 5.105665270839999659e-01 1.453205880020000118e-01 1.938169942690000092e-01 1.327229999999999954e+01 3.058840000000000003e+01 5.636659999999999826e+01 6.907699999999999818e+01 1.519106187212467818e-01 5.536590917479730090e-01
1.778489999999999904e+00 1.335399999999999920e+00 1.334470000000000045e+00 -6.634259999999999602e-01 1.000849999999999934e-01 1.412700000000000067e+00 4.832578122762108963e-01 5.728518810176008724e-01 -3.743349999999999733e-01 4.358080732604444618e-01 8.799671278544058950e-01 nan 2.518133679633202116e-01 5.105665270839999659e-01 1.453205880020000118e-01 1.938169942690000092e-01 1.327229999999999954e+01 3.058840000000000003e+01 5.636659999999999826e+01 6.907699999999999818e+01 1.549702596276515409e-01 5.167790395806931558e-01
7.224829999999999863e-01 1.072240000000000082e+00 1.171410000000000062e+00 -9.584750000000000214e-02 6.001940000000000053e-01 1.893820000000000059e+00 5.161901485320080640e-01 5.999463659799428861e-01 -4.113859999999999739e-01 4.571196747173748021e-01 9.107134963763653390e-01 nan 2.275319351778488652e-01 4.747665367269999770e-01 1.772780122360000099e-01 2.146208740409999982e-01 7.301330000000000098e+00 2.410750000000000171e+01 3.706629999999999825e+01 5.575339999999999918e+01 1.549702596276515409e-01 5.167790395806931558e-01
1.919459999999999944e+00 1.349800000000000111e+00 1.382030000000000092e+00 1.594099999999999961e-01 4.726819999999999911e-01 2.264419999999999877e+00 5.491396832105166492e-01 6.273510783679212555e-01 -4.113859999999999739e-01 4.785340080592976886e-01 9.373437344014048378e-01 nan 2.037336783184992006e-01 4.747665367269999770e-01 1.772780122360000099e-01 2.146208740409999982e-01 7.301330000000000098e+00 2.410750000000000171e+01 3.706629999999999825e+01 5.575339999999999918e+01 1.785637360755962799e-01 5.919602101455516685e-01
1.915059999999999985e+00 1.345069999999999988e+00 1.386249999999999982e+00 2.407229999999999925e-01 7.572280000000000122e-01 2.764810000000000212e+00 5.819432504959098917e-01 6.548824020004566648e-01 -4.113859999999999739e-01 5.000000000000000000e-01 9.595561106917973593e-01 nan 1.806882411447894299e-01 4.471517778129999732e-01 2.169007533879999949e-01 1.994745910010000123e-01 1.015399999999999991e+01 1.583610000000000007e+01 3.130450000000000088e+01 4.702420000000000044e+01 1.785637360755962799e-01 5.919602101455516685e-01
1.847550000000000026e+00 1.332219999999999960e+00 1.401319999999999899e+00 3.948429999999999995e-02 4.277270000000000238e-01 2.967330000000000023e+00 6.144086038743650224e-01 6.823552861404786896e-01 -4.113859999999999739e-01 5.214659919407023114e-01 9.770989501485574102e-01 nan 1.586567376683863939e-01 4.471517778129999732e-01 2.169007533879999949e-01 1.994745910010000123e-01 1.015399999999999991e+01 1.583610000000000007e+01 3.130450000000000088e+01 4.702420000000000044e+01 1.918350665775651054e-01 6.068721778608954232e-01
2.160109999999999975e+00 1.386090000000000044e+00 1.454890000000000017e+00 -4.653100000000000014e-01 -6.753089999999999787e-03 3.169909999999999783e+00 6.463627142551895410e-01 7.095853421937179384e-01 -3.743349999999999733e-01 5.428803252826253090e-01 9.897734853908772834e-01 nan 1.378887936270198900e-01 4.259887598679999998e-01 2.554836655139999801e-01 1.822137801650000055e-01 5.733539999999999637e+00 1.930049999999999955e+01 3.091649999999999920e+01 4.703199999999999648e+01 1.918350665775651054e-01 6.068721778608954232e-01
2.321520000000000028e+00 1.411540000000000017e+00 1.490569999999999951e+00 -6.166740000000000554e-01 -1.130150000000000043e-01 3.340759999999999952e+00 6.776373580299828170e-01 7.363909329051575581e-01 -4.113859999999999739e-01 5.641919267395554272e-01 9.974361088699739142e-01 nan 1.186197181251285038e-01 4.259887598679999998e-01 2.554836655139999801e-01 1.822137801650000055e-01 5.733539999999999637e+00 1.930049999999999955e+01 3.091649999999999920e+01 4.703199999999999648e+01 1.926579663881324844e-01 5.950545664825227510e-01
2.517809999999999881e+00 1.441289999999999960e+00 1.520629999999999926e+00 -2.189919999999999922e-01 1.550590000000000024e-01 3.306719999999999882e+00 7.080710730728085878e-01 7.625952303817106204e-01 -4.113859999999999739e-01 5.853508870185861745e-01 1.000000000000000000e+00 nan 1.010678374876798902e-01 4.096572255640000271e-01 2.502063937780000247e-01 1.722572001940000097e-01 1.265659999999999918e+01 2.508980000000000032e+01 4.153699999999999903e+01 5.188239999999999696e+01 1.926579663881324844e-01 5.950545664825227510e-01
2.740779999999999994e+00 1.473510000000000097e+00 1.546780000000000044e+00 -1.821530000000000094e-01 2.467479999999999951e-01 3.257369999999999877e+00 7.375122747088823649e-01 7.880282196229067004e-01 -4.113859999999999739e-01 6.063090263123483981e-01 9.974361088699739142e-01 nan 8.543202153567253099e-02 4.096572255640000271e-01 2.502063937780000247e-01 1.722572001940000097e-01 1.265659999999999918e+01 2.508980000000000032e+01 4.153699999999999903e+01 5.188239999999999696e+01 1.881955298314987868e-01 5.890442560626008017e-01
2.807449999999999779e+00 1.481950000000000101e+00 1.556680000000000064e+00 -6.542380000000000417e-02 5.385600000000000387e-01 3.281050000000000022e+00 7.658187069674228242e-01 8.125286248587807458e-01 -4.113859999999999739e-01 6.270204401954803108e-01 9.897734853908772834e-01 nan 7.188943031159755748e-02 4.305521200449999863e-01 2.137155371380000113e-01 1.620122452860000006e-01 1.095579999999999998e+01 3.304260000000000019e+01 4.090350000000000108e+01 4.562310000000000088e+01 1.881955298314987868e-01 5.890442560626008017e-01
2.922779999999999934e+00 1.496529999999999916e+00 1.558540000000000036e+00 -1.828940000000000010e-01 3.825830000000000064e-01 3.208009999999999806e+00 7.928729563834256977e-01 8.359457368687893686e-01 -4.113859999999999739e-01 6.474420197401089538e-01 9.770989501485576323e-01 nan 6.059350678536834511e-02 4.305521200449999863e-01 2.137155371380000113e-01 1.620122452860000006e-01 1.095579999999999998e+01 3.304260000000000019e+01 4.090350000000000108e+01 4.562310000000000088e+01 1.887588572185986413e-01 5.851901521955780172e-01
2.974050000000000082e+00 1.503190000000000026e+00 1.561269999999999936e+00 -2.095529999999999893e-01 3.022449999999999859e-01 2.924040000000000195e+00 8.185553834791773342e-01 8.581411205775009154e-01 -4.113859999999999739e-01 6.675339399572285393e-01 9.595561106917974703e-01 nan 5.167223828415956621e-02 5.068874748399999630e-01 1.253455728360000077e-01 1.659875312499999866e-01 2.381050000000000111e+01 4.104710000000000036e+01 4.375099999999999767e+01 4.262319999999999709e+01 1.887588572185986413e-01 5.851901521955780172e-01
2.966419999999999835e+00 1.502210000000000045e+00 1.547290000000000054e+00 -3.866399999999999837e-01 1.547979999999999912e-01 2.535400000000000098e+00 8.427761201936886382e-01 8.789901835793149099e-01 -4.113859999999999739e-01 6.872601110297391624e-01 9.373437344014049488e-01 nan 4.522670634484771135e-02 5.068874748399999630e-01 1.253455728360000077e-01 1.659875312499999866e-01 2.381050000000000111e+01 4.104710000000000036e+01 4.375099999999999767e+01 4.262319999999999709e+01 1.973026559229456023e-01 5.827171278467463411e-01
2.763459999999999805e+00 1.476539999999999964e+00 1.511810000000000098e+00 2.778829999999999929e-03 2.858829999999999982e-01 2.092740000000000045e+00 8.654556420824685015e-01 8.983835878202024450e-01 -3.743349999999999733e-01 7.065885872244952459e-01 9.107134963763654500e-01 nan 4.132994141980905756e-02 5.795670287709999702e-01 6.868386175320000120e-02 1.519162199569999983e-01 1.531349999999999945e+01 3.953029999999999688e+01 4.304050000000000153e+01 4.243509999999999849e+01 1.973026559229456023e-01 5.827171278467463411e-01
2.206399999999999917e+00 1.393860000000000099e+00 1.387599999999999945e+00 7.639070000000000027e-01 9.694139999999999979e-01 1.657939999999999969e+00 8.865373267098340948e-01 9.162284884415474728e-01 -4.113859999999999739e-01 7.254919288502271746e-01 8.799671278544061170e-01 nan 4.002609541271262561e-02 5.795670287709999702e-01 6.868386175320000120e-02 1.519162199569999983e-01 1.531349999999999945e+01 3.953029999999999688e+01 4.304050000000000153e+01 4.243509999999999849e+01 2.066638316203394110e-01 5.785708133912423889e-01
2.084330000000000016e+00 1.372640000000000082e+00 1.314289999999999958e+00 8.582920000000000549e-01 1.159450000000000092e+00 1.347790000000000044e+00 9.059583702680468198e-01 9.334285390516249281e-01 -4.113859999999999739e-01 7.439475131602072411e-01 8.454529974765059297e-01 nan 0.000000000000000000e+00 6.172374331259999902e-01 5.595100234809999989e-02 1.463522400320000083e-01 1.100469999999999970e+01 3.088670000000000115e+01 4.166749999999999687e+01 4.307500000000000284e+01 2.066638316203394110e-01 5.785708133912423889e-01
1.942720000000000002e+00 1.348319999999999963e+00 1.291870000000000074e+00 9.910099999999999465e-01 1.421240000000000059e+00 1.270259999999999945e+00 9.236859198144204974e-01 9.490401849294504144e-01 -4.113859999999999739e-01 7.619377906770100628e-01 8.075621641309932430e-01 nan 0.000000000000000000e+00 6.172374331259999902e-01 5.595100234809999989e-02 1.463522400320000083e-01 1.100469999999999970e+01 3.088670000000000115e+01 4.166749999999999687e+01 4.307500000000000284e+01 2.198302285894171426e-01 5.708533779544029407e-01
1.818550000000000111e+00 1.326119999999999965e+00 1.277719999999999967e+00 6.718169999999999975e-01 1.231139999999999901e+00 1.348850000000000104e+00 9.393640206676219240e-01 9.630859386316211745e-01 -4.113859999999999739e-01 7.794504840351041963e-01 7.667239461000817657e-01 nan 0.000000000000000000e+00 6.799408099039999653e-01 4.608200225260000032e-02 1.226478067489999990e-01 9.413059999999999761e+00 1.965569999999999951e+01 2.883699999999999974e+01 3.769789999999999708e+01 2.198302285894171426e-01 5.708533779544029407e-01
1.688199999999999923e+00 1.302300000000000013e+00 1.267360000000000042e+00 9.520250000000000101e-01 1.243829999999999991e+00 1.455140000000000100e+00 9.529152752790737146e-01 9.743024564525627484e-01 -3.372829999999999995e-01 7.964787270883093573e-01 7.234010567121855750e-01 nan 0.000000000000000000e+00 6.799408099039999653e-01 4.608200225260000032e-02 1.226478067489999990e-01 9.413059999999999761e+00 1.965569999999999951e+01 2.883699999999999974e+01 3.769789999999999708e+01 2.438765760740498889e-01 5.750519827257403183e-01
1.722960000000000047e+00 1.310400000000000009e+00 1.284750000000000059e+00 9.364470000000000294e-01 1.271679999999999922e+00 1.488769999999999927e+00 9.651326748879233142e-01 9.827048171100497553e-01 -3.372829999999999995e-01 8.130211427059758078e-01 6.780843616150176167e-01 nan 0.000000000000000000e+00 7.196749545289999883e-01 4.270092383360000327e-02 1.094624871549999962e-01 5.378379999999999939e+00 1.312989999999999924e+01 2.195970000000000155e+01 3.106490000000000151e+01 2.438765760740498889e-01 5.750519827257403183e-01
1.598700000000000010e+00 1.285649999999999959e+00 1.268909999999999982e+00 8.669470000000000232e-01 7.536939999999999751e-01 1.427400000000000002e+00 9.761010583412865760e-01 9.895438789703860927e-01 -4.113859999999999739e-01 8.290818583764257843e-01 6.312873170716615245e-01 nan 0.000000000000000000e+00 7.196749545289999883e-01 4.270092383360000327e-02 1.094624871549999962e-01 5.378379999999999939e+00 1.312989999999999924e+01 2.195970000000000155e+01 3.106490000000000151e+01 2.808904990970192417e-01 5.627176199908954235e-01
1.449850000000000083e+00 1.255160000000000053e+00 1.236629999999999896e+00 1.002729999999999899e+00 8.079830000000000068e-01 1.258429999999999938e+00 9.854457386703284749e-01 9.947421527299435962e-01 -4.113859999999999739e-01 8.446704594408604994e-01 5.835401522959440257e-01 nan 0.000000000000000000e+00 7.163023143700000261e-01 5.482135281130000315e-02 1.026510374259999997e-01 5.734079999999999622e+00 1.145829999999999949e+01 1.622629999999999839e+01 2.432999999999999829e+01 2.808904990970192417e-01 5.627176199908954235e-01
1.311250000000000027e+00 1.223980000000000068e+00 1.213049999999999962e+00 5.635729999999999906e-01 7.558099999999999818e-01 1.080330000000000013e+00 9.920858643836757418e-01 9.982407398699016943e-01 -3.743349999999999733e-01 8.598018804876150778e-01 5.353838617435724423e-01 nan 0.000000000000000000e+00 7.163023143700000261e-01 5.482135281130000315e-02 1.026510374259999997e-01 5.734079999999999622e+00 1.145829999999999949e+01 1.622629999999999839e+01 2.432999999999999829e+01 2.823761370100570378e-01 5.561075088893536744e-01
1.212930000000000064e+00 1.197969999999999979e+00 1.212769999999999904e+00 5.718959999999999599e-01 5.897970000000000157e-01 9.519490000000000451e-01 9.963849992359515850e-01 1.000000000000000000e+00 -2.261279999999999957e-01 8.744962361373050941e-01 4.873640754287831278e-01 nan 0.000000000000000000e+00 7.073675769799999680e-01 6.737120425480000452e-02 1.043897663179999963e-01 5.682730000000000281e+00 1.254100000000000037e+01 1.642859999999999943e+01 2.033800000000000097e+01 2.823761370100570378e-01 5.561075088893536744e-01
1.123070000000000013e+00 1.173470000000000013e+00 1.190739999999999910e+00 7.601729999999999876e-01 8.726159999999999473e-01 8.741950000000000554e-01 9.991178247236836008e-01 1.000000000000000000e+00 -4.086920000000000136e-02 8.887785931361364966e-01 4.400248767182550758e-01 nan 0.000000000000000000e+00 7.073675769799999680e-01 6.737120425480000452e-02 1.043897663179999963e-01 5.682730000000000281e+00 1.254100000000000037e+01 1.642859999999999943e+01 2.033800000000000097e+01 2.857063959749707172e-01 5.429611083086236523e-01
1.068829999999999947e+00 1.159769999999999968e+00 1.177170000000000050e+00 6.280470000000000219e-01 8.709310000000000107e-01 8.022559999999999691e-01 1.000000000000000000e+00 9.982407398699016943e-01 -4.086920000000000136e-02 9.026786863396565330e-01 3.939026376491631121e-01 nan 0.000000000000000000e+00 6.938027015090000305e-01 7.189966076850000387e-02 1.131578500479999971e-01 4.651790000000000092e+00 1.140820000000000078e+01 1.548760000000000048e+01 1.888139999999999930e+01 2.857063959749707172e-01 5.429611083086236523e-01
9.913750000000000062e-01 1.138540000000000108e+00 1.150260000000000060e+00 6.429209999999999647e-01 9.211209999999999676e-01 7.417110000000000092e-01 9.994352500009777707e-01 9.947421527299437072e-01 -1.890759999999999941e-01 9.136442952707269916e-01 3.495199416196715925e-01 nan 0.000000000000000000e+00 6.938027015090000305e-01 7.189966076850000387e-02 1.131578500479999971e-01 4.651790000000000092e+00 1.140820000000000078e+01 1.548760000000000048e+01 1.888139999999999930e+01 2.923669139047977428e-01 5.201779101098712443e-01
9.589739999999999931e-01 1.129210000000000047e+00 1.128770000000000051e+00 4.805200000000000027e-01 8.354570000000000052e-01 6.594119999999999981e-01 9.974299735697679248e-01 9.895438789703862037e-01 -2.631800000000000250e-01 9.240558715040965154e-01 3.073796623102197367e-01 nan 0.000000000000000000e+00 6.727155625720000476e-01 8.140380547120000532e-02 1.140547760789999976e-01 4.354870000000000019e+00 9.941269999999999385e+00 1.423600000000000065e+01 1.746450000000000102e+01 2.923669139047977428e-01 5.201779101098712443e-01
8.699299999999999811e-01 1.103480000000000016e+00 1.098889999999999922e+00 4.720249999999999724e-01 1.000040000000000040e+00 5.865359999999999463e-01 9.940068912896042885e-01 9.827048171100497553e-01 -2.631800000000000250e-01 9.337954477207864867e-01 2.679592659237853836e-01 nan 0.000000000000000000e+00 6.727155625720000476e-01 8.140380547120000532e-02 1.140547760789999976e-01 4.354870000000000019e+00 9.941269999999999385e+00 1.423600000000000065e+01 1.746450000000000102e+01 2.745944871235509455e-01 4.481157030894348248e-01
8.052489999999999926e-01 1.084649999999999892e+00 1.080240000000000089e+00 4.101699999999999791e-01 9.403850000000000264e-01 5.098519999999999719e-01 9.892047880505150381e-01 9.743024564525627484e-01 -3.002310000000000256e-01 9.427526706305245918e-01 2.317054013030179771e-01 nan 0.000000000000000000e+00 6.807736651189999488e-01 7.751247124620000428e-02 1.124160470949999990e-01 3.674230000000000107e+00 9.940699999999999648e+00 1.425290000000000035e+01 1.828569999999999851e+01 2.745944871235509455e-01 4.481157030894348248e-01
7.075799999999999867e-01 1.052400000000000002e+00 1.036149999999999904e+00 4.770989999999999953e-01 1.001819999999999933e+00 4.547590000000000243e-01 9.830780736010226173e-01 9.630859386316211745e-01 -3.002310000000000256e-01 9.508260513186187479e-01 1.990288392203798384e-01 nan 0.000000000000000000e+00 6.807736651189999488e-01 7.751247124620000428e-02 1.124160470949999990e-01 3.674230000000000107e+00 9.940699999999999648e+00 1.425290000000000035e+01 1.828569999999999851e+01 2.670447955729094991e-01 4.503887938777267896e-01
6.800349999999999451e-01 1.042799999999999949e+00 1.023749999999999938e+00 5.886310000000000153e-01 1.081849999999999978e+00 3.991799999999999793e-01 9.756961660639501543e-01 9.490401849294505254e-01 -2.631800000000000250e-01 9.579241151559136913e-01 1.702998181811590239e-01 nan 0.000000000000000000e+00 6.784041312599999873e-01 6.641024382700000395e-02 1.143651615710000041e-01 4.200510000000000410e+00 9.926360000000000738e+00 1.371700000000000053e+01 1.760970000000000013e+01 2.670447955729094991e-01 4.503887938777267896e-01
5.627130000000000187e-01 1.001079999999999970e+00 9.887510000000000465e-01 2.809090000000000198e-01 9.610429999999999806e-01 3.644930000000000114e-01 9.660839090978984300e-01 9.334285390516249281e-01 -2.631800000000000250e-01 9.639664382428904110e-01 1.458438494732644530e-01 nan 0.000000000000000000e+00 6.784041312599999873e-01 6.641024382700000395e-02 1.143651615710000041e-01 4.200510000000000410e+00 9.926360000000000738e+00 1.371700000000000053e+01 1.760970000000000013e+01 2.682377241573561388e-01 4.761740713855088236e-01
4.824979999999999825e-01 9.702450000000000241e-01 9.531969999999999610e-01 2.534730000000000039e-01 9.550429999999999753e-01 2.998720000000000274e-01 9.537365837922058276e-01 9.162284884415474728e-01 -2.631800000000000250e-01 9.688845586445836711e-01 1.259380289942656495e-01 nan 0.000000000000000000e+00 6.783948456239999869e-01 5.930731594090000308e-02 1.168208081849999996e-01 3.468170000000000197e+00 1.088410000000000011e+01 1.555599999999999916e+01 1.826160000000000139e+01 2.682377241573561388e-01 4.761740713855088236e-01
4.152069999999999927e-01 9.436890000000000001e-01 9.344569999999999821e-01 3.765149999999999886e-01 1.017879999999999896e+00 2.710659999999999736e-01 9.396989024123347800e-01 8.974355178029322921e-01 -2.631800000000000250e-01 9.752090386258920329e-01 1.003400458526568784e-01 nan 0.000000000000000000e+00 6.783948456239999869e-01 5.930731594090000308e-02 1.168208081849999996e-01 3.468170000000000197e+00 1.088410000000000011e+01 1.555599999999999916e+01 1.826160000000000139e+01 2.652940624188836471e-01 4.702867970028421496e-01
4.954410000000000203e-01 9.783049999999999802e-01 9.432679999999999954e-01 3.630999999999999783e-01 1.008920000000000039e+00 1.627750000000000030e-01 9.243972761362267976e-01 8.770631602599145982e-01 -1.890759999999999941e-01 9.805550826632044581e-01 7.870222811177285394e-02 nan 0.000000000000000000e+00 6.852394299299999769e-01 5.271947474909999959e-02 1.061675813909999933e-01 5.263399999999999856e+00 1.315470000000000006e+01 1.716039999999999921e+01 1.915739999999999910e+01 2.652940624188836471e-01 4.702867970028421496e-01
1.982520000000000115e-01 8.421720000000000317e-01 8.641159999999999952e-01 1.545900000000000052e-01 7.628960000000000186e-01 7.779880000000000129e-02 9.077451084603775922e-01 8.564464399847412368e-01 -1.890759999999999941e-01 9.850536776086912250e-01 6.049441372769182035e-02 nan 0.000000000000000000e+00 6.852394299299999769e-01 5.271947474909999959e-02 1.061675813909999933e-01 5.263399999999999856e+00 1.315470000000000006e+01 1.716039999999999921e+01 1.915739999999999910e+01 2.693699017490762682e-01 4.679152773847460312e-01
7.831799999999999873e-01 1.077720000000000011e+00 9.428349999999999786e-01 1.581760000000000110e-01 9.723460000000000436e-01 4.944269999999999742e-03 8.906094408176838950e-01 8.356767911662192905e-01 -2.631800000000000250e-01 9.888454122513568034e-01 4.514757734789986987e-02 nan 0.000000000000000000e+00 7.034544717489999988e-01 5.546387020049999700e-02 9.826791412379999591e-02 3.824720000000000120e+00 1.265090000000000003e+01 1.730529999999999902e+01 1.812180000000000035e+01 2.693699017490762682e-01 4.679152773847460312e-01
-2.117219999999999935e-01 5.595550000000000246e-01 6.528399999999999759e-01 -4.741429999999999811e-01 1.332790000000000086e-01 -7.882759999999999767e-02 8.734884562629054994e-01 8.136434791909220587e-01 -3.002310000000000256e-01 9.920788843898835641e-01 3.206027759590568404e-02 nan 0.000000000000000000e+00 7.034544717489999988e-01 5.546387020049999700e-02 9.826791412379999591e-02 3.824720000000000120e+00 1.265090000000000003e+01 1.730529999999999902e+01 1.812180000000000035e+01 2.608040117746469599e-01 4.530494481833728937e-01
6.655539999999999790e-01 1.042059999999999986e+00 8.791299999999999670e-01 4.239550000000000263e-01 1.000690000000000079e+00 -1.889129999999999976e-01 8.555574232821443470e-01 7.905961502875945568e-01 -2.631800000000000250e-01 9.949090171601961963e-01 2.060547164235959627e-02 nan 0.000000000000000000e+00 6.841320561799999478e-01 6.611271285820000121e-02 1.079215341449999976e-01 5.359680000000000000e+00 1.146780000000000044e+01 1.424709999999999965e+01 1.984580000000000055e+01 2.608040117746469599e-01 4.530494481833728937e-01
-1.691330000000000056e-01 6.060029999999999584e-01 6.917809999999999793e-01 -2.625700000000000256e-01 4.758629999999999804e-01 -8.930259999999999587e-02 8.365268025675943742e-01 7.667959399019569355e-01 -2.631800000000000250e-01 9.974953036944270712e-01 1.013761985086436557e-02 nan 0.000000000000000000e+00 6.841320561799999478e-01 6.611271285820000121e-02 1.079215341449999976e-01 5.359680000000000000e+00 1.146780000000000044e+01 1.424709999999999965e+01 1.984580000000000055e+01 2.540551287644904344e-01 4.387065221403348980e-01
6.486039999999999583e-01 1.034229999999999983e+00 8.521800000000000486e-01 6.762460000000000138e-01 1.070980000000000043e+00 -1.332160000000000011e-01 8.166604561746086954e-01 7.425125139277597430e-01 -3.002310000000000256e-01 1.000000000000000000e+00 0.000000000000000000e+00 nan 0.000000000000000000e+00 6.965156214490000330e-01 6.398035097649999725e-02 9.498443966889999479e-02 4.649829999999999686e+00 1.162240000000000073e+01 1.686560000000000059e+01 1.784819999999999851e+01 2.540551287644904344e-01 4.387065221403348980e-01
-2.599500000000000144e-01 5.093419999999999614e-01 6.558800000000000185e-01 -1.046210000000000022e-02 6.012739999999999752e-01 -5.785470000000000196e-02 7.961712701333101272e-01 7.180210132844555559e-01 -3.372829999999999995e-01 9.974953036944270712e-01 0.000000000000000000e+00 nan 0.000000000000000000e+00 6.965156214490000330e-01 6.398035097649999725e-02 9.498443966889999479e-02 4.649829999999999686e+00 1.162240000000000073e+01 1.686560000000000059e+01 1.784819999999999851e+01 2.411427814013598070e-01 4.224227026095943582e-01
5.602340000000000098e-01 1.022410000000000041e+00 9.634200000000000541e-01 4.841489999999999960e-01 1.387669999999999959e+00 -1.609980000000000022e-01 7.752911477718329447e-01 6.935989364606401919e-01 -3.372829999999999995e-01 9.949090171601961963e-01 0.000000000000000000e+00 nan 0.000000000000000000e+00 6.728231376929999508e-01 6.730421394549999936e-02 1.133322072919999979e-01 7.113730000000000331e+00 1.384890000000000043e+01 1.457160000000000011e+01 2.052349999999999852e+01 2.411427814013598070e-01 4.224227026095943582e-01
6.371350000000000069e-01 1.028100000000000014e+00 8.500220000000000553e-01 5.009890000000000176e-01 1.274620000000000086e+00 -2.450029999999999986e-01 7.542844071349048551e-01 6.695229953452939142e-01 -2.631800000000000250e-01 9.920788843898835641e-01 0.000000000000000000e+00 nan 0.000000000000000000e+00 6.728231376929999508e-01 6.730421394549999936e-02 1.133322072919999979e-01 7.113730000000000331e+00 1.384890000000000043e+01 1.457160000000000011e+01 2.052349999999999852e+01 2.459200185566668972e-01 4.182179460363940615e-01
-9.444160000000000055e-02 6.649129999999999763e-01 7.688209999999999766e-01 -4.310830000000000217e-02 6.854799999999999782e-01 -3.612150000000000083e-01 7.334062929480272830e-01 6.460659799715118279e-01 -3.002310000000000256e-01 9.888454122513568034e-01 0.000000000000000000e+00 nan 0.000000000000000000e+00 6.188637724709999954e-01 5.698117417790000278e-02 1.159987209399999941e-01 1.373290000000000077e+01 1.444819999999999993e+01 1.727309999999999945e+01 1.850540000000000163e+01 2.459200185566668972e-01 4.182179460363940615e-01
6.005610000000000115e-01 1.020429999999999948e+00 6.484159999999999924e-01 4.478150000000000186e-01 9.456109999999999793e-01 -3.759759999999999769e-01 7.128661465027557043e-01 6.234936676964265567e-01 -3.743349999999999733e-01 9.850536776086912250e-01 0.000000000000000000e+00 nan 0.000000000000000000e+00 6.188637724709999954e-01 5.698117417790000278e-02 1.159987209399999941e-01 1.373290000000000077e+01 1.444819999999999993e+01 1.727309999999999945e+01 1.850540000000000163e+01 2.621902389723140825e-01 4.134287682862309854e-01
-3.456230000000000135e-01 5.309399999999999675e-01 4.588900000000000201e-01 -4.789249999999999896e-01 -2.839439999999999742e-01 -3.983679999999999999e-01 6.928974244585066611e-01 6.020618118375531402e-01 -3.743349999999999733e-01 9.805550826632043471e-01 0.000000000000000000e+00 nan 0.000000000000000000e+00 5.782642567650000398e-01 6.253085120479999481e-02 1.386349099099999926e-01 9.860490000000000421e+00 1.859120000000000061e+01 1.791939999999999955e+01 1.912709999999999866e+01 2.621902389723140825e-01 4.134287682862309854e-01
-5.958560000000000523e-01 -1.009489999999999971e-01 6.257609999999999562e-02 -6.484240000000000004e-01 -8.726009999999999600e-01 -3.617009999999999947e-01 6.737240508587795107e-01 5.807096454392874918e-01 -4.484380000000000033e-01 9.752090386258919219e-01 0.000000000000000000e+00 nan 0.000000000000000000e+00 5.782642567650000398e-01 6.253085120479999481e-02 1.386349099099999926e-01 9.860490000000000421e+00 1.859120000000000061e+01 1.791939999999999955e+01 1.912709999999999866e+01 2.033114813853436065e-01 3.905563689604685251e-01
-2.114600000000000091e-01 6.701949999999999852e-01 5.979449999999999488e-01 -8.446379999999999999e-01 -8.023590000000000444e-01 -3.909670000000000090e-01 6.555798467428858300e-01 5.596218646829040910e-01 -4.854899999999999771e-01 9.688845586445836711e-01 0.000000000000000000e+00 nan 0.000000000000000000e+00 6.332535602690000376e-01 4.279060815780000304e-02 1.391238510839999942e-01 1.358169999999999966e+01 1.671349999999999980e+01 1.724449999999999861e+01 1.789939999999999998e+01 2.033114813853436065e-01 3.905563689604685251e-01
4.924850000000000061e-01 1.009220000000000006e+00 8.311870000000000092e-01 1.318600000000000050e-01 4.885180000000000078e-01 -3.801419999999999799e-01 6.386448214009201596e-01 5.401840642780983970e-01 -3.743349999999999733e-01 9.614617419373174823e-01 0.000000000000000000e+00 nan 0.000000000000000000e+00 6.332535602690000376e-01 4.279060815780000304e-02 1.391238510839999942e-01 1.358169999999999966e+01 1.671349999999999980e+01 1.724449999999999861e+01 1.789939999999999998e+01 2.517244997708030230e-01 3.983445501187298232e-01
-3.163150000000000128e-01 5.089960000000000040e-01 4.686629999999999963e-01 -3.541489999999999916e-01 -3.220500000000000029e-01 -4.141199999999999881e-01 6.229348168972925759e-01 5.224170835279179359e-01 -3.743349999999999733e-01 9.528331323161098876e-01 0.000000000000000000e+00 nan 0.000000000000000000e+00 6.544179889800000316e-01 4.169037078469999685e-02 1.403227122029999940e-01 8.432510000000000616e+00 1.346969999999999956e+01 1.635229999999999961e+01 1.723450000000000060e+01 2.517244997708030230e-01 3.983445501187298232e-01
-5.431000000000000272e-01 1.413349999999999884e-01 1.396340000000000081e-01 -3.598069999999999879e-01 -7.975499999999999812e-01 -3.395460000000000145e-01 6.080202438258028863e-01 5.063228306810976243e-01 -4.113859999999999739e-01 9.429049357085024230e-01 0.000000000000000000e+00 nan 0.000000000000000000e+00 6.544179889800000316e-01 4.169037078469999685e-02 1.403227122029999940e-01 8.432510000000000616e+00 1.346969999999999956e+01 1.635229999999999961e+01 1.723450000000000060e+01 2.264741780666824633e-01 3.964528710459294114e-01
3.245429999999999843e-02 7.535809999999999453e-01 7.280029999999999557e-01 1.194589999999999957e-01 2.653849999999999820e-01 -3.820490000000000275e-01 5.937382133674815599e-01 4.918842613108391770e-01 -3.372829999999999995e-01 9.315980828818813952e-01 0.000000000000000000e+00 nan 0.000000000000000000e+00 6.616900688129999653e-01 3.432232339699999718e-02 1.603572360680000086e-01 4.615499999999999936e+00 1.407310000000000016e+01 1.498409999999999975e+01 1.741959999999999908e+01 2.264741780666824633e-01 3.964528710459294114e-01
9.152549999999999575e-02 7.936170000000000169e-01 8.049119999999999608e-01 1.228599999999999970e-01 8.001460000000000239e-01 -3.793909999999999783e-01 5.807798593796984488e-01 4.790655714349774108e-01 -3.002310000000000256e-01 9.188491253294777117e-01 0.000000000000000000e+00 nan 0.000000000000000000e+00 6.616900688129999653e-01 3.432232339699999718e-02 1.603572360680000086e-01 4.615499999999999936e+00 1.407310000000000016e+01 1.498409999999999975e+01 1.741959999999999908e+01 2.278438368117878809e-01 3.949549072923459470e-01
8.450750000000000206e-01 1.108770000000000033e+00 8.969059999999999810e-01 2.998979999999999979e-01 5.101059999999999484e-01 -3.607600000000000251e-01 5.695839632442210032e-01 4.678126031894045411e-01 -3.372829999999999995e-01 9.046109541673008625e-01 0.000000000000000000e+00 nan 0.000000000000000000e+00 6.251799608529999830e-01 4.396421264449999755e-02 1.555286338380000022e-01 7.595180000000000042e+00 9.346339999999999648e+00 1.386369999999999969e+01 1.683530000000000015e+01 2.278438368117878809e-01 3.949549072923459470e-01
-3.369739999999999958e-01 5.064849999999999630e-01 3.831390000000000073e-01 -1.652810000000000112e-01 5.053779999999999939e-01 -4.781690000000000107e-01 5.600801593706463688e-01 4.580534584583109137e-01 -4.484380000000000033e-01 8.888533338966189135e-01 0.000000000000000000e+00 nan 0.000000000000000000e+00 6.251799608529999830e-01 4.396421264449999755e-02 1.555286338380000022e-01 7.595180000000000042e+00 9.346339999999999648e+00 1.386369999999999969e+01 1.683530000000000015e+01 2.271921443443586375e-01 4.070247425470920888e-01
-5.797299999999999676e-01 -4.908679999999999988e-02 -1.309850000000000077e-02 -3.852039999999999909e-01 1.223640000000000005e-01 -3.821629999999999749e-01 5.521788767409769871e-01 4.496993135085662896e-01 -4.484380000000000033e-01 8.715632449842402041e-01 0.000000000000000000e+00 nan 0.000000000000000000e+00 6.639143028630000165e-01 3.841695620809999767e-02 1.250798505709999897e-01 4.427159999999999762e+00 9.451460000000000861e+00 1.254829999999999934e+01 1.921130000000000138e+01 2.271921443443586375e-01 4.070247425470920888e-01
2.412900000000000045e-01 8.635080000000000533e-01 7.190250000000000252e-01 2.122890000000000055e-01 4.439819999999999878e-01 -4.181719999999999882e-01 5.457713905525881648e-01 4.426454253981084719e-01 -3.002310000000000256e-01 8.527450313790269076e-01 0.000000000000000000e+00 nan 0.000000000000000000e+00 6.639143028630000165e-01 3.841695620809999767e-02 1.250798505709999897e-01 4.427159999999999762e+00 9.451460000000000861e+00 1.254829999999999934e+01 1.921130000000000138e+01 2.254193199202505493e-01 4.218967235503278124e-01
-4.178560000000000052e-01 3.245259999999999811e-01 3.418080000000000007e-01 -2.621269999999999989e-01 3.450929999999999831e-01 -4.488980000000000192e-01 5.407343969872714373e-01 4.367723187553296249e-01 -3.372829999999999995e-01 8.324203512932187854e-01 0.000000000000000000e+00 nan 0.000000000000000000e+00 6.886787521939999879e-01 4.212074366830000083e-02 1.009509720840000013e-01 5.146270000000000344e+00 1.052319999999999922e+01 1.422910000000000075e+01 1.918370000000000175e+01 2.254193199202505493e-01 4.218967235503278124e-01
-4.401299999999999657e-02 6.950749999999999984e-01 6.729049999999999754e-01 -5.067570000000000130e-01 -3.217459999999999765e-01 -4.090469999999999939e-01 5.369307034405312873e-01 4.319471394827768540e-01 -3.372829999999999995e-01 8.106279318062340478e-01 0.000000000000000000e+00 nan 0.000000000000000000e+00 6.886787521939999879e-01 4.212074366830000083e-02 1.009509720840000013e-01 5.146270000000000344e+00 1.052319999999999922e+01 1.422910000000000075e+01 1.918370000000000175e+01 2.224204300065721895e-01 4.321363977509012910e-01
-7.555320000000000091e-02 6.754919999999999813e-01 5.357570000000000388e-01 -4.248310000000000142e-01 -1.899730000000000030e-01 -2.489729999999999999e-01 5.342238787053561477e-01 4.280251600471622897e-01 -3.372829999999999995e-01 7.874231300713852022e-01 0.000000000000000000e+00 nan 0.000000000000000000e+00 7.277946589349999496e-01 4.625312217299999695e-02 9.493420142960000419e-02 6.743479999999999919e+00 1.297289999999999921e+01 1.567149999999999999e+01 2.391900000000000048e+01 2.224204300065721895e-01 4.321363977509012910e-01
-6.320500000000000007e-01 -2.967629999999999990e-01 -2.215949999999999864e-01 -1.055260000000000087e+00 -8.853140000000000454e-01 -2.281169999999999864e-01 5.324328609723802952e-01 4.248514193001448058e-01 -3.743349999999999733e-01 7.628773060972122710e-01 0.000000000000000000e+00 nan 0.000000000000000000e+00 7.277946589349999496e-01 4.625312217299999695e-02 9.493420142960000419e-02 6.743479999999999919e+00 1.297289999999999921e+01 1.567149999999999999e+01 2.391900000000000048e+01 2.030629545969171446e-01 4.590628345042263581e-01
-2.793599999999999972e-01 4.872449999999999837e-01 5.212980000000000391e-01 -1.363890000000000102e-01 4.056489999999999818e-01 -2.190380000000000105e-01 5.313676686992816478e-01 4.222624782500609131e-01 -3.743349999999999733e-01 7.370770142100724343e-01 0.000000000000000000e+00 nan 0.000000000000000000e+00 7.215574327049999459e-01 6.197116711970000053e-02 8.887521583269999970e-02 4.670650000000000190e+00 1.622100000000000009e+01 2.519330000000000069e+01 2.852339999999999876e+01 2.030629545969171446e-01 4.590628345042263581e-01
3.599010000000000264e-01 9.468820000000000014e-01 9.730440000000000200e-01 -3.287459999999999827e-01 -1.448609999999999898e-01 -7.343389999999999770e-04 5.308607839975889586e-01 4.200882718910062819e-01 -4.113859999999999739e-01 7.101230223590362378e-01 0.000000000000000000e+00 nan 0.000000000000000000e+00 7.215574327049999459e-01 6.197116711970000053e-02 8.887521583269999970e-02 4.670650000000000190e+00 1.622100000000000009e+01 2.519330000000000069e+01 2.852339999999999876e+01 2.041067671083078849e-01 4.768446177885502513e-01
3.687119999999999842e-01 9.554080000000000350e-01 8.508740000000000192e-01 -2.069280000000000008e-01 4.870289999999999897e-01 6.933480000000000198e-02 5.307234411799822693e-01 4.181540361073080581e-01 -3.743349999999999733e-01 6.821291703747608404e-01 0.000000000000000000e+00 nan 0.000000000000000000e+00 6.862354771690000188e-01 7.578271976240000263e-02 9.111871590310000046e-02 1.114020000000000010e+01 2.760889999999999844e+01 3.525639999999999930e+01 3.950310000000000343e+01 2.041067671083078849e-01 4.768446177885502513e-01
1.436409999999999909e-01 8.496369999999999756e-01 8.634089999999999820e-01 -4.312790000000000235e-01 -7.812729999999999675e-02 -5.118980000000000058e-02 5.307636605411112374e-01 4.162822878207871335e-01 -4.113859999999999739e-01 6.532210801187194882e-01 0.000000000000000000e+00 nan 0.000000000000000000e+00 6.862354771690000188e-01 7.578271976240000263e-02 9.111871590310000046e-02 1.114020000000000010e+01 2.760889999999999844e+01 3.525639999999999930e+01 3.950310000000000343e+01 1.834459067637946861e-01 4.881239465039309833e-01
1.398849999999999920e-02 7.496080000000000521e-01 7.726410000000000222e-01 -8.622689999999999522e-01 -6.379939999999999500e-01 -1.135609999999999953e-01 5.307884133915148350e-01 4.142948359449523110e-01 -3.743349999999999733e-01 6.235347321373163609e-01 0.000000000000000000e+00 nan 0.000000000000000000e+00 6.735196675150000312e-01 5.894660185040000167e-02 7.865079923989999611e-02 1.228609999999999935e+01 3.186220000000000141e+01 4.123649999999999949e+01 4.357540000000000191e+01 1.834459067637946861e-01 4.881239465039309833e-01
-7.923819999999999822e-03 7.212290000000000090e-01 8.794189999999999507e-01 -6.359709999999999530e-01 -3.121659999999999990e-01 -1.536180000000000011e-02 5.306045181907851349e-01 4.120148003612126297e-01 -3.743349999999999733e-01 5.932149249479587994e-01 0.000000000000000000e+00 nan 0.000000000000000000e+00 6.735196675150000312e-01 5.894660185040000167e-02 7.865079923989999611e-02 1.228609999999999935e+01 3.186220000000000141e+01 4.123649999999999949e+01 4.357540000000000191e+01 1.604875543307172636e-01 4.726091022060361357e-01
-1.806159999999999988e-01 5.926949999999999719e-01 7.149529999999999497e-01 -8.880179999999999740e-01 -5.471300000000000052e-01 -1.748540000000000094e-01 5.300231213543381559e-01 4.092686160412978280e-01 -4.113859999999999739e-01 5.624136344139991639e-01 0.000000000000000000e+00 nan 0.000000000000000000e+00 5.596764208679999575e-01 6.143403822420000215e-02 7.712026698710000572e-02 1.342489999999999917e+01 3.129579999999999984e+01 4.084940000000000282e+01 4.733720000000000283e+01 1.604875543307172636e-01 4.726091022060361357e-01
-2.298910000000000120e-01 5.433440000000000492e-01 7.244230000000000391e-01 -5.327709999999999946e-01 -4.312239999999999962e-01 -2.886799999999999922e-01 5.288475789850655140e-01 4.058879996083823993e-01 -3.743349999999999733e-01 5.312882917974737218e-01 0.000000000000000000e+00 nan 0.000000000000000000e+00 5.596764208679999575e-01 6.143403822420000215e-02 7.712026698710000572e-02 1.342489999999999917e+01 3.129579999999999984e+01 4.084940000000000282e+01 4.733720000000000283e+01 1.603826207978262808e-01 4.726613925218696721e-01
-2.638309999999999822e-01 5.370789999999999731e-01 6.324220000000000397e-01 1.677480000000000082e-01 4.478109999999999730e-02 -3.703609999999999958e-01 5.269042119885507525e-01 4.017118560549869377e-01 -3.743349999999999733e-01 5.000000000000000000e-01 0.000000000000000000e+00 nan 0.000000000000000000e+00 3.940168044260000113e-01 5.396879902840000243e-02 7.474269845839999482e-02 1.250290000000000035e+01 3.416069999999999851e+01 4.696959999999999980e+01 5.511039999999999850e+01 1.603826207978262808e-01 4.726613925218696721e-01
-4.310939999999999772e-01 2.993959999999999955e-01 4.592820000000000236e-01 8.410370000000000346e-02 3.458370000000000194e-02 -4.569079999999999808e-01 5.240137052033385645e-01 3.965881040137840818e-01 -4.113859999999999739e-01 4.687117082025262782e-01 0.000000000000000000e+00 nan 0.000000000000000000e+00 3.940168044260000113e-01 5.396879902840000243e-02 7.474269845839999482e-02 1.250290000000000035e+01 3.416069999999999851e+01 4.696959999999999980e+01 5.511039999999999850e+01 1.527887467070201399e-01 4.972532204682751367e-01
-5.253370000000000539e-01 9.828879999999999562e-02 3.031200000000000006e-01 -6.241309999999999913e-02 1.698399999999999910e-01 -5.196589999999999820e-01 5.200133367896799808e-01 3.903753989002579639e-01 -3.743349999999999733e-01 4.375863655860010581e-01 0.000000000000000000e+00 nan 0.000000000000000000e+00 2.185626470229999896e-01 3.111699576030000150e-02 5.715186790730000105e-02 1.526580000000000048e+01 4.081519999999999726e+01 5.818919999999999959e+01 6.619119999999999493e+01 1.527887467070201399e-01 4.972532204682751367e-01
-6.268690000000000095e-01 -2.359650000000000081e-01 -1.356509999999999938e-01 3.078600000000000225e-01 1.829290000000000083e-01 -5.618189999999999573e-01 5.147472216520941890e-01 3.829447344033261036e-01 -3.743349999999999733e-01 4.067850750520410896e-01 0.000000000000000000e+00 nan 0.000000000000000000e+00 2.185626470229999896e-01 3.111699576030000150e-02 5.715186790730000105e-02 1.526580000000000048e+01 4.081519999999999726e+01 5.818919999999999959e+01 6.619119999999999493e+01 2.506641188068504666e-01 5.852701256197940793e-01
-6.815780000000000172e-01 -8.558719999999999661e-01 -5.362379999999999924e-01 2.829599999999999893e-01 6.062580000000000052e-02 -5.847499999999999920e-01 5.080984729597122218e-01 3.741809041783916712e-01 -3.743349999999999733e-01 3.764652678626837501e-01 0.000000000000000000e+00 nan 0.000000000000000000e+00 1.307206484469999874e-01 1.771911057010000165e-02 4.482722175239999690e-02 1.602009999999999934e+01 4.008930000000000149e+01 5.824660000000000082e+01 6.756730000000000302e+01 2.506641188068504666e-01 5.852701256197940793e-01
-6.687130000000000019e-01 -5.216659999999999631e-01 -5.092440000000000300e-01 8.201319999999999721e-01 7.161459999999999493e-01 -5.472179999999999822e-01 4.999555841190960193e-01 3.639838071812622200e-01 -1.149730000000000057e-01 3.467789198812804008e-01 0.000000000000000000e+00 nan 4.002609541271262561e-02 1.307206484469999874e-01 1.771911057010000165e-02 4.482722175239999690e-02 1.602009999999999934e+01 4.008930000000000149e+01 5.824660000000000082e+01 6.756730000000000302e+01 8.889637537486122509e-01 1.000000000000000000e+00
-6.642470000000000319e-01 -4.634300000000000086e-01 -5.253560000000000452e-01 1.282999999999999918e+00 7.928809999999999469e-01 -4.448659999999999837e-01 4.905779048291476485e-01 3.522695818529786305e-01 2.184929999999999928e-01 3.178708296252391596e-01 0.000000000000000000e+00 nan 8.135603683252157214e-02 1.196149126770000015e-01 1.491122655719999933e-02 4.364240482670000282e-02 1.947929999999999851e+01 4.362310000000000088e+01 5.825269999999999726e+01 6.535620000000000118e+01 8.889637537486122509e-01 1.000000000000000000e+00
-6.893660000000000343e-01 -9.429750000000000076e-01 -9.323200000000000376e-01 1.211289999999999978e+00 7.622189999999999799e-01 -3.733560000000000212e-01 4.799973711444208702e-01 3.403176193384580550e-01 1.255940000000000056e+00 2.898769776409637622e-01 0.000000000000000000e+00 nan 8.655664776465676891e-02 1.196149126770000015e-01 1.491122655719999933e-02 4.364240482670000282e-02 1.947929999999999851e+01 4.362310000000000088e+01 5.825269999999999726e+01 6.535620000000000118e+01 9.397460608504033530e-01 9.545043493239170340e-01
-6.525710000000000122e-01 -3.537770000000000081e-01 -3.790160000000000196e-01 1.291549999999999976e+00 9.904009999999999758e-01 -4.384739999999999749e-01 4.673897746259838559e-01 3.282061028961964499e-01 8.113200000000000411e-01 2.629229857899276768e-01 0.000000000000000000e+00 nan 9.689894462900727756e-02 1.198575722700000040e-01 1.581733683180000169e-02 4.630157503539999997e-02 2.120739999999999981e+01 5.299949999999999761e+01 6.180579999999999785e+01 5.999000000000000199e+01 9.397460608504033530e-01 9.545043493239170340e-01
-4.282719999999999860e-01 4.460000000000000075e-01 3.259279999999999955e-01 1.450490000000000057e+00 1.150600000000000067e+00 -3.896999999999999909e-01 4.526486979631957341e-01 3.147686648836078849e-01 -5.595930000000000071e-01 2.371226939027878400e-01 0.000000000000000000e+00 nan 1.122657450695280223e-01 1.198575722700000040e-01 1.581733683180000169e-02 4.630157503539999997e-02 2.120739999999999981e+01 5.299949999999999761e+01 6.180579999999999785e+01 5.999000000000000199e+01 9.592305610630318391e-01 8.663367250267604014e-01
-4.255039999999999933e-01 4.491939999999999822e-01 3.416319999999999912e-01 1.267149999999999999e+00 1.042699999999999960e+00 -3.227579999999999893e-01 4.361771851546684120e-01 3.001575568427027330e-01 -2.631800000000000250e-01 2.125768699286149088e-01 0.000000000000000000e+00 nan 1.324829370969659026e-01 1.149377797549999969e-01 1.328244372550000003e-02 4.495312158320000084e-02 2.117920000000000158e+01 4.328059999999999974e+01 4.895159999999999911e+01 5.139900000000000091e+01 9.592305610630318391e-01 8.663367250267604014e-01
-6.701859999999999484e-01 -6.524170000000000247e-01 -4.514279999999999959e-01 1.510860000000000092e+00 9.589900000000000091e-01 -4.426530000000000187e-01 4.191745701355154008e-01 2.845383284658870027e-01 3.667000000000000259e-01 1.893720681937659522e-01 0.000000000000000000e+00 nan 1.573214518472698664e-01 1.149377797549999969e-01 1.328244372550000003e-02 4.495312158320000084e-02 2.117920000000000158e+01 4.328059999999999974e+01 4.895159999999999911e+01 5.139900000000000091e+01 8.197959871207896043e-01 7.579019894927224721e-01
-5.450909999999999922e-01 1.747269999999999934e-01 1.254000000000000115e-01 1.283830000000000027e+00 1.035989999999999966e+00 -4.782379999999999964e-01 4.014609156776520749e-01 2.680879518517971238e-01 3.323430000000000134e-02 1.675796487067812146e-01 0.000000000000000000e+00 nan 1.864998590233524212e-01 7.756843067440000183e-02 9.441776723120000325e-03 3.961840696169999926e-02 1.848290000000000077e+01 3.922099999999999653e+01 4.136200000000000188e+01 4.566810000000000258e+01 8.197959871207896043e-01 7.579019894927224721e-01
-4.956019999999999870e-01 3.217200000000000060e-01 1.800279999999999936e-01 1.527740000000000098e+00 1.122519999999999962e+00 -4.982249999999999734e-01 3.824455124347960755e-01 2.509928163407075807e-01 -4.854899999999999771e-01 1.472549686209730924e-01 0.000000000000000000e+00 nan 2.196875556128081719e-01 7.756843067440000183e-02 9.441776723120000325e-03 3.961840696169999926e-02 1.848290000000000077e+01 3.922099999999999653e+01 4.136200000000000188e+01 4.566810000000000258e+01 1.000000000000000000e+00 9.512039076245433211e-01
-6.025319999999999565e-01 -4.805140000000000106e-02 -1.378830000000000056e-01 1.825609999999999955e+00 1.246310000000000029e+00 -5.572770000000000223e-01 3.626139210456166273e-01 2.334466166488285976e-01 3.667000000000000259e-01 1.284367550157597959e-01 0.000000000000000000e+00 nan 2.565085117521481717e-01 4.377248569279999779e-02 7.293977748480000300e-03 1.978163195120000162e-02 1.694829999999999970e+01 2.906200000000000117e+01 3.842669999999999675e+01 4.496629999999999683e+01 1.000000000000000000e+00 9.512039076245433211e-01
-6.691740000000000466e-01 -6.623550000000000271e-01 -1.268839999999999968e+00 2.092379999999999907e+00 1.400709999999999900e+00 -5.896280000000000410e-01 3.417901727693459790e-01 2.156481582297747890e-01 2.404539999999999900e+00 1.111466661033810865e-01 0.000000000000000000e+00 nan 2.965455312954061728e-01 4.377248569279999779e-02 7.293977748480000300e-03 1.978163195120000162e-02 1.694829999999999970e+01 2.906200000000000117e+01 3.842669999999999675e+01 4.496629999999999683e+01 9.723693439445066922e-01 9.939589305707642319e-01
-6.776910000000000434e-01 -7.407679999999999820e-01 -1.181370000000000031e+00 1.869199999999999973e+00 1.350870000000000015e+00 -5.982290000000000108e-01 3.202102089947018726e-01 1.977991047293373716e-01 3.145579999999999821e+00 9.538904583269913751e-02 0.000000000000000000e+00 nan 3.393449788131754907e-01 3.714544041029999716e-02 5.692919242899999871e-03 1.325298074090000035e-02 9.765439999999999898e+00 2.436799999999999855e+01 3.304950000000000188e+01 4.462789999999999679e+01 9.723693439445066922e-01 9.939589305707642319e-01
-6.706509999999999971e-01 -6.767429999999999835e-01 -1.155189999999999939e+00 2.045630000000000059e+00 1.711079999999999934e+00 -5.985629999999999562e-01 2.981185393341672096e-01 1.801016930557959306e-01 2.997370000000000090e+00 8.115087467052228831e-02 0.000000000000000000e+00 nan 3.844219194632886305e-01 3.714544041029999716e-02 5.692919242899999871e-03 1.325298074090000035e-02 9.765439999999999898e+00 2.436799999999999855e+01 3.304950000000000188e+01 4.462789999999999679e+01 8.941883391230869282e-01 9.002885195073636604e-01
-6.767720000000000402e-01 -7.566500000000000448e-01 -1.563220000000000054e+00 1.984169999999999989e+00 1.319390000000000063e+00 -5.971760000000000401e-01 2.757654712323789337e-01 1.627564419549388797e-01 3.590199999999999836e+00 6.840191711811860475e-02 0.000000000000000000e+00 nan 4.312656134963480659e-01 4.815670973930000209e-02 6.356345511570000127e-03 1.373040909149999926e-02 9.340669999999999362e+00 2.224680000000000035e+01 3.944200000000000017e+01 4.286030000000000229e+01 8.941883391230869282e-01 9.002885195073636604e-01
-6.694219999999999615e-01 -6.648910000000000098e-01 -2.250119999999999898e+00 2.137859999999999872e+00 1.204250000000000043e+00 -5.972690000000000499e-01 2.534042738827632091e-01 1.459598800525492290e-01 3.738410000000000011e+00 5.709506429149757700e-02 0.000000000000000000e+00 nan 4.793453031411688547e-01 4.815670973930000209e-02 6.356345511570000127e-03 1.373040909149999926e-02 9.340669999999999362e+00 2.224680000000000035e+01 3.944200000000000017e+01 4.286030000000000229e+01 8.998823639868115398e-01 9.290912558288323408e-01
-6.800129999999999786e-01 -8.264380000000000059e-01 -2.146129999999999871e+00 1.969179999999999930e+00 1.322529999999999983e+00 -5.984110000000000262e-01 2.312883085863725041e-01 1.299023191065470373e-01 3.738410000000000011e+00 4.716686768389022344e-02 0.000000000000000000e+00 nan 5.281162263024058445e-01 7.181956948619999670e-02 8.890513341720000448e-03 1.734811482510000002e-02 1.310539999999999949e+01 3.051129999999999853e+01 3.298479999999999990e+01 3.844429999999999836e+01 8.998823639868115398e-01 9.290912558288323408e-01
-6.680880000000000152e-01 -6.441609999999999836e-01 -1.711689999999999934e+00 2.134910000000000085e+00 1.538419999999999899e+00 -5.916660000000000252e-01 2.096681580671058143e-01 1.147656976987261324e-01 3.812510000000000066e+00 3.853825806268251775e-02 0.000000000000000000e+00 nan 5.770257889327703449e-01 7.181956948619999670e-02 8.890513341720000448e-03 1.734811482510000002e-02 1.310539999999999949e+01 3.051129999999999853e+01 3.298479999999999990e+01 3.844429999999999836e+01 9.994808551530648399e-01 9.583615290918710006e-01
-6.642909999999999648e-01 -5.953469999999999596e-01 -9.494719999999999827e-01 2.097690000000000055e+00 1.393270000000000008e+00 -5.864989999999999926e-01 1.887887872693205793e-01 1.007215197979240973e-01 3.960719999999999796e+00 3.111544135541632894e-02 0.000000000000000000e+00 nan 6.255198261443906116e-01 1.052744697900000054e-01 1.055194585619999986e-02 2.756479842469999886e-02 1.579260000000000019e+01 3.096310000000000073e+01 3.489580000000000126e+01 3.220439999999999969e+01 9.994808551530648399e-01 9.583615290918710006e-01
-6.673620000000000108e-01 -5.872589999999999755e-01 -9.135739999999999972e-01 1.971680000000000099e+00 1.172039999999999971e+00 -5.875399999999999512e-01 1.688867678071288569e-01 8.792891155152593452e-02 3.071480000000000210e+00 2.479096137410796707e-02 0.000000000000000000e+00 nan 6.730488811184247577e-01 1.052744697900000054e-01 1.055194585619999986e-02 2.756479842469999886e-02 1.579260000000000019e+01 3.096310000000000073e+01 3.489580000000000126e+01 3.220439999999999969e+01 9.290152264079042377e-01 9.686411900045523993e-01
-5.860419999999999519e-01 -6.075730000000000020e-02 -5.232909999999999506e-01 2.561430000000000096e+00 1.265209999999999946e+00 -5.742570000000000174e-01 1.501875975134807639e-01 7.653281832263003626e-02 2.367490000000000094e+00 1.944491733679565293e-02 0.000000000000000000e+00 nan 7.190744306703704680e-01 1.103952748400000017e-01 1.369823984050000040e-02 3.102921078530000015e-02 1.627390000000000114e+01 3.823400000000000176e+01 3.604939999999999856e+01 3.635799999999999699e+01 9.290152264079042377e-01 9.686411900045523993e-01
-6.597570000000000379e-01 -4.744639999999999969e-01 -6.066169999999999618e-01 1.869539999999999980e+00 9.869010000000000282e-01 -5.628509999999999902e-01 1.329031454596126816e-01 6.531630193120174788e-02 2.589799999999999880e+00 1.494632239130877505e-02 0.000000000000000000e+00 nan 7.630749869329274127e-01 1.103952748400000017e-01 1.369823984050000040e-02 3.102921078530000015e-02 1.627390000000000114e+01 3.823400000000000176e+01 3.604939999999999856e+01 3.635799999999999699e+01 8.773382228677781836e-01 9.548673056338201626e-01
-6.962450000000000028e-01 -1.279560000000000031e+00 -1.451519999999999921e+00 1.390619999999999967e+00 6.056899999999999507e-01 -5.743350000000000399e-01 1.163235656148867703e-01 5.426428364326951748e-02 2.293390000000000040e+00 1.115458774864319658e-02 0.000000000000000000e+00 nan 8.045520060219109038e-01 9.535005405850000004e-02 1.922359666820000132e-02 4.014545621139999770e-02 2.498750000000000071e+01 4.766109999999999758e+01 4.574519999999999698e+01 4.051820000000000022e+01 8.773382228677781836e-01 9.548673056338201626e-01
-6.711559999999999748e-01 -5.619520000000000071e-01 -5.424909999999999455e-01 1.151999999999999913e+00 7.414340000000000375e-01 -5.695390000000000175e-01 1.000289998792482926e-01 4.460618694592821676e-02 8.854239999999999888e-01 7.921115610116435946e-03 0.000000000000000000e+00 nan 8.430355367376668463e-01 9.535005405850000004e-02 1.922359666820000132e-02 4.014545621139999770e-02 2.498750000000000071e+01 4.766109999999999758e+01 4.574519999999999698e+01 4.051820000000000022e+01 8.509612463894580259e-01 8.360391008526397716e-01
-6.490660000000000318e-01 -3.062520000000000242e-01 -3.432560000000000056e-01 1.086880000000000068e+00 6.388570000000000082e-01 -5.721650000000000347e-01 8.493547248818522633e-02 3.625204319144836873e-02 -2.261279999999999957e-01 5.090982839803914750e-03 0.000000000000000000e+00 nan 8.780895452999468720e-01 7.441796644770000413e-02 1.404504126439999959e-02 4.443838569749999912e-02 1.971219999999999928e+01 4.480420000000000158e+01 4.330660000000000309e+01 4.131060000000000088e+01 8.509612463894580259e-01 8.360391008526397716e-01
-6.695860000000000145e-01 -5.540460000000000385e-01 -7.424520000000000008e-01 1.696779999999999955e+00 9.467109999999999692e-01 -5.676609999999999712e-01 7.147499323119721470e-02 2.909710942422505386e-02 1.292990000000000084e+00 2.504696305572928772e-03 0.000000000000000000e+00 nan 9.093168557848694267e-01 7.441796644770000413e-02 1.404504126439999959e-02 4.443838569749999912e-02 1.971219999999999928e+01 4.480420000000000158e+01 4.330660000000000309e+01 4.131060000000000088e+01 8.800720175404683765e-01 7.008778621258167085e-01
-6.933679999999999843e-01 -1.144980000000000109e+00 -1.194369999999999932e+00 1.420299999999999896e+00 7.438909999999999689e-01 -5.845439999999999525e-01 5.954662044604541737e-02 2.302305516031732946e-02 2.589799999999999880e+00 0.000000000000000000e+00 0.000000000000000000e+00 nan 9.363636502868400990e-01 9.332565792209999989e-02 1.808948097580000136e-02 6.150819350580000178e-02 2.116029999999999944e+01 4.028880000000000194e+01 3.780490000000000350e+01 3.974649999999999750e+01 8.800720175404683765e-01 7.008778621258167085e-01
-6.847490000000000521e-01 -8.220340000000000424e-01 -9.467719999999999470e-01 1.447610000000000063e+00 8.889749999999999597e-01 -5.877350000000000074e-01 4.908638163493783679e-02 1.789930311911436256e-02 1.330039999999999889e+00 0.000000000000000000e+00 0.000000000000000000e+00 nan 9.589234778168007622e-01 9.332565792209999989e-02 1.808948097580000136e-02 6.150819350580000178e-02 2.116029999999999944e+01 4.028880000000000194e+01 3.780490000000000350e+01 3.974649999999999750e+01 7.054184362694471133e-01 7.161404825473380864e-01
-6.746020000000000350e-01 -5.817799999999999638e-01 -6.138219999999999787e-01 8.877599999999999936e-01 4.210139999999999993e-01 -5.853410000000000002e-01 4.001694503628316912e-02 1.358450871610050736e-02 -3.002310000000000256e-01 0.000000000000000000e+00 0.000000000000000000e+00 nan 9.767407265143872586e-01 1.133775792199999966e-01 2.481818591620000083e-02 9.235522766220000124e-02 2.664189999999999969e+01 4.358229999999999649e+01 4.072849999999999682e+01 4.179679999999999751e+01 7.054184362694471133e-01 7.161404825473380864e-01
-6.913449999999999873e-01 -9.639929999999999888e-01 -9.224989999999999579e-01 8.132660000000000444e-01 3.417100000000000137e-01 -5.862610000000000321e-01 3.221059851544361141e-02 9.928161553476644308e-03 5.149070000000000036e-01 0.000000000000000000e+00 0.000000000000000000e+00 nan 9.896135198324447213e-01 1.133775792199999966e-01 2.481818591620000083e-02 9.235522766220000124e-02 2.664189999999999969e+01 4.358229999999999649e+01 4.072849999999999682e+01 4.179679999999999751e+01 5.160796832111870236e-01 4.503272758590991520e-01
-7.042620000000000546e-01 -2.017700000000000049e+00 -2.305099999999999927e+00 5.629060000000000175e-01 3.098600000000000243e-01 -5.847369999999999512e-01 2.553465928004849950e-02 6.772290763107147171e-03 2.034030000000000005e+00 0.000000000000000000e+00 0.000000000000000000e+00 nan 9.973960038789723148e-01 1.196642462899999981e-01 2.461240126109999829e-02 1.153054258269999993e-01 2.078750000000000142e+01 3.966460000000000008e+01 3.643959999999999866e+01 3.927279999999999660e+01 5.160796832111870236e-01 4.503272758590991520e-01
-7.031920000000000393e-01 -1.802759999999999918e+00 -1.943009999999999904e+00 4.861969999999999903e-01 3.423880000000000257e-01 -5.809630000000000072e-01 1.988790979886567722e-02 3.953254879579315428e-03 1.404150000000000009e+00 0.000000000000000000e+00 0.000000000000000000e+00 nan 1.000000000000000000e+00 1.196642462899999981e-01 2.461240126109999829e-02 1.153054258269999993e-01 2.078750000000000142e+01 3.966460000000000008e+01 3.643959999999999866e+01 3.927279999999999660e+01 3.032634328729144624e-01 5.087724694563037220e-01
-6.914890000000000203e-01 -9.581950000000000189e-01 -9.081000000000000183e-01 -3.389170000000000238e-01 -4.184539999999999926e-01 -5.668250000000000233e-01 1.513103058449061233e-02 1.303595963393133772e-03 -1.149730000000000057e-01 0.000000000000000000e+00 0.000000000000000000e+00 nan 9.973960038789723148e-01 1.344417242139999968e-01 2.944193866440000112e-02 1.511882338439999862e-01 2.759420000000000073e+01 3.474629999999999797e+01 3.247529999999999717e+01 3.685379999999999967e+01 3.032634328729144624e-01 5.087724694563037220e-01
-6.715200000000000058e-01 -5.387570000000000414e-01 -5.189909999999999801e-01 -3.986000000000000099e-01 -6.198890000000000233e-01 -5.763160000000000505e-01 1.111626852128166920e-02 0.000000000000000000e+00 -5.595930000000000071e-01 0.000000000000000000e+00 0.000000000000000000e+00 nan 9.896135198324448323e-01 1.344417242139999968e-01 2.944193866440000112e-02 1.511882338439999862e-01 2.759420000000000073e+01 3.474629999999999797e+01 3.247529999999999717e+01 3.685379999999999967e+01 4.770554546107241833e-01 5.380519704221367050e-01
-6.904820000000000402e-01 -8.891930000000000112e-01 -9.292989999999999862e-01 -7.227850000000000108e-01 -7.252499999999999503e-01 -5.689859999999999918e-01 7.671173348418602878e-03 0.000000000000000000e+00 -5.595930000000000071e-01 0.000000000000000000e+00 0.000000000000000000e+00 nan 9.767407265143873696e-01 1.693225076290000020e-01 2.607309375989999914e-02 1.487382963080000065e-01 2.889209999999999923e+01 3.511789999999999878e+01 3.130799999999999983e+01 3.487389999999999901e+01 4.770554546107241833e-01 5.380519704221367050e-01
-6.855780000000000207e-01 -7.820599999999999774e-01 -7.411309999999999842e-01 -4.572820000000000218e-01 -6.150809999999999889e-01 -5.610859999999999737e-01 4.661561923116841477e-03 0.000000000000000000e+00 -5.225419999999999510e-01 0.000000000000000000e+00 0.000000000000000000e+00 nan 9.589234778168007622e-01 1.693225076290000020e-01 2.607309375989999914e-02 1.487382963080000065e-01 2.889209999999999923e+01 3.511789999999999878e+01 3.130799999999999983e+01 3.487389999999999901e+01 6.634505459305117814e-01 5.935750581345276000e-01
-7.007940000000000280e-01 -1.560510000000000064e+00 -1.165419999999999900e+00 -7.810019999999999740e-01 -7.568949999999999845e-01 -5.727029999999999621e-01 2.105346518202710904e-03 0.000000000000000000e+00 -3.743349999999999733e-01 0.000000000000000000e+00 0.000000000000000000e+00 nan 9.363636502868400990e-01 2.018358256610000012e-01 2.999638582650000079e-02 1.676770346760000086e-01 1.327699999999999925e+01 2.953209999999999980e+01 2.698780000000000001e+01 2.916079999999999828e+01 6.634505459305117814e-01 5.935750581345276000e-01
-6.496450000000000280e-01 -3.168059999999999765e-01 -3.022279999999999966e-01 -2.663150000000000239e-01 -6.668500000000000538e-01 -5.733740000000000503e-01 4.780108858944975836e-04 0.000000000000000000e+00 -4.113859999999999739e-01 0.000000000000000000e+00 0.000000000000000000e+00 nan 9.093168557848695377e-01 2.018358256610000012e-01 2.999638582650000079e-02 1.676770346760000086e-01 1.327699999999999925e+01 2.953209999999999980e+01 2.698780000000000001e+01 2.916079999999999828e+01 6.480971132232820064e-01 5.996714937805283085e-01
-6.418840000000000101e-01 -2.512090000000000156e-01 -2.540950000000000153e-01 -3.352109999999999812e-01 -7.378989999999999716e-01 -5.732800000000000118e-01 0.000000000000000000e+00 0.000000000000000000e+00 -4.484380000000000033e-01 0.000000000000000000e+00 0.000000000000000000e+00 nan 8.780895452999469830e-01 1.768553643240000084e-01 3.176083328990000204e-02 1.664672165220000000e-01 2.503790000000000049e+01 3.329149999999999920e+01 2.967500000000000071e+01 3.020710000000000051e+01 6.480971132232820064e-01 5.996714937805283085e-01
-7.012930000000000552e-01 -1.589429999999999898e+00 -1.255390000000000006e+00 -2.255429999999999935e-01 -4.872989999999999822e-01 -5.832709999999999839e-01 0.000000000000000000e+00 0.000000000000000000e+00 -3.743349999999999733e-01 0.000000000000000000e+00 0.000000000000000000e+00 nan 8.430355367376670683e-01 1.768553643240000084e-01 3.176083328990000204e-02 1.664672165220000000e-01 2.503790000000000049e+01 3.329149999999999920e+01 2.967500000000000071e+01 3.020710000000000051e+01 5.600026509524098639e-01 5.611243033084389875e-01
-6.953829999999999734e-01 -1.103140000000000009e+00 -1.033740000000000103e+00 -3.668440000000000034e-01 -4.588280000000000136e-01 -5.857029999999999736e-01 0.000000000000000000e+00 0.000000000000000000e+00 -4.854899999999999771e-01 0.000000000000000000e+00 0.000000000000000000e+00 nan 8.045520060219111258e-01 1.819650444289999947e-01 4.212281998589999937e-02 1.428698508119999877e-01 1.554770000000000074e+01 3.280279999999999774e+01 3.169419999999999860e+01 3.000420000000000087e+01 5.600026509524098639e-01 5.611243033084389875e-01
-6.942939999999999667e-01 -1.142840000000000078e+00 -1.023400000000000087e+00 -2.165829999999999977e-01 -5.028000000000000247e-01 -5.763399999999999634e-01 0.000000000000000000e+00 0.000000000000000000e+00 -1.149730000000000057e-01 0.000000000000000000e+00 0.000000000000000000e+00 nan 7.630749869329276347e-01 1.819650444289999947e-01 4.212281998589999937e-02 1.428698508119999877e-01 1.554770000000000074e+01 3.280279999999999774e+01 3.169419999999999860e+01 3.000420000000000087e+01 4.883937989804878477e-01 5.967001734808126123e-01
-6.954730000000000079e-01 -1.134859999999999980e+00 -1.036869999999999958e+00 1.929879999999999929e-01 -1.157409999999999967e-01 -5.655869999999999509e-01 0.000000000000000000e+00 0.000000000000000000e+00 -1.149730000000000057e-01 0.000000000000000000e+00 0.000000000000000000e+00 nan 7.190744306703704680e-01 1.920151741040000137e-01 5.027739017410000344e-02 1.141343450670000009e-01 1.240090000000000003e+01 2.322710000000000008e+01 2.594579999999999842e+01 3.318589999999999662e+01 4.883937989804878477e-01 5.967001734808126123e-01
-6.737400000000000055e-01 -5.563240000000000407e-01 -5.880229999999999624e-01 -5.435100000000000486e-01 -5.185670000000000002e-01 -5.585290000000000532e-01 0.000000000000000000e+00 9.480700172702638540e-04 -5.595930000000000071e-01 0.000000000000000000e+00 0.000000000000000000e+00 nan 6.730488811184249798e-01 1.920151741040000137e-01 5.027739017410000344e-02 1.141343450670000009e-01 1.240090000000000003e+01 2.322710000000000008e+01 2.594579999999999842e+01 3.318589999999999662e+01 5.823037881005372896e-01 5.963772038830172928e-01
-6.603369999999999518e-01 -3.981489999999999752e-01 -4.386180000000000079e-01 -3.364269999999999761e-01 -6.706710000000000171e-01 -5.765179999999999749e-01 0.000000000000000000e+00 1.927023319400644752e-03 -5.595930000000000071e-01 0.000000000000000000e+00 0.000000000000000000e+00 nan 6.255198261443907226e-01 2.202396706080000099e-01 5.650461948370000265e-02 1.435357360379999891e-01 1.604060000000000130e+01 2.385760000000000147e+01 2.703620000000000090e+01 2.836649999999999849e+01 5.823037881005372896e-01 5.963772038830172928e-01
-6.836240000000000094e-01 -7.365829999999999878e-01 -7.502609999999999557e-01 -2.581069999999999753e-01 -5.772909999999999986e-01 -5.821319999999999828e-01 0.000000000000000000e+00 2.998276556153145478e-03 -4.854899999999999771e-01 0.000000000000000000e+00 0.000000000000000000e+00 nan 5.770257889327705669e-01 2.202396706080000099e-01 5.650461948370000265e-02 1.435357360379999891e-01 1.604060000000000130e+01 2.385760000000000147e+01 2.703620000000000090e+01 2.836649999999999849e+01 6.350687866922188896e-01 5.835383933954255697e-01
-7.004359999999999475e-01 -1.476250000000000062e+00 -1.303600000000000092e+00 -1.587409999999999932e-01 -7.327090000000000547e-01 -5.932600000000000096e-01 0.000000000000000000e+00 4.222200582149504555e-03 -1.890759999999999941e-01 0.000000000000000000e+00 0.000000000000000000e+00 nan 5.281162263024060666e-01 2.313969948369999918e-01 7.953732525989999635e-02 1.813725326039999919e-01 1.542559999999999931e+01 2.763190000000000168e+01 2.630399999999999849e+01 3.276520000000000010e+01 6.350687866922188896e-01 5.835383933954255697e-01
-6.970269999999999522e-01 -1.290729999999999933e+00 -1.051239999999999952e+00 -2.765349999999999753e-01 -5.643350000000000311e-01 -5.936029999999999918e-01 0.000000000000000000e+00 5.657436430965945284e-03 -2.261279999999999957e-01 0.000000000000000000e+00 0.000000000000000000e+00 nan 4.793453031411690768e-01 2.313969948369999918e-01 7.953732525989999635e-02 1.813725326039999919e-01 1.542559999999999931e+01 2.763190000000000168e+01 2.630399999999999849e+01 3.276520000000000010e+01 5.686569060071686721e-01 5.686418051847386135e-01
-6.792059999999999764e-01 -7.054550000000000542e-01 -5.403350000000000097e-01 -5.217030000000000278e-01 -7.229769999999999808e-01 -5.782960000000000322e-01 0.000000000000000000e+00 7.360230888788787951e-03 7.028600000000000125e-02 0.000000000000000000e+00 0.000000000000000000e+00 nan 4.312656134963481769e-01 2.393460648209999875e-01 1.009931494989999984e-01 2.030772073179999970e-01 1.470539999999999914e+01 2.482969999999999899e+01 2.623689999999999856e+01 2.613260000000000005e+01 5.686569060071686721e-01 5.686418051847386135e-01
-7.018299999999999539e-01 -1.591879999999999962e+00 -1.715580000000000105e+00 -2.808849999999999958e-01 -7.838209999999999900e-01 -5.807740000000000125e-01 0.000000000000000000e+00 9.383799195854414243e-03 4.778549999999999742e-01 0.000000000000000000e+00 0.000000000000000000e+00 nan 3.844219194632887415e-01 2.393460648209999875e-01 1.009931494989999984e-01 2.030772073179999970e-01 1.470539999999999914e+01 2.482969999999999899e+01 2.623689999999999856e+01 2.613260000000000005e+01 4.765804923039537178e-01 5.677159590043924231e-01
-6.918060000000000320e-01 -1.038710000000000022e+00 -8.299490000000000478e-01 -4.295269999999999921e-01 -7.644210000000000171e-01 -5.852490000000000192e-01 0.000000000000000000e+00 1.177772209651228863e-02 -7.792090000000000127e-02 0.000000000000000000e+00 0.000000000000000000e+00 nan 3.393449788131757128e-01 1.810275251690000031e-01 1.309062080860000088e-01 2.157357341170000053e-01 1.469510000000000005e+01 2.750639999999999930e+01 2.710219999999999985e+01 2.817520000000000024e+01 4.765804923039537178e-01 5.677159590043924231e-01
-6.490740000000000398e-01 -3.079419999999999935e-01 -2.919740000000000113e-01 -7.762999999999999901e-01 -1.065890000000000004e+00 -5.840739999999999821e-01 0.000000000000000000e+00 1.458738406957971190e-02 -5.225419999999999510e-01 0.000000000000000000e+00 0.000000000000000000e+00 nan 2.965455312954062839e-01 1.810275251690000031e-01 1.309062080860000088e-01 2.157357341170000053e-01 1.469510000000000005e+01 2.750639999999999930e+01 2.710219999999999985e+01 2.817520000000000024e+01 5.468252083482909587e-01 5.911543241015293493e-01
-6.843399999999999483e-01 -7.847619999999999596e-01 -6.626539999999999653e-01 -6.288610000000000033e-01 -9.963720000000000354e-01 -5.931720000000000326e-01 0.000000000000000000e+00 1.785345910406366254e-02 -7.792090000000000127e-02 0.000000000000000000e+00 0.000000000000000000e+00 nan 2.565085117521482827e-01 1.585073351630000016e-01 1.330508094960000109e-01 2.002682738060000134e-01 1.300580000000000069e+01 2.788860000000000028e+01 3.117239999999999966e+01 3.070579999999999998e+01 5.468252083482909587e-01 5.911543241015293493e-01
-7.030119999999999703e-01 -1.774080000000000101e+00 -1.406060000000000088e+00 -6.882049999999999557e-01 -1.000140000000000029e+00 -5.972920000000000451e-01 0.000000000000000000e+00 2.161144984661111934e-02 7.028600000000000125e-02 0.000000000000000000e+00 0.000000000000000000e+00 nan 2.196875556128082829e-01 1.585073351630000016e-01 1.330508094960000109e-01 2.002682738060000134e-01 1.300580000000000069e+01 2.788860000000000028e+01 3.117239999999999966e+01 3.070579999999999998e+01 6.011200273931749383e-01 6.611618292998018287e-01
-7.021640000000000104e-01 -1.696909999999999918e+00 -1.251339999999999897e+00 -1.136719999999999953e+00 -1.261859999999999982e+00 -5.992739999999999734e-01 0.000000000000000000e+00 2.589128534233753332e-02 -3.372829999999999995e-01 0.000000000000000000e+00 0.000000000000000000e+00 nan 1.864998590233523101e-01 1.576834534440000046e-01 1.031390553830000001e-01 2.388637387210000018e-01 1.259689999999999976e+01 2.578350000000000009e+01 2.769129999999999825e+01 2.555099999999999838e+01 6.011200273931749383e-01 6.611618292998018287e-01
-6.957830000000000403e-01 -1.239670000000000050e+00 -8.477850000000000108e-01 -8.202629999999999644e-01 -9.915640000000000009e-01 -5.987710000000000532e-01 0.000000000000000000e+00 3.071698192678606887e-02 -4.854899999999999771e-01 0.000000000000000000e+00 0.000000000000000000e+00 nan 1.573214518472699774e-01 1.576834534440000046e-01 1.031390553830000001e-01 2.388637387210000018e-01 1.259689999999999976e+01 2.578350000000000009e+01 2.769129999999999825e+01 2.555099999999999838e+01 2.983426024620721151e-01 3.884955153364419989e-01
-7.025780000000000358e-01 -1.610649999999999915e+00 -1.503789999999999960e+00 -8.209659999999999735e-01 -1.106649999999999912e+00 -5.861459999999999448e-01 0.000000000000000000e+00 3.610637111124959109e-02 -3.743349999999999733e-01 0.000000000000000000e+00 0.000000000000000000e+00 nan 1.324829370969660136e-01 1.547880186920000123e-01 7.029286054899999692e-02 2.680398515399999848e-01 1.180320000000000036e+01 2.041819999999999879e+01 2.208569999999999922e+01 2.512369999999999948e+01 2.983426024620721151e-01 3.884955153364419989e-01
-7.017520000000000424e-01 -1.627229999999999954e+00 -1.285649999999999959e+00 -1.083900000000000086e+00 -1.108460000000000001e+00 -5.823979999999999713e-01 0.000000000000000000e+00 4.207089754462289832e-02 -3.002310000000000256e-01 0.000000000000000000e+00 0.000000000000000000e+00 nan 1.122657450695280223e-01 1.547880186920000123e-01 7.029286054899999692e-02 2.680398515399999848e-01 1.180320000000000036e+01 2.041819999999999879e+01 2.208569999999999922e+01 2.512369999999999948e+01 1.909458929567507957e-01 4.915566519433541837e-01
-6.947090000000000209e-01 -1.147699999999999942e+00 -8.565890000000000448e-01 -9.379579999999999584e-01 -9.645270000000000232e-01 -5.743970000000000464e-01 0.000000000000000000e+00 4.861548934095716312e-02 -3.002310000000000256e-01 0.000000000000000000e+00 0.000000000000000000e+00 nan 9.689894462900738858e-02 1.669088637130000108e-01 6.283658875780000208e-02 2.769643370529999982e-01 1.228340000000000032e+01 1.773460000000000036e+01 1.979370000000000118e+01 2.141959999999999908e+01 1.909458929567507957e-01 4.915566519433541837e-01
-6.583550000000000235e-01 -4.100170000000000203e-01 -3.359409999999999896e-01 -1.236129999999999951e+00 -1.124309999999999921e+00 -5.640349999999999531e-01 0.000000000000000000e+00 5.573850224195919800e-02 -3.743349999999999733e-01 0.000000000000000000e+00 0.000000000000000000e+00 nan 8.655664776465687993e-02 1.669088637130000108e-01 6.283658875780000208e-02 2.769643370529999982e-01 1.228340000000000032e+01 1.773460000000000036e+01 1.979370000000000118e+01 2.141959999999999908e+01 8.240209425240380137e-01 8.404376391845171934e-01
-6.470080000000000275e-01 -2.818829999999999947e-01 -2.941039999999999766e-01 -1.045570000000000110e+00 -1.061900000000000066e+00 -5.576459999999999750e-01 0.000000000000000000e+00 6.343173824709436026e-02 -5.225419999999999510e-01 0.000000000000000000e+00 0.000000000000000000e+00 nan 8.135603683252157214e-02 1.858017013209999901e-01 6.083777948519999978e-02 2.967028404279999920e-01 8.251889999999999503e+00 1.371230000000000082e+01 1.551050000000000040e+01 1.969729999999999848e+01 8.240209425240380137e-01 8.404376391845171934e-01
-6.919640000000000235e-01 -1.095089999999999897e+00 -6.993960000000000177e-01 -1.137289999999999912e+00 -1.057609999999999939e+00 -5.698050000000000059e-01 0.000000000000000000e+00 7.168053850020872364e-02 -5.225419999999999510e-01 0.000000000000000000e+00 0.000000000000000000e+00 nan 4.002609541271262561e-02 1.858017013209999901e-01 6.083777948519999978e-02 2.967028404279999920e-01 8.251889999999999503e+00 1.371230000000000082e+01 1.551050000000000040e+01 1.969729999999999848e+01 7.321046905289201323e-01 8.413850166713829903e-01
-6.742240000000000455e-01 -5.767339999999999689e-01 -5.424069999999999725e-01 -9.555660000000000265e-01 -1.147469999999999990e+00 -5.793589999999999574e-01 0.000000000000000000e+00 8.046394938022627397e-02 -5.225419999999999510e-01 0.000000000000000000e+00 0.000000000000000000e+00 nan 0.000000000000000000e+00 1.620661029009999865e-01 5.830272444359999723e-02 3.247866228560000179e-01 5.978049999999999642e+00 1.408029999999999937e+01 1.480840000000000067e+01 1.676950000000000074e+01 7.321046905289201323e-01 8.413850166713829903e-01
-6.808450000000000335e-01 -8.029119999999999591e-01 -4.661750000000000060e-01 -9.139709999999999779e-01 -1.023760000000000003e+00 -5.555569999999999675e-01 0.000000000000000000e+00 8.975495991404880414e-02 -5.225419999999999510e-01 0.000000000000000000e+00 0.000000000000000000e+00 nan 0.000000000000000000e+00 1.620661029009999865e-01 5.830272444359999723e-02 3.247866228560000179e-01 5.978049999999999642e+00 1.408029999999999937e+01 1.480840000000000067e+01 1.676950000000000074e+01 7.566480915904056914e-01 8.501667138304809246e-01
-6.852709999999999635e-01 -9.304890000000000105e-01 -5.085480000000000000e-01 -9.488900000000000112e-01 -1.031840000000000090e+00 -5.702920000000000211e-01 0.000000000000000000e+00 9.952080782167394002e-02 -5.225419999999999510e-01 0.000000000000000000e+00 0.000000000000000000e+00 nan 0.000000000000000000e+00 1.342676725539999893e-01 6.771702461240000637e-02 3.372188318839999810e-01 1.065930000000000000e+01 1.359830000000000005e+01 1.390390000000000015e+01 1.491259999999999941e+01 7.566480915904056914e-01 8.501667138304809246e-01
-6.751179999999999959e-01 -6.831629999999999647e-01 -4.068519999999999914e-01 -1.306810000000000027e+00 -1.251770000000000049e+00 -5.743099999999999872e-01 0.000000000000000000e+00 1.097233507259189889e-01 -4.854899999999999771e-01 0.000000000000000000e+00 0.000000000000000000e+00 nan 0.000000000000000000e+00 1.342676725539999893e-01 6.771702461240000637e-02 3.372188318839999810e-01 1.065930000000000000e+01 1.359830000000000005e+01 1.390390000000000015e+01 1.491259999999999941e+01 7.361750070415923330e-01 8.552481021691253904e-01
-6.131950000000000456e-01 -1.058869999999999950e-01 -3.874760000000000010e-02 -1.001100000000000101e+00 -1.159950000000000037e+00 -5.809459999999999624e-01 0.000000000000000000e+00 1.203194983207944713e-01 -5.225419999999999510e-01 0.000000000000000000e+00 0.000000000000000000e+00 nan 0.000000000000000000e+00 1.434087281270000069e-01 6.027936233060000176e-02 3.355844144189999989e-01 7.073559999999999626e+00 1.450859999999999950e+01 1.310950000000000060e+01 -1.000000000000000000e+00 7.361750070415923330e-01 8.552481021691253904e-01
-6.930800000000000294e-01 -1.000499999999999945e+00 -9.220089999999999675e-01 -1.115660000000000096e+00 -1.213750000000000107e+00 -5.844740000000000490e-01 0.000000000000000000e+00 1.312617006018903520e-01 -5.225419999999999510e-01 0.000000000000000000e+00 0.000000000000000000e+00 nan 0.000000000000000000e+00 1.434087281270000069e-01 6.027936233060000176e-02 3.355844144189999989e-01 7.073559999999999626e+00 1.450859999999999950e+01 1.310950000000000060e+01 -1.000000000000000000e+00 7.922260820580226959e-01 8.623595851224823416e-01
-6.961389999999999523e-01 -1.189109999999999889e+00 -9.120970000000000466e-01 -1.267740000000000089e+00 -1.382360000000000033e+00 -5.890530000000000488e-01 0.000000000000000000e+00 1.424984866269248807e-01 -5.225419999999999510e-01 0.000000000000000000e+00 0.000000000000000000e+00 nan 0.000000000000000000e+00 1.452003582970000095e-01 4.923934302590000228e-02 3.648075436200000077e-01 7.811069999999999958e+00 1.260730000000000040e+01 -1.000000000000000000e+00 -1.000000000000000000e+00 7.922260820580226959e-01 8.623595851224823416e-01
-6.988159999999999927e-01 -1.336379999999999901e+00 -1.035460000000000047e+00 -1.000890000000000057e+00 -1.132370000000000099e+00 -5.885270000000000223e-01 0.000000000000000000e+00 1.539750477020874753e-01 -4.113859999999999739e-01 0.000000000000000000e+00 0.000000000000000000e+00 nan 0.000000000000000000e+00 1.452003582970000095e-01 4.923934302590000228e-02 3.648075436200000077e-01 7.811069999999999958e+00 1.260730000000000040e+01 -1.000000000000000000e+00 -1.000000000000000000e+00 6.441648671486244204e-01 7.828660014518251664e-01
-6.969560000000000199e-01 -1.262450000000000072e+00 -8.982080000000000064e-01 -1.212150000000000061e+00 -1.349140000000000006e+00 -5.686250000000000471e-01 0.000000000000000000e+00 1.656338583864410685e-01 -3.743349999999999733e-01 0.000000000000000000e+00 0.000000000000000000e+00 nan 0.000000000000000000e+00 1.408821567200000124e-01 4.014448560159999957e-02 4.264847663749999906e-01 4.472229999999999706e+00 -1.000000000000000000e+00 -1.000000000000000000e+00 -1.000000000000000000e+00 6.441648671486244204e-01 7.828660014518251664e-01
-6.567709999999999937e-01 -3.787519999999999776e-01 -3.436389999999999723e-01 -1.160690000000000000e+00 -1.245049999999999990e+00 -5.404079999999999995e-01 0.000000000000000000e+00 1.774153282781526508e-01 -4.113859999999999739e-01 0.000000000000000000e+00 0.000000000000000000e+00 nan 0.000000000000000000e+00 1.408821567200000124e-01 4.014448560159999957e-02 4.264847663749999906e-01 4.472229999999999706e+00 -1.000000000000000000e+00 -1.000000000000000000e+00 -1.000000000000000000e+00 0.000000000000000000e+00 0.000000000000000000e+00
