-6.246490000000000098e-01 -1.180889999999999995e+00 -1.257549999999999946e+00 -3.651519999999999766e-01 -9.505820000000000380e-01 -8.744640000000000191e-01 1.846491382793604696e-01 4.167140148746014683e-01 -9.165659999999999918e-01 1.475606474251021094e-01 nan nan 0.000000000000000000e+00 1.239428703460000031e-01 4.087942418130000033e-02 1.004076148370000032e-01 -1.000000000000000000e+00 -1.000000000000000000e+00 -1.000000000000000000e+00 -1.000000000000000000e+00 0.000000000000000000e+00 0.000000000000000000e+00
-6.273020000000000262e-01 -1.346240000000000103e+00 -1.469160000000000021e+00 -1.231710000000000027e-01 -1.016850000000000032e+00 -8.754809999999999537e-01 2.052473938026437850e-01 4.259369615668980869e-01 -9.165659999999999918e-01 1.527899807172422575e-01 nan nan 0.000000000000000000e+00 1.869400853139999985e-01 4.075838518040000164e-02 1.230467118250000019e-01 2.029799999999999827e+01 -1.000000000000000000e+00 -1.000000000000000000e+00 -1.000000000000000000e+00 0.000000000000000000e+00 0.000000000000000000e+00
-6.312579999999999858e-01 -1.849110000000000031e+00 -2.054330000000000211e+00 -6.065580000000000416e-01 -1.040569999999999995e+00 -8.713539999999999619e-01 2.264758301858827982e-01 4.366837211491511050e-01 -9.165659999999999918e-01 1.573192437481755190e-01 nan nan 0.000000000000000000e+00 1.869400853139999985e-01 4.075838518040000164e-02 1.230467118250000019e-01 2.029799999999999827e+01 -1.000000000000000000e+00 -1.000000000000000000e+00 -1.000000000000000000e+00 0.000000000000000000e+00 0.000000000000000000e+00
-6.156139999999999946e-01 -9.960400000000000365e-01 -1.193049999999999944e+00 1.154570000000000075e-02 3.032750000000000168e-01 -8.696420000000000261e-01 2.483138457140001698e-01 4.488282204534868036e-01 -4.234689999999999843e-01 1.610971181579592404e-01 nan nan 0.000000000000000000e+00 1.949839145030000109e-01 5.418429360390000088e-02 1.325205297690000006e-01 1.760069999999999979e+01 4.494380000000000308e+01 -1.000000000000000000e+00 -1.000000000000000000e+00 0.000000000000000000e+00 0.000000000000000000e+00
-5.839469999999999938e-01 -4.936050000000000160e-01 -9.048669999999999769e-01 2.935670000000000224e-01 5.366840000000000499e-01 -8.698160000000000336e-01 2.716971440743929378e-01 4.608225989922707377e-01 6.962699999999999445e-02 1.674512836059669496e-01 nan nan 0.000000000000000000e+00 1.949839145030000109e-01 5.418429360390000088e-02 1.325205297690000006e-01 1.760069999999999979e+01 4.494380000000000308e+01 -1.000000000000000000e+00 -1.000000000000000000e+00 2.507894012425311292e-01 5.297541206479094988e-01
-5.961610000000000520e-01 -5.642660000000000453e-01 -5.261400000000000521e-01 9.312930000000000375e-01 5.700920000000000432e-01 -8.596819999999999462e-01 2.962546721773153813e-01 4.726926663497984515e-01 1.055819999999999981e+00 1.730872424996932057e-01 nan nan 0.000000000000000000e+00 3.247851508030000223e-01 6.131199986599999985e-02 1.721829079480000080e-01 3.442360000000000042e+01 6.215440000000000254e+01 6.782590000000000430e+01 -1.000000000000000000e+00 2.507894012425311292e-01 5.297541206479094988e-01
-6.264119999999999688e-01 -1.438890000000000002e+00 -1.168789999999999996e+00 -4.081969999999999765e-01 -6.054829999999999934e-01 -7.856530000000000458e-01 3.207171562132316023e-01 4.844656406057210596e-01 1.220190000000000108e+00 1.781989124908811561e-01 nan nan 0.000000000000000000e+00 3.247851508030000223e-01 6.131199986599999985e-02 1.721829079480000080e-01 3.442360000000000042e+01 6.215440000000000254e+01 6.782590000000000430e+01 -1.000000000000000000e+00 1.529900090140176028e-01 4.852459440912563204e-01
-6.190280000000000227e-01 -1.076019999999999976e+00 -8.634450000000000180e-01 -4.741099999999999759e-01 -8.347740000000000160e-01 -5.944359999999999644e-01 3.449904525144935619e-01 4.961698399433275286e-01 6.962699999999999445e-02 1.829861516340358651e-01 nan nan 0.000000000000000000e+00 4.465262859610000246e-01 6.856554697939999665e-02 2.322020928730000044e-01 2.364000000000000057e+01 5.825909999999999656e+01 7.211430000000000007e+01 7.886530000000000484e+01 1.529900090140176028e-01 4.852459440912563204e-01
-5.942410000000000192e-01 -6.093250000000000055e-01 -3.474490000000000078e-01 -6.398000000000000353e-01 -8.363559999999999883e-01 -1.841109999999999969e-01 3.690133642325817975e-01 5.078343617932123966e-01 -9.473840000000000039e-02 1.876524939148058735e-01 nan nan 0.000000000000000000e+00 4.465262859610000246e-01 6.856554697939999665e-02 2.322020928730000044e-01 2.364000000000000057e+01 5.825909999999999656e+01 7.211430000000000007e+01 7.886530000000000484e+01 1.685189483286284595e-01 3.039018295288282712e-01
-4.262469999999999870e-01 1.812020000000000020e-01 4.269709999999999894e-01 -4.162730000000000041e-01 -1.891279999999999906e-01 5.222360000000000335e-01 3.927337890736036785e-01 5.194887531477599962e-01 -9.473840000000000039e-02 1.924028431285990104e-01 nan nan 0.000000000000000000e+00 4.135210648450000082e-01 1.026346071870000015e-01 2.510427771109999817e-01 2.339399999999999835e+01 5.717040000000000077e+01 7.450199999999999534e+01 8.552530000000000143e+01 1.685189483286284595e-01 3.039018295288282712e-01
1.113869999999999999e-01 7.671689999999999898e-01 9.656430000000000291e-01 -3.437589999999999812e-01 8.065150000000000097e-02 9.367079999999999851e-01 4.161083376857511729e-01 5.311626757819152278e-01 -2.591040000000000010e-01 1.974411512387038714e-01 nan nan 0.000000000000000000e+00 4.135210648450000082e-01 1.026346071870000015e-01 2.510427771109999817e-01 2.339399999999999835e+01 5.717040000000000077e+01 7.450199999999999534e+01 8.552530000000000143e+01 2.174753194038874238e-01 2.372399104009943471e-01
5.375149999999999650e-01 9.800090000000000190e-01 1.200369999999999937e+00 -1.438020000000000131e-01 1.414330000000000032e-01 1.256189999999999918e+00 4.390962614480338200e-01 5.428855701734207617e-01 -9.473840000000000039e-02 2.029681075190518103e-01 nan nan 0.000000000000000000e+00 3.935667707850000197e-01 9.911461553229999888e-02 2.458210687309999865e-01 2.394910000000000139e+01 5.975750000000000028e+01 8.302410000000000423e+01 9.632200000000000273e+01 2.174753194038874238e-01 2.372399104009943471e-01
5.647440000000000238e-01 9.907580000000000275e-01 1.221680000000000099e+00 -8.991799999999999793e-02 2.543389999999999818e-01 1.295730000000000048e+00 4.616557901959211785e-01 5.546863219304399850e-01 -9.473840000000000039e-02 2.091788646645514893e-01 nan nan 0.000000000000000000e+00 3.935667707850000197e-01 9.911461553229999888e-02 2.458210687309999865e-01 2.394910000000000139e+01 5.975750000000000028e+01 8.302410000000000423e+01 9.632200000000000273e+01 2.001813598752070211e-01 1.995487680136728281e-01
3.088489999999999847e-01 8.772370000000000445e-01 1.136100000000000110e+00 -2.553409999999999846e-01 -1.105949999999999989e-01 1.039539999999999909e+00 4.837507928527562395e-01 5.665929345060751743e-01 -2.591040000000000010e-01 2.162608276330759693e-01 nan nan 0.000000000000000000e+00 3.699996212580000110e-01 8.157778994410000428e-02 2.302866620700000089e-01 2.191240000000000165e+01 6.746410000000000196e+01 8.985500000000000398e+01 1.008790000000000049e+02 2.001813598752070211e-01 1.995487680136728281e-01
-2.818040000000000128e-02 6.685990000000000544e-01 9.861299999999999510e-01 5.951100000000000279e-01 3.435900000000000065e-01 5.868090000000000250e-01 5.053531035901389634e-01 5.786322119080533621e-01 -2.591040000000000010e-01 2.243915302724075467e-01 nan nan 0.000000000000000000e+00 3.699996212580000110e-01 8.157778994410000428e-02 2.302866620700000089e-01 2.191240000000000165e+01 6.746410000000000196e+01 8.985500000000000398e+01 1.008790000000000049e+02 2.120291255323397683e-01 3.810838631155075706e-01
5.334239999999999642e-03 6.950119999999999632e-01 9.776660000000000350e-01 3.750609999999999777e-01 1.909820000000000129e-01 4.661589999999999900e-01 5.264376657058082998e-01 5.908294549986096156e-01 -2.591040000000000010e-01 2.337366237908032884e-01 nan nan 0.000000000000000000e+00 3.662687891449999955e-01 6.692073561189999797e-02 2.069521753870000036e-01 3.032410000000000139e+01 6.917860000000000298e+01 1.002159999999999940e+02 1.168750000000000000e+02 2.120291255323397683e-01 3.810838631155075706e-01
8.757900000000000754e-03 6.964519999999999600e-01 9.830889999999999906e-01 9.044410000000000505e-01 7.079379999999999562e-01 4.045079999999999787e-01 5.469840073096011723e-01 6.032081748256070686e-01 6.962699999999999445e-02 2.444479998626141182e-01 nan nan 0.000000000000000000e+00 3.662687891449999955e-01 6.692073561189999797e-02 2.069521753870000036e-01 3.032410000000000139e+01 6.917860000000000298e+01 1.002159999999999940e+02 1.168750000000000000e+02 3.309601817916842936e-01 7.095736278533786301e-01
-4.107360000000000178e-02 6.598680000000000101e-01 9.450239999999999752e-01 7.985130000000000283e-01 9.853199999999999736e-01 3.259150000000000102e-01 5.669807299651833388e-01 6.157898262329704053e-01 6.962699999999999445e-02 2.566620696349223296e-01 nan nan 0.000000000000000000e+00 3.425208062199999737e-01 5.949834427459999714e-02 1.930560418210000018e-01 3.752029999999999887e+01 1.025010000000000048e+02 1.329420000000000073e+02 1.350550000000000068e+02 3.309601817916842936e-01 7.095736278533786301e-01
-7.909199999999999564e-02 6.291250000000000453e-01 9.189619999999999456e-01 -5.997489999999999766e-02 7.821699999999999486e-02 -1.865729999999999889e-01 5.864222308771165348e-01 6.285935647687319605e-01 -2.591040000000000010e-01 2.704982181347374004e-01 nan nan 0.000000000000000000e+00 3.425208062199999737e-01 5.949834427459999714e-02 1.930560418210000018e-01 3.752029999999999887e+01 1.025010000000000048e+02 1.329420000000000073e+02 1.350550000000000068e+02 3.507424419891291834e-01 5.692385379306772464e-01
-2.281789999999999929e-01 4.801420000000000132e-01 7.820610000000000062e-01 3.221840000000000259e-01 7.264470000000000649e-02 2.551169999999999827e-01 6.053108619424213410e-01 6.416360296450174250e-01 2.339920000000000055e-01 2.860574515889364733e-01 nan nan 0.000000000000000000e+00 3.426910318699999958e-01 4.876531266120000263e-02 1.810612815900000117e-01 4.933010000000000161e+01 1.282139999999999986e+02 1.491080000000000041e+02 1.372860000000000014e+02 3.507424419891291834e-01 5.692385379306772464e-01
-3.595369999999999955e-01 3.564419999999999811e-01 5.405729999999999702e-01 6.071010000000000018e-01 5.466170000000000195e-01 6.207399999999999585e-01 6.236573929311540754e-01 6.549311552091242605e-01 6.962699999999999445e-02 3.034212529833537619e-01 nan nan 0.000000000000000000e+00 3.426910318699999958e-01 4.876531266120000263e-02 1.810612815900000117e-01 4.933010000000000161e+01 1.282139999999999986e+02 1.491080000000000041e+02 1.372860000000000014e+02 4.328725569043596622e-01 7.621450675229500815e-01
-8.707310000000000050e-02 7.158750000000000391e-01 8.710390000000000077e-01 7.858530000000000237e-01 6.892249999999999766e-01 2.502240000000000020e+00 6.414805996520203113e-01 6.684900130617985603e-01 -5.878349999999999964e-01 3.226506588279918208e-01 nan nan 0.000000000000000000e+00 3.326730299060000062e-01 4.808209833129999805e-02 1.894100899950000028e-01 3.579560000000000031e+01 1.072620000000000005e+02 1.205789999999999935e+02 1.098029999999999973e+02 4.328725569043596622e-01 7.621450675229500815e-01
2.077550000000000008e+00 1.486779999999999990e+00 1.638740000000000085e+00 8.924119999999999830e-01 7.875640000000000418e-01 2.764149999999999885e+00 6.588037858208840580e-01 6.823206866115754110e-01 -7.521999999999999797e-01 3.437855675889749385e-01 nan nan 0.000000000000000000e+00 3.326730299060000062e-01 4.808209833129999805e-02 1.894100899950000028e-01 3.579560000000000031e+01 1.072620000000000005e+02 1.205789999999999935e+02 1.098029999999999973e+02 5.556683057425229055e-01 9.758976085352115692e-01
7.755549999999999944e-01 1.170849999999999946e+00 1.330880000000000063e+00 7.619629999999999459e-01 7.319919999999999760e-01 2.995019999999999794e+00 6.756540677789271143e-01 6.964281794865292419e-01 -4.234689999999999843e-01 3.668442876229843774e-01 nan nan 0.000000000000000000e+00 3.118871062829999818e-01 5.200437564060000212e-02 1.828656953420000064e-01 3.408330000000000126e+01 8.495499999999999829e+01 9.520340000000000202e+01 9.130190000000000339e+01 5.556683057425229055e-01 9.758976085352115692e-01
9.895279999999999632e-01 1.278680000000000039e+00 1.321649999999999991e+00 5.742089999999999694e-01 5.450059999999999905e-01 1.158719999999999972e+00 6.920652796428445885e-01 7.108143588411690583e-01 -4.234689999999999843e-01 3.918233297362623269e-01 nan nan 0.000000000000000000e+00 3.118871062829999818e-01 5.200437564060000212e-02 1.828656953420000064e-01 3.408330000000000126e+01 8.495499999999999829e+01 9.520340000000000202e+01 9.130190000000000339e+01 5.837574959382945128e-01 9.699480791889476539e-01
9.178779999999999717e-01 1.267509999999999915e+00 1.277649999999999952e+00 5.294720000000000537e-01 4.201730000000000187e-01 8.102049999999999530e-01 7.080752345803890124e-01 7.254779342008312870e-01 -7.521999999999999797e-01 4.186974467185708981e-01 nan nan 0.000000000000000000e+00 3.153909117409999796e-01 6.053964080230000294e-02 2.143504311889999903e-01 3.259470000000000312e+01 8.336650000000000205e+01 9.359069999999999823e+01 9.363379999999999370e+01 5.837574959382945128e-01 9.699480791889476539e-01
-3.951359999999999872e-01 2.524299999999999877e-01 5.637050000000000116e-01 7.362800000000000455e-01 4.407579999999999831e-01 -3.744899999999999896e-01 7.237275144032436769e-01 7.404144720832739335e-01 -7.521999999999999797e-01 4.474199194041729166e-01 nan nan 0.000000000000000000e+00 3.153909117409999796e-01 6.053964080230000294e-02 2.143504311889999903e-01 3.259470000000000312e+01 8.336650000000000205e+01 9.359069999999999823e+01 9.363379999999999370e+01 4.834536101950157594e-01 8.379611047091268805e-01
-1.896329999999999960e-01 6.406579999999999497e-01 7.333089999999999886e-01 3.286359999999999837e-01 1.998060000000000114e-01 -4.505549999999999833e-01 7.390719161487155908e-01 7.556164462318014641e-01 -5.878349999999999964e-01 4.779230860186470808e-01 nan nan 0.000000000000000000e+00 4.005718180730000189e-01 5.285749807969999936e-02 2.461956081009999964e-01 2.352599999999999980e+01 6.427970000000000539e+01 7.698619999999999663e+01 8.267119999999999891e+01 4.834536101950157594e-01 8.379611047091268805e-01
-4.305729999999999835e-01 2.046570000000000056e-01 4.131509999999999905e-01 6.082210000000000116e-01 3.544649999999999745e-01 -9.441979999999999817e-02 7.541624722055720875e-01 7.710733228907606929e-01 -2.591040000000000010e-01 5.101191088138288254e-01 nan nan 0.000000000000000000e+00 4.005718180730000189e-01 5.285749807969999936e-02 2.461956081009999964e-01 2.352599999999999980e+01 6.427970000000000539e+01 7.698619999999999663e+01 8.267119999999999891e+01 1.795894573777305769e-01 3.545505159711521692e-01
-3.738819999999999921e-01 2.695339999999999958e-01 5.438610000000000388e-01 5.514940000000000397e-01 3.918479999999999741e-01 2.042680000000000051e-01 7.690540507794860758e-01 7.867716801572013363e-01 2.339920000000000055e-01 5.439009693045954164e-01 nan nan 0.000000000000000000e+00 4.701389684839999972e-01 4.126249068889999844e-02 2.826090336329999952e-01 1.699330000000000140e+01 3.861889999999999645e+01 5.138340000000000174e+01 6.314690000000000225e+01 1.795894573777305769e-01 3.545505159711521692e-01
-7.835780000000000522e-02 6.574060000000000459e-01 8.381150000000000544e-01 6.614830000000000432e-01 6.856020000000000447e-01 4.533409999999999940e-01 7.837869465423906723e-01 8.026953600563997426e-01 3.983579999999999899e-01 5.791436808310643780e-01 nan nan 0.000000000000000000e+00 4.701389684839999972e-01 4.126249068889999844e-02 2.826090336329999952e-01 1.699330000000000140e+01 3.861889999999999645e+01 5.138340000000000174e+01 6.314690000000000225e+01 2.275202815396157874e-01 3.415832610412646853e-01
-1.451479999999999958e-02 6.860730000000000439e-01 9.174470000000000125e-01 7.989800000000000235e-01 3.863150000000000195e-01 6.706109999999999571e-01 7.984406431371786628e-01 8.197862963313657936e-01 6.962699999999999445e-02 6.157057047073922762e-01 nan nan 0.000000000000000000e+00 5.053925439180000367e-01 3.484795263369999674e-02 2.900106808340000009e-01 1.554519999999999946e+01 2.898999999999999844e+01 3.417620000000000147e+01 4.370340000000000202e+01 2.275202815396157874e-01 3.415832610412646853e-01
1.783069999999999933e-01 8.295090000000000519e-01 9.634629999999999583e-01 8.302640000000000020e-01 8.291429999999999634e-01 9.121399999999999508e-01 8.130911366325330736e-01 8.371533660280050526e-01 3.983579999999999899e-01 6.500600694256430945e-01 nan nan 0.000000000000000000e+00 5.053925439180000367e-01 3.484795263369999674e-02 2.900106808340000009e-01 1.554519999999999946e+01 2.898999999999999844e+01 3.417620000000000147e+01 4.370340000000000202e+01 2.613093535276114210e-01 3.478370644672613698e-01
6.268390000000000351e-01 1.036329999999999973e+00 1.044729999999999936e+00 7.631839999999999735e-01 6.206990000000000007e-01 1.256429999999999936e+00 8.277781380009325840e-01 8.548326565041933778e-01 1.055819999999999981e+00 6.852978039832601231e-01 nan nan 0.000000000000000000e+00 5.850603544739999551e-01 3.026303053820000172e-02 2.587058649199999727e-01 6.594640000000000057e+00 2.063289999999999935e+01 2.747589999999999932e+01 3.204129999999999967e+01 2.613093535276114210e-01 3.478370644672613698e-01
1.108659999999999979e+00 1.167040000000000077e+00 1.163380000000000081e+00 1.003540000000000099e+00 1.152879999999999905e+00 1.380030000000000090e+00 8.425623889260223098e-01 8.713343396919950301e-01 1.055819999999999981e+00 7.210196507674210276e-01 nan nan 0.000000000000000000e+00 5.850603544739999551e-01 3.026303053820000172e-02 2.587058649199999727e-01 6.594640000000000057e+00 2.063289999999999935e+01 2.747589999999999932e+01 3.204129999999999967e+01 3.018346494518722167e-01 3.510481270959304734e-01
1.855129999999999946e+00 1.344819999999999904e+00 1.287779999999999925e+00 1.098980000000000068e+00 1.011989999999999945e+00 1.706250000000000044e+00 8.574937658458746670e-01 8.866374718235769947e-01 1.055819999999999981e+00 7.568208669803355715e-01 nan nan 0.000000000000000000e+00 6.465917476450000478e-01 2.725186412129999847e-02 2.168751922840000124e-01 8.573050000000000281e+00 1.684890000000000043e+01 2.228770000000000095e+01 2.564809999999999945e+01 3.018346494518722167e-01 3.510481270959304734e-01
2.048090000000000188e+00 1.372479999999999922e+00 1.286070000000000046e+00 1.026370000000000005e+00 1.185840000000000005e+00 1.946839999999999904e+00 8.726181690687430104e-01 9.021406271528280563e-01 1.220190000000000108e+00 7.888155328598628335e-01 nan nan 0.000000000000000000e+00 6.465917476450000478e-01 2.725186412129999847e-02 2.168751922840000124e-01 8.573050000000000281e+00 1.684890000000000043e+01 2.228770000000000095e+01 2.564809999999999945e+01 3.738658260780387543e-01 3.608496368132793064e-01
2.327240000000000197e+00 1.417799999999999949e+00 1.286410000000000053e+00 9.655690000000000106e-01 1.303469999999999906e+00 2.005549999999999944e+00 8.879641112467652198e-01 9.176681487351213695e-01 1.220190000000000108e+00 8.197538452251416086e-01 nan nan 0.000000000000000000e+00 7.044398662299999891e-01 2.509191398330000086e-02 1.669655335540000118e-01 4.752139999999999809e+00 1.191380000000000017e+01 1.653900000000000148e+01 2.104410000000000025e+01 3.738658260780387543e-01 3.608496368132793064e-01
2.810929999999999929e+00 1.491039999999999921e+00 1.307299999999999907e+00 1.512429999999999941e+00 1.442749999999999977e+00 2.164890000000000203e+00 9.023315300706070685e-01 9.330441035464465127e-01 1.055819999999999981e+00 8.490274853167265601e-01 nan nan 0.000000000000000000e+00 7.044398662299999891e-01 2.509191398330000086e-02 1.669655335540000118e-01 4.752139999999999809e+00 1.191380000000000017e+01 1.653900000000000148e+01 2.104410000000000025e+01 4.199722562571855944e-01 3.770635609130811305e-01
3.087429999999999897e+00 1.524270000000000014e+00 1.258590000000000098e+00 1.844249999999999945e+00 1.674639999999999906e+00 2.048540000000000028e+00 9.155941660448805308e-01 9.480942758748717170e-01 1.220190000000000108e+00 8.760469957772021310e-01 nan nan 0.000000000000000000e+00 7.052540594489999926e-01 2.677226899419999848e-02 1.597832011410000030e-01 4.200870000000000104e+00 6.984440000000000204e+00 9.880589999999999762e+00 1.360999999999999943e+01 4.199722562571855944e-01 3.770635609130811305e-01
3.139850000000000030e+00 1.530960000000000099e+00 1.236969999999999903e+00 1.582049999999999956e+00 1.561979999999999924e+00 1.883520000000000083e+00 9.289293401532523475e-01 9.610761763984109196e-01 1.384549999999999947e+00 9.037287371155869886e-01 nan nan 0.000000000000000000e+00 7.052540594489999926e-01 2.677226899419999848e-02 1.597832011410000030e-01 4.200870000000000104e+00 6.984440000000000204e+00 9.880589999999999762e+00 1.360999999999999943e+01 4.450063961741702601e-01 3.828771380109537992e-01
2.869349999999999845e+00 1.495610000000000106e+00 1.226059999999999928e+00 1.052140000000000075e+00 1.374349999999999961e+00 2.202659999999999840e+00 9.423629052214221868e-01 9.716766881004053058e-01 1.384549999999999947e+00 9.283885796554561809e-01 nan nan 0.000000000000000000e+00 7.029860699759999942e-01 3.374379738950000068e-02 1.512243121569999960e-01 3.474060000000000148e+00 5.151220000000000354e+00 6.475089999999999790e+00 9.204119999999999635e+00 4.450063961741702601e-01 3.828771380109537992e-01
2.967429999999999790e+00 1.509139999999999926e+00 1.240809999999999969e+00 1.127799999999999914e+00 1.499149999999999983e+00 2.042889999999999873e+00 9.548755453061908982e-01 9.810652175900763661e-01 1.713279999999999914e+00 9.497471175272599320e-01 nan nan 0.000000000000000000e+00 7.029860699759999942e-01 3.374379738950000068e-02 1.512243121569999960e-01 3.474060000000000148e+00 5.151220000000000354e+00 6.475089999999999790e+00 9.204119999999999635e+00 4.321492764496646100e-01 3.900793702173940281e-01
2.764839999999999964e+00 1.481810000000000072e+00 1.239440000000000097e+00 1.843830000000000080e+00 1.754089999999999927e+00 1.791830000000000034e+00 9.655195859400219627e-01 9.889025258797724538e-01 2.042009999999999881e+00 9.675623499624723678e-01 nan nan 0.000000000000000000e+00 6.937530572040000454e-01 4.005166587189999683e-02 1.488474707540000108e-01 2.969399999999999817e+00 4.368459999999999788e+00 5.170740000000000336e+00 8.090049999999999741e+00 4.321492764496646100e-01 3.900793702173940281e-01
2.583050000000000068e+00 1.455689999999999928e+00 1.243330000000000046e+00 1.495500000000000052e+00 1.495440000000000103e+00 1.648930000000000007e+00 9.747871790093514122e-01 9.948669499378740566e-01 1.548920000000000075e+00 9.816324232589964671e-01 nan nan 0.000000000000000000e+00 6.937530572040000454e-01 4.005166587189999683e-02 1.488474707540000108e-01 2.969399999999999817e+00 4.368459999999999788e+00 5.170740000000000336e+00 8.090049999999999741e+00 4.360571499511515237e-01 3.863892377610607110e-01
2.377349999999999852e+00 1.425289999999999946e+00 1.229989999999999917e+00 1.472180000000000044e+00 1.510709999999999997e+00 1.885440000000000005e+00 9.830442012377930139e-01 9.986580472594721591e-01 1.384549999999999947e+00 9.917979178642666316e-01 nan nan 0.000000000000000000e+00 6.715035207930000194e-01 4.776733365110000240e-02 1.478898368519999951e-01 1.632970000000000033e+00 3.924510000000000165e+00 7.222220000000000084e+00 1.000639999999999930e+01 4.360571499511515237e-01 3.863892377610607110e-01
1.982350000000000056e+00 1.358060000000000045e+00 1.195719999999999894e+00 1.034159999999999968e+00 1.183589999999999920e+00 1.523879999999999901e+00 9.899941164551916417e-01 1.000000000000000000e+00 1.384549999999999947e+00 9.979436546624796955e-01 nan nan 0.000000000000000000e+00 6.715035207930000194e-01 4.776733365110000240e-02 1.478898368519999951e-01 1.632970000000000033e+00 3.924510000000000165e+00 7.222220000000000084e+00 1.000639999999999930e+01 4.465339213135636198e-01 3.765197519195162545e-01
1.871990000000000043e+00 1.337730000000000086e+00 1.159429999999999961e+00 1.099580000000000002e+00 1.296280000000000099e+00 1.548980000000000024e+00 9.953241359346884920e-01 9.986447401016227410e-01 1.055819999999999981e+00 1.000000000000000000e+00 nan nan 0.000000000000000000e+00 6.615140945430000308e-01 5.231855144769999993e-02 1.473833712189999978e-01 3.388990000000000169e+00 6.154620000000000424e+00 9.151479999999999393e+00 1.441810000000000080e+01 4.465339213135636198e-01 3.765197519195162545e-01
1.854349999999999943e+00 1.334819999999999895e+00 1.170560000000000045e+00 1.322559999999999958e+00 1.243230000000000057e+00 1.408290000000000042e+00 9.987471933757751108e-01 9.943747600034551493e-01 1.220190000000000108e+00 9.979436546624798066e-01 nan nan 0.000000000000000000e+00 6.615140945430000308e-01 5.231855144769999993e-02 1.473833712189999978e-01 3.388990000000000169e+00 6.154620000000000424e+00 9.151479999999999393e+00 1.441810000000000080e+01 4.188603474984751163e-01 3.757299340955291278e-01
1.920860000000000012e+00 1.346870000000000012e+00 1.164709999999999912e+00 1.397939999999999960e+00 1.408819999999999961e+00 1.469149999999999956e+00 1.000000000000000000e+00 9.870055770891398295e-01 1.220190000000000108e+00 9.917979178642666316e-01 nan nan 0.000000000000000000e+00 6.434142344030000515e-01 6.049111216900000115e-02 1.450206335279999870e-01 2.508719999999999839e+00 6.981390000000000207e+00 1.311209999999999987e+01 2.155790000000000006e+01 4.188603474984751163e-01 3.757299340955291278e-01
1.962909999999999933e+00 1.354570000000000052e+00 1.156539999999999901e+00 1.472960000000000047e+00 1.649019999999999930e+00 1.556810000000000027e+00 9.988454282713271626e-01 9.763878239486042387e-01 1.055819999999999981e+00 9.816324232589964671e-01 nan nan 0.000000000000000000e+00 6.434142344030000515e-01 6.049111216900000115e-02 1.450206335279999870e-01 2.508719999999999839e+00 6.981390000000000207e+00 1.311209999999999987e+01 2.155790000000000006e+01 3.963630867882569353e-01 3.746487900249892977e-01
1.646649999999999947e+00 1.293400000000000105e+00 1.136579999999999924e+00 1.329339999999999966e+00 1.345660000000000078e+00 1.351529999999999898e+00 9.950718876149340364e-01 9.624089407705017640e-01 1.220190000000000108e+00 9.675623499624723678e-01 nan nan 0.000000000000000000e+00 6.147355631069999493e-01 8.699937038239999310e-02 1.245440740799999974e-01 5.655700000000000394e+00 1.508689999999999998e+01 2.384969999999999857e+01 3.456230000000000047e+01 3.963630867882569353e-01 3.746487900249892977e-01
1.515549999999999953e+00 1.265479999999999938e+00 1.138400000000000079e+00 1.077350000000000030e+00 1.490369999999999973e+00 1.370290000000000008e+00 9.884832034617492269e-01 9.465664198335217439e-01 1.713279999999999914e+00 9.531176020132582360e-01 nan nan 0.000000000000000000e+00 6.147355631069999493e-01 8.699937038239999310e-02 1.245440740799999974e-01 5.655700000000000394e+00 1.508689999999999998e+01 2.384969999999999857e+01 3.456230000000000047e+01 3.604419567435106497e-01 3.747329509406600589e-01
1.094289999999999985e+00 1.162639999999999896e+00 1.142589999999999995e+00 1.033300000000000107e+00 1.249600000000000044e+00 1.303180000000000005e+00 9.789113905881000610e-01 9.289729188066324639e-01 1.713279999999999914e+00 9.352393418184626883e-01 nan nan 0.000000000000000000e+00 5.443987781679999749e-01 1.048081071699999978e-01 1.246254026740000048e-01 9.550679999999999836e+00 2.669960000000000022e+01 4.201420000000000243e+01 5.220430000000000348e+01 3.604419567435106497e-01 3.747329509406600589e-01
8.274820000000000508e-01 1.083690000000000042e+00 1.133760000000000101e+00 1.166819999999999968e+00 1.274100000000000010e+00 1.202870000000000106e+00 9.662819800673466686e-01 9.083054053994905619e-01 8.914539999999999687e-01 9.143879125279079645e-01 nan nan 0.000000000000000000e+00 5.443987781679999749e-01 1.048081071699999978e-01 1.246254026740000048e-01 9.550679999999999836e+00 2.669960000000000022e+01 4.201420000000000243e+01 5.220430000000000348e+01 2.525382286105997132e-01 3.719912472647702861e-01
6.091649999999999565e-01 1.007379999999999942e+00 1.135979999999999990e+00 7.903499999999999970e-01 9.267220000000000457e-01 9.390859999999999763e-01 9.513054035162301636e-01 8.847980507973184361e-01 3.983579999999999899e-01 8.910573444852887270e-01 nan nan 0.000000000000000000e+00 4.969704156190000166e-01 9.284648409239999733e-02 1.271203069750000136e-01 1.558290000000000042e+01 4.341729999999999734e+01 5.816259999999999764e+01 6.608839999999999293e+01 2.525382286105997132e-01 3.719912472647702861e-01
4.640960000000000085e-01 9.489039999999999697e-01 1.106649999999999912e+00 8.588000000000000078e-01 1.075159999999999894e+00 7.405040000000000511e-01 9.346528153690359941e-01 8.587172027208208602e-01 3.983579999999999899e-01 8.657697576669742823e-01 nan nan 0.000000000000000000e+00 4.969704156190000166e-01 9.284648409239999733e-02 1.271203069750000136e-01 1.558290000000000042e+01 4.341729999999999734e+01 5.816259999999999764e+01 6.608839999999999293e+01 1.882148466807365139e-01 3.798861885463467036e-01
2.411429999999999962e-01 8.419069999999999609e-01 1.069209999999999994e+00 4.880709999999999771e-01 5.850769999999999582e-01 3.536299999999999999e-01 9.157285928352379978e-01 8.303583676000826364e-01 6.962699999999999445e-02 8.390694458540475242e-01 nan nan 0.000000000000000000e+00 4.659193630719999923e-01 7.262504723429999420e-02 1.192792464119999951e-01 2.284979999999999833e+01 5.731609999999999872e+01 7.378700000000000614e+01 7.383820000000000050e+01 1.882148466807365139e-01 3.798861885463467036e-01
1.279369999999999952e-01 7.778059999999999974e-01 1.031879999999999908e+00 5.820330000000000226e-01 8.057879999999999487e-01 -4.687299999999999800e-02 8.940966151586653421e-01 8.000428623686375307e-01 6.962699999999999445e-02 8.081462250802788905e-01 nan nan 0.000000000000000000e+00 4.659193630719999923e-01 7.262504723429999420e-02 1.192792464119999951e-01 2.284979999999999833e+01 5.731609999999999872e+01 7.378700000000000614e+01 7.383820000000000050e+01 2.854744773758952636e-01 5.250799528698872898e-01
-1.127510000000000040e-01 6.007179999999999742e-01 8.477400000000000491e-01 4.728729999999999878e-01 5.121679999999999566e-01 -4.189919999999999756e-01 8.700019812900932070e-01 7.681141738142188702e-01 6.962699999999999445e-02 7.768307454703352599e-01 nan nan 0.000000000000000000e+00 3.744430680679999845e-01 7.099291473869999425e-02 1.116749581039999939e-01 3.494270000000000209e+01 7.927519999999999811e+01 8.797820000000000107e+01 8.614270000000000493e+01 2.854744773758952636e-01 5.250799528698872898e-01
-4.063189999999999857e-01 2.120460000000000123e-01 4.413940000000000086e-01 2.820790000000000242e-01 5.625780000000000225e-01 -7.153310000000000501e-01 8.437176930589797008e-01 7.349340667362047608e-01 6.962699999999999445e-02 7.454778239212285218e-01 nan nan 0.000000000000000000e+00 3.744430680679999845e-01 7.099291473869999425e-02 1.116749581039999939e-01 3.494270000000000209e+01 7.927519999999999811e+01 8.797820000000000107e+01 8.614270000000000493e+01 6.250924341625869740e-01 7.661330001424261349e-01
-5.770779999999999799e-01 -3.990960000000000063e-01 -2.742999999999999883e-01 5.673960000000000115e-01 4.288279999999999870e-01 -8.048699999999999743e-01 8.155415619536519056e-01 7.008784850058874527e-01 6.962699999999999445e-02 7.144427015621015453e-01 nan nan 0.000000000000000000e+00 3.059605084400000008e-01 6.402386831350000140e-02 1.129938296119999963e-01 2.939900000000000091e+01 8.050589999999999691e+01 9.665840000000000032e+01 9.290019999999999811e+01 6.250924341625869740e-01 7.661330001424261349e-01
-4.832659999999999734e-01 2.081979999999999942e-02 -1.111810000000000020e-01 1.831229999999999913e+00 1.585839999999999916e+00 -8.007210000000000161e-01 7.857928347981442130e-01 6.647613271164303228e-01 2.535109999999999975e+00 6.840770187302891436e-01 nan nan 0.000000000000000000e+00 3.059605084400000008e-01 6.402386831350000140e-02 1.129938296119999963e-01 2.939900000000000091e+01 8.050589999999999691e+01 9.665840000000000032e+01 9.290019999999999811e+01 6.009542983909708092e-01 5.968206595626222022e-01
-5.209859999999999491e-01 -1.127849999999999964e-01 -6.865719999999999601e-01 2.063530000000000086e+00 1.550030000000000019e+00 -8.206820000000000226e-01 7.545814875734792038e-01 6.268257880019820760e-01 4.014400000000000190e+00 6.547248307457866900e-01 nan nan 0.000000000000000000e+00 2.529316195599999872e-01 6.731866228459999768e-02 1.465646396910000038e-01 3.158840000000000003e+01 6.804000000000000625e+01 8.850119999999999720e+01 9.003159999999999741e+01 6.009542983909708092e-01 5.968206595626222022e-01
-4.710880000000000067e-01 1.058879999999999960e-01 -1.800630000000000008e-01 1.572899999999999965e+00 1.525970000000000049e+00 -8.140560000000000018e-01 7.210254660864570120e-01 5.887912071215362086e-01 2.863840000000000163e+00 6.232384319499896241e-01 nan nan 0.000000000000000000e+00 2.529316195599999872e-01 6.731866228459999768e-02 1.465646396910000038e-01 3.158840000000000003e+01 6.804000000000000625e+01 8.850119999999999720e+01 9.003159999999999741e+01 6.204882682830724638e-01 8.382491939973844008e-01
-5.503540000000000099e-01 -2.639270000000000227e-01 -7.734180000000000221e-02 1.914520000000000000e+00 1.394360000000000044e+00 -7.937859999999999916e-01 6.855263016374683049e-01 5.508556682772480784e-01 2.042009999999999881e+00 5.930872849905544086e-01 nan nan 0.000000000000000000e+00 2.232231679020000026e-01 6.890049777470000358e-02 1.869126844810000132e-01 2.921460000000000079e+01 6.243999999999999773e+01 7.372929999999999495e+01 7.821699999999999875e+01 6.204882682830724638e-01 8.382491939973844008e-01
-5.975620000000000376e-01 -5.393919999999999826e-01 -6.247390000000000443e-01 4.331550000000000122e-01 5.287420000000000453e-01 -8.022719999999999851e-01 6.494364871748454782e-01 5.132161330854279058e-01 6.962699999999999445e-02 5.643552390922939033e-01 nan nan 0.000000000000000000e+00 2.232231679020000026e-01 6.890049777470000358e-02 1.869126844810000132e-01 2.921460000000000079e+01 6.243999999999999773e+01 7.372929999999999495e+01 7.821699999999999875e+01 3.471152444849866514e-01 6.332008338404567782e-01
-6.271320000000000228e-01 -1.469100000000000072e+00 -1.242129999999999956e+00 -3.001679999999999904e-01 -6.094880000000000297e-01 -8.227250000000000396e-01 6.129803160244082783e-01 4.760662093227263636e-01 -5.878349999999999964e-01 5.371100644979540650e-01 nan nan 0.000000000000000000e+00 2.042719996519999914e-01 7.458475728310000330e-02 1.962322010870000133e-01 2.748260000000000147e+01 5.426279999999999859e+01 6.719029999999999347e+01 6.738840000000000430e+01 3.471152444849866514e-01 6.332008338404567782e-01
-5.839069999999999538e-01 -3.826539999999999941e-01 -3.411299999999999888e-01 -1.399920000000000053e+00 -1.283949999999999925e+00 -7.841949999999999754e-01 5.763567399679614400e-01 4.395939572726638156e-01 -7.521999999999999797e-01 5.114026846042836194e-01 nan nan 0.000000000000000000e+00 2.042719996519999914e-01 7.458475728310000330e-02 1.962322010870000133e-01 2.748260000000000147e+01 5.426279999999999859e+01 6.719029999999999347e+01 6.738840000000000430e+01 8.987245434966830704e-01 1.000000000000000000e+00
-5.804059999999999775e-01 -3.085910000000000042e-01 -4.035590000000000011e-01 -1.037390000000000034e+00 -1.114889999999999937e+00 -6.808959999999999457e-01 5.397605176934641147e-01 4.039797589274720657e-01 -9.165659999999999918e-01 4.872665989796014507e-01 nan nan 0.000000000000000000e+00 2.146876449410000109e-01 6.237004057630000237e-02 1.939375827879999958e-01 2.026229999999999976e+01 4.197359999999999758e+01 5.030899999999999750e+01 5.638719999999999999e+01 8.987245434966830704e-01 1.000000000000000000e+00
-6.250480000000000480e-01 -1.340119999999999978e+00 -1.055749999999999966e+00 -1.928209999999999924e-01 -5.106230000000000491e-01 -7.181659999999999711e-01 5.033806182293383280e-01 3.693942741880461567e-01 2.339920000000000055e-01 4.647175038003008574e-01 nan nan 0.000000000000000000e+00 2.146876449410000109e-01 6.237004057630000237e-02 1.939375827879999958e-01 2.026229999999999976e+01 4.197359999999999758e+01 5.030899999999999750e+01 5.638719999999999999e+01 9.009483610141040266e-01 9.341149508629731368e-01
-5.762260000000000160e-01 -2.832470000000000265e-01 -3.394309999999999827e-01 -9.698860000000000259e-01 -1.103520000000000056e+00 -6.283429999999999849e-01 4.674045303901878112e-01 3.359965072190747026e-01 2.339920000000000055e-01 4.437531140069002067e-01 nan nan 0.000000000000000000e+00 1.867906502299999938e-01 6.642065749580000622e-02 1.913642513559999925e-01 2.029329999999999856e+01 2.579410000000000025e+01 3.279299999999999926e+01 4.949119999999999919e+01 9.009483610141040266e-01 9.341149508629731368e-01
-5.186899999999999844e-01 5.917189999999999950e-02 -3.530799999999999911e-02 -1.200939999999999896e+00 -1.156009999999999982e+00 -6.753339999999999899e-01 4.320205171082687201e-01 3.039320048683189501e-01 -9.165659999999999918e-01 4.243531891946795698e-01 nan nan 0.000000000000000000e+00 1.867906502299999938e-01 6.642065749580000622e-02 1.913642513559999925e-01 2.029329999999999856e+01 2.579410000000000025e+01 3.279299999999999926e+01 4.949119999999999919e+01 7.543815142470056134e-01 8.394889490243806485e-01
-5.400260000000000060e-01 -4.294370000000000132e-02 -1.223469999999999974e-01 -1.260450000000000070e+00 -1.152740000000000098e+00 -7.312999999999999501e-01 3.974094947742341510e-01 2.733312075626702642e-01 -9.165659999999999918e-01 4.064797629455534356e-01 nan nan 0.000000000000000000e+00 1.885446687070000127e-01 7.209098394879999427e-02 1.679263764320000074e-01 8.739819999999999922e+00 2.253269999999999840e+01 3.273329999999999984e+01 4.693659999999999854e+01 7.543815142470056134e-01 8.394889490243806485e-01
-6.019449999999999523e-01 -5.674989999999999757e-01 -6.268829999999999680e-01 -1.281649999999999956e+00 -1.248029999999999973e+00 -6.998349999999999849e-01 3.637409976614668361e-01 2.443079713659923602e-01 -7.521999999999999797e-01 3.934480574887567750e-01 nan nan 0.000000000000000000e+00 1.885446687070000127e-01 7.209098394879999427e-02 1.679263764320000074e-01 8.739819999999999922e+00 2.253269999999999840e+01 3.273329999999999984e+01 4.693659999999999854e+01 8.530283320828857541e-01 8.470666683930444529e-01
-6.306279999999999664e-01 -1.879259999999999931e+00 -1.600719999999999921e+00 -1.135359999999999925e+00 -1.248590000000000089e+00 -6.868940000000000046e-01 3.311764612683000264e-01 2.169582779444225729e-01 -7.521999999999999797e-01 3.819254495773117819e-01 nan nan 0.000000000000000000e+00 2.243100882429999998e-01 6.919391617759999835e-02 1.781015046999999962e-01 1.459290000000000020e+01 3.270400000000000063e+01 4.291369999999999862e+01 5.400160000000000338e+01 8.530283320828857541e-01 8.470666683930444529e-01
-5.946280000000000454e-01 -4.610779999999999879e-01 -5.437680000000000291e-01 -1.103140000000000009e+00 -1.110510000000000108e+00 -7.154279999999999529e-01 2.998663528977684178e-01 1.913591470557428620e-01 -9.165659999999999918e-01 3.720424949630559697e-01 nan nan 0.000000000000000000e+00 2.243100882429999998e-01 6.919391617759999835e-02 1.781015046999999962e-01 1.459290000000000020e+01 3.270400000000000063e+01 4.291369999999999862e+01 5.400160000000000338e+01 9.305650763492688826e-01 9.794226561184985469e-01
-4.979700000000000237e-01 1.326370000000000049e-01 5.843050000000000327e-02 -1.067909999999999915e+00 -9.908420000000000005e-01 -3.661809999999999787e-01 2.699441692789422698e-01 1.675677638847475892e-01 -9.165659999999999918e-01 3.639111714707968792e-01 nan nan 0.000000000000000000e+00 2.958733298010000068e-01 5.198647982270000051e-02 1.457245103129999886e-01 2.319000000000000128e+01 4.550229999999999819e+01 5.067860000000000298e+01 5.668410000000000082e+01 9.305650763492688826e-01 9.794226561184985469e-01
-4.851320000000000077e-01 1.691290000000000016e-01 1.185800000000000048e-01 -1.075320000000000054e+00 -1.089639999999999942e+00 -3.514700000000000046e-01 2.415282444533081163e-01 1.456208311122512145e-01 -9.165659999999999918e-01 3.576236102448138165e-01 nan nan 0.000000000000000000e+00 2.958733298010000068e-01 5.198647982270000051e-02 1.457245103129999886e-01 2.319000000000000128e+01 4.550229999999999819e+01 5.067860000000000298e+01 5.668410000000000082e+01 1.000000000000000000e+00 9.653354136185309242e-01
-5.895489999999999897e-01 -5.631209999999999827e-01 -2.220060000000000089e-01 -8.852039999999999909e-01 -7.340769999999999795e-01 -3.626039999999999819e-01 2.147182567883214599e-01 1.255341530590474708e-01 -9.165659999999999918e-01 3.532510518661794441e-01 nan nan 0.000000000000000000e+00 3.076570270210000069e-01 4.416107341500000172e-02 1.249518289310000002e-01 2.227280000000000015e+01 4.870539999999999736e+01 6.074179999999999779e+01 6.270969999999999800e+01 1.000000000000000000e+00 9.653354136185309242e-01
-2.036789999999999989e-01 6.646940000000000071e-01 6.515739999999999865e-01 -1.092379999999999907e+00 -1.042599999999999971e+00 -3.894400000000000084e-01 1.895934613349493647e-01 1.073024566166410620e-01 -9.165659999999999918e-01 3.474725546825109257e-01 nan nan 0.000000000000000000e+00 3.076570270210000069e-01 4.416107341500000172e-02 1.249518289310000002e-01 2.227280000000000015e+01 4.870539999999999736e+01 6.074179999999999779e+01 6.270969999999999800e+01 9.142966637339623448e-01 8.364591560602333553e-01
-4.262610000000000010e-01 2.785420000000000118e-01 3.841060000000000030e-01 -7.878380000000000383e-01 -7.307900000000000507e-01 -4.267469999999999875e-01 1.662119275182565303e-01 9.089945099367313652e-02 -7.521999999999999797e-01 3.435760937348537603e-01 nan nan 0.000000000000000000e+00 3.423721869970000053e-01 3.966680347869999679e-02 1.054587637069999972e-01 2.308480000000000132e+01 7.350339999999999918e+01 8.038819999999999766e+01 7.754689999999999372e+01 9.142966637339623448e-01 8.364591560602333553e-01
-5.066819999999999657e-01 6.353649999999999576e-02 1.127699999999999952e-01 -9.731720000000000370e-01 -9.713460000000000427e-01 -6.442160000000000108e-01 1.446131206743691555e-01 7.627812560109259454e-02 -7.521999999999999797e-01 3.413480421646672980e-01 nan nan 0.000000000000000000e+00 3.423721869970000053e-01 3.966680347869999679e-02 1.054587637069999972e-01 2.308480000000000132e+01 7.350339999999999918e+01 8.038819999999999766e+01 7.754689999999999372e+01 5.221707049825387026e-01 5.751945411935313057e-01
-5.239540000000000308e-01 4.149060000000000248e-02 -7.065739999999999521e-02 -1.047500000000000098e+00 -1.046100000000000030e+00 -1.348830000000000029e-01 1.248180198626263060e-01 6.337128270091474391e-02 -9.165659999999999918e-01 3.405558693685012406e-01 nan nan 0.000000000000000000e+00 3.796554758610000135e-01 2.973197183830000173e-02 9.962121068130000423e-02 5.305769999999999698e+01 9.075419999999999732e+01 9.582739999999999725e+01 8.362890000000000157e+01 5.221707049825387026e-01 5.751945411935313057e-01
-5.709419999999999495e-01 -2.416659999999999919e-01 -2.955869999999999886e-01 -1.134039999999999937e+00 -1.172369999999999912e+00 2.191299999999999915e-01 1.068257059775992168e-01 5.209229878344390219e-02 -7.521999999999999797e-01 3.409507756626480868e-01 nan nan 0.000000000000000000e+00 3.796554758610000135e-01 2.973197183830000173e-02 9.962121068130000423e-02 5.305769999999999698e+01 9.075419999999999732e+01 9.582739999999999725e+01 8.362890000000000157e+01 3.757441962141127023e-01 5.747510779071121068e-01
-4.627379999999999827e-01 1.170950000000000046e-01 1.331739999999999868e-01 1.644430000000000058e+00 1.829609999999999959e+00 2.567579999999999862e-01 9.061574685403150919e-02 4.233610604625070994e-02 -4.234689999999999843e-01 3.422705112829743657e-01 nan nan 0.000000000000000000e+00 4.012431161319999773e-01 2.313970721049999832e-02 8.817436097389999561e-02 2.204840000000000089e+01 7.965569999999999595e+01 8.544379999999999598e+01 7.746890000000000498e+01 3.757441962141127023e-01 5.747510779071121068e-01
8.635750000000000370e-02 9.148819999999999730e-01 8.451009999999999911e-01 1.275889999999999969e+00 1.055490000000000039e+00 2.204190000000000038e-01 7.614624147776383190e-02 3.398038285435645012e-02 -5.878349999999999964e-01 3.442423477795372166e-01 nan nan 0.000000000000000000e+00 4.012431161319999773e-01 2.313970721049999832e-02 8.817436097389999561e-02 2.204840000000000089e+01 7.965569999999999595e+01 8.544379999999999598e+01 7.746890000000000498e+01 5.070465868179437896e-01 5.717763132339803711e-01
6.194250000000000034e-01 1.152009999999999978e+00 9.946190000000000309e-01 1.955060000000000020e+00 2.174399999999999888e+00 3.002940000000000054e-01 6.335328717653887498e-02 2.688693969323530109e-02 -2.591040000000000010e-01 3.465861681389005300e-01 nan nan 0.000000000000000000e+00 3.593306264600000244e-01 1.993258408460000033e-02 9.546794131619999735e-02 3.311710000000000065e+01 5.418359999999999843e+01 6.075200000000000244e+01 6.473340000000000316e+01 5.070465868179437896e-01 5.717763132339803711e-01
-1.839830000000000076e-01 6.178420000000000023e-01 7.000480000000000036e-01 1.532140000000000057e+00 1.359329999999999927e+00 -2.183819999999999928e-01 5.215307452771722474e-02 2.090328491123150112e-02 2.339920000000000055e-01 3.490176406218250538e-01 nan nan 0.000000000000000000e+00 3.593306264600000244e-01 1.993258408460000033e-02 9.546794131619999735e-02 3.311710000000000065e+01 5.418359999999999843e+01 6.075200000000000244e+01 6.473340000000000316e+01 4.172680509750791300e-01 5.692353009723822854e-01
-4.821259999999999990e-01 1.577089999999999881e-01 1.672680000000000000e-01 1.738280000000000103e-01 2.461450000000000027e-01 -6.788790000000000102e-01 4.244572746870356461e-02 1.586435251090401177e-02 -4.234689999999999843e-01 3.512514403554878317e-01 nan nan 0.000000000000000000e+00 3.149083302310000110e-01 3.102474346579999973e-02 1.018302093400000052e-01 2.791169999999999973e+01 5.329699999999999704e+01 6.465909999999999513e+01 6.699729999999999563e+01 4.172680509750791300e-01 5.692353009723822854e-01
-4.984799999999999787e-01 9.505579999999999585e-02 5.260669999999999930e-02 1.241840000000000055e+00 1.190299999999999914e+00 -7.356319999999999526e-01 3.413190629441442692e-02 1.159437241273664210e-02 1.220190000000000108e+00 3.530044821783009379e-01 nan nan 0.000000000000000000e+00 3.149083302310000110e-01 3.102474346579999973e-02 1.018302093400000052e-01 2.791169999999999973e+01 5.329699999999999704e+01 6.465909999999999513e+01 6.699729999999999563e+01 3.048303259619900007e-01 5.622305232219387827e-01
-5.384649999999999714e-01 -1.728790000000000049e-01 -5.724039999999999684e-02 1.300959999999999894e+00 1.173799999999999955e+00 -8.184379999999999988e-01 2.705908798961542683e-02 7.908862000371219558e-03 3.356939999999999813e+00 3.539991281079072349e-01 nan nan 0.000000000000000000e+00 2.756797476250000267e-01 3.802350512460000304e-02 1.115695942859999956e-01 2.466390000000000171e+01 4.447970000000000113e+01 5.648839999999999861e+01 6.213709999999999667e+01 3.048303259619900007e-01 5.622305232219387827e-01
-5.932560000000000056e-01 -5.319549999999999557e-01 -3.961419999999999941e-01 3.085209999999999897e-01 2.908319999999999794e-01 -8.331439999999999957e-01 2.106401867775253844e-02 4.616716382367491711e-03 1.220190000000000108e+00 3.574466107674679760e-01 nan nan 8.173471638603047040e-03 2.756797476250000267e-01 3.802350512460000304e-02 1.115695942859999956e-01 2.466390000000000171e+01 4.447970000000000113e+01 5.648839999999999861e+01 6.213709999999999667e+01 2.268023987002542041e-01 5.766835420092446540e-01
-5.968050000000000299e-01 -5.136429999999999607e-01 -5.616919999999999691e-01 3.108929999999999749e-01 2.107179999999999886e-01 -7.257350000000000190e-01 1.600789573038730040e-02 1.522373686984268559e-03 5.627229999999999732e-01 3.599373843149082930e-01 nan nan 1.661319328861043942e-02 2.419261930899999913e-01 4.454428857329999908e-02 9.210033358640000445e-02 1.808010000000000161e+01 3.863669999999999760e+01 5.196999999999999886e+01 5.261840000000000117e+01 2.268023987002542041e-01 5.766835420092446540e-01
-6.303360000000000074e-01 -1.714050000000000074e+00 -2.282169999999999810e+00 2.609469999999999845e-01 9.004610000000000392e-02 -7.353429999999999689e-01 1.172074862091743164e-02 0.000000000000000000e+00 2.042009999999999881e+00 3.614432272906729082e-01 nan nan 2.584864825381383291e-02 2.419261930899999913e-01 4.454428857329999908e-02 9.210033358640000445e-02 1.808010000000000161e+01 3.863669999999999760e+01 5.196999999999999886e+01 5.261840000000000117e+01 2.595443333135419861e-01 5.811667292478603919e-01
-6.024429999999999508e-01 -5.885359999999999481e-01 -6.548540000000000472e-01 4.261329999999999840e-01 1.230959999999999971e-01 -7.027919999999999723e-01 8.034229984181351369e-03 0.000000000000000000e+00 5.627229999999999732e-01 3.619470778921421994e-01 nan nan 3.640030386158465969e-02 2.060019954689999988e-01 4.159464969749999963e-02 9.422856234519999541e-02 3.017429999999999879e+01 3.652620000000000289e+01 3.706669999999999732e+01 4.296900000000000119e+01 2.595443333135419861e-01 5.811667292478603919e-01
-5.691450000000000120e-01 -2.174250000000000071e-01 -3.707389999999999852e-01 3.109000000000000097e-01 1.956779999999999908e-01 -6.569660000000000499e-01 4.776445138468976559e-03 0.000000000000000000e+00 -9.165659999999999918e-01 3.614432272906729082e-01 nan nan 4.877371436008670624e-02 2.060019954689999988e-01 4.159464969749999963e-02 9.422856234519999541e-02 3.017429999999999879e+01 3.652620000000000289e+01 3.706669999999999732e+01 4.296900000000000119e+01 4.730254173706056608e-01 6.382440148641124189e-01
-5.620640000000000081e-01 -1.976930000000000076e-01 -2.254619999999999957e-01 3.526739999999999875e-01 3.000220000000000109e-01 -6.858940000000000037e-01 1.787284295734492545e-03 0.000000000000000000e+00 -9.165659999999999918e-01 3.599373843149082930e-01 nan nan 6.345379278663620948e-02 2.070517920180000027e-01 4.075249549840000152e-02 1.113957929019999959e-01 1.642119999999999891e+01 3.495770000000000266e+01 3.747729999999999961e+01 3.737919999999999732e+01 4.730254173706056608e-01 6.382440148641124189e-01
-5.956829999999999625e-01 -4.862710000000000088e-01 -5.875050000000000550e-01 1.779830000000000023e-01 1.759880000000000055e-01 -7.137970000000000148e-01 1.713635272558855505e-04 0.000000000000000000e+00 -9.165659999999999918e-01 3.574466107674679760e-01 nan nan 8.089931670922601015e-02 2.070517920180000027e-01 4.075249549840000152e-02 1.113957929019999959e-01 1.642119999999999891e+01 3.495770000000000266e+01 3.747729999999999961e+01 3.737919999999999732e+01 9.371879503635293096e-01 7.859949762407261176e-01
-5.953159999999999563e-01 -4.872850000000000237e-01 -5.425689999999999680e-01 1.005599999999999966e-01 4.097520000000000329e-02 -6.310590000000000366e-01 0.000000000000000000e+00 0.000000000000000000e+00 -2.591040000000000010e-01 3.539991281079072349e-01 nan nan 1.015377300933634208e-01 3.014967130730000222e-01 5.012795474779999788e-02 1.122579786810000008e-01 2.244229999999999947e+01 4.230250000000000199e+01 4.860580000000000211e+01 4.500399999999999778e+01 9.371879503635293096e-01 7.859949762407261176e-01
-6.167869999999999742e-01 -8.757479999999999709e-01 -1.002939999999999943e+00 -9.047710000000000474e-02 -5.951170000000000071e-02 -5.433360000000000412e-01 0.000000000000000000e+00 0.000000000000000000e+00 -2.591040000000000010e-01 3.496339976923029669e-01 nan nan 1.257603001911424823e-01 3.014967130730000222e-01 5.012795474779999788e-02 1.122579786810000008e-01 2.244229999999999947e+01 4.230250000000000199e+01 4.860580000000000211e+01 4.500399999999999778e+01 9.176539804714276549e-01 6.961046443877616507e-01
-6.078719999999999679e-01 -6.471740000000000270e-01 -8.950439999999999507e-01 -1.820749999999999869e-01 -6.384940000000000060e-02 -4.744450000000000056e-01 0.000000000000000000e+00 0.000000000000000000e+00 -5.878349999999999964e-01 3.444006781924814353e-01 nan nan 1.539176843269349781e-01 4.455877045089999822e-01 4.315870338580000271e-02 9.013049259619999865e-02 2.028559999999999874e+01 3.352000000000000313e+01 3.527530000000000143e+01 3.929679999999999751e+01 9.176539804714276549e-01 6.961046443877616507e-01
-4.847960000000000047e-01 1.657909999999999939e-01 1.191569999999999990e-01 -2.261589999999999989e-01 2.573049999999999903e-04 -4.142930000000000224e-01 0.000000000000000000e+00 0.000000000000000000e+00 -5.878349999999999964e-01 3.383584652095040779e-01 nan nan 1.781424851711874702e-01 4.455877045089999822e-01 4.315870338580000271e-02 9.013049259619999865e-02 2.028559999999999874e+01 3.352000000000000313e+01 3.527530000000000143e+01 3.929679999999999751e+01 7.366989264143100069e-01 5.770784509212383284e-01
-4.708370000000000055e-01 2.119089999999999863e-01 1.525249999999999939e-01 -4.364540000000000086e-01 -1.527850000000000041e-01 -4.446479999999999877e-01 0.000000000000000000e+00 0.000000000000000000e+00 -9.165659999999999918e-01 3.315758194308141560e-01 nan nan 2.065999477006026375e-01 4.784186140330000114e-01 4.527117053339999725e-02 8.491197718390000593e-02 2.624409999999999954e+01 3.634899999999999665e+01 3.396000000000000085e+01 3.466819999999999879e+01 7.366989264143100069e-01 5.770784509212383284e-01
-5.573320000000000496e-01 -1.299669999999999992e-01 -2.755839999999999956e-01 -3.574769999999999892e-01 -2.003959999999999908e-01 -6.072220000000000395e-01 0.000000000000000000e+00 0.000000000000000000e+00 -9.165659999999999918e-01 3.241295909432915234e-01 nan nan 2.389676374936970937e-01 4.784186140330000114e-01 4.527117053339999725e-02 8.491197718390000593e-02 2.624409999999999954e+01 3.634899999999999665e+01 3.396000000000000085e+01 3.466819999999999879e+01 2.466764183583692871e-01 5.386072015848147876e-01
-5.760830000000000117e-01 -2.718729999999999758e-01 -3.718520000000000159e-01 -5.309129999999999683e-01 -4.044280000000000097e-01 -7.938389999999999613e-01 0.000000000000000000e+00 0.000000000000000000e+00 -4.234689999999999843e-01 3.161041484910620536e-01 nan nan 2.748788156916426306e-01 4.694926999010000102e-01 4.627692451269999757e-02 1.041635520410000015e-01 1.587149999999999928e+01 2.743949999999999889e+01 2.324790000000000134e+01 2.894729999999999848e+01 2.466764183583692871e-01 5.386072015848147876e-01
-5.849309999999999787e-01 -4.764240000000000141e-01 -3.548339999999999828e-01 -4.316999999999999726e-01 2.859820000000000070e-02 -7.790749999999999620e-01 0.000000000000000000e+00 0.000000000000000000e+00 -2.591040000000000010e-01 3.075904235439133050e-01 nan nan 3.139265942960777211e-01 4.694926999010000102e-01 4.627692451269999757e-02 1.041635520410000015e-01 1.587149999999999928e+01 2.743949999999999889e+01 2.324790000000000134e+01 2.894729999999999848e+01 4.414709581306979214e-01 5.320264653710200520e-01
-5.614170000000000549e-01 -2.350500000000000089e-01 -1.330780000000000018e-01 -7.908680000000000154e-01 -3.779950000000000254e-01 -7.613290000000000335e-01 0.000000000000000000e+00 0.000000000000000000e+00 -2.591040000000000010e-01 2.986848800074086707e-01 nan nan 3.556685463727132790e-01 4.192538310560000037e-01 6.731986494390000686e-02 1.007310069350000059e-01 1.909619999999999962e+01 2.508439999999999870e+01 2.304570000000000007e+01 2.898219999999999885e+01 4.414709581306979214e-01 5.320264653710200520e-01
-6.145720000000000072e-01 -8.573619999999999575e-01 -8.113939999999999486e-01 -8.999350000000000405e-01 -6.346680000000000099e-01 -6.676039999999999752e-01 0.000000000000000000e+00 0.000000000000000000e+00 -4.234689999999999843e-01 2.894884212482911057e-01 nan nan 3.996317189252835966e-01 4.192538310560000037e-01 6.731986494390000686e-02 1.007310069350000059e-01 1.909619999999999962e+01 2.508439999999999870e+01 2.304570000000000007e+01 2.898219999999999885e+01 5.914490977885968892e-01 5.556206543834889544e-01
-5.736980000000000413e-01 -2.538790000000000213e-01 -3.528990000000000182e-01 -8.649160000000000181e-01 -5.710190000000000543e-01 -2.947659999999999725e-01 0.000000000000000000e+00 0.000000000000000000e+00 -9.165659999999999918e-01 2.801052468190200484e-01 nan nan 4.453179916419752749e-01 2.762508496600000196e-01 9.054993426070000184e-02 9.592058497039999965e-02 1.412229999999999919e+01 2.149930000000000163e+01 2.246890000000000143e+01 3.103219999999999956e+01 5.914490977885968892e-01 5.556206543834889544e-01
-5.451540000000000274e-01 -6.808369999999999700e-02 -1.586440000000000072e-01 -8.887369999999999992e-01 -6.600160000000000471e-01 1.920590000000000144e-02 0.000000000000000000e+00 0.000000000000000000e+00 -9.165659999999999918e-01 2.706416718352054884e-01 nan nan 4.922097207976001698e-01 2.762508496600000196e-01 9.054993426070000184e-02 9.592058497039999965e-02 1.412229999999999919e+01 2.149930000000000163e+01 2.246890000000000143e+01 3.103219999999999956e+01 7.419238180571823271e-01 6.000252482747012728e-01
-5.104760000000000408e-01 9.141169999999999851e-02 -4.024259999999999990e-03 -8.729130000000000500e-01 -6.175220000000000153e-01 2.279700000000000060e-01 0.000000000000000000e+00 0.000000000000000000e+00 -9.165659999999999918e-01 2.612049223828666333e-01 nan nan 5.397756043638406442e-01 2.100474684220000055e-01 7.738168317830000642e-02 8.948399897860000174e-02 1.226110000000000078e+01 2.525860000000000127e+01 2.457010000000000005e+01 2.973170000000000002e+01 7.419238180571823271e-01 6.000252482747012728e-01
-3.865560000000000107e-01 4.196639999999999815e-01 3.391759999999999775e-01 -7.636840000000000295e-01 -6.218909999999999716e-01 3.119399999999999951e-01 0.000000000000000000e+00 0.000000000000000000e+00 -9.165659999999999918e-01 2.484216429270236226e-01 nan nan 5.874767018735282953e-01 2.100474684220000055e-01 7.738168317830000642e-02 8.948399897860000174e-02 1.226110000000000078e+01 2.525860000000000127e+01 2.457010000000000005e+01 2.973170000000000002e+01 8.282316872405770525e-01 8.044844820219335668e-01
-3.511310000000000264e-01 4.872859999999999969e-01 3.917439999999999811e-01 -7.949370000000000047e-01 -5.834580000000000322e-01 1.730220000000000091e-01 0.000000000000000000e+00 0.000000000000000000e+00 -9.165659999999999918e-01 2.355493822998241393e-01 nan nan 6.347725408314872642e-01 2.224454522650000099e-01 7.094261062619999780e-02 9.014041937180000685e-02 1.631579999999999941e+01 2.218049999999999855e+01 2.520039999999999836e+01 2.980020000000000024e+01 8.282316872405770525e-01 8.044844820219335668e-01
-3.699430000000000218e-01 4.502940000000000276e-01 3.698930000000000273e-01 -3.208840000000000026e-01 -2.657999999999999807e-01 -1.722080000000000000e-01 0.000000000000000000e+00 9.303390139749900811e-04 -9.165659999999999918e-01 2.224762130396443771e-01 nan nan 6.811272404838653038e-01 2.224454522650000099e-01 7.094261062619999780e-02 9.014041937180000685e-02 1.631579999999999941e+01 2.218049999999999855e+01 2.520039999999999836e+01 2.980020000000000024e+01 7.079836128398473427e-01 8.390713814043219143e-01
-4.719249999999999834e-01 2.203610000000000013e-01 1.305999999999999939e-01 -8.560990000000000544e-01 -7.638930000000000442e-01 -5.215980000000000061e-01 0.000000000000000000e+00 1.890983727172335094e-03 -9.165659999999999918e-01 2.090924840599510670e-01 nan nan 7.260155835612027708e-01 2.448459133729999904e-01 5.465599799140000159e-02 1.111330658850000069e-01 1.623339999999999961e+01 3.443849999999999767e+01 3.322229999999999706e+01 3.054360000000000142e+01 7.079836128398473427e-01 8.390713814043219143e-01
-5.557609999999999495e-01 -1.260840000000000016e-01 -2.250860000000000083e-01 -9.759349999999999969e-01 -8.443159999999999554e-01 -7.605039999999999578e-01 0.000000000000000000e+00 2.942202162354523587e-03 -9.165659999999999918e-01 1.952920630399263002e-01 nan nan 7.689289671999617326e-01 2.448459133729999904e-01 5.465599799140000159e-02 1.111330658850000069e-01 1.623339999999999961e+01 3.443849999999999767e+01 3.322229999999999706e+01 3.054360000000000142e+01 6.500402122342348044e-01 6.977069387438011860e-01
-6.041980000000000128e-01 -5.964009999999999589e-01 -6.830349999999999477e-01 -1.095579999999999998e+00 -9.695380000000000109e-01 -8.181469999999999576e-01 0.000000000000000000e+00 4.143236105822789561e-03 -9.165659999999999918e-01 1.809735389460710442e-01 nan nan 8.093811656161968848e-01 2.675111218669999902e-01 6.274632335499999436e-02 1.207205001020000001e-01 2.004230000000000089e+01 3.347310000000000230e+01 3.452620000000000289e+01 3.344120000000000203e+01 6.500402122342348044e-01 6.977069387438011860e-01
-6.292170000000000263e-01 -1.557260000000000089e+00 -1.596459999999999990e+00 -1.253260000000000041e+00 -1.059770000000000101e+00 -7.974170000000000424e-01 0.000000000000000000e+00 5.551629874306351908e-03 6.962699999999999445e-02 1.695216487367445790e-01 nan nan 8.469138392379739200e-01 2.675111218669999902e-01 6.274632335499999436e-02 1.207205001020000001e-01 2.004230000000000089e+01 3.347310000000000230e+01 3.452620000000000289e+01 3.344120000000000203e+01 7.229889834671041626e-01 6.757279919205521068e-01
-6.318700000000000427e-01 -2.127850000000000019e+00 -2.009310000000000151e+00 -9.454719999999999791e-01 -9.722539999999999516e-01 -6.951619999999999466e-01 0.000000000000000000e+00 7.222578314859839921e-03 6.962699999999999445e-02 1.576956624179637334e-01 nan nan 8.811017278758626059e-01 2.426691852650000036e-01 7.318585501860000453e-02 1.182206007260000052e-01 1.704909999999999926e+01 3.148089999999999833e+01 3.418630000000000280e+01 3.088540000000000063e+01 7.229889834671041626e-01 6.757279919205521068e-01
-6.085230000000000361e-01 -6.693759999999999710e-01 -7.663290000000000379e-01 -1.113730000000000109e+00 -1.084109999999999907e+00 -5.702260000000000106e-01 0.000000000000000000e+00 9.208301425192355616e-03 -9.165659999999999918e-01 1.456295731401446858e-01 nan nan 9.115574690908090361e-01 2.426691852650000036e-01 7.318585501860000453e-02 1.182206007260000052e-01 1.704909999999999926e+01 3.148089999999999833e+01 3.418630000000000280e+01 3.088540000000000063e+01 5.993350137909070341e-01 7.117747594939987099e-01
-5.326189999999999536e-01 -5.125440000000000204e-03 -9.076399999999999746e-02 -1.066559999999999953e+00 -9.696690000000000031e-01 -5.098510000000000542e-01 0.000000000000000000e+00 1.155745268022634331e-02 -9.165659999999999918e-01 1.334600945161693586e-01 nan nan 9.379359871653506486e-01 1.618100428439999960e-01 1.023170074349999958e-01 9.640420427189999586e-02 2.013789999999999836e+01 3.693489999999999895e+01 3.438900000000000290e+01 3.042790000000000106e+01 5.993350137909070341e-01 7.117747594939987099e-01
-4.907569999999999988e-01 1.592520000000000047e-01 7.787940000000000140e-02 -1.035970000000000057e+00 -9.172930000000000250e-01 -5.398579999999999490e-01 0.000000000000000000e+00 1.431456776878625714e-02 -9.165659999999999918e-01 1.213251116015250375e-01 nan nan 9.599384029493817083e-01 1.618100428439999960e-01 1.023170074349999958e-01 9.640420427189999586e-02 2.013789999999999836e+01 3.693489999999999895e+01 3.438900000000000290e+01 3.042790000000000106e+01 5.908445648712399301e-01 7.183166522082529148e-01
-5.615419999999999856e-01 -1.584609999999999908e-01 -2.734010000000000051e-01 -1.084119999999999973e+00 -9.314820000000000322e-01 -6.750099999999999989e-01 0.000000000000000000e+00 1.751955998644905144e-02 -9.165659999999999918e-01 1.093621186015272251e-01 nan nan 9.773154202803502333e-01 1.213146262410000065e-01 9.383370485469999522e-02 8.731749982870000426e-02 1.552059999999999995e+01 2.854660000000000153e+01 3.322670000000000101e+01 3.016760000000000019e+01 5.908445648712399301e-01 7.183166522082529148e-01
-6.068339999999999845e-01 -6.221839999999999593e-01 -7.822430000000000216e-01 -1.192090000000000094e+00 -1.093839999999999923e+00 -7.876819999999999933e-01 0.000000000000000000e+00 2.120726800195604778e-02 -9.165659999999999918e-01 9.770666100703551127e-02 nan nan 9.898701506083923407e-01 1.213146262410000065e-01 9.383370485469999522e-02 8.731749982870000426e-02 1.552059999999999995e+01 2.854660000000000153e+01 3.322670000000000101e+01 3.016760000000000019e+01 5.860298919937172446e-01 7.709301723356596359e-01
-6.091860000000000053e-01 -6.926590000000000247e-01 -7.545260000000000300e-01 -1.199389999999999956e+00 -1.196600000000000108e+00 -8.461990000000000345e-01 0.000000000000000000e+00 2.540706112117541160e-02 -9.165659999999999918e-01 8.649079980988005900e-02 nan nan 9.974603438222758856e-01 9.937360547199999838e-02 1.103701492109999960e-01 9.946208757020000291e-02 1.621409999999999840e+01 2.777039999999999864e+01 2.748000000000000043e+01 2.711430000000000007e+01 5.860298919937172446e-01 7.709301723356596359e-01
-6.266460000000000363e-01 -1.275360000000000049e+00 -1.459019999999999984e+00 -1.181240000000000068e+00 -1.226790000000000047e+00 -8.673800000000000399e-01 0.000000000000000000e+00 3.014250652113170670e-02 -9.165659999999999918e-01 7.584161519905541216e-02 nan nan 1.000000000000000000e+00 9.937360547199999838e-02 1.103701492109999960e-01 9.946208757020000291e-02 1.621409999999999840e+01 2.777039999999999864e+01 2.748000000000000043e+01 2.711430000000000007e+01 6.574943190098614387e-01 8.413081195861872308e-01
-6.285749999999999948e-01 -1.456530000000000102e+00 -1.571989999999999998e+00 -1.133429999999999938e+00 -1.216180000000000039e+00 -8.808380000000000098e-01 0.000000000000000000e+00 3.543110222447309887e-02 -9.473840000000000039e-02 6.587976669140060970e-02 nan nan 9.974603438222758856e-01 9.266729086769999457e-02 9.886239852669999328e-02 1.122431904239999945e-01 1.437209999999999965e+01 1.995329999999999870e+01 2.338149999999999906e+01 2.467079999999999984e+01 6.574943190098614387e-01 8.413081195861872308e-01
-6.326819999999999666e-01 -2.567660000000000053e+00 -2.408599999999999852e+00 -1.326699999999999990e+00 -1.396020000000000039e+00 -8.756140000000000034e-01 0.000000000000000000e+00 4.128407883988194360e-02 1.055819999999999981e+00 5.671812601105974405e-02 nan nan 9.898701506083924517e-01 9.266729086769999457e-02 9.886239852669999328e-02 1.122431904239999945e-01 1.437209999999999965e+01 1.995329999999999870e+01 2.338149999999999906e+01 2.467079999999999984e+01 7.470353597780500232e-01 9.450720546916473452e-01
-6.328519999999999701e-01 -2.709299999999999820e+00 -2.611040000000000028e+00 -1.149980000000000002e+00 -1.286720000000000086e+00 -8.715239999999999654e-01 0.000000000000000000e+00 4.770627231479285246e-02 3.983579999999999899e-01 4.846049820774722683e-02 nan nan 9.773154202803503443e-01 1.153561704380000053e-01 7.838526726449999982e-02 1.188650486360000036e-01 1.699769999999999825e+01 1.845149999999999935e+01 2.089260000000000161e+01 2.191150000000000020e+01 7.470353597780500232e-01 9.450720546916473452e-01
-6.317049999999999610e-01 -2.134720000000000173e+00 -1.857879999999999976e+00 -1.169710000000000027e+00 -1.233000000000000096e+00 -8.710860000000000269e-01 0.000000000000000000e+00 5.469606914217350901e-02 -4.234689999999999843e-01 4.120044550405499439e-02 nan nan 9.599384029493819304e-01 1.153561704380000053e-01 7.838526726449999982e-02 1.188650486360000036e-01 1.699769999999999825e+01 1.845149999999999935e+01 2.089260000000000161e+01 2.191150000000000020e+01 5.963393372807892501e-01 7.678906684966271268e-01
-6.140600000000000502e-01 -8.054440000000000488e-01 -8.477970000000000228e-01 -1.223249999999999948e+00 -1.267209999999999948e+00 -8.649170000000000469e-01 0.000000000000000000e+00 6.224542464220639282e-02 -7.521999999999999797e-01 3.502022719808617346e-02 nan nan 9.379359871653506486e-01 1.642621269460000089e-01 5.925537851829999758e-02 1.312957703909999885e-01 8.656599999999999184e+00 1.750979999999999848e+01 1.991519999999999868e+01 2.105330000000000013e+01 5.963393372807892501e-01 7.678906684966271268e-01
-6.142450000000000410e-01 -8.180579999999999519e-01 -8.345110000000000028e-01 -1.182639999999999914e+00 -1.234040000000000026e+00 -8.403890000000000526e-01 0.000000000000000000e+00 7.033995411172422330e-02 -4.234689999999999843e-01 2.998986763273681078e-02 nan nan 9.115574690908091471e-01 1.642621269460000089e-01 5.925537851829999758e-02 1.312957703909999885e-01 8.656599999999999184e+00 1.750979999999999848e+01 1.991519999999999868e+01 2.105330000000000013e+01 6.945867315819870269e-01 7.616109694042701994e-01
-6.325830000000000064e-01 -2.528929999999999900e+00 -2.269839999999999858e+00 -1.198739999999999917e+00 -1.292030000000000012e+00 -8.620090000000000252e-01 0.000000000000000000e+00 7.895909580864457489e-02 -2.591040000000000010e-01 2.616636279191231207e-02 nan nan 8.811017278758630500e-01 1.978395998639999875e-01 6.123663010870000062e-02 1.050919337080000043e-01 1.030470000000000041e+01 1.335350000000000037e+01 1.704619999999999891e+01 1.723639999999999972e+01 6.945867315819870269e-01 7.616109694042701994e-01
-6.309109999999999996e-01 -1.854360000000000008e+00 -1.760170000000000012e+00 -1.226739999999999942e+00 -1.324750000000000094e+00 -8.637890000000000290e-01 0.000000000000000000e+00 8.807634392472452056e-02 -7.521999999999999797e-01 2.011275683624569321e-02 nan nan 8.469138392379741420e-01 1.978395998639999875e-01 6.123663010870000062e-02 1.050919337080000043e-01 1.030470000000000041e+01 1.335350000000000037e+01 1.704619999999999891e+01 1.723639999999999972e+01 7.720964877717024777e-01 7.544572915722553841e-01
-6.088310000000000111e-01 -6.931730000000000391e-01 -7.280079999999999885e-01 -1.287120000000000042e+00 -1.374859999999999971e+00 -8.437839999999999785e-01 0.000000000000000000e+00 9.765954890695871526e-02 -9.165659999999999918e-01 1.501034870808648503e-02 nan nan 8.093811656161971069e-01 2.370575756670000034e-01 4.958546651950000023e-02 9.960485268509999823e-02 8.116410000000000124e+00 1.339799999999999969e+01 1.556879999999999953e+01 1.668860000000000099e+01 7.720964877717024777e-01 7.544572915722553841e-01
-6.265969999999999596e-01 -1.332349999999999923e+00 -1.305739999999999901e+00 -1.032229999999999981e+00 -1.149690000000000101e+00 -8.517109999999999959e-01 0.000000000000000000e+00 1.076712817248616227e-01 -9.165659999999999918e-01 1.065917541232097587e-02 nan nan 7.689289671999618436e-01 2.370575756670000034e-01 4.958546651950000023e-02 9.960485268509999823e-02 8.116410000000000124e+00 1.339799999999999969e+01 1.556879999999999953e+01 1.668860000000000099e+01 7.268806641225906695e-01 7.690786321909027778e-01
-6.248150000000000093e-01 -1.199859999999999927e+00 -1.232469999999999954e+00 -1.298219999999999930e+00 -1.324079999999999924e+00 -8.521459999999999591e-01 0.000000000000000000e+00 1.180692579563381583e-01 -9.165659999999999918e-01 6.850762163006507421e-03 nan nan 7.260155835612029929e-01 2.067646936829999893e-01 6.216118143870000279e-02 9.647749469239999542e-02 9.835319999999999396e+00 1.187850000000000072e+01 1.347230000000000061e+01 -1.000000000000000000e+00 7.268806641225906695e-01 7.690786321909027778e-01
-6.077289999999999637e-01 -6.693369999999999598e-01 -7.125690000000000079e-01 -1.374309999999999921e+00 -1.439580000000000082e+00 -8.304639999999999800e-01 0.000000000000000000e+00 1.288068168870826202e-01 -9.165659999999999918e-01 3.370484485997971014e-03 nan nan 6.811272404838655259e-01 2.067646936829999893e-01 6.216118143870000279e-02 9.647749469239999542e-02 9.835319999999999396e+00 1.187850000000000072e+01 1.347230000000000061e+01 -1.000000000000000000e+00 7.175211991342224094e-01 7.744196133777011548e-01
-6.299919999999999964e-01 -1.730650000000000022e+00 -1.552820000000000089e+00 -1.181519999999999904e+00 -1.229149999999999965e+00 -8.416940000000000532e-01 0.000000000000000000e+00 1.398334501951161712e-01 -4.234689999999999843e-01 0.000000000000000000e+00 nan nan 6.347725408314873752e-01 2.197822765269999978e-01 6.797489840940000583e-02 8.906584302580000667e-02 8.431139999999999191e+00 1.200569999999999915e+01 -1.000000000000000000e+00 -1.000000000000000000e+00 7.175211991342224094e-01 7.744196133777011548e-01
-6.132189999999999586e-01 -7.858230000000000492e-01 -8.250549999999999828e-01 -1.195980000000000043e+00 -1.274389999999999912e+00 -8.016109999999999625e-01 0.000000000000000000e+00 1.510953742302572067e-01 -4.234689999999999843e-01 0.000000000000000000e+00 nan nan 5.874767018735285173e-01 2.197822765269999978e-01 6.797489840940000583e-02 8.906584302580000667e-02 8.431139999999999191e+00 1.200569999999999915e+01 -1.000000000000000000e+00 -1.000000000000000000e+00 7.261573836678953953e-01 8.110911139020884342e-01
-6.092640000000000278e-01 -6.805780000000000163e-01 -7.875649999999999595e-01 -1.262150000000000105e+00 -1.369690000000000074e+00 -7.932639999999999691e-01 0.000000000000000000e+00 1.625361394043682850e-01 -9.165659999999999918e-01 0.000000000000000000e+00 nan nan 5.397756043638407553e-01 1.963261147329999901e-01 7.743235322739999704e-02 7.069330559639999678e-02 6.069989999999999775e+00 -1.000000000000000000e+00 -1.000000000000000000e+00 -1.000000000000000000e+00 7.261573836678953953e-01 8.110911139020884342e-01
-6.160820000000000185e-01 -8.287769999999999859e-01 -9.783230000000000537e-01 -1.056079999999999908e+00 -1.119569999999999954e+00 -8.431279999999999886e-01 0.000000000000000000e+00 1.740972697877464226e-01 -9.165659999999999918e-01 0.000000000000000000e+00 nan nan 4.922097207976003919e-01 1.963261147329999901e-01 7.743235322739999704e-02 7.069330559639999678e-02 6.069989999999999775e+00 -1.000000000000000000e+00 -1.000000000000000000e+00 -1.000000000000000000e+00 0.000000000000000000e+00 0.000000000000000000e+00
