-5.756999999999999895e-01 -1.092670000000000030e+00 -1.091099999999999959e+00 -1.315390000000000059e+00 -1.398889999999999967e+00 -6.590829999999999744e-01 0.000000000000000000e+00 1.425909480141674956e-01 -6.850709999999999855e-01 2.382861211505493682e-02 nan nan 7.569287283209283901e-01 5.335477749669999964e-02 3.378163046620000221e-02 2.757741907540000106e-02 -1.000000000000000000e+00 -1.000000000000000000e+00 -1.000000000000000000e+00 -1.000000000000000000e+00 0.000000000000000000e+00 0.000000000000000000e+00
-5.755320000000000435e-01 -1.045670000000000099e+00 -1.024350000000000094e+00 -1.342230000000000034e+00 -1.429750000000000076e+00 -6.591979999999999507e-01 0.000000000000000000e+00 1.373912695110719451e-01 1.437019999999999964e-01 3.355567041923990246e-02 nan nan 7.841771559026506910e-01 2.752985724579999974e-02 2.811019112940000078e-02 2.287613639879999827e-02 7.858039999999999914e+00 -1.000000000000000000e+00 -1.000000000000000000e+00 -1.000000000000000000e+00 0.000000000000000000e+00 0.000000000000000000e+00
-5.765320000000000444e-01 -1.949780000000000069e+00 -1.734650000000000025e+00 -1.226339999999999986e+00 -1.328659999999999952e+00 -6.593909999999999494e-01 7.220480586822564106e-04 1.324683743932701940e-01 3.804950000000000276e-01 4.496211598707167134e-02 nan nan 8.081337963626002985e-01 2.752985724579999974e-02 2.811019112940000078e-02 2.287613639879999827e-02 7.858039999999999914e+00 -1.000000000000000000e+00 -1.000000000000000000e+00 -1.000000000000000000e+00 0.000000000000000000e+00 0.000000000000000000e+00
-5.765069999999999917e-01 -1.793150000000000022e+00 -1.745889999999999942e+00 -1.295660000000000034e+00 -1.521619999999999973e+00 -6.595900000000000096e-01 3.777635037039983601e-03 1.280959097965259641e-01 -9.309009999999999507e-02 5.849496657213926198e-02 nan nan 8.285272113917779846e-01 1.963566317389999968e-02 2.510139061170000088e-02 2.223360385709999970e-02 4.517540000000000333e+00 1.417950000000000088e+01 -1.000000000000000000e+00 -1.000000000000000000e+00 0.000000000000000000e+00 0.000000000000000000e+00
-5.765190000000000037e-01 -1.853480000000000016e+00 -1.749390000000000001e+00 -1.206530000000000102e+00 -1.357310000000000016e+00 -6.596009999999999929e-01 8.462771419137427031e-03 1.245412862588586300e-01 -3.298829999999999818e-01 7.457714690951811054e-02 nan nan 8.451263354491083124e-01 1.963566317389999968e-02 2.510139061170000088e-02 2.223360385709999970e-02 4.517540000000000333e+00 1.417950000000000088e+01 -1.000000000000000000e+00 -1.000000000000000000e+00 7.467778909138429455e-01 8.605124305430482679e-01
-5.765329999999999622e-01 -1.909720000000000084e+00 -1.796100000000000030e+00 -1.273490000000000011e+00 -1.458469999999999933e+00 -6.595739999999999936e-01 1.337952517564977573e-02 1.220626478522955916e-01 -3.298829999999999818e-01 9.360269680952915117e-02 nan nan 8.577430938263480575e-01 2.040298369790000121e-02 2.881869461339999980e-02 2.227290956900000035e-02 1.204320000000000057e+01 2.176360000000000028e+01 2.709169999999999945e+01 -1.000000000000000000e+00 7.467778909138429455e-01 8.605124305430482679e-01
-5.765679999999999694e-01 -2.081970000000000098e+00 -2.064410000000000078e+00 -1.184770000000000101e+00 -1.423079999999999901e+00 -6.595290000000000319e-01 1.879286218374642825e-02 1.209059473073867963e-01 -3.298829999999999818e-01 1.083975804036299007e-01 nan nan 8.662345336096821669e-01 2.040298369790000121e-02 2.881869461339999980e-02 2.227290956900000035e-02 1.204320000000000057e+01 2.176360000000000028e+01 2.709169999999999945e+01 -1.000000000000000000e+00 8.770289622276794539e-01 7.782180331258796713e-01
-5.765700000000000269e-01 -2.064519999999999911e+00 -2.157630000000000159e+00 -1.214949999999999974e+00 -1.427769999999999984e+00 -6.591479999999999562e-01 2.498590041950132790e-02 1.213021592704900398e-01 -6.850709999999999855e-01 1.265743348155369263e-01 nan nan 8.705044433933584180e-01 3.080681872119999873e-02 3.724992609250000336e-02 3.097678407120000102e-02 1.537940000000000040e+01 3.361469999999999914e+01 3.987049999999999983e+01 4.613850000000000051e+01 8.770289622276794539e-01 7.782180331258796713e-01
-5.765019999999999589e-01 -1.759060000000000068e+00 -1.768720000000000070e+00 -1.333099999999999952e+00 -1.495589999999999975e+00 -6.585469999999999935e-01 3.226459203511389262e-02 1.234646632687351753e-01 -6.850709999999999855e-01 1.479270101547008887e-01 nan nan 8.705044433933585291e-01 3.080681872119999873e-02 3.724992609250000336e-02 3.097678407120000102e-02 1.537940000000000040e+01 3.361469999999999914e+01 3.987049999999999983e+01 4.613850000000000051e+01 7.033427169716803817e-01 7.554615010039156253e-01
-5.764639999999999764e-01 -1.660460000000000047e+00 -1.679000000000000048e+00 -1.407739999999999991e+00 -1.548119999999999941e+00 -6.586840000000000472e-01 4.084219325408522394e-02 1.275868260347194916e-01 -6.850709999999999855e-01 1.722136720774327667e-01 nan nan 8.662345336096821669e-01 6.129289055179999723e-02 4.552102626329999902e-02 6.330004977129999322e-02 1.973339999999999961e+01 3.962630000000000052e+01 4.706980000000000075e+01 5.536780000000000257e+01 7.033427169716803817e-01 7.554615010039156253e-01
-5.760490000000000332e-01 -1.233610000000000095e+00 -1.269849999999999923e+00 -1.269679999999999920e+00 -1.342019999999999991e+00 -6.588239999999999652e-01 5.095281100151893838e-02 1.338398105841613894e-01 -6.850709999999999855e-01 1.991591429996902862e-01 nan nan 8.577430938263479465e-01 6.129289055179999723e-02 4.552102626329999902e-02 6.330004977129999322e-02 1.973339999999999961e+01 3.962630000000000052e+01 4.706980000000000075e+01 5.536780000000000257e+01 7.331652627509488429e-01 7.468898627870830254e-01
-5.754869999999999708e-01 -1.021949999999999914e+00 -1.038680000000000048e+00 -1.210919999999999996e+00 -1.375510000000000010e+00 -6.588399999999999812e-01 6.280556899506106738e-02 1.423706368705400793e-01 -6.850709999999999855e-01 2.284581199690606246e-01 nan nan 8.451263354491083124e-01 1.332187470479999913e-01 5.130466638899999765e-02 9.459567999149999518e-02 1.646839999999999904e+01 5.705089999999999861e+01 6.484770000000000323e+01 6.653350000000000364e+01 7.331652627509488429e-01 7.468898627870830254e-01
-5.761469999999999647e-01 -1.360100000000000087e+00 -1.196790000000000020e+00 -1.431200000000000028e+00 -1.508140000000000036e+00 -6.589840000000000142e-01 7.658834619508114727e-02 1.533005159902754988e-01 -5.666750000000000398e-01 2.597786338692033015e-01 nan nan 8.285272113917780956e-01 1.332187470479999913e-01 5.130466638899999765e-02 9.459567999149999518e-02 1.646839999999999904e+01 5.705089999999999861e+01 6.484770000000000323e+01 6.653350000000000364e+01 6.525839490778806429e-01 8.237711205832716210e-01
-5.761680000000000135e-01 -1.320699999999999985e+00 -1.312060000000000004e+00 -1.307420000000000027e+00 -1.439240000000000075e+00 -6.593520000000000492e-01 9.246601767587192544e-02 1.667234768125731570e-01 -5.666750000000000398e-01 2.927658107625876749e-01 nan nan 8.081337963626004095e-01 2.141815130649999954e-01 3.997203737209999858e-02 1.070229512279999989e-01 5.210150000000000148e+01 8.951399999999999579e+01 9.351680000000000348e+01 8.546590000000000487e+01 6.525839490778806429e-01 8.237711205832716210e-01
-5.764409999999999812e-01 -1.645690000000000097e+00 -1.567209999999999992e+00 -1.232469999999999954e+00 -1.416959999999999997e+00 -6.588169999999999860e-01 1.105419386757670042e-01 1.827053005947633091e-01 1.437019999999999964e-01 3.345806188796127678e-01 nan nan 7.841771559026508021e-01 2.141815130649999954e-01 3.997203737209999858e-02 1.070229512279999989e-01 5.210150000000000148e+01 8.951399999999999579e+01 9.351680000000000348e+01 8.546590000000000487e+01 5.944253565147316065e-01 4.756558804106382210e-01
-5.764949999999999797e-01 -1.759700000000000042e+00 -1.704509999999999970e+00 -1.410530000000000062e+00 -1.490480000000000027e+00 -6.561550000000000438e-01 1.308679620384171072e-01 2.012827756543710267e-01 1.437019999999999964e-01 3.775453680090467001e-01 nan nan 7.569287283209285011e-01 2.155065235259999989e-01 3.340704510849999698e-02 1.173418055769999968e-01 2.098339999999999961e+01 8.449230000000000018e+01 8.909950000000000614e+01 8.156889999999999930e+01 5.944253565147316065e-01 4.756558804106382210e-01
-5.748980000000000201e-01 -9.914789999999999992e-01 -1.481950000000000101e+00 5.556769999999999765e-01 6.515579999999999705e-01 -6.563700000000000090e-01 1.534833906478282328e-01 2.224632805427786408e-01 2.274830000000000130e+00 4.217495077150672511e-01 nan nan 7.266972491898535669e-01 2.155065235259999989e-01 3.340704510849999698e-02 1.173418055769999968e-01 2.098339999999999961e+01 8.449230000000000018e+01 8.909950000000000614e+01 8.156889999999999930e+01 5.356895885174759453e-01 4.751655960457065175e-01
-5.541559999999999819e-01 -2.018830000000000069e-01 -7.250259999999999483e-01 1.180930000000000035e+00 1.096610000000000085e+00 -6.540639999999999787e-01 1.784108282049036154e-01 2.462247004432899233e-01 3.340399999999999814e+00 4.672684447713839617e-01 nan nan 6.938252532478672574e-01 1.997129433860000136e-01 3.096052731779999970e-02 1.134806260089999963e-01 3.581499999999999773e+01 6.939509999999999934e+01 7.813819999999999766e+01 7.357510000000000616e+01 5.356895885174759453e-01 4.751655960457065175e-01
-5.527849999999999708e-01 -1.650800000000000045e-01 -1.562439999999999940e-01 1.170679999999999943e+00 9.643880000000000230e-01 -6.537340000000000373e-01 2.056461910955468264e-01 2.725156777408405118e-01 9.724760000000000071e-01 5.066279626467529162e-01 nan nan 6.586851933439754614e-01 1.997129433860000136e-01 3.096052731779999970e-02 1.134806260089999963e-01 3.581499999999999773e+01 6.939509999999999934e+01 7.813819999999999766e+01 7.357510000000000616e+01 3.537105301846417138e-01 4.660236270370147205e-01
-5.701650000000000329e-01 -5.888719999999999510e-01 -5.001020000000000465e-01 8.574100000000000055e-01 4.629639999999999866e-01 -6.524569999999999537e-01 2.351616794089669282e-01 3.012561939242979214e-01 1.564459999999999962e+00 5.471622713429540319e-01 nan nan 6.216752203981448233e-01 2.095684010980000123e-01 2.917178205679999900e-02 9.188786701449999650e-02 3.185999999999999943e+01 8.519750000000000512e+01 8.620000000000000284e+01 8.714770000000000039e+01 3.537105301846417138e-01 4.660236270370147205e-01
-5.350530000000000008e-01 -1.223770000000000066e-02 -3.483559999999999990e-01 9.201869999999999772e-01 8.407369999999999566e-01 -6.495589999999999975e-01 2.668987759984745578e-01 3.323384762281657023e-01 1.564459999999999962e+00 5.884121009457714546e-01 nan nan 5.832146721922860655e-01 2.095684010980000123e-01 2.917178205679999900e-02 9.188786701449999650e-02 3.185999999999999943e+01 8.519750000000000512e+01 8.620000000000000284e+01 8.714770000000000039e+01 3.364878330329480471e-01 4.981956201263398887e-01
-5.566440000000000277e-01 -2.484699999999999964e-01 -9.853020000000000111e-01 9.108079999999999510e-01 8.368370000000000530e-01 -6.177690000000000126e-01 3.007769031781374336e-01 3.656282187410812012e-01 1.682849999999999957e+00 6.299100744032096744e-01 nan nan 5.437393221056272541e-01 1.895406349590000039e-01 2.932401220589999843e-02 8.499421722159999915e-02 3.368889999999999674e+01 8.300109999999999388e+01 8.698090000000000543e+01 8.344769999999999754e+01 3.364878330329480471e-01 4.981956201263398887e-01
-5.639979999999999993e-01 -3.880359999999999920e-01 -5.487889999999999713e-01 1.113080000000000069e+00 1.103129999999999944e+00 -6.028489999999999682e-01 3.366884506380640740e-01 4.009661041454571917e-01 2.393229999999999968e+00 6.711860030942471411e-01 nan nan 5.036964416281997092e-01 1.895406349590000039e-01 2.932401220589999843e-02 8.499421722159999915e-02 3.368889999999999674e+01 8.300109999999999388e+01 8.698090000000000543e+01 8.344769999999999754e+01 7.611528262538592715e-01 4.968381661363591162e-01
-5.304419999999999691e-01 8.673119999999999441e-02 1.019120000000000026e-01 1.030799999999999939e+00 9.793330000000000091e-01 -6.161299999999999555e-01 3.744998309754511423e-01 4.381696088463493677e-01 9.724760000000000071e-01 7.117722142537901142e-01 nan nan 4.635397325961359005e-01 2.349607710169999975e-01 3.083922647249999829e-02 9.546796308549999888e-02 3.600500000000000256e+01 8.436709999999999354e+01 8.676569999999999538e+01 8.535670000000000357e+01 7.611528262538592715e-01 4.968381661363591162e-01
-4.817989999999999773e-01 3.281370000000000120e-01 3.515440000000000231e-01 9.681640000000000246e-01 1.009370000000000100e+00 -5.986409999999999787e-01 4.140139545891904360e-01 4.770350710367203817e-01 -4.482789999999999830e-01 7.512088498919737845e-01 nan nan 4.285997435566288871e-01 2.349607710169999975e-01 3.083922647249999829e-02 9.546796308549999888e-02 3.600500000000000256e+01 8.436709999999999354e+01 8.676569999999999538e+01 8.535670000000000357e+01 3.430709000125236052e-01 4.897573926210535555e-01
-5.222069999999999768e-01 1.231050000000000061e-01 2.489049999999999874e-01 9.069979999999999709e-01 8.860149999999999970e-01 -5.871129999999999960e-01 4.544261609503463806e-01 5.173399982670925379e-01 3.804950000000000276e-01 7.890490771689374627e-01 nan nan 3.946108643430421559e-01 3.551758418279999940e-01 3.605992278720000083e-02 1.128275518809999933e-01 3.546730000000000160e+01 9.575799999999999557e+01 9.660989999999999611e+01 8.880599999999999739e+01 3.430709000125236052e-01 4.897573926210535555e-01
-5.538319999999999910e-01 -1.733760000000000023e-01 -7.771079999999999655e-02 1.293619999999999992e+00 9.388159999999999838e-01 -4.806250000000000244e-01 4.953730051877669460e-01 5.570685475498124983e-01 1.801250000000000018e+00 8.248641511894455602e-01 nan nan 3.623310860978586900e-01 3.551758418279999940e-01 3.605992278720000083e-02 1.128275518809999933e-01 3.546730000000000160e+01 9.575799999999999557e+01 9.660989999999999611e+01 8.880599999999999739e+01 2.202686588294228143e-01 4.409224016596292595e-01
-5.443350000000000133e-01 -9.090389999999999582e-02 8.818850000000000300e-02 9.239389999999999548e-01 6.873310000000000253e-01 -2.993899999999999895e-01 5.363697379186851411e-01 5.959104201828986369e-01 1.209270000000000067e+00 8.582482728538683991e-01 nan nan 3.324990351666681221e-01 4.919668416619999984e-01 4.193558399570000012e-02 1.450188442969999880e-01 3.734949999999999903e+01 9.367980000000000018e+01 9.697450000000000614e+01 8.779250000000000398e+01 2.202686588294228143e-01 4.409224016596292595e-01
-3.906689999999999885e-01 4.858729999999999993e-01 6.413820000000000077e-01 6.225180000000000158e-01 5.082640000000000491e-01 -5.587620000000000087e-02 5.778154780039816973e-01 6.352065072562654846e-01 2.530610000000000151e-02 8.888231867241296325e-01 nan nan 3.058256041665299296e-01 4.919668416619999984e-01 4.193558399570000012e-02 1.450188442969999880e-01 3.734949999999999903e+01 9.367980000000000018e+01 9.697450000000000614e+01 8.779250000000000398e+01 2.635568163874262293e-01 3.909934428635274406e-01
2.435769999999999880e-01 8.942059999999999453e-01 1.076340000000000074e+00 1.212749999999999995e+00 1.370870000000000033e+00 1.121670000000000028e-01 6.199423291921362100e-01 6.744576198731857541e-01 -9.309009999999999507e-02 9.162424668089635960e-01 nan nan 2.829858972885644919e-01 5.426201552220000224e-01 3.842726229250000014e-02 1.488017467470000021e-01 3.050100000000000122e+01 8.047939999999999827e+01 9.057030000000000314e+01 8.634669999999999845e+01 2.635568163874262293e-01 3.909934428635274406e-01
1.835820000000000007e+00 1.224969999999999892e+00 1.244220000000000104e+00 1.556230000000000002e+00 1.618800000000000017e+00 4.217230000000000145e-01 6.613699734149025566e-01 7.131650787154948379e-01 2.530610000000000151e-02 9.401954417088208560e-01 nan nan 2.646115810977094362e-01 5.426201552220000224e-01 3.842726229250000014e-02 1.488017467470000021e-01 3.050100000000000122e+01 8.047939999999999827e+01 9.057030000000000314e+01 8.634669999999999845e+01 2.972671287700173748e-01 3.931580316583618284e-01
2.271959999999999980e+00 1.276059999999999972e+00 1.192379999999999995e+00 1.665929999999999911e+00 1.670379999999999976e+00 1.351599999999999913e+00 7.018554771446798846e-01 7.515647344744367242e-01 2.620979999999999976e-01 9.604107146469625933e-01 nan nan 2.462493497346455174e-01 5.631318234130000544e-01 3.017097657520000087e-02 1.607805491819999932e-01 2.839369999999999905e+01 7.691379999999999484e+01 8.800910000000000366e+01 8.473900000000000432e+01 2.972671287700173748e-01 3.931580316583618284e-01
2.725859999999999950e+00 1.321839999999999904e+00 1.107809999999999961e+00 1.726410000000000000e+00 1.810710000000000042e+00 2.160489999999999799e+00 7.413459872325501854e-01 7.885161115884835592e-01 2.620979999999999976e-01 9.766592385033869839e-01 nan nan 2.329828116059446952e-01 5.631318234130000544e-01 3.017097657520000087e-02 1.607805491819999932e-01 2.839369999999999905e+01 7.691379999999999484e+01 8.800910000000000366e+01 8.473900000000000432e+01 3.010024339379154812e-01 3.836725300674390660e-01
3.047740000000000116e+00 1.351199999999999957e+00 1.037260000000000071e+00 1.602049999999999974e+00 1.813479999999999981e+00 2.311230000000000118e+00 7.793940604196109012e-01 8.236005361899118027e-01 1.437019999999999964e-01 9.887569110102193415e-01 nan nan 2.249622818896451770e-01 5.650425140810000357e-01 2.657111842580000063e-02 1.739291321349999975e-01 2.328059999999999974e+01 5.679030000000000200e+01 6.656409999999999627e+01 7.009919999999999618e+01 3.010024339379154812e-01 3.836725300674390660e-01
3.272310000000000052e+00 1.371520000000000072e+00 1.017099999999999893e+00 1.468040000000000012e+00 1.710839999999999916e+00 2.468910000000000160e+00 8.155685968334136504e-01 8.564204877289627316e-01 1.437019999999999964e-01 9.965666607039729286e-01 nan nan 2.222786363922735209e-01 5.650425140810000357e-01 2.657111842580000063e-02 1.739291321349999975e-01 2.328059999999999974e+01 5.679030000000000200e+01 6.656409999999999627e+01 7.009919999999999618e+01 2.966681731308500325e-01 3.747406829294323005e-01
3.184229999999999894e+00 1.364000000000000101e+00 1.038780000000000037e+00 1.342659999999999965e+00 1.583730000000000082e+00 2.225760000000000183e+00 8.494597245217790915e-01 8.866041030405116263e-01 4.988909999999999734e-01 1.000000000000000000e+00 nan nan 2.249622818896451770e-01 5.602717804869999929e-01 2.760120753369999999e-02 1.939066702810000042e-01 1.209089999999999954e+01 4.024689999999999657e+01 4.950589999999999691e+01 5.270530000000000115e+01 2.966681731308500325e-01 3.747406829294323005e-01
2.773530000000000051e+00 1.326529999999999987e+00 1.025120000000000031e+00 1.257349999999999968e+00 1.445000000000000062e+00 1.605460000000000109e+00 8.806834434657900834e-01 9.138093897023175094e-01 4.988909999999999734e-01 9.990180277921836272e-01 nan nan 2.281072546178914973e-01 5.602717804869999929e-01 2.760120753369999999e-02 1.939066702810000042e-01 1.209089999999999954e+01 4.024689999999999657e+01 4.950589999999999691e+01 5.270530000000000115e+01 2.871665586731499964e-01 3.640744965413272860e-01
2.225029999999999841e+00 1.271060000000000079e+00 1.012159999999999949e+00 7.571449999999999569e-01 1.211770000000000014e+00 1.005209999999999937e+00 9.088859764534462649e-01 9.377281009458217076e-01 2.620979999999999976e-01 9.936318702180145790e-01 nan nan 2.363394149830998492e-01 5.483663398420000057e-01 3.450241301350000234e-02 2.031238229250000027e-01 1.857469999999999999e+01 4.092119999999999891e+01 5.263830000000000098e+01 5.570349999999999824e+01 2.871665586731499964e-01 3.640744965413272860e-01
1.774149999999999894e+00 1.217170000000000085e+00 1.012899999999999912e+00 7.997079999999999744e-01 1.137709999999999999e+00 8.809679999999999733e-01 9.337477775168370187e-01 9.580892282152028150e-01 2.620979999999999976e-01 9.839025545950075280e-01 nan nan 2.540681627472548554e-01 5.483663398420000057e-01 3.450241301350000234e-02 2.031238229250000027e-01 1.857469999999999999e+01 4.092119999999999891e+01 5.263830000000000098e+01 5.570349999999999824e+01 2.730420956913309771e-01 3.417582197674651212e-01
1.413229999999999986e+00 1.166009999999999991e+00 9.893929999999999669e-01 6.960460000000000536e-01 1.054019999999999957e+00 6.987379999999999702e-01 9.549871525156425900e-01 9.746620718026054453e-01 2.620979999999999976e-01 9.699403179568084621e-01 nan nan 2.760582463506482398e-01 5.480786412110000283e-01 4.321814722640000134e-02 2.039552483289999996e-01 1.095429999999999993e+01 3.972970000000000113e+01 5.743950000000000244e+01 6.028999999999999915e+01 2.730420956913309771e-01 3.417582197674651212e-01
1.121390000000000109e+00 1.117010000000000058e+00 9.207319999999999949e-01 6.352010000000000156e-01 9.946660000000000501e-01 5.439540000000000486e-01 9.723634508443027569e-01 9.872588547680118953e-01 2.620979999999999976e-01 9.519033580235549685e-01 nan nan 3.020605093592617640e-01 5.480786412110000283e-01 4.321814722640000134e-02 2.039552483289999996e-01 1.095429999999999993e+01 3.972970000000000113e+01 5.743950000000000244e+01 6.028999999999999915e+01 2.574147985603284505e-01 3.273798803305917327e-01
8.256409999999999583e-01 1.058130000000000015e+00 8.087800000000000544e-01 6.132779999999999898e-01 9.201669999999999572e-01 3.193090000000000095e-01 9.856797920995371554e-01 9.957368505270050019e-01 1.437019999999999964e-01 9.299960407584940691e-01 nan nan 3.317803357432308475e-01 5.339054754380000434e-01 5.249180857210000023e-02 2.058713453129999982e-01 9.700609999999999289e+00 3.039560000000000173e+01 5.280639999999999645e+01 6.402930000000000632e+01 2.574147985603284505e-01 3.273798803305917327e-01
5.939769999999999772e-01 1.002639999999999976e+00 6.971119999999999539e-01 8.422300000000000342e-01 9.827630000000000532e-01 2.474860000000000115e-01 9.947852968139841989e-01 1.000000000000000000e+00 1.437019999999999964e-01 9.044665848199590075e-01 nan nan 3.648809879941850021e-01 5.339054754380000434e-01 5.249180857210000023e-02 2.058713453129999982e-01 9.700609999999999289e+00 3.039560000000000173e+01 5.280639999999999645e+01 6.402930000000000632e+01 2.474830250526808273e-01 3.221668567769305769e-01
4.790800000000000058e-01 9.708839999999999693e-01 6.009200000000000097e-01 1.071050000000000058e+00 8.090589999999999726e-01 1.003659999999999969e-01 9.995767959808540271e-01 1.000000000000000000e+00 2.530610000000000151e-02 8.756042491447860732e-01 nan nan 4.009874224957715727e-01 5.116446401290000168e-01 5.969572888110000197e-02 1.875094349460000032e-01 6.153310000000000279e+00 2.524879999999999924e+01 5.278359999999999985e+01 6.763769999999999527e+01 2.474830250526808273e-01 3.221668567769305769e-01
3.181789999999999896e-01 9.205619999999999914e-01 5.569199999999999706e-01 1.155559999999999921e+00 1.013900000000000023e+00 -1.919079999999999953e-01 1.000000000000000000e+00 9.957368505270050019e-01 1.437019999999999964e-01 8.437360555289794561e-01 nan nan 4.348149819296348584e-01 5.116446401290000168e-01 5.969572888110000197e-02 1.875094349460000032e-01 6.153310000000000279e+00 2.524879999999999924e+01 5.278359999999999985e+01 6.763769999999999527e+01 2.445426973694956319e-01 3.199255568229573132e-01
2.289930000000000021e-01 8.893569999999999531e-01 6.388840000000000074e-01 1.032669999999999977e+00 8.628400000000000514e-01 -2.396979999999999944e-01 9.960501138007815669e-01 9.872588547680118953e-01 1.437019999999999964e-01 8.092230833400899659e-01 nan nan 4.706418807343482058e-01 4.714333978299999894e-01 6.789329608529999505e-02 1.747928713939999879e-01 1.302510000000000012e+01 4.179209999999999781e+01 6.510639999999999361e+01 8.672870000000000346e+01 2.445426973694956319e-01 3.199255568229573132e-01
8.842139999999999722e-02 8.304749999999999632e-01 6.750829999999999886e-01 8.799129999999999452e-01 7.614220000000000432e-01 -3.848639999999999839e-01 9.877718911721303785e-01 9.746620718026055563e-01 3.804950000000000276e-01 7.724563783437021769e-01 nan nan 5.127236800345176260e-01 4.714333978299999894e-01 6.789329608529999505e-02 1.747928713939999879e-01 1.302510000000000012e+01 4.179209999999999781e+01 6.510639999999999361e+01 8.672870000000000346e+01 2.342678856321431802e-01 3.233642179130562511e-01
-2.453660000000000008e-01 6.170409999999999506e-01 6.618530000000000246e-01 9.460129999999999928e-01 7.583149999999999613e-01 -5.294219999999999482e-01 9.752591276842389467e-01 9.580892282152029260e-01 3.804950000000000276e-01 7.338525219986545833e-01 nan nan 5.557080192409851183e-01 4.204069895099999954e-01 7.177876690600000498e-02 1.505597720930000050e-01 2.215099999999999980e+01 6.404259999999999309e+01 9.753660000000000707e+01 1.050729999999999933e+02 2.342678856321431802e-01 3.233642179130562511e-01
-1.128360000000000057e-01 7.204749999999999766e-01 5.629180000000000295e-01 4.698149999999999826e-01 4.406120000000000037e-01 -4.685079999999999800e-01 9.586535979472715630e-01 9.377281009458217076e-01 1.437019999999999964e-01 6.938489114226550347e-01 nan nan 5.991078686148709753e-01 4.204069895099999954e-01 7.177876690600000498e-02 1.505597720930000050e-01 2.215099999999999980e+01 6.404259999999999309e+01 9.753660000000000707e+01 1.050729999999999933e+02 2.286594828290308135e-01 3.231674371135258017e-01
-4.103490000000000193e-01 4.052089999999999859e-01 -5.567330000000000334e-01 2.591740000000000016e-02 -2.172260000000000024e-01 -5.029240000000000377e-01 9.381434492483811116e-01 9.138093897023176204e-01 4.988909999999999734e-01 6.528988035081614294e-01 nan nan 6.424314905210690707e-01 3.730610668859999923e-01 6.898108089799999398e-02 1.447349337570000005e-01 3.110889999999999844e+01 8.928870000000000573e+01 1.122259999999999991e+02 1.161949999999999932e+02 2.286594828290308135e-01 3.231674371135258017e-01
-5.193349999999999911e-01 7.649290000000000256e-02 -1.102069999999999994e-01 -1.216730000000000068e-02 1.925280000000000047e-02 -5.955049999999999510e-01 9.139610697677656992e-01 8.866041030405116263e-01 4.988909999999999734e-01 6.114661793406779289e-01 nan nan 6.851880110121414402e-01 3.730610668859999923e-01 6.898108089799999398e-02 1.447349337570000005e-01 3.110889999999999844e+01 8.928870000000000573e+01 1.122259999999999991e+02 1.161949999999999932e+02 2.285396917011973672e-01 3.368887287960349308e-01
-3.523830000000000018e-01 4.986559999999999881e-01 1.340899999999999870e-01 1.440069999999999961e-01 -1.986030000000000087e-02 -6.261820000000000164e-01 8.863804555277292607e-01 8.564204877289628426e-01 3.804950000000000276e-01 5.700204871076586244e-01 nan nan 7.268929816262854615e-01 2.887135167239999745e-01 6.081968642180000245e-02 1.307266217939999919e-01 4.215659999999999741e+01 1.025510000000000019e+02 1.211850000000000023e+02 1.160460000000000065e+02 2.285396917011973672e-01 3.368887287960349308e-01
-5.565229999999999899e-01 -2.258509999999999962e-01 -6.219360000000000444e-01 -9.130409999999999915e-01 -6.065190000000000303e-01 -6.491059999999999608e-01 8.557141059082655765e-01 8.236005361899119137e-01 2.620979999999999976e-01 5.290313230629619667e-01 nan nan 7.670738683819818826e-01 2.887135167239999745e-01 6.081968642180000245e-02 1.307266217939999919e-01 4.215659999999999741e+01 1.025510000000000019e+02 1.211850000000000023e+02 1.160460000000000065e+02 2.195662472162175360e-01 3.415047394155277249e-01
-5.725050000000000416e-01 -6.638340000000000352e-01 -7.528230000000000199e-01 -1.356770000000000032e+00 -1.151620000000000088e+00 -6.574119999999999964e-01 8.223094829042147946e-01 7.885161115884836702e-01 -3.298829999999999818e-01 4.889631108136532900e-01 nan nan 8.052754057768211071e-01 1.739497303149999952e-01 5.873968040690000225e-02 1.259257733739999885e-01 4.513190000000000168e+01 9.989039999999999964e+01 1.168169999999999931e+02 1.140180000000000007e+02 2.195662472162175360e-01 3.415047394155277249e-01
-5.756580000000000030e-01 -1.111909999999999954e+00 -1.088200000000000056e+00 -1.393540000000000001e+00 -1.281470000000000109e+00 -6.580489999999999950e-01 7.865450742420230235e-01 7.515647344744369462e-01 -4.482789999999999830e-01 4.502698392149625528e-01 nan nan 8.410647551275598488e-01 1.739497303149999952e-01 5.873968040690000225e-02 1.259257733739999885e-01 4.513190000000000168e+01 9.989039999999999964e+01 1.168169999999999931e+02 1.140180000000000007e+02 3.386005129238293110e-01 6.150200449594097618e-01
-5.764380000000000059e-01 -1.687429999999999986e+00 -1.598319999999999963e+00 -1.202769999999999895e+00 -1.185079999999999911e+00 -6.588730000000000420e-01 7.488261049625652976e-01 7.131650787154950599e-01 2.530610000000000151e-02 4.133899184951497219e-01 nan nan 8.740364088053556024e-01 1.012460724600000028e-01 5.516306191990000274e-02 1.162583423889999995e-01 2.465480000000000160e+01 7.313599999999999568e+01 9.077200000000000557e+01 1.020439999999999969e+02 3.386005129238293110e-01 6.150200449594097618e-01
-5.761619999999999520e-01 -1.357730000000000103e+00 -1.249360000000000026e+00 -1.364589999999999970e+00 -1.416949999999999932e+00 -6.588079999999999492e-01 7.095799460595133556e-01 6.737522277551306615e-01 -2.114860000000000073e-01 3.787412128924388943e-01 nan nan 9.038167847992351067e-01 1.012460724600000028e-01 5.516306191990000274e-02 1.162583423889999995e-01 2.465480000000000160e+01 7.313599999999999568e+01 9.077200000000000557e+01 1.020439999999999969e+02 2.614332463940147733e-01 6.843235743397837467e-01
-5.756470000000000198e-01 -1.079620000000000024e+00 -1.069250000000000034e+00 -1.389769999999999950e+00 -1.376810000000000089e+00 -6.577180000000000248e-01 6.692512721952081911e-01 6.337727449433008253e-01 -6.850709999999999855e-01 3.467163060862291646e-01 nan nan 9.300684595495526397e-01 8.309694963180000449e-02 5.540194074569999849e-02 1.096042168189999971e-01 2.181850000000000023e+01 4.690059999999999718e+01 7.393890000000000384e+01 9.353029999999999688e+01 2.614332463940147733e-01 6.843235743397837467e-01
-5.763460000000000250e-01 -1.512699999999999934e+00 -1.422500000000000098e+00 -1.225190000000000001e+00 -1.323420000000000041e+00 -6.579439999999999733e-01 6.282970233590529086e-01 5.936796137952544683e-01 -3.298829999999999818e-01 3.098978840005648383e-01 nan nan 9.524939910917504804e-01 8.309694963180000449e-02 5.540194074569999849e-02 1.096042168189999971e-01 2.181850000000000023e+01 4.690059999999999718e+01 7.393890000000000384e+01 9.353029999999999688e+01 1.114928697053683138e-01 8.492025374717335762e-01
-5.753890000000000393e-01 -1.022540000000000004e+00 -9.639050000000000118e-01 -1.311860000000000026e+00 -1.378030000000000088e+00 -6.581669999999999465e-01 5.871812275548485838e-01 5.539271055073013983e-01 -3.298829999999999818e-01 2.756615828555232239e-01 nan nan 9.708392891926677093e-01 1.007358128370000050e-01 6.292744114390000365e-02 9.962798061039999931e-02 1.301430000000000042e+01 4.129560000000000031e+01 5.797970000000000113e+01 8.528730000000000189e+01 1.114928697053683138e-01 8.492025374717335762e-01
-5.745799999999999796e-01 -8.387729999999999908e-01 -8.547179999999999778e-01 -1.294720000000000093e+00 -1.341660000000000075e+00 -6.580070000000000086e-01 5.463697431780952796e-01 5.131306983271020083e-01 -6.850709999999999855e-01 2.438190562835523822e-01 nan nan 9.848964942944117285e-01 1.007358128370000050e-01 6.292744114390000365e-02 9.962798061039999931e-02 1.301430000000000042e+01 4.129560000000000031e+01 5.797970000000000113e+01 8.528730000000000189e+01 6.906285222675371260e-01 8.384262872466030636e-01
-5.757360000000000255e-01 -1.103390000000000093e+00 -1.110079999999999956e+00 -1.187389999999999946e+00 -1.294030000000000014e+00 -6.584759999999999502e-01 5.063249806542233777e-01 4.715588416850442499e-01 -6.850709999999999855e-01 2.141548354946841703e-01 nan nan 9.945063326462058040e-01 1.426639296380000088e-01 7.005998751910000322e-02 1.187495022419999963e-01 2.743100000000000094e+01 4.720559999999999690e+01 5.810869999999999891e+01 7.144270000000000209e+01 6.906285222675371260e-01 8.384262872466030636e-01
-5.765670000000000517e-01 -2.048770000000000202e+00 -2.086720000000000130e+00 -1.313269999999999937e+00 -1.511069999999999913e+00 -6.589070000000000205e-01 4.667550944425867820e-01 4.311877848569893867e-01 -4.482789999999999830e-01 1.864287706240206344e-01 nan nan 9.995599209396270890e-01 1.426639296380000088e-01 7.005998751910000322e-02 1.187495022419999963e-01 2.743100000000000094e+01 4.720559999999999690e+01 5.810869999999999891e+01 7.144270000000000209e+01 6.481734575531028497e-01 7.853755178003242188e-01
-5.765630000000000477e-01 -2.089949999999999974e+00 -1.943019999999999969e+00 -1.244990000000000041e+00 -1.413450000000000095e+00 -6.529070000000000151e-01 4.263899859572516382e-01 3.922031307529990629e-01 -9.309009999999999507e-02 1.603787517256628492e-01 nan nan 1.000000000000000000e+00 2.572040298559999938e-01 7.946562853980000674e-02 1.392428562299999895e-01 2.274380000000000024e+01 5.000580000000000069e+01 5.687420000000000186e+01 6.594289999999999452e+01 6.481734575531028497e-01 7.853755178003242188e-01
-5.750520000000000076e-01 -9.587430000000000119e-01 -8.524530000000000163e-01 -1.291840000000000099e+00 -1.289520000000000000e+00 -6.408019999999999827e-01 3.862327865648575997e-01 3.547747737862922968e-01 -2.114860000000000073e-01 1.357236785831321679e-01 nan nan 9.958215835557239215e-01 2.572040298559999938e-01 7.946562853980000674e-02 1.392428562299999895e-01 2.274380000000000024e+01 5.000580000000000069e+01 5.687420000000000186e+01 6.594289999999999452e+01 9.237583921852624558e-01 1.000000000000000000e+00
-5.756609999999999783e-01 -1.172060000000000102e+00 -9.247349999999999737e-01 -1.175880000000000036e+00 -1.180870000000000086e+00 -6.339209999999999567e-01 3.480401428990540502e-01 3.190549749016585723e-01 -5.666750000000000398e-01 1.121666456871435180e-01 nan nan 9.870720147347228357e-01 3.040255016680000200e-01 9.495499290339999565e-02 1.212080912099999935e-01 2.685569999999999879e+01 5.448109999999999786e+01 5.870929999999999893e+01 6.192580000000000240e+01 9.237583921852624558e-01 1.000000000000000000e+00
-5.558330000000000215e-01 -1.299730000000000052e-01 -9.615110000000000323e-02 -8.414220000000000033e-01 -6.702439999999999509e-01 -6.228129999999999500e-01 3.119349840578445887e-01 2.851766363981118602e-01 -6.850709999999999855e-01 9.717847536023771493e-02 nan nan 9.738504296478889266e-01 3.040255016680000200e-01 9.495499290339999565e-02 1.212080912099999935e-01 2.685569999999999879e+01 5.448109999999999786e+01 5.870929999999999893e+01 6.192580000000000240e+01 8.996041447730230844e-01 9.369934562045985071e-01
-5.148089999999999611e-01 1.887429999999999941e-01 2.880510000000000015e-01 -1.118710000000000093e+00 -1.057809999999999917e+00 -6.166519999999999779e-01 2.779927737068949023e-01 2.532517960927382905e-01 -3.298829999999999818e-01 8.339426343557965193e-02 nan nan 9.563066341373336332e-01 3.172562625520000124e-01 7.358640379080000349e-02 1.042818414790000064e-01 1.671320000000000050e+01 5.040310000000000201e+01 6.405620000000000402e+01 6.652649999999999864e+01 8.996041447730230844e-01 9.369934562045985071e-01
-5.655289999999999484e-01 -3.918980000000000241e-01 -1.720510000000000095e-01 -7.465559999999999974e-01 -5.956479999999999553e-01 -6.387009999999999632e-01 2.462301294520145012e-01 2.233703578874605133e-01 -3.298829999999999818e-01 7.097019054216680001e-02 nan nan 9.346394064163361382e-01 3.172562625520000124e-01 7.358640379080000349e-02 1.042818414790000064e-01 1.671320000000000050e+01 5.040310000000000201e+01 6.405620000000000402e+01 6.652649999999999864e+01 9.139572999079785820e-01 9.581090365745464910e-01
-5.483080000000000176e-01 -3.600899999999999934e-02 4.764049999999999709e-03 -1.122949999999999893e+00 -1.056030000000000024e+00 -6.326650000000000329e-01 2.167175742505248470e-01 1.955990731219052758e-01 -6.850709999999999855e-01 6.004702639028935973e-02 nan nan 9.090942448327606895e-01 2.470208680219999897e-01 7.233718141549999592e-02 7.844842581399999459e-02 3.127270000000000039e+01 6.101339999999999719e+01 7.509319999999999595e+01 7.602479999999999905e+01 9.139572999079785820e-01 9.581090365745464910e-01
-5.676149999999999807e-01 -3.749330000000000163e-01 -3.957990000000000119e-01 -1.078259999999999996e+00 -1.008099999999999996e+00 -6.476549999999999807e-01 1.894636893505377007e-01 1.699807842540520531e-01 -6.850709999999999855e-01 5.074853479446317372e-02 nan nan 8.799605862746777696e-01 2.470208680219999897e-01 7.233718141549999592e-02 7.844842581399999459e-02 3.127270000000000039e+01 6.101339999999999719e+01 7.509319999999999595e+01 7.602479999999999905e+01 8.900807501102623309e-01 9.531161406949363313e-01
-5.711460000000000425e-01 -5.358810000000000517e-01 -5.333329999999999460e-01 -1.305399999999999894e+00 -1.283879999999999910e+00 -6.535779999999999923e-01 1.644568395584894427e-01 1.465339394380665849e-01 -6.850709999999999855e-01 4.318007137995749645e-02 nan nan 8.475685267347695673e-01 2.565810172249999854e-01 5.308092477729999675e-02 5.697491536299999909e-02 1.975679999999999836e+01 7.089369999999999550e+01 8.714849999999999852e+01 8.243840000000000146e+01 8.900807501102623309e-01 9.531161406949363313e-01
-5.756130000000000413e-01 -1.065339999999999954e+00 -1.059849999999999959e+00 -1.186379999999999990e+00 -1.290769999999999973e+00 -6.487760000000000193e-01 1.416591728640356207e-01 1.252523834993414242e-01 -4.482789999999999830e-01 3.742738986146321167e-02 nan nan 8.122850811908335356e-01 2.565810172249999854e-01 5.308092477729999675e-02 5.697491536299999909e-02 1.975679999999999836e+01 7.089369999999999550e+01 8.714849999999999852e+01 8.243840000000000146e+01 6.812249187326098188e-01 7.630925937043484542e-01
-5.763369999999999882e-01 -1.520510000000000028e+00 -1.373010000000000064e+00 -1.323339999999999961e+00 -1.395189999999999930e+00 -6.475140000000000340e-01 1.210066166522282272e-01 1.061054276750842407e-01 -4.482789999999999830e-01 3.355567041923990246e-02 nan nan 7.745100251794320156e-01 2.553262356989999815e-01 3.271371686720000310e-02 7.404920931420000407e-02 4.218260000000000076e+01 6.807019999999999982e+01 7.439740000000000464e+01 7.290040000000000475e+01 6.812249187326098188e-01 7.630925937043484542e-01
-5.738680000000000447e-01 -7.494210000000000038e-01 -7.484629999999999894e-01 -1.199500000000000011e+00 -1.318920000000000092e+00 -6.450630000000000530e-01 1.024475460439042696e-01 8.903819733026341332e-02 -6.850709999999999855e-01 2.382861211505493682e-02 nan nan 7.346713651793206346e-01 2.553262356989999815e-01 3.271371686720000310e-02 7.404920931420000407e-02 4.218260000000000076e+01 6.807019999999999982e+01 7.439740000000000464e+01 7.290040000000000475e+01 4.654865425557981329e-01 6.927084375604517508e-01
-5.080400000000000471e-01 1.669849999999999945e-01 -3.171839999999999989e-03 1.922779999999999934e+00 1.599159999999999915e+00 -6.313530000000000530e-01 8.593442521888638996e-02 7.397225370914850551e-02 1.682849999999999957e+00 1.531489519218187656e-02 nan nan 6.932204891270217217e-01 2.234236870430000022e-01 3.234830794029999734e-02 7.150622182860000287e-02 2.338609999999999900e+01 6.530060000000000286e+01 6.966710000000000491e+01 6.812210000000000321e+01 4.654865425557981329e-01 6.927084375604517508e-01
-5.283400000000000318e-01 5.635119999999999713e-02 -9.349860000000000115e-02 1.870139999999999914e+00 1.602419999999999956e+00 -6.276370000000000005e-01 7.138537878360429190e-02 6.080648267775612403e-02 5.826719999999999899e+00 7.534726125608459668e-03 nan nan 6.506270520111374633e-01 2.234236870430000022e-01 3.234830794029999734e-02 7.150622182860000287e-02 2.338609999999999900e+01 6.530060000000000286e+01 6.966710000000000491e+01 6.812210000000000321e+01 3.375659531834492855e-01 6.587020471873685779e-01
-5.529190000000000493e-01 -1.478750000000000064e-01 -1.678139999999999910e-01 1.785809999999999897e+00 1.378279999999999950e+00 -6.292210000000000303e-01 5.868811074669455508e-02 4.941824038739095482e-02 3.695590000000000153e+00 0.000000000000000000e+00 nan nan 6.073736544936643167e-01 2.117275717229999965e-01 3.184158404339999804e-02 7.083739060299999724e-02 4.550750000000000028e+01 6.722129999999999939e+01 6.445550000000000068e+01 6.292430000000000234e+01 3.375659531834492855e-01 6.587020471873685779e-01
-5.548990000000000311e-01 -1.258710000000000107e-01 -1.976030000000000009e-01 1.449030000000000040e+00 1.245519999999999960e+00 -5.976150000000000073e-01 4.771052862204439027e-02 3.966474287845755953e-02 -2.114860000000000073e-01 0.000000000000000000e+00 nan nan 5.639503748516565551e-01 2.117275717229999965e-01 3.184158404339999804e-02 7.083739060299999724e-02 4.550750000000000028e+01 6.722129999999999939e+01 6.445550000000000068e+01 6.292430000000000234e+01 1.705771209835940105e-01 6.111544695923636361e-01
-5.505100000000000549e-01 -8.350340000000000540e-02 -8.186039999999999983e-02 1.472879999999999967e+00 1.098160000000000025e+00 -6.180959999999999788e-01 3.829909137653098039e-02 3.138468387977566554e-02 9.724760000000000071e-01 0.000000000000000000e+00 nan nan 5.208492161945199594e-01 1.774679488320000109e-01 3.250281756369999969e-02 7.085893674460000402e-02 1.936659999999999826e+01 4.522350000000000136e+01 4.807059999999999889e+01 5.058520000000000039e+01 1.705771209835940105e-01 6.111544695923636361e-01
-5.508939999999999948e-01 -8.498120000000000673e-02 -9.733029999999999460e-02 1.557360000000000078e+00 1.067499999999999893e+00 -6.356159999999999588e-01 3.028774090227226434e-02 2.440006247308779130e-02 9.724760000000000071e-01 0.000000000000000000e+00 nan nan 4.785585318721891079e-01 1.774679488320000109e-01 3.250281756369999969e-02 7.085893674460000402e-02 1.936659999999999826e+01 4.522350000000000136e+01 4.807059999999999889e+01 5.058520000000000039e+01 1.764142159398430776e-01 6.189756725567494566e-01
-5.518319999999999892e-01 -8.846619999999999484e-02 -6.234970000000000095e-02 1.179200000000000026e+00 8.785779999999999701e-01 -6.219970000000000221e-01 2.349161317225456624e-02 1.851819991458858450e-02 4.988909999999999734e-01 0.000000000000000000e+00 nan nan 4.375574922365361719e-01 1.551416421459999861e-01 3.959847579249999722e-02 7.553003551909999447e-02 2.418319999999999936e+01 4.881490000000000151e+01 4.762429999999999808e+01 4.909259999999999735e+01 1.764142159398430776e-01 6.189756725567494566e-01
-5.692329999999999890e-01 -5.214649999999999563e-01 -6.566999999999999504e-01 1.395450000000000079e+00 8.488200000000000189e-01 -6.197660000000000391e-01 1.771475385827270266e-02 1.353392276208276179e-02 2.985209999999999919e+00 0.000000000000000000e+00 nan nan 3.983106554498170304e-01 1.551416421459999861e-01 3.959847579249999722e-02 7.553003551909999447e-02 2.418319999999999936e+01 4.881490000000000151e+01 4.762429999999999808e+01 4.909259999999999735e+01 1.000000000000000000e+00 8.523210128541219843e-01
-5.596839999999999593e-01 -2.214200000000000057e-01 -1.601660000000000028e-01 1.066079999999999917e+00 8.035790000000000433e-01 -5.731650000000000356e-01 1.275243400292003226e-02 9.231887572068053771e-03 2.038040000000000074e+00 0.000000000000000000e+00 nan nan 3.612627038550657588e-01 1.447071495660000040e-01 5.953450162380000132e-02 8.028947526620000552e-02 2.450600000000000023e+01 4.137149999999999750e+01 3.996329999999999671e+01 4.257099999999999795e+01 1.000000000000000000e+00 8.523210128541219843e-01
-5.476010000000000044e-01 -1.948189999999999991e-02 -4.102660000000000334e-02 1.029199999999999893e+00 7.272089999999999943e-01 -5.232630000000000337e-01 8.433727376937816267e-03 5.389020826997215075e-03 -6.850709999999999855e-01 0.000000000000000000e+00 nan nan 3.217990277839686275e-01 1.447071495660000040e-01 5.953450162380000132e-02 8.028947526620000552e-02 2.450600000000000023e+01 4.137149999999999750e+01 3.996329999999999671e+01 4.257099999999999795e+01 8.196108966365918125e-01 8.419483300314182239e-01
-5.216840000000000366e-01 1.693910000000000138e-01 1.783800000000000108e-01 1.358489999999999975e+00 8.994659999999999878e-01 -5.207589999999999719e-01 5.189994363621330820e-03 1.777046447367314208e-03 -6.850709999999999855e-01 0.000000000000000000e+00 nan nan 2.848694398836230102e-01 1.715216303579999990e-01 6.534286081000000024e-02 8.360579712139999675e-02 1.377880000000000038e+01 3.747879999999999967e+01 3.407390000000000185e+01 3.389330000000000354e+01 8.196108966365918125e-01 8.419483300314182239e-01
-5.097859999999999614e-01 2.318729999999999958e-01 2.539640000000000231e-01 8.523399999999999865e-01 7.349059999999999482e-01 -5.484879999999999756e-01 3.013529399913505991e-03 0.000000000000000000e+00 -6.850709999999999855e-01 0.000000000000000000e+00 nan nan 2.505194835815280907e-01 1.715216303579999990e-01 6.534286081000000024e-02 8.360579712139999675e-02 1.377880000000000038e+01 3.747879999999999967e+01 3.407390000000000185e+01 3.389330000000000354e+01 7.301051439399302012e-01 8.309152641865615863e-01
-5.327509999999999746e-01 1.040240000000000054e-01 1.206060000000000049e-01 3.750020000000000020e-01 3.588810000000000056e-01 -5.965819999999999457e-01 2.010312086073384741e-03 0.000000000000000000e+00 -6.850709999999999855e-01 0.000000000000000000e+00 nan nan 2.187654740484058502e-01 2.062017097249999875e-01 5.712649858160000205e-02 1.407096802570000083e-01 1.706960000000000122e+01 2.855460000000000065e+01 3.438349999999999795e+01 3.373409999999999798e+01 7.301051439399302012e-01 8.309152641865615863e-01
-5.491190000000000238e-01 -4.267819999999999947e-02 -1.858390000000000042e-02 1.859290000000000109e-01 4.689279999999999837e-02 -6.345499999999999474e-01 1.369784777889404559e-03 0.000000000000000000e+00 -6.850709999999999855e-01 0.000000000000000000e+00 nan nan 1.895943133407987924e-01 2.062017097249999875e-01 5.712649858160000205e-02 1.407096802570000083e-01 1.706960000000000122e+01 2.855460000000000065e+01 3.438349999999999795e+01 3.373409999999999798e+01 3.111465644449042944e-01 6.224710331992555634e-01
-5.694989999999999775e-01 -4.565029999999999921e-01 -4.765920000000000156e-01 1.447440000000000011e-02 -1.526440000000000019e-01 -6.047879999999999923e-01 3.930598990947720139e-04 0.000000000000000000e+00 -3.298829999999999818e-01 0.000000000000000000e+00 nan nan 1.629636388060018426e-01 1.975539167329999901e-01 6.365368773710000649e-02 2.186931828420000112e-01 1.201709999999999923e+01 2.639029999999999987e+01 2.904070000000000107e+01 3.019739999999999824e+01 3.111465644449042944e-01 6.224710331992555634e-01
-5.746459999999999901e-01 -9.195050000000000168e-01 -8.430419999999999581e-01 -5.399040000000000089e-02 -2.342009999999999925e-01 -5.628100000000000325e-01 0.000000000000000000e+00 0.000000000000000000e+00 -9.309009999999999507e-02 0.000000000000000000e+00 nan nan 1.388023030678455783e-01 1.975539167329999901e-01 6.365368773710000649e-02 2.186931828420000112e-01 1.201709999999999923e+01 2.639029999999999987e+01 2.904070000000000107e+01 3.019739999999999824e+01 7.829765917246110929e-01 6.241753550392561412e-01
-5.631789999999999852e-01 -3.042290000000000272e-01 -1.669069999999999998e-01 -1.609180000000000055e-01 -1.544659999999999922e-01 -4.143939999999999846e-01 0.000000000000000000e+00 0.000000000000000000e+00 -4.482789999999999830e-01 0.000000000000000000e+00 nan nan 1.170111801548965325e-01 2.441404513129999954e-01 6.905121532159999576e-02 2.058500540759999886e-01 1.541140000000000043e+01 2.119859999999999900e+01 3.258389999999999986e+01 3.325150000000000006e+01 7.829765917246110929e-01 6.241753550392561412e-01
-4.699949999999999961e-01 3.744569999999999843e-01 4.188009999999999788e-01 -5.430510000000000198e-02 -5.134119999999999656e-02 -2.749190000000000245e-01 0.000000000000000000e+00 0.000000000000000000e+00 -6.850709999999999855e-01 0.000000000000000000e+00 nan nan 9.746428863732303771e-02 2.441404513129999954e-01 6.905121532159999576e-02 2.058500540759999886e-01 1.541140000000000043e+01 2.119859999999999900e+01 3.258389999999999986e+01 3.325150000000000006e+01 9.016895994075784238e-01 6.558237110857629837e-01
-4.128120000000000123e-01 5.093010000000000037e-01 5.476860000000000062e-01 -1.799099999999999866e-01 -5.446170000000000178e-02 -1.372430000000000039e-01 0.000000000000000000e+00 0.000000000000000000e+00 -6.850709999999999855e-01 0.000000000000000000e+00 nan nan 8.001021904683436325e-02 2.564624313289999846e-01 7.890972498859999407e-02 2.154591021260000017e-01 1.246940000000000026e+01 2.439649999999999963e+01 3.042099999999999937e+01 3.195029999999999859e+01 9.016895994075784238e-01 6.558237110857629837e-01
-3.864560000000000217e-01 5.546740000000000004e-01 5.971840000000000481e-01 -1.692819999999999880e-01 -9.735299999999999510e-02 -3.685149999999999815e-01 0.000000000000000000e+00 0.000000000000000000e+00 -6.850709999999999855e-01 0.000000000000000000e+00 nan nan 6.447384940645628504e-02 2.564624313289999846e-01 7.890972498859999407e-02 2.154591021260000017e-01 1.246940000000000026e+01 2.439649999999999963e+01 3.042099999999999937e+01 3.195029999999999859e+01 8.007383489515553787e-01 8.225003835557956888e-01
-4.536450000000000204e-01 4.282630000000000048e-01 4.372759999999999980e-01 -1.069620000000000015e-01 -9.742080000000000184e-02 -3.011409999999999920e-01 0.000000000000000000e+00 0.000000000000000000e+00 -6.850709999999999855e-01 0.000000000000000000e+00 nan nan 5.065832943250625497e-02 2.767243101199999833e-01 8.017966201350000544e-02 2.942055740000000252e-01 1.814300000000000068e+01 2.819050000000000011e+01 3.039069999999999894e+01 3.308939999999999770e+01 8.007383489515553787e-01 8.225003835557956888e-01
-4.080929999999999835e-01 5.126100000000000101e-01 5.712289999999999868e-01 -3.174399999999999999e-01 -3.015149999999999775e-01 -3.326080000000000148e-01 0.000000000000000000e+00 0.000000000000000000e+00 -6.850709999999999855e-01 0.000000000000000000e+00 nan nan 4.338168869045677667e-02 2.767243101199999833e-01 8.017966201350000544e-02 2.942055740000000252e-01 1.814300000000000068e+01 2.819050000000000011e+01 3.039069999999999894e+01 3.308939999999999770e+01 8.786298072996358011e-01 8.406809282717309095e-01
-5.084899999999999975e-01 1.363469999999999960e-01 4.421760000000000135e-01 -1.451179999999999970e-01 3.545449999999999990e-02 -4.517410000000000037e-01 0.000000000000000000e+00 0.000000000000000000e+00 -5.666750000000000398e-01 0.000000000000000000e+00 nan nan 3.785081743945994948e-02 2.627377096669999967e-01 1.117592862329999936e-01 2.987503871419999735e-01 1.345199999999999996e+01 2.275499999999999901e+01 2.767729999999999890e+01 3.123860000000000170e+01 8.786298072996358011e-01 8.406809282717309095e-01
-1.019390000000000018e-01 8.249710000000000099e-01 9.153280000000000305e-01 -3.634620000000000073e-01 -3.007150000000000101e-01 -4.834629999999999761e-01 0.000000000000000000e+00 0.000000000000000000e+00 -5.666750000000000398e-01 0.000000000000000000e+00 nan nan 2.909400489732139050e-02 2.627377096669999967e-01 1.117592862329999936e-01 2.987503871419999735e-01 1.345199999999999996e+01 2.275499999999999901e+01 2.767729999999999890e+01 3.123860000000000170e+01 8.836828148737021493e-01 8.228172339957174897e-01
-3.861280000000000268e-01 5.359819999999999585e-01 6.430470000000000352e-01 -1.348660000000000136e-01 2.039090000000000000e-02 -4.575549999999999895e-01 0.000000000000000000e+00 0.000000000000000000e+00 -3.298829999999999818e-01 0.000000000000000000e+00 nan nan 2.171314267751511817e-02 2.508160586570000183e-01 1.153157956149999941e-01 2.509480189489999846e-01 1.713670000000000115e+01 3.721039999999999992e+01 3.661149999999999949e+01 3.703399999999999892e+01 8.836828148737021493e-01 8.228172339957174897e-01
-5.725430000000000241e-01 -6.740110000000000268e-01 -5.513059999999999627e-01 -4.599440000000000195e-01 -3.640070000000000250e-01 -4.900100000000000011e-01 0.000000000000000000e+00 7.053921180553146542e-04 -9.309009999999999507e-02 0.000000000000000000e+00 nan nan 1.541897533850766777e-02 2.508160586570000183e-01 1.153157956149999941e-01 2.509480189489999846e-01 1.713670000000000115e+01 3.721039999999999992e+01 3.661149999999999949e+01 3.703399999999999892e+01 8.160334979553832691e-01 8.250685397530567178e-01
-5.472709999999999519e-01 -1.019449999999999940e-01 1.504479999999999984e-01 -6.348350000000000382e-01 -5.357220000000000315e-01 -2.548679999999999835e-01 0.000000000000000000e+00 1.433762312964881325e-03 -3.298829999999999818e-01 0.000000000000000000e+00 nan nan 9.909934751545557141e-03 3.079422654469999854e-01 1.059319880579999984e-01 2.082022157739999990e-01 2.055849999999999866e+01 4.045980000000000132e+01 3.961990000000000123e+01 3.615930000000000177e+01 8.160334979553832691e-01 8.250685397530567178e-01
-4.754639999999999977e-01 2.912839999999999874e-01 5.277060000000000084e-01 -4.015400000000000080e-01 -1.850559999999999983e-01 1.200989999999999974e-01 0.000000000000000000e+00 2.230806387644390654e-03 -5.666750000000000398e-01 0.000000000000000000e+00 nan nan 4.875556988053086904e-03 3.079422654469999854e-01 1.059319880579999984e-01 2.082022157739999990e-01 2.055849999999999866e+01 4.045980000000000132e+01 3.961990000000000123e+01 3.615930000000000177e+01 8.057859114743565199e-01 8.548658221768625776e-01
-2.479790000000000050e-01 7.308310000000000084e-01 7.492539999999999756e-01 -1.247359999999999997e-01 1.153799999999999965e-01 2.637309999999999932e-01 0.000000000000000000e+00 3.141442042511433108e-03 -6.850709999999999855e-01 0.000000000000000000e+00 nan nan 0.000000000000000000e+00 3.526962855879999803e-01 7.575029134060000391e-02 1.863411258899999867e-01 2.157809999999999917e+01 3.770559999999999690e+01 3.444019999999999726e+01 3.141339999999999932e+01 8.057859114743565199e-01 8.548658221768625776e-01
1.162789999999999935e-01 9.498879999999999546e-01 1.014499999999999957e+00 -1.444419999999999871e-01 -3.685410000000000075e-04 -7.662839999999999929e-02 0.000000000000000000e+00 4.209299939990862605e-03 -6.850709999999999855e-01 0.000000000000000000e+00 nan nan 0.000000000000000000e+00 3.526962855879999803e-01 7.575029134060000391e-02 1.863411258899999867e-01 2.157809999999999917e+01 3.770559999999999690e+01 3.444019999999999726e+01 3.141339999999999932e+01 8.354941111770568529e-01 8.750375217626222835e-01
-5.418339999999999962e-02 8.701410000000000533e-01 9.058829999999999938e-01 -1.572010000000000074e-01 9.330940000000000067e-02 5.352660000000000196e-01 0.000000000000000000e+00 5.476229351676242807e-03 -6.850709999999999855e-01 0.000000000000000000e+00 nan nan 0.000000000000000000e+00 3.549862735029999938e-01 7.468150300310000267e-02 2.186817033150000034e-01 1.573349999999999937e+01 3.454780000000000229e+01 3.609029999999999916e+01 3.175969999999999871e+01 8.354941111770568529e-01 8.750375217626222835e-01
-4.305860000000000243e-01 4.199160000000000115e-01 6.212140000000000439e-01 -3.095620000000000038e-01 -5.939730000000000010e-02 9.690720000000000445e-01 0.000000000000000000e+00 6.981823989360091964e-03 -5.666750000000000398e-01 0.000000000000000000e+00 nan nan 0.000000000000000000e+00 3.549862735029999938e-01 7.468150300310000267e-02 2.186817033150000034e-01 1.573349999999999937e+01 3.454780000000000229e+01 3.609029999999999916e+01 3.175969999999999871e+01 7.865539904058196363e-01 8.955093954493604791e-01
-5.574930000000000163e-01 -1.499979999999999924e-01 -1.496369999999999922e-01 7.058409999999999684e-02 3.096439999999999748e-01 5.376130000000000075e-01 0.000000000000000000e+00 8.762973392458350830e-03 -5.666750000000000398e-01 0.000000000000000000e+00 nan nan 0.000000000000000000e+00 3.405619514029999961e-01 8.284517339100000433e-02 2.750277585290000215e-01 1.943479999999999919e+01 3.542170000000000130e+01 3.539370000000000260e+01 3.287349999999999994e+01 7.865539904058196363e-01 8.955093954493604791e-01
1.117369999999999974e+00 1.210280000000000022e+00 1.332759999999999945e+00 2.593159999999999910e-01 5.442099999999999715e-01 1.370959999999999956e+00 0.000000000000000000e+00 1.085344495478901550e-02 -6.850709999999999855e-01 0.000000000000000000e+00 nan nan 0.000000000000000000e+00 3.405619514029999961e-01 8.284517339100000433e-02 2.750277585290000215e-01 1.943479999999999919e+01 3.542170000000000130e+01 3.539370000000000260e+01 3.287349999999999994e+01 9.075648097226834965e-01 9.740949750855496525e-01
2.204909999999999926e+00 1.374959999999999960e+00 1.461920000000000108e+00 7.858779999999999932e-02 3.351589999999999847e-01 1.486879999999999979e+00 0.000000000000000000e+00 1.328350132650724102e-02 -6.850709999999999855e-01 0.000000000000000000e+00 nan nan 0.000000000000000000e+00 2.944300671419999849e-01 7.382428128619999974e-02 3.026003767009999845e-01 1.143069999999999986e+01 1.897579999999999956e+01 2.456550000000000011e+01 2.776709999999999923e+01 9.075648097226834965e-01 9.740949750855496525e-01
-1.351559999999999984e-01 7.127160000000000162e-01 1.035099999999999909e+00 4.239260000000000250e-01 5.245649999999999480e-01 7.627639999999999976e-01 0.000000000000000000e+00 1.607955752618617229e-02 -5.666750000000000398e-01 0.000000000000000000e+00 nan nan 0.000000000000000000e+00 2.944300671419999849e-01 7.382428128619999974e-02 3.026003767009999845e-01 1.143069999999999986e+01 1.897579999999999956e+01 2.456550000000000011e+01 2.776709999999999923e+01 3.405879566356118104e-02 5.025548151261064467e-01
1.052529999999999966e+00 1.196129999999999916e+00 1.325139999999999985e+00 -5.432879999999999932e-01 -4.049320000000000142e-01 2.547210000000000099e-02 0.000000000000000000e+00 1.926388164810244330e-02 -4.482789999999999830e-01 0.000000000000000000e+00 nan nan 0.000000000000000000e+00 2.674352268929999776e-01 9.086678530599999470e-02 2.790816905929999758e-01 8.534829999999999472e+00 1.063879999999999981e+01 1.492980000000000018e+01 1.995530000000000115e+01 3.405879566356118104e-02 5.025548151261064467e-01
-1.615099999999999869e-01 6.945000000000000062e-01 1.015060000000000073e+00 1.627480000000000038e-01 4.199209999999999887e-01 -6.485190000000000399e-02 0.000000000000000000e+00 2.285434255582929897e-02 -5.666750000000000398e-01 0.000000000000000000e+00 nan nan 0.000000000000000000e+00 2.674352268929999776e-01 9.086678530599999470e-02 2.790816905929999758e-01 8.534829999999999472e+00 1.063879999999999981e+01 1.492980000000000018e+01 1.995530000000000115e+01 4.419203606801958006e-02 5.126473354545635353e-01
-2.880099999999999882e-01 6.346349999999999492e-01 8.299109999999999543e-01 -6.204490000000000283e-01 -4.445009999999999795e-01 -2.250860000000000083e-01 0.000000000000000000e+00 2.686420742087336500e-02 -5.666750000000000398e-01 0.000000000000000000e+00 nan nan 0.000000000000000000e+00 2.753232591190000189e-01 8.288017906090000553e-02 3.363028247820000205e-01 6.343350000000000044e+00 1.003270000000000017e+01 1.156269999999999953e+01 1.607290000000000063e+01 4.419203606801958006e-02 5.126473354545635353e-01
-5.327640000000000153e-01 1.067580000000000057e-01 1.215080000000000049e-01 -3.400480000000000169e-01 -2.035480000000000067e-01 3.834409999999999763e-01 0.000000000000000000e+00 3.130199140031897365e-02 -5.666750000000000398e-01 0.000000000000000000e+00 nan nan 0.000000000000000000e+00 2.753232591190000189e-01 8.288017906090000553e-02 3.363028247820000205e-01 6.343350000000000044e+00 1.003270000000000017e+01 1.156269999999999953e+01 1.607290000000000063e+01 2.968097444637440852e-02 5.429015495654145873e-01
-3.020439999999999792e-01 6.561719999999999775e-01 7.425289999999999946e-01 -8.969369999999999843e-01 -8.369720000000000493e-01 6.512120000000000131e-01 0.000000000000000000e+00 3.617136115669694618e-02 -6.850709999999999855e-01 0.000000000000000000e+00 nan nan 0.000000000000000000e+00 2.814769069479999830e-01 9.525589333999999464e-02 3.159955908459999852e-01 7.659169999999999590e+00 6.059960000000000235e+00 8.579940000000000566e+00 1.371129999999999960e+01 2.968097444637440852e-02 5.429015495654145873e-01
-3.465520000000000267e-01 5.152250000000000441e-01 8.242420000000000302e-01 3.782769999999999744e-01 6.264629999999999921e-01 1.108640000000000070e+00 0.000000000000000000e+00 4.147109331323195480e-02 -5.666750000000000398e-01 0.000000000000000000e+00 nan nan 0.000000000000000000e+00 2.814769069479999830e-01 9.525589333999999464e-02 3.159955908459999852e-01 7.659169999999999590e+00 6.059960000000000235e+00 8.579940000000000566e+00 1.371129999999999960e+01 3.692833768029923913e-02 5.564460720551251960e-01
2.711219999999999963e+00 1.413829999999999920e+00 1.544370000000000021e+00 -6.778910000000000213e-01 -5.027409999999999934e-01 7.223850000000000549e-01 0.000000000000000000e+00 4.719508831519125813e-02 -5.666750000000000398e-01 0.000000000000000000e+00 nan nan 0.000000000000000000e+00 2.815718774140000269e-01 1.064480874699999940e-01 3.143944796450000023e-01 6.082220000000000404e+00 6.075899999999999856e+00 8.899430000000000618e+00 1.484179999999999922e+01 3.692833768029923913e-02 5.564460720551251960e-01
4.682780000000000276e-01 9.691130000000000022e-01 1.318519999999999914e+00 4.403079999999999772e-01 6.468230000000000368e-01 8.406050000000000466e-01 0.000000000000000000e+00 5.333243954027666600e-02 -5.666750000000000398e-01 0.000000000000000000e+00 nan nan 0.000000000000000000e+00 2.815718774140000269e-01 1.064480874699999940e-01 3.143944796450000023e-01 6.082220000000000404e+00 6.075899999999999856e+00 8.899430000000000618e+00 1.484179999999999922e+01 3.802279298459587675e-02 5.437086843702680916e-01
7.147890000000000077e-01 1.123220000000000107e+00 1.254459999999999908e+00 -6.212480000000000224e-01 -5.171459999999999946e-01 9.606970000000000232e-01 0.000000000000000000e+00 5.986755687501299494e-02 -5.666750000000000398e-01 0.000000000000000000e+00 nan nan 0.000000000000000000e+00 2.765202543510000277e-01 9.713608729349999804e-02 3.103313802659999898e-01 4.287029999999999674e+00 8.767699999999999605e+00 1.120049999999999990e+01 1.554260000000000019e+01 3.802279298459587675e-02 5.437086843702680916e-01
-5.293449999999999545e-01 1.733109999999999859e-02 3.319610000000000061e-01 9.046890000000000487e-02 2.479169999999999985e-01 1.763549999999999840e-02 0.000000000000000000e+00 6.678034335696336754e-02 -4.482789999999999830e-01 0.000000000000000000e+00 nan nan 0.000000000000000000e+00 2.765202543510000277e-01 9.713608729349999804e-02 3.103313802659999898e-01 4.287029999999999674e+00 8.767699999999999605e+00 1.120049999999999990e+01 1.554260000000000019e+01 2.754651435043253827e-02 5.373650050362543951e-01
2.903210000000000165e-02 8.861930000000000085e-01 1.022340000000000027e+00 2.633589999999999889e-02 2.898609999999999798e-01 8.285580000000000167e-01 0.000000000000000000e+00 7.404642288134422046e-02 -5.666750000000000398e-01 0.000000000000000000e+00 nan nan 0.000000000000000000e+00 2.972987232939999780e-01 8.806594832969999453e-02 2.729208878650000170e-01 1.159159999999999968e+01 1.599029999999999951e+01 1.761070000000000135e+01 1.816600000000000037e+01 2.754651435043253827e-02 5.373650050362543951e-01
7.022720000000000073e-01 1.136560000000000015e+00 1.213789999999999925e+00 -2.856969999999999787e-01 -5.475479999999999930e-02 1.677289999999999948e+00 0.000000000000000000e+00 8.163741639203248024e-02 -6.850709999999999855e-01 0.000000000000000000e+00 nan nan 0.000000000000000000e+00 2.972987232939999780e-01 8.806594832969999453e-02 2.729208878650000170e-01 1.159159999999999968e+01 1.599029999999999951e+01 1.761070000000000135e+01 1.816600000000000037e+01 3.018736421403411807e-02 5.717782980795527159e-01
-2.598849999999999771e-01 6.027409999999999712e-01 9.379549999999999832e-01 3.484510000000000107e-01 4.916610000000000147e-01 1.869869999999999921e+00 0.000000000000000000e+00 8.952126342761113076e-02 -5.666750000000000398e-01 0.000000000000000000e+00 nan nan 0.000000000000000000e+00 2.899161064410000210e-01 8.105926769219999606e-02 2.717719779180000073e-01 1.313909999999999911e+01 2.370759999999999934e+01 2.195200000000000173e+01 -1.000000000000000000e+00 3.018736421403411807e-02 5.717782980795527159e-01
1.717740000000000045e+00 1.310750000000000082e+00 1.412879999999999914e+00 6.744799999999999407e-02 3.479050000000000198e-01 1.286929999999999907e+00 0.000000000000000000e+00 9.766258537920791127e-02 -5.666750000000000398e-01 0.000000000000000000e+00 nan nan 0.000000000000000000e+00 2.899161064410000210e-01 8.105926769219999606e-02 2.717719779180000073e-01 1.313909999999999911e+01 2.370759999999999934e+01 2.195200000000000173e+01 -1.000000000000000000e+00 3.513147076279721226e-02 6.143029623848498266e-01
9.864669999999999828e-01 1.195119999999999960e+00 1.285099999999999909e+00 3.036690000000000222e-01 5.026030000000000220e-01 3.267209999999999948e+00 0.000000000000000000e+00 1.060230863442700455e-01 -5.666750000000000398e-01 0.000000000000000000e+00 nan nan 0.000000000000000000e+00 3.138576710659999880e-01 7.577585639089999547e-02 2.903844348990000102e-01 9.802339999999999165e+00 2.081749999999999901e+01 -1.000000000000000000e+00 -1.000000000000000000e+00 3.513147076279721226e-02 6.143029623848498266e-01
9.167629999999999946e-01 1.126239999999999908e+00 1.373709999999999987e+00 2.129679999999999906e-01 3.766769999999999841e-01 2.411579999999999835e+00 0.000000000000000000e+00 1.145619870344430913e-01 -5.666750000000000398e-01 0.000000000000000000e+00 nan nan 0.000000000000000000e+00 3.138576710659999880e-01 7.577585639089999547e-02 2.903844348990000102e-01 9.802339999999999165e+00 2.081749999999999901e+01 -1.000000000000000000e+00 -1.000000000000000000e+00 4.173087289616839168e-02 6.590122270917131431e-01
9.216499999999999693e-01 1.144640000000000102e+00 1.347280000000000033e+00 2.622180000000000066e-01 4.457220000000000071e-01 3.553409999999999958e+00 0.000000000000000000e+00 1.232364868212020292e-01 -5.666750000000000398e-01 0.000000000000000000e+00 nan nan 0.000000000000000000e+00 3.222799161409999891e-01 8.215118832230000612e-02 2.698962818760000104e-01 1.270930000000000071e+01 -1.000000000000000000e+00 -1.000000000000000000e+00 -1.000000000000000000e+00 4.173087289616839168e-02 6.590122270917131431e-01
2.325359999999999872e+00 1.370209999999999928e+00 1.515700000000000047e+00 3.245509999999999784e-01 5.559960000000000457e-01 3.012439999999999785e+00 0.000000000000000000e+00 1.320022486840746190e-01 -5.666750000000000398e-01 0.000000000000000000e+00 nan nan 0.000000000000000000e+00 3.222799161409999891e-01 8.215118832230000612e-02 2.698962818760000104e-01 1.270930000000000071e+01 -1.000000000000000000e+00 -1.000000000000000000e+00 -1.000000000000000000e+00 0.000000000000000000e+00 0.000000000000000000e+00
