-4.116270000000000207e-01 1.727739999999999831e-02 -5.772940000000000016e-02 1.283970000000000056e+00 1.081590000000000051e+00 -2.581459999999999866e-01 0.000000000000000000e+00 1.560837456718110472e-01 3.749480000000000174e-02 5.704438006937162520e-02 3.844219194632886305e-01 nan 0.000000000000000000e+00 1.768286601680000014e-01 8.783457100010000004e-03 7.328087881360000055e-02 -1.000000000000000000e+00 -1.000000000000000000e+00 -1.000000000000000000e+00 -1.000000000000000000e+00 0.000000000000000000e+00 0.000000000000000000e+00
-4.611239999999999783e-01 -4.068620000000000014e-01 -3.759850000000000136e-01 1.203259999999999996e+00 9.727729999999999988e-01 2.030159999999999965e+00 0.000000000000000000e+00 1.397128702319963001e-01 8.917230000000000434e-01 6.662813746931539605e-02 4.312656134963480659e-01 nan 0.000000000000000000e+00 2.142877263769999985e-01 1.253040406640000028e-02 9.351574930940000085e-02 9.041000000000000369e+00 -1.000000000000000000e+00 -1.000000000000000000e+00 -1.000000000000000000e+00 0.000000000000000000e+00 0.000000000000000000e+00
-3.889199999999999879e-01 6.512590000000000046e-02 9.308660000000000545e-02 1.434479999999999977e+00 1.347939999999999916e+00 3.386540000000000106e+00 0.000000000000000000e+00 1.248117599166652658e-01 2.066289999999999960e+00 7.729856163363124644e-02 4.793453031411688547e-01 nan 0.000000000000000000e+00 2.142877263769999985e-01 1.253040406640000028e-02 9.351574930940000085e-02 9.041000000000000369e+00 -1.000000000000000000e+00 -1.000000000000000000e+00 -1.000000000000000000e+00 0.000000000000000000e+00 0.000000000000000000e+00
1.626300000000000079e+00 1.361140000000000017e+00 1.320349999999999913e+00 1.396220000000000017e+00 1.557350000000000012e+00 3.698949999999999960e+00 0.000000000000000000e+00 1.115098129116017800e-01 5.713880000000000070e-01 8.917789632927852761e-02 5.281162263024058445e-01 nan 0.000000000000000000e+00 2.200881703149999979e-01 1.675874337799999891e-02 1.069741230320000042e-01 1.014669999999999916e+01 2.864069999999999894e+01 -1.000000000000000000e+00 -1.000000000000000000e+00 0.000000000000000000e+00 0.000000000000000000e+00
7.340239999999999654e+00 1.931410000000000071e+00 1.818040000000000100e+00 1.273139999999999938e+00 1.673240000000000061e+00 3.576999999999999957e+00 0.000000000000000000e+00 9.863968062329220299e-02 1.442730000000000123e-01 1.023746878838397434e-01 5.770257889327703449e-01 nan 0.000000000000000000e+00 2.200881703149999979e-01 1.675874337799999891e-02 1.069741230320000042e-01 1.014669999999999916e+01 2.864069999999999894e+01 -1.000000000000000000e+00 -1.000000000000000000e+00 5.637042813926571583e-01 6.858266084636209792e-01
1.243549999999999933e+00 1.212509999999999977e+00 1.311090000000000089e+00 1.555569999999999897e+00 1.656900000000000039e+00 2.473970000000000002e+00 0.000000000000000000e+00 8.645873252614344473e-02 3.749480000000000174e-02 1.169825553122577633e-01 6.255198261443906116e-01 nan 0.000000000000000000e+00 2.113852500489999953e-01 2.694638306979999995e-02 1.176701974709999932e-01 1.617630000000000123e+01 3.630030000000000001e+01 4.279540000000000077e+01 -1.000000000000000000e+00 5.637042813926571583e-01 6.858266084636209792e-01
5.795540000000000136e-01 1.115490000000000093e+00 9.761849999999999694e-01 1.507439999999999891e+00 1.428010000000000002e+00 1.785869999999999957e-01 1.161280479854420733e-04 7.521652936229206166e-02 8.917230000000000434e-01 1.330791295759867765e-01 6.730488811184247577e-01 nan 0.000000000000000000e+00 2.113852500489999953e-01 2.694638306979999995e-02 1.176701974709999932e-01 1.617630000000000123e+01 3.630030000000000001e+01 4.279540000000000077e+01 -1.000000000000000000e+00 8.227436876903130303e-01 7.010919547674252517e-01
-3.886189999999999922e-01 1.131510000000000016e-01 -3.425350000000000183e-03 1.479519999999999946e+00 1.473090000000000011e+00 -3.589030000000000276e-01 1.452455614520564708e-03 6.515199551867745242e-02 2.066289999999999960e+00 1.507251739931798618e-01 7.190744306703704680e-01 nan 0.000000000000000000e+00 2.129422063080000094e-01 4.494664552460000267e-02 9.856712447649999820e-02 1.706370000000000076e+01 4.901230000000000331e+01 5.733800000000000097e+01 5.586410000000000053e+01 8.227436876903130303e-01 7.010919547674252517e-01
-4.244450000000000167e-01 -8.130850000000000577e-02 -3.950359999999999983e-01 1.651059999999999972e+00 1.522140000000000049e+00 4.005690000000000084e-01 3.953643673724971386e-03 5.649071191826771088e-02 6.230649999999999800e+00 1.699638957660148941e-01 7.630749869329274127e-01 nan 0.000000000000000000e+00 2.129422063080000094e-01 4.494664552460000267e-02 9.856712447649999820e-02 1.706370000000000076e+01 4.901230000000000331e+01 5.733800000000000097e+01 5.586410000000000053e+01 8.705299707420781630e-01 8.839101825105892818e-01
-3.239859999999999962e-01 3.146249999999999880e-01 1.745619999999999949e-01 1.642360000000000042e+00 1.527749999999999941e+00 1.202360000000000095e+00 6.629244328310912593e-03 4.944236009806501908e-02 5.376420000000000421e+00 1.908204564258281222e-01 8.045520060219109038e-01 nan 0.000000000000000000e+00 2.990222849929999871e-01 6.362921850159999893e-02 8.956133518129999471e-02 2.346310000000000073e+01 5.839399999999999835e+01 7.090250000000000341e+01 6.704949999999999477e+01 8.705299707420781630e-01 8.839101825105892818e-01
-1.094829999999999970e-01 5.748720000000000496e-01 6.904630000000000489e-01 1.565430000000000099e+00 1.451689999999999925e+00 1.291299999999999892e+00 9.614702431163690832e-03 4.419834643350728509e-02 6.781660000000000466e-01 2.133016867429113894e-01 8.430355367376668463e-01 nan 0.000000000000000000e+00 2.990222849929999871e-01 6.362921850159999893e-02 8.956133518129999471e-02 2.346310000000000073e+01 5.839399999999999835e+01 7.090250000000000341e+01 6.704949999999999477e+01 1.000000000000000000e+00 9.718624111086644479e-01
2.409269999999999801e+00 1.523449999999999971e+00 1.394819999999999949e+00 1.577930000000000055e+00 1.734799999999999898e+00 1.043179999999999996e+00 1.306759344372698806e-02 4.092963342775157720e-02 4.646089999999999942e-01 2.373960093311542341e-01 8.780895452999468720e-01 nan 0.000000000000000000e+00 4.161631223689999937e-01 7.293513948419999560e-02 8.513647665019999367e-02 1.581409999999999982e+01 5.348579999999999757e+01 6.752299999999999613e+01 6.515550000000000352e+01 1.000000000000000000e+00 9.718624111086644479e-01
4.696439999999999948e+00 1.707759999999999945e+00 1.712930000000000064e+00 1.579159999999999897e+00 2.278999999999999915e+00 3.243079999999999963e+00 1.714136419065559469e-02 3.978480263820072249e-02 3.749480000000000174e-02 2.630735698244547338e-01 9.093168557848694267e-01 nan 0.000000000000000000e+00 4.161631223689999937e-01 7.293513948419999560e-02 8.513647665019999367e-02 1.581409999999999982e+01 5.348579999999999757e+01 6.752299999999999613e+01 6.515550000000000352e+01 8.401394842856645395e-01 8.862126138262457209e-01
7.778479999999999839e-01 1.125559999999999894e+00 1.126130000000000075e+00 1.406760000000000010e+00 1.605879999999999974e+00 3.933710000000000040e+00 2.197509733719993363e-02 4.088837118808796856e-02 2.510519999999999974e-01 2.902865751386174420e-01 9.363636502868400990e-01 nan 0.000000000000000000e+00 4.805418730039999753e-01 8.279961957749999713e-02 7.767542879300000369e-02 1.653709999999999880e+01 4.071500000000000341e+01 5.710090000000000288e+01 5.942869999999999919e+01 8.401394842856645395e-01 8.862126138262457209e-01
2.256499999999999895e-01 8.561389999999999834e-01 9.359140000000000237e-01 1.268240000000000034e+00 1.529220000000000024e+00 1.905599999999999961e+00 2.770330880209337376e-02 4.433938093771561118e-02 8.917230000000000434e-01 3.189698349860935478e-01 9.589234778168007622e-01 nan 0.000000000000000000e+00 4.805418730039999753e-01 8.279961957749999713e-02 7.767542879300000369e-02 1.653709999999999880e+01 4.071500000000000341e+01 5.710090000000000288e+01 5.942869999999999919e+01 9.148440488194997666e-02 6.443796064817812752e-01
2.329180000000000028e+00 1.425929999999999920e+00 1.482809999999999961e+00 1.364770000000000039e+00 1.543639999999999901e+00 9.897249999999999659e-01 3.445314371650443075e-02 5.021027630060326263e-02 6.781660000000000466e-01 3.490415005079882116e-01 9.767407265143872586e-01 nan 0.000000000000000000e+00 4.448755274030000151e-01 1.050216562149999949e-01 8.304137914220000027e-02 1.662199999999999989e+01 4.844899999999999807e+01 6.189829999999999899e+01 6.267020000000000124e+01 9.148440488194997666e-02 6.443796064817812752e-01
4.422109999999999985e+00 1.667310000000000070e+00 1.712429999999999897e+00 1.338519999999999932e+00 1.371960000000000068e+00 9.407630000000000159e-01 4.232623739234864235e-02 5.854608341933498217e-02 -2.828410000000000091e-01 3.804039916543363598e-01 9.896135198324447213e-01 nan 0.000000000000000000e+00 4.448755274030000151e-01 1.050216562149999949e-01 8.304137914220000027e-02 1.662199999999999989e+01 4.844899999999999807e+01 6.189829999999999899e+01 6.267020000000000124e+01 9.096282902743479948e-02 6.763027680988586976e-01
-1.832519999999999982e-01 5.736329999999999485e-01 4.806819999999999982e-01 1.349939999999999918e+00 1.197689999999999921e+00 3.031940000000000190e-01 5.142241120742885307e-02 6.936390000137215850e-02 -6.928380000000000649e-02 4.129451028050601380e-01 9.973960038789723148e-01 nan 0.000000000000000000e+00 3.636159242670000125e-01 1.268325899280000058e-01 1.001407953300000042e-01 2.522269999999999968e+01 5.567990000000000350e+01 7.335609999999999786e+01 7.566379999999999484e+01 9.096282902743479948e-02 6.763027680988586976e-01
-4.456379999999999786e-01 -2.543009999999999993e-01 -2.401000000000000079e-01 9.856989999999999919e-01 9.448590000000000044e-01 -1.707500000000000129e-01 6.182636301438981796e-02 8.265270159519644277e-02 2.510519999999999974e-01 4.465392741044797997e-01 1.000000000000000000e+00 nan 0.000000000000000000e+00 3.636159242670000125e-01 1.268325899280000058e-01 1.001407953300000042e-01 2.522269999999999968e+01 5.567990000000000350e+01 7.335609999999999786e+01 7.566379999999999484e+01 1.095458316154446221e-01 6.861569150658670679e-01
-2.548139999999999850e-01 3.722610000000000086e-01 4.983879999999999977e-01 6.904420000000000002e-01 4.886349999999999860e-01 -2.338969999999999938e-01 7.359887965573941315e-02 9.837346650175038398e-02 -1.760619999999999963e-01 4.810490141046488421e-01 9.973960038789723148e-01 nan 0.000000000000000000e+00 2.940463871469999879e-01 1.025577654439999986e-01 1.087473589660000045e-01 2.240919999999999845e+01 6.424830000000000041e+01 8.086679999999999779e+01 8.305270000000000152e+01 1.095458316154446221e-01 6.861569150658670679e-01
8.819749999999999535e-01 1.134430000000000049e+00 1.190819999999999990e+00 8.888939999999999619e-01 9.310910000000000020e-01 -1.379090000000000038e-01 8.679454650513640512e-02 1.164596179058802194e-01 -3.896189999999999931e-01 5.163264575983991245e-01 9.896135198324448323e-01 nan 0.000000000000000000e+00 2.940463871469999879e-01 1.025577654439999986e-01 1.087473589660000045e-01 2.240919999999999845e+01 6.424830000000000041e+01 8.086679999999999779e+01 8.305270000000000152e+01 8.874240610392780670e-02 7.684000207251201475e-01
2.113160000000000038e-01 8.326000000000000068e-01 9.582159999999999567e-01 5.712319999999999620e-01 4.773319999999999785e-01 -3.969059999999999810e-01 1.014560592295914443e-01 1.368177782182539159e-01 -3.896189999999999931e-01 5.522150409912212066e-01 9.767407265143873696e-01 nan 0.000000000000000000e+00 2.846453916560000019e-01 9.206842196469999795e-02 1.358876933860000136e-01 2.988179999999999836e+01 6.608410000000000650e+01 7.937050000000000693e+01 8.139790000000000703e+01 8.874240610392780670e-02 7.684000207251201475e-01
-4.688350000000000017e-01 -5.295509999999999939e-01 -3.567389999999999728e-01 3.796950000000000047e-01 3.019700000000000162e-01 -7.592940000000000245e-01 1.176049125094666969e-01 1.593288270807605711e-01 -2.828410000000000091e-01 5.885512762293501066e-01 9.589234778168007622e-01 nan 0.000000000000000000e+00 2.846453916560000019e-01 9.206842196469999795e-02 1.358876933860000136e-01 2.988179999999999836e+01 6.608410000000000650e+01 7.937050000000000693e+01 8.139790000000000703e+01 9.012334027112012258e-02 6.779057266097590073e-01
-3.558459999999999956e-01 2.529000000000000137e-01 1.707299999999999929e-01 9.297910000000000341e-01 4.544170000000000154e-01 -7.991089999999999582e-01 1.352499412591627870e-01 1.838492510477651720e-01 -3.896189999999999931e-01 6.251666031847405991e-01 9.363636502868400990e-01 nan 0.000000000000000000e+00 3.362237262509999991e-01 6.177545196039999770e-02 1.424776832380000025e-01 3.111240000000000094e+01 7.133259999999999934e+01 8.214159999999999684e+01 8.418779999999999575e+01 9.012334027112012258e-02 6.779057266097590073e-01
-4.749240000000000128e-01 -5.368680000000000119e-01 -6.462579999999999991e-01 8.905429999999999735e-01 3.994670000000000165e-01 -6.428620000000000445e-01 1.543847748637303674e-01 2.102127696507939403e-01 3.027289999999999814e+00 6.618892995086722575e-01 9.093168557848695377e-01 nan 0.000000000000000000e+00 3.362237262509999991e-01 6.177545196039999770e-02 1.424776832380000025e-01 3.111240000000000094e+01 7.133259999999999934e+01 8.214159999999999684e+01 8.418779999999999575e+01 1.430757079771300955e-01 7.815248507143690571e-01
-4.957790000000000252e-01 -1.748059999999999947e+00 -1.710579999999999989e+00 1.280090000000000117e-01 -8.043069999999999387e-02 -3.798420000000000130e-01 1.749796291150986782e-01 2.382322194226831336e-01 4.628969999999999807e+00 6.985464263145755304e-01 8.780895452999469830e-01 nan 0.000000000000000000e+00 4.016740309579999724e-01 4.712626112150000018e-02 1.433075997759999942e-01 4.108899999999999864e+01 8.847560000000000002e+01 9.541039999999999566e+01 8.862860000000000582e+01 1.430757079771300955e-01 7.815248507143690571e-01
-4.781090000000000062e-01 -6.773169999999999469e-01 -6.092769999999999575e-01 2.314360000000000028e-01 7.931660000000000099e-02 -1.548700000000000077e-01 1.969878785683756295e-01 2.677016745344495963e-01 1.425620000000000109e+00 7.317866125713712311e-01 8.430355367376670683e-01 nan 0.000000000000000000e+00 4.016740309579999724e-01 4.712626112150000018e-02 1.433075997759999942e-01 4.108899999999999864e+01 8.847560000000000002e+01 9.541039999999999566e+01 8.862860000000000582e+01 9.663558736892297052e-02 8.436419217367649992e-01
-2.302819999999999867e-01 4.672439999999999927e-01 5.001079999999999970e-01 4.509179999999999855e-01 4.797259999999999858e-01 -1.864649999999999988e-02 2.203489086314424084e-01 2.983987800172165361e-01 2.510519999999999974e-01 7.645159700662705893e-01 8.045520060219111258e-01 nan 0.000000000000000000e+00 5.476962534270000127e-01 4.327569611039999709e-02 1.619073030179999928e-01 2.916529999999999845e+01 8.449479999999999791e+01 9.798359999999999559e+01 8.961879999999999313e+01 9.663558736892297052e-02 8.436419217367649992e-01
8.292850000000000499e-01 1.115189999999999904e+00 1.183820000000000094e+00 3.594280000000000252e-01 1.829439999999999886e-02 1.935119999999999896e-01 2.449845766252535251e-01 3.300872711328592946e-01 -3.896189999999999931e-01 7.963636621008688410e-01 7.630749869329276347e-01 nan 0.000000000000000000e+00 5.476962534270000127e-01 4.327569611039999709e-02 1.619073030179999928e-01 2.916529999999999845e+01 8.449479999999999791e+01 9.798359999999999559e+01 8.961879999999999313e+01 1.338860381594829674e-01 9.225625315734251597e-01
1.233090000000000019e+00 1.216920000000000002e+00 1.259630000000000027e+00 4.820369999999999933e-01 6.758950000000000236e-01 4.909450000000000203e-01 2.708063218095141389e-01 3.625196503478954613e-01 -3.896189999999999931e-01 8.269688415987219710e-01 7.190744306703704680e-01 nan 0.000000000000000000e+00 6.121445006579999681e-01 3.565729381939999887e-02 1.840950849309999915e-01 2.657310000000000016e+01 6.268489999999999895e+01 7.556029999999999802e+01 7.641910000000000025e+01 1.338860381594829674e-01 9.225625315734251597e-01
5.752779999999999561e-01 1.023309999999999942e+00 1.022880000000000011e+00 6.926280000000000214e-01 5.825090000000000545e-01 1.284419999999999895e+00 2.977169208886130125e-01 3.954399915794338805e-01 -2.828410000000000091e-01 8.559847396469097980e-01 6.730488811184249798e-01 nan 0.000000000000000000e+00 6.121445006579999681e-01 3.565729381939999887e-02 1.840950849309999915e-01 2.657310000000000016e+01 6.268489999999999895e+01 7.556029999999999802e+01 7.641910000000000025e+01 1.666459692121223801e-01 9.568431756065336469e-01
2.278679999999999872e-01 8.368970000000000020e-01 8.831130000000000368e-01 6.094709999999999850e-01 7.092060000000000031e-01 7.738080000000000513e-01 3.256050169163734465e-01 4.299400545857934297e-01 -1.760619999999999963e-01 8.830825945263822696e-01 6.255198261443907226e-01 nan 0.000000000000000000e+00 6.659816099730000438e-01 2.585106609160000082e-02 1.772012464409999932e-01 1.332859999999999978e+01 3.640200000000000102e+01 5.102139999999999986e+01 6.030069999999999908e+01 1.666459692121223801e-01 9.568431756065336469e-01
1.312129999999999963e-01 7.770759999999999890e-01 8.163019999999999721e-01 6.512310000000000043e-01 5.753610000000000113e-01 8.888249999999999762e-01 3.543464022655057333e-01 4.645301903237522012e-01 -1.760619999999999963e-01 9.079553767136010478e-01 5.770257889327705669e-01 nan 0.000000000000000000e+00 6.659816099730000438e-01 2.585106609160000082e-02 1.772012464409999932e-01 1.332859999999999978e+01 3.640200000000000102e+01 5.102139999999999986e+01 6.030069999999999908e+01 1.622846015905580197e-01 9.944560303623010133e-01
1.499669999999999892e-01 7.890829999999999789e-01 8.629679999999999573e-01 5.968059999999999476e-01 3.015880000000000227e-01 9.119840000000000169e-01 3.837976967173464260e-01 4.990302536347354101e-01 -2.828410000000000091e-01 9.303212676477258247e-01 5.281162263024060666e-01 nan 0.000000000000000000e+00 6.976630955710000359e-01 2.226085862500000109e-02 1.598454678070000134e-01 9.733119999999999550e+00 2.610960000000000036e+01 3.589889999999999759e+01 4.768919999999999959e+01 1.622846015905580197e-01 9.944560303623010133e-01
1.523259999999999892e-01 8.012599999999999723e-01 8.380379999999999496e-01 7.249919999999999698e-01 5.273010000000000197e-01 9.506790000000000518e-01 4.138114367162222251e-01 5.332611199167567317e-01 -2.828410000000000091e-01 9.499268528475159901e-01 4.793453031411690768e-01 nan 0.000000000000000000e+00 6.976630955710000359e-01 2.226085862500000109e-02 1.598454678070000134e-01 9.733119999999999550e+00 2.610960000000000036e+01 3.589889999999999759e+01 4.768919999999999959e+01 1.503877047185229188e-01 1.000000000000000000e+00
3.730899999999999772e-01 9.154640000000000555e-01 9.938409999999999744e-01 6.801770000000000316e-01 4.592089999999999783e-01 8.461330000000000240e-01 4.442502728328785455e-01 5.670467146777338208e-01 -2.828410000000000091e-01 9.665499931986639703e-01 4.312656134963481769e-01 nan 0.000000000000000000e+00 6.979918712220000154e-01 1.927235911759999851e-02 1.649337157709999946e-01 6.347360000000000113e+00 1.512560000000000038e+01 2.282590000000000074e+01 3.373819999999999908e+01 1.503877047185229188e-01 1.000000000000000000e+00
2.780309999999999726e-01 8.746749999999999803e-01 9.134550000000000169e-01 8.917910000000000004e-01 5.933249999999999913e-01 9.231519999999999726e-01 4.749685756136878823e-01 6.002160085298392511e-01 -1.760619999999999963e-01 9.800023418787212615e-01 3.844219194632887415e-01 nan 0.000000000000000000e+00 6.979918712220000154e-01 1.927235911759999851e-02 1.649337157709999946e-01 6.347360000000000113e+00 1.512560000000000038e+01 2.282590000000000074e+01 3.373819999999999908e+01 1.532340186674482352e-01 9.863538037072059339e-01
3.161919999999999731e-01 8.914029999999999454e-01 9.398779999999999912e-01 5.251909999999999634e-01 4.389359999999999928e-01 8.059840000000000337e-01 5.058122488711223053e-01 6.326049550208043826e-01 -1.760619999999999963e-01 9.901314784018568904e-01 3.393449788131757128e-01 nan 0.000000000000000000e+00 7.111711085140000055e-01 1.643809109160000032e-02 1.540645579369999962e-01 4.310500000000000220e+00 1.027110000000000056e+01 1.557670000000000066e+01 2.502370000000000161e+01 1.532340186674482352e-01 9.863538037072059339e-01
7.150700000000000112e-02 7.339320000000000288e-01 7.973890000000000144e-01 8.188670000000000115e-01 6.232060000000000377e-01 7.271210000000000173e-01 5.366261756611454548e-01 6.640583493457734576e-01 -2.828410000000000091e-01 9.968226356038663027e-01 2.965455312954062839e-01 nan 0.000000000000000000e+00 7.111711085140000055e-01 1.643809109160000032e-02 1.540645579369999962e-01 4.310500000000000220e+00 1.027110000000000056e+01 1.557670000000000066e+01 2.502370000000000161e+01 1.490763139985992192e-01 9.850325772982215788e-01
1.782990000000000130e-01 8.101840000000000153e-01 8.696249999999999813e-01 6.538540000000000463e-01 5.610469999999999624e-01 6.985379999999999923e-01 5.672614682382965956e-01 6.944315868797588109e-01 -2.828410000000000091e-01 1.000000000000000000e+00 2.565085117521482827e-01 nan 0.000000000000000000e+00 6.644598601169999785e-01 2.095336720410000131e-02 1.646629531129999990e-01 3.983709999999999862e+00 1.186129999999999995e+01 1.717520000000000024e+01 2.476859999999999928e+01 1.490763139985992192e-01 9.850325772982215788e-01
1.792159999999999864e-01 8.230849999999999556e-01 8.615620000000000500e-01 1.023260000000000058e+00 8.055900000000000283e-01 6.798260000000000414e-01 5.975617498561076602e-01 7.235923016058236623e-01 -1.760619999999999963e-01 9.996275707820392320e-01 2.196875556128082829e-01 nan 0.000000000000000000e+00 6.644598601169999785e-01 2.095336720410000131e-02 1.646629531129999990e-01 3.983709999999999862e+00 1.186129999999999995e+01 1.717520000000000024e+01 2.476859999999999928e+01 1.384212643992192016e-01 9.934780637556508420e-01
1.850030000000000008e-01 8.110180000000000167e-01 8.869150000000000089e-01 1.069239999999999968e+00 6.963719999999999910e-01 6.666389999999999816e-01 6.273653206224121259e-01 7.514218658749443058e-01 -1.760619999999999963e-01 9.957095677218387175e-01 1.864998590233523101e-01 nan 0.000000000000000000e+00 6.161063933249999458e-01 2.743777344659999867e-02 1.728788369990000018e-01 6.546739999999999782e+00 1.576849999999999952e+01 2.224940000000000140e+01 3.033239999999999981e+01 1.384212643992192016e-01 9.934780637556508420e-01
1.031780000000000058e-01 7.597159999999999469e-01 8.391659999999999675e-01 1.007880000000000109e+00 5.515520000000000422e-01 5.637269999999999781e-01 6.565234699926488782e-01 7.778167345046752557e-01 -2.828410000000000091e-01 9.882903833596251575e-01 1.573214518472699774e-01 nan 0.000000000000000000e+00 6.161063933249999458e-01 2.743777344659999867e-02 1.728788369990000018e-01 6.546739999999999782e+00 1.576849999999999952e+01 2.224940000000000140e+01 3.033239999999999981e+01 1.333396253595148240e-01 9.868751700107512015e-01
1.036989999999999995e-01 7.577540000000000386e-01 8.399569999999999537e-01 1.107809999999999961e+00 6.327730000000000299e-01 4.081589999999999940e-01 6.849059360513669592e-01 8.026896179874400961e-01 -2.828410000000000091e-01 9.774540800187782041e-01 1.324829370969660136e-01 nan 0.000000000000000000e+00 5.729093177299999784e-01 3.359089542390000099e-02 1.675527000339999961e-01 6.021849999999999703e+00 1.772340000000000160e+01 3.011899999999999977e+01 3.964609999999999701e+01 1.333396253595148240e-01 9.868751700107512015e-01
1.026469999999999987e-02 6.853679999999999772e-01 7.683940000000000214e-01 7.361349999999999838e-01 3.871490000000000209e-01 2.846850000000000214e-01 7.123753143966414791e-01 8.259704715155326005e-01 -2.828410000000000091e-01 9.633234373461163624e-01 1.122657450695280223e-01 nan 0.000000000000000000e+00 5.729093177299999784e-01 3.359089542390000099e-02 1.675527000339999961e-01 6.021849999999999703e+00 1.772340000000000160e+01 3.011899999999999977e+01 3.964609999999999701e+01 1.318047021305130961e-01 9.715321045064183592e-01
2.627840000000000037e-02 7.009339999999999460e-01 7.753060000000000507e-01 9.196020000000000305e-01 6.416720000000000201e-01 2.606970000000000121e-01 7.388047246817883718e-01 8.476072886167751452e-01 3.749480000000000174e-02 9.460585611694396491e-01 9.689894462900738858e-02 nan 0.000000000000000000e+00 5.652649469489999801e-01 3.621027846449999948e-02 1.506132493959999874e-01 6.904049999999999798e+00 2.585640000000000072e+01 4.466940000000000310e+01 5.698599999999999710e+01 1.318047021305130961e-01 9.715321045064183592e-01
3.222970000000000002e-02 7.151279999999999859e-01 7.616079999999999517e-01 1.010820000000000052e+00 7.259729999999999794e-01 2.724840000000000040e-01 7.640949309271076739e-01 8.675666904086305475e-01 1.442730000000000123e-01 9.225723330549184809e-01 8.655664776465687993e-02 nan 0.000000000000000000e+00 5.652649469489999801e-01 3.621027846449999948e-02 1.506132493959999874e-01 6.904049999999999798e+00 2.585640000000000072e+01 4.466940000000000310e+01 5.698599999999999710e+01 1.362107762538932176e-01 9.634460693514332874e-01
-1.379069999999999949e-02 6.729439999999999866e-01 7.174789999999999779e-01 1.016639999999999988e+00 6.513619999999999965e-01 2.739349999999999841e-01 7.881557001962985476e-01 8.858343037942778553e-01 1.442730000000000123e-01 8.960668924886352471e-01 8.135603683252157214e-02 nan 0.000000000000000000e+00 5.278891092470000546e-01 4.288091748540000248e-02 1.460882842269999871e-01 1.597359999999999935e+01 4.294270000000000209e+01 6.513790000000000191e+01 7.464639999999999986e+01 1.362107762538932176e-01 9.634460693514332874e-01
-5.379989999999999772e-02 6.292860000000000120e-01 6.732329999999999703e-01 8.655580000000000496e-01 6.603440000000000420e-01 3.523299999999999765e-01 8.109164515016324959e-01 9.024149243155428213e-01 3.749480000000000174e-02 8.698821491464219235e-01 4.002609541271262561e-02 nan 0.000000000000000000e+00 5.278891092470000546e-01 4.288091748540000248e-02 1.460882842269999871e-01 1.597359999999999935e+01 4.294270000000000209e+01 6.513790000000000191e+01 7.464639999999999986e+01 1.538003010237788404e-01 9.068243934664058647e-01
-6.862479999999999969e-02 6.140569999999999640e-01 6.580040000000000333e-01 1.047139999999999960e+00 7.881759999999999877e-01 3.722829999999999750e-01 8.323215018056435710e-01 9.173324618174927281e-01 -1.760619999999999963e-01 8.411356115598886962e-01 0.000000000000000000e+00 nan 0.000000000000000000e+00 4.843538846909999918e-01 5.166667507940000265e-02 1.495226172759999972e-01 1.872879999999999967e+01 6.474609999999999843e+01 8.368429999999999325e+01 8.523990000000000578e+01 1.538003010237788404e-01 9.068243934664058647e-01
8.118039999999999978e-03 6.837079999999999824e-01 7.180689999999999573e-01 9.499699999999999811e-01 7.641850000000000032e-01 2.703690000000000260e-01 8.523167554375599142e-01 9.306296695403381003e-01 -2.828410000000000091e-01 8.101529894864241133e-01 0.000000000000000000e+00 nan 0.000000000000000000e+00 4.843538846909999918e-01 5.166667507940000265e-02 1.495226172759999972e-01 1.872879999999999967e+01 6.474609999999999843e+01 8.368429999999999325e+01 8.523990000000000578e+01 1.828495924257250715e-01 7.894036346679447202e-01
5.162839999999999790e-02 7.193519999999999914e-01 7.227580000000000116e-01 6.010520000000000307e-01 5.597180000000000488e-01 3.693219999999999836e-01 8.708612896945684412e-01 9.423676597081375172e-01 -2.828410000000000091e-01 7.772853284141484353e-01 0.000000000000000000e+00 nan 0.000000000000000000e+00 4.569315008370000153e-01 6.001282968939999907e-02 1.609689305629999900e-01 2.960869999999999891e+01 7.353449999999999420e+01 9.150350000000000250e+01 9.178749999999999432e+01 1.828495924257250715e-01 7.894036346679447202e-01
1.120499999999999968e-01 7.628759999999999986e-01 6.919159999999999755e-01 4.657529999999999726e-01 7.240609999999999546e-01 3.309779999999999944e-01 8.879356923972508975e-01 9.526252111028801206e-01 -1.760619999999999963e-01 7.429050320762615733e-01 0.000000000000000000e+00 nan 0.000000000000000000e+00 4.569315008370000153e-01 6.001282968939999907e-02 1.609689305629999900e-01 2.960869999999999891e+01 7.353449999999999420e+01 9.150350000000000250e+01 9.178749999999999432e+01 2.018150839737125057e-01 4.942941153612000482e-01
1.559109999999999940e-01 7.923350000000000115e-01 6.754419999999999868e-01 6.337770000000000348e-01 4.877739999999999854e-01 2.238130000000000119e-01 9.035365030239396189e-01 9.614978764694070978e-01 -1.760619999999999963e-01 7.074016429679408358e-01 0.000000000000000000e+00 nan 0.000000000000000000e+00 4.504275797330000164e-01 5.202913219790000071e-02 1.735765525580000024e-01 2.877070000000000149e+01 8.689090000000000202e+01 1.060750000000000028e+02 1.020439999999999969e+02 2.018150839737125057e-01 4.942941153612000482e-01
1.371560000000000001e-01 7.800080000000000346e-01 6.610620000000000385e-01 4.657709999999999906e-01 7.330529999999999546e-01 2.217739999999999989e-01 9.176777999884033754e-01 9.690968998646312116e-01 -1.760619999999999963e-01 6.711774286742185902e-01 0.000000000000000000e+00 nan 0.000000000000000000e+00 4.504275797330000164e-01 5.202913219790000071e-02 1.735765525580000024e-01 2.877070000000000149e+01 8.689090000000000202e+01 1.060750000000000028e+02 1.020439999999999969e+02 2.000367586792706209e-01 4.642426911568502401e-01
3.148909999999999904e-02 7.029330000000000300e-01 6.509719999999999951e-01 7.568439999999999612e-01 9.313310000000000199e-01 2.262480000000000047e-01 9.303903219922454726e-01 9.755479562179225628e-01 -2.828410000000000091e-01 6.346428240175037150e-01 0.000000000000000000e+00 nan 0.000000000000000000e+00 4.486320558160000194e-01 4.112376621609999811e-02 1.948651153100000033e-01 3.363730000000000331e+01 9.290709999999999980e+01 1.141760000000000019e+02 1.095250000000000057e+02 2.000367586792706209e-01 4.642426911568502401e-01
-1.014680000000000009e-03 6.762369999999999770e-01 6.644210000000000393e-01 6.791409999999999947e-01 7.594119999999999759e-01 9.220240000000000380e-02 9.417279087586102326e-01 9.809897273839395249e-01 -2.828410000000000091e-01 5.949290442874389795e-01 0.000000000000000000e+00 nan 0.000000000000000000e+00 4.486320558160000194e-01 4.112376621609999811e-02 1.948651153100000033e-01 3.363730000000000331e+01 9.290709999999999980e+01 1.141760000000000019e+02 1.095250000000000057e+02 1.941205982723420709e-01 4.594629603243480798e-01
-4.420120000000000299e-02 6.372330000000000494e-01 6.346810000000000507e-01 8.278250000000000330e-01 6.902669999999999639e-01 1.255739999999999912e-01 9.517588022474423592e-01 9.855723308218032885e-01 -1.760619999999999963e-01 5.554220936141109899e-01 0.000000000000000000e+00 nan 0.000000000000000000e+00 4.532046545310000063e-01 4.117090355610000113e-02 2.032657884040000029e-01 2.783439999999999870e+01 7.762399999999999523e+01 1.022960000000000065e+02 1.077390000000000043e+02 1.941205982723420709e-01 4.594629603243480798e-01
1.816219999999999987e-02 6.968680000000000430e-01 6.531160000000000299e-01 5.886430000000000273e-01 8.808219999999999938e-01 1.311130000000000073e-01 9.605437033649057987e-01 9.894556187043003215e-01 3.749480000000000174e-02 5.163264575983992355e-01 0.000000000000000000e+00 nan 3.617635608353264587e-03 4.532046545310000063e-01 4.117090355610000113e-02 2.032657884040000029e-01 2.783439999999999870e+01 7.762399999999999523e+01 1.022960000000000065e+02 1.077390000000000043e+02 2.015816166864533576e-01 4.214582712659162844e-01
2.130200000000000149e-02 6.945120000000000182e-01 6.902199999999999447e-01 3.080660000000000065e-01 5.255400000000000071e-01 5.088569999999999899e-02 9.681880543045454646e-01 9.928073667288918047e-01 2.510519999999999974e-01 4.778419614817592809e-01 0.000000000000000000e+00 nan 7.353115330514081727e-03 4.579539863679999989e-01 4.251028271550000293e-02 2.022976141220000079e-01 2.220510000000000161e+01 6.133959999999999724e+01 8.542260000000000275e+01 9.032030000000000314e+01 2.015816166864533576e-01 4.214582712659162844e-01
-9.724220000000000086e-02 6.180039999999999978e-01 5.154929999999999790e-01 5.190040000000000209e-01 7.730580000000000229e-01 5.991289999999999810e-02 9.748118098217238847e-01 9.958013731520217737e-01 3.749480000000000174e-02 4.401615060463910378e-01 0.000000000000000000e+00 nan 7.823156564846223127e-03 4.579539863679999989e-01 4.251028271550000293e-02 2.022976141220000079e-01 2.220510000000000161e+01 6.133959999999999724e+01 8.542260000000000275e+01 9.032030000000000314e+01 2.015766492973627422e-01 3.902961101540135536e-01
-3.504240000000000133e-02 6.516870000000000163e-01 6.495659999999999767e-01 4.188069999999999848e-01 4.528940000000000188e-01 7.238179999999999614e-02 9.805088900573806221e-01 9.986154895854250091e-01 -2.828410000000000091e-01 4.034688819722972442e-01 0.000000000000000000e+00 nan 8.757913278506279653e-03 4.511871994769999783e-01 3.909310670740000215e-02 2.246780532800000119e-01 1.888980000000000103e+01 5.188000000000000256e+01 7.000530000000000541e+01 7.871200000000000330e+01 2.015766492973627422e-01 3.902961101540135536e-01
-1.142409999999999953e-01 5.689130000000000020e-01 5.659999999999999476e-01 2.346540000000000015e-01 3.329480000000000217e-01 -3.917509999999999742e-02 9.853995211618370442e-01 1.000000000000000000e+00 1.442730000000000123e-01 3.679366874154401668e-01 0.000000000000000000e+00 nan 1.376442991277226913e-02 4.511871994769999783e-01 3.909310670740000215e-02 2.246780532800000119e-01 1.888980000000000103e+01 5.188000000000000256e+01 7.000530000000000541e+01 7.871200000000000330e+01 1.953823151013595050e-01 3.523885700962422485e-01
-1.072049999999999947e-01 5.741910000000000069e-01 5.574259999999999771e-01 4.739260000000000139e-01 3.755140000000000144e-01 3.708229999999999860e-02 9.896114902315416018e-01 1.000000000000000000e+00 4.646089999999999942e-01 3.337243724016674129e-01 0.000000000000000000e+00 nan 1.932717839610609278e-02 4.289585377669999922e-01 4.509192939710000153e-02 2.684896784649999923e-01 1.662659999999999982e+01 3.954059999999999775e+01 5.317020000000000124e+01 6.505660000000000309e+01 1.953823151013595050e-01 3.523885700962422485e-01
-3.475000000000000311e-02 6.758389999999999675e-01 5.619070000000000453e-01 4.599460000000000215e-01 9.143289999999999473e-01 3.704620000000000135e-02 9.932759030065301253e-01 9.986154895854251201e-01 3.749480000000000174e-02 3.009764321942067777e-01 0.000000000000000000e+00 nan 2.565980805002088250e-02 4.289585377669999922e-01 4.509192939710000153e-02 2.684896784649999923e-01 1.662659999999999982e+01 3.954059999999999775e+01 5.317020000000000124e+01 6.505660000000000309e+01 1.871712209345645084e-01 3.411808137200295077e-01
-4.045479999999999909e-02 6.645919999999999606e-01 5.934080000000000465e-01 2.690580000000000194e-01 6.712690000000000046e-01 -3.476699999999999929e-02 9.965248437419795824e-01 9.958013731520218847e-01 -1.760619999999999963e-01 2.698207701045953755e-01 0.000000000000000000e+00 nan 3.296724513473914264e-02 3.982163269419999874e-01 4.445380458170000021e-02 3.555091911359999912e-01 1.375510000000000055e+01 2.597840000000000060e+01 4.113159999999999883e+01 5.324660000000000082e+01 1.871712209345645084e-01 3.411808137200295077e-01
-1.038039999999999935e-01 5.784139999999999837e-01 5.433789999999999454e-01 2.376500000000000001e-01 6.776090000000000169e-01 -8.850220000000000309e-02 9.993591181000894830e-01 9.928073667288918047e-01 -1.760619999999999963e-01 2.403672482970539148e-01 0.000000000000000000e+00 nan 4.144337095277828009e-02 3.982163269419999874e-01 4.445380458170000021e-02 3.555091911359999912e-01 1.375510000000000055e+01 2.597840000000000060e+01 4.113159999999999883e+01 5.324660000000000082e+01 1.817368972694263229e-01 3.221655159907255150e-01
-1.206580000000000014e-01 5.609910000000000174e-01 5.497539999999999649e-01 7.390430000000000610e-02 2.462139999999999884e-01 6.575620000000000076e-02 1.000000000000000000e+00 9.894556187043003215e-01 -2.828410000000000091e-01 2.127064430062657330e-01 0.000000000000000000e+00 nan 5.126882509632324503e-02 4.002739725350000222e-01 4.769686161910000055e-02 3.630777871099999943e-01 9.493370000000000530e+00 2.224429999999999907e+01 3.319539999999999935e+01 4.500269999999999726e+01 1.817368972694263229e-01 3.221655159907255150e-01
-1.382079999999999975e-01 5.479850000000000554e-01 5.175999999999999490e-01 2.198410000000000086e-01 3.733279999999999932e-01 -3.912940000000000168e-02 9.982517855159597220e-01 9.855723308218032885e-01 -1.760619999999999963e-01 1.869086182724465361e-01 0.000000000000000000e+00 nan 6.260895872846683474e-02 4.002739725350000222e-01 4.769686161910000055e-02 3.630777871099999943e-01 9.493370000000000530e+00 2.224429999999999907e+01 3.319539999999999935e+01 4.500269999999999726e+01 1.724081405572416292e-01 3.117673346200179330e-01
-5.742560000000000026e-02 6.508800000000000141e-01 6.055009999999999559e-01 7.678279999999999827e-02 3.393880000000000230e-01 4.256839999999999929e-02 9.959208630310286692e-01 9.809897273839395249e-01 -1.760619999999999963e-01 1.630229298216921974e-01 0.000000000000000000e+00 nan 7.561196108846035546e-02 4.258010720309999830e-01 6.190894510190000227e-02 3.320442367209999746e-01 9.717389999999999972e+00 2.248120000000000118e+01 3.426319999999999766e+01 4.066799999999999926e+01 1.724081405572416292e-01 3.117673346200179330e-01
-3.207970000000000266e-02 6.504790000000000294e-01 6.620759999999999978e-01 -1.186419999999999975e-01 -8.217069999999999930e-02 1.326339999999999984e-02 9.932107072599426489e-01 9.755479562179225628e-01 -2.828410000000000091e-01 1.410768681119606294e-01 0.000000000000000000e+00 nan 8.678954484006740078e-02 4.258010720309999830e-01 6.190894510190000227e-02 3.320442367209999746e-01 9.717389999999999972e+00 2.248120000000000118e+01 3.426319999999999766e+01 4.066799999999999926e+01 1.649024156413148035e-01 3.115406536184764930e-01
-4.117710000000000120e-02 6.782989999999999853e-01 5.876360000000000472e-01 2.594910000000000272e-01 5.751739999999999631e-01 7.103499999999999572e-03 9.899617852424382747e-01 9.690968998646312116e-01 -1.760619999999999963e-01 1.210759468551985130e-01 0.000000000000000000e+00 nan 9.975054321520659961e-02 4.532245078900000168e-01 7.528762807319999695e-02 3.388879452029999739e-01 7.729770000000000252e+00 2.002240000000000109e+01 2.757880000000000109e+01 3.151820000000000022e+01 1.649024156413148035e-01 3.115406536184764930e-01
-1.085710000000000008e-01 5.886980000000000546e-01 5.651669999999999749e-01 9.134380000000000277e-02 1.707410000000000039e-01 -4.928280000000000161e-02 9.860190862196194228e-01 9.614978764694070978e-01 -2.828410000000000091e-01 1.030036405447815051e-01 0.000000000000000000e+00 nan 1.143481029233358592e-01 4.532245078900000168e-01 7.528762807319999695e-02 3.388879452029999739e-01 7.729770000000000252e+00 2.002240000000000109e+01 2.757880000000000109e+01 3.151820000000000022e+01 1.666757735466660728e-01 3.006664421445318647e-01
-1.432920000000000027e-01 5.488250000000000073e-01 5.280489999999999906e-01 1.009230000000000023e-02 8.030610000000000526e-02 -7.055699999999999472e-02 9.812425049484695405e-01 9.526252111028801206e-01 -2.828410000000000091e-01 8.682157169610804637e-02 0.000000000000000000e+00 nan 1.304168277800730191e-01 4.481426178260000115e-01 8.704676160049999722e-02 3.377780355309999982e-01 1.152860000000000085e+01 2.515350000000000108e+01 3.022869999999999990e+01 3.387780000000000058e+01 1.666757735466660728e-01 3.006664421445318647e-01
-1.374890000000000001e-01 5.528509999999999813e-01 5.471559999999999757e-01 -1.907870000000000121e-01 -1.156890000000000002e-01 -1.184199999999999975e-01 9.754971182529842411e-01 9.423676597081376283e-01 -1.760619999999999963e-01 7.246994567883402460e-02 0.000000000000000000e+00 nan 1.477746527120544773e-01 4.481426178260000115e-01 8.704676160049999722e-02 3.377780355309999982e-01 1.152860000000000085e+01 2.515350000000000108e+01 3.022869999999999990e+01 3.387780000000000058e+01 1.612811889942526999e-01 2.816479061152057373e-01
-1.368979999999999919e-01 5.463869999999999560e-01 5.361590000000000522e-01 -3.850279999999999814e-01 1.146999999999999964e-01 -1.368739999999999957e-01 9.686557462949065833e-01 9.306296695403381003e-01 -1.760619999999999963e-01 5.986822821392812077e-02 0.000000000000000000e+00 nan 1.662249066269662068e-01 4.224103554570000085e-01 1.099367864899999936e-01 3.102506591129999824e-01 1.153279999999999994e+01 2.273519999999999897e+01 3.408800000000000097e+01 4.060090000000000288e+01 1.612811889942526999e-01 2.816479061152057373e-01
-1.803849999999999898e-01 4.857130000000000059e-01 4.910570000000000213e-01 -4.845700000000000007e-01 -3.324269999999999725e-01 -2.241750000000000131e-01 9.606174581138389179e-01 9.173324618174927281e-01 -1.760619999999999963e-01 4.891605785923225369e-02 0.000000000000000000e+00 nan 1.855585407756047411e-01 4.224103554570000085e-01 1.099367864899999936e-01 3.102506591129999824e-01 1.153279999999999994e+01 2.273519999999999897e+01 3.408800000000000097e+01 4.060090000000000288e+01 1.511079761366628249e-01 2.739796116630613954e-01
-2.294960000000000055e-01 4.178680000000000172e-01 4.535699999999999732e-01 -4.145159999999999956e-01 5.373209999999999792e-02 -2.833089999999999775e-01 9.512839882640968803e-01 9.024149243155428213e-01 -1.760619999999999963e-01 3.949438314470499201e-02 0.000000000000000000e+00 nan 2.055564973577377330e-01 4.164632583799999788e-01 1.223824415499999985e-01 2.722397896659999872e-01 5.967900000000000205e+00 2.318130000000000024e+01 3.728840000000000288e+01 4.849040000000000106e+01 1.511079761366628249e-01 2.739796116630613954e-01
-2.767959999999999865e-01 3.319119999999999848e-01 3.978260000000000129e-01 -8.034989999999999633e-01 -5.192320000000000269e-01 -3.508830000000000005e-01 9.405727392158189648e-01 8.858343037942778553e-01 -2.828410000000000091e-01 3.146681147314545068e-02 0.000000000000000000e+00 nan 2.296098271428649307e-01 4.164632583799999788e-01 1.223824415499999985e-01 2.722397896659999872e-01 5.967900000000000205e+00 2.318130000000000024e+01 3.728840000000000288e+01 4.849040000000000106e+01 1.468956301878170390e-01 2.704919625393453764e-01
-3.057019999999999738e-01 2.728470000000000062e-01 3.451020000000000199e-01 -6.933540000000000258e-01 -4.270390000000000019e-01 -4.814149999999999818e-01 9.284259186004347741e-01 8.675666904086306586e-01 -2.828410000000000091e-01 2.468115450282182266e-02 0.000000000000000000e+00 nan 2.539871940557285601e-01 3.781879796559999840e-01 1.443705488660000091e-01 2.590202378059999755e-01 1.533159999999999989e+01 2.350260000000000105e+01 3.526080000000000325e+01 5.220000000000000284e+01 1.468956301878170390e-01 2.704919625393453764e-01
-3.254659999999999775e-01 2.294400000000000051e-01 2.844889999999999919e-01 -7.857910000000000172e-01 -4.280769999999999853e-01 -5.209669999999999579e-01 9.147928294106305591e-01 8.476072886167752563e-01 -1.760619999999999963e-01 1.897115250219250093e-02 0.000000000000000000e+00 nan 2.786890702730954184e-01 3.781879796559999840e-01 1.443705488660000091e-01 2.590202378059999755e-01 1.533159999999999989e+01 2.350260000000000105e+01 3.526080000000000325e+01 5.220000000000000284e+01 1.484057164713654675e-01 2.646662607997306571e-01
-3.326080000000000148e-01 2.159590000000000121e-01 2.620779999999999776e-01 -4.630250000000000199e-01 -1.418899999999999884e-01 -5.509020000000000028e-01 8.996351044726412782e-01 8.259704715155327115e-01 -1.760619999999999963e-01 1.415835813909993579e-02 0.000000000000000000e+00 nan 3.037122511516453516e-01 3.783206112699999957e-01 1.723785640340000092e-01 1.880921029069999861e-01 1.142929999999999957e+01 2.964560000000000173e+01 4.246770000000000067e+01 5.789200000000000301e+01 1.484057164713654675e-01 2.646662607997306571e-01
-3.668080000000000229e-01 1.112759999999999999e-01 1.676749999999999907e-01 -8.264369999999999772e-01 -6.594870000000000454e-01 -6.161029999999999562e-01 8.829360193646613730e-01 8.026896179874403181e-01 -2.828410000000000091e-01 1.005415836034684318e-02 0.000000000000000000e+00 nan 3.290498915378596845e-01 3.783206112699999957e-01 1.723785640340000092e-01 1.880921029069999861e-01 1.142929999999999957e+01 2.964560000000000173e+01 4.246770000000000067e+01 5.789200000000000301e+01 1.519126931693431937e-01 2.664635173119518363e-01
-3.926879999999999815e-01 1.638649999999999829e-02 9.515220000000000622e-02 -6.888980000000000103e-01 -3.760290000000000021e-01 -6.843620000000000259e-01 8.646919680310897194e-01 7.778167345046753667e-01 -1.760619999999999963e-01 6.461911452955604318e-03 0.000000000000000000e+00 nan 3.546915833263466489e-01 3.472864880980000013e-01 1.790883504740000132e-01 1.645055903200000058e-01 1.866499999999999915e+01 4.450780000000000314e+01 5.580369999999999919e+01 6.798269999999999413e+01 1.519126931693431937e-01 2.664635173119518363e-01
-4.170340000000000158e-01 -9.531779999999999420e-02 8.939070000000000349e-03 -7.849099999999999966e-01 -8.172380000000000200e-01 -7.100159999999999805e-01 8.449148277350237990e-01 7.514218658749443058e-01 -1.760619999999999963e-01 3.179175073349971292e-03 0.000000000000000000e+00 nan 3.806234733878338661e-01 3.472864880980000013e-01 1.790883504740000132e-01 1.645055903200000058e-01 1.866499999999999915e+01 4.450780000000000314e+01 5.580369999999999919e+01 6.798269999999999413e+01 1.500598570385419661e-01 2.772729627854561008e-01
-4.332289999999999752e-01 -1.918249999999999955e-01 -7.995480000000000642e-02 -7.175629999999999509e-01 -6.958069999999999533e-01 -7.522609999999999575e-01 8.236403496332733720e-01 7.235923016058236623e-01 -2.828410000000000091e-01 0.000000000000000000e+00 0.000000000000000000e+00 nan 4.068284205306583745e-01 3.327709464290000141e-01 1.393508992539999880e-01 1.496042474790000021e-01 2.235930000000000106e+01 5.847319999999999851e+01 7.004030000000000200e+01 7.460389999999999588e+01 1.500598570385419661e-01 2.772729627854561008e-01
-4.459449999999999803e-01 -2.855249999999999733e-01 -1.666940000000000088e-01 -7.972669999999999479e-01 -7.182969999999999633e-01 -7.837570000000000370e-01 8.009218406249093425e-01 6.944315868797588109e-01 -3.896189999999999931e-01 0.000000000000000000e+00 0.000000000000000000e+00 nan 4.332861897173175825e-01 3.327709464290000141e-01 1.393508992539999880e-01 1.496042474790000021e-01 2.235930000000000106e+01 5.847319999999999851e+01 7.004030000000000200e+01 7.460389999999999588e+01 1.509738566312160968e-01 3.145263662387792758e-01
-4.649400000000000199e-01 -4.803120000000000167e-01 -3.721749999999999781e-01 -9.751530000000000475e-01 -8.150479999999999947e-01 -8.075970000000000093e-01 7.768272667470266235e-01 6.640583493457734576e-01 -2.828410000000000091e-01 0.000000000000000000e+00 0.000000000000000000e+00 nan 4.599736813355298493e-01 2.884540550949999949e-01 8.854254507330000523e-02 1.567934531400000109e-01 2.973290000000000077e+01 7.604089999999999350e+01 8.859149999999999636e+01 8.093619999999999948e+01 1.509738566312160968e-01 3.145263662387792758e-01
-4.772100000000000231e-01 -6.809929999999999595e-01 -5.587060000000000359e-01 -8.110779999999999657e-01 -8.264789999999999637e-01 -8.295960000000000001e-01 7.514427782858252858e-01 6.326049550208046046e-01 -1.760619999999999963e-01 0.000000000000000000e+00 0.000000000000000000e+00 nan 4.868651929260715550e-01 2.884540550949999949e-01 8.854254507330000523e-02 1.567934531400000109e-01 2.973290000000000077e+01 7.604089999999999350e+01 8.859149999999999636e+01 8.093619999999999948e+01 2.114468514204249638e-01 4.164356679317625654e-01
-4.864789999999999948e-01 -9.445480000000000542e-01 -7.902689999999999992e-01 -8.819620000000000237e-01 -1.002760000000000096e+00 -8.423009999999999664e-01 7.248654856298679672e-01 6.002160085298393621e-01 -2.828410000000000091e-01 0.000000000000000000e+00 0.000000000000000000e+00 nan 5.139327104019104642e-01 2.207292115710000058e-01 5.695410384749999971e-02 1.815603504749999930e-01 3.689110000000000156e+01 8.661029999999999518e+01 8.423099999999999454e+01 7.608549999999999613e+01 2.114468514204249638e-01 4.164356679317625654e-01
-4.887040000000000273e-01 -9.903520000000000101e-01 -8.936889999999999556e-01 -1.057199999999999918e+00 -1.042990000000000084e+00 -8.484990000000000032e-01 6.972013272563555297e-01 5.670467146777339318e-01 -2.828410000000000091e-01 0.000000000000000000e+00 0.000000000000000000e+00 nan 5.411462254590050369e-01 2.207292115710000058e-01 5.695410384749999971e-02 1.815603504749999930e-01 3.689110000000000156e+01 8.661029999999999518e+01 8.423099999999999454e+01 7.608549999999999613e+01 5.424190191393500893e-01 7.471405810805559211e-01
-4.939859999999999807e-01 -1.436719999999999997e+00 -1.221870000000000012e+00 -4.608209999999999806e-01 -4.617850000000000010e-01 -8.475890000000000368e-01 6.685703361085009178e-01 5.332611199167568428e-01 3.578299999999999814e-01 0.000000000000000000e+00 0.000000000000000000e+00 nan 5.684740755823811664e-01 1.722567871260000105e-01 4.745897719170000251e-02 1.802412161359999987e-01 2.276340000000000074e+01 6.121520000000000294e+01 6.506829999999999359e+01 6.085969999999999658e+01 5.424190191393500893e-01 7.471405810805559211e-01
-4.919899999999999829e-01 -1.151200000000000001e+00 -1.163960000000000106e+00 -5.231510000000000327e-02 1.170839999999999936e-01 -8.490640000000000409e-01 6.391053635861106974e-01 4.990302536347355211e-01 5.713880000000000070e-01 0.000000000000000000e+00 0.000000000000000000e+00 nan 5.958833027950772854e-01 1.722567871260000105e-01 4.745897719170000251e-02 1.802412161359999987e-01 2.276340000000000074e+01 6.121520000000000294e+01 6.506829999999999359e+01 6.085969999999999658e+01 5.692131158941549085e-01 7.362663696066112928e-01
-4.952110000000000123e-01 -1.635140000000000038e+00 -1.417650000000000077e+00 -7.552750000000000297e-01 -7.764699999999999935e-01 -8.484949999999999992e-01 6.089586565201122736e-01 4.645301903237523122e-01 -1.760619999999999963e-01 0.000000000000000000e+00 0.000000000000000000e+00 nan 6.233400270851934266e-01 1.036512967249999945e-01 4.814232500730000058e-02 2.062249502490000053e-01 2.928910000000000124e+01 5.762870000000000203e+01 5.779679999999999751e+01 6.112389999999999901e+01 5.692131158941549085e-01 7.362663696066112928e-01
-4.927179999999999893e-01 -1.164730000000000043e+00 -1.269479999999999942e+00 -1.162509999999999932e+00 -1.023570000000000091e+00 -8.504329999999999945e-01 5.782868113501848928e-01 4.299400545857935407e-01 -6.031769999999999632e-01 0.000000000000000000e+00 0.000000000000000000e+00 nan 6.508098302799634194e-01 1.036512967249999945e-01 4.814232500730000058e-02 2.062249502490000053e-01 2.928910000000000124e+01 5.762870000000000203e+01 5.779679999999999751e+01 6.112389999999999901e+01 5.485934837789909757e-01 7.710457118431108814e-01
-4.947409999999999863e-01 -1.424889999999999990e+00 -1.478879999999999972e+00 -1.221330000000000027e+00 -1.207310000000000105e+00 -8.512490000000000334e-01 5.472357303191626166e-01 3.954399915794339915e-01 -2.828410000000000091e-01 0.000000000000000000e+00 0.000000000000000000e+00 nan 6.782581460174053056e-01 6.690477835270000617e-02 3.260036197990000273e-02 2.358079360070000075e-01 1.874650000000000105e+01 4.985940000000000083e+01 4.820400000000000063e+01 5.629290000000000305e+01 5.485934837789909757e-01 7.710457118431108814e-01
-4.969399999999999928e-01 -2.320520000000000138e+00 -2.228940000000000143e+00 -1.135639999999999983e+00 -1.023570000000000091e+00 -8.508639999999999537e-01 5.159584055178237927e-01 3.612091259032083057e-01 3.749480000000000174e-02 0.000000000000000000e+00 0.000000000000000000e+00 nan 7.056506513970148831e-01 6.690477835270000617e-02 3.260036197990000273e-02 2.358079360070000075e-01 1.874650000000000105e+01 4.985940000000000083e+01 4.820400000000000063e+01 5.629290000000000305e+01 5.659346390943456040e-01 6.471969275009390454e-01
-4.958520000000000150e-01 -1.691459999999999964e+00 -1.671219999999999928e+00 -1.023810000000000109e+00 -9.895429999999999504e-01 -8.441779999999999839e-01 4.846152532542086222e-01 3.274235320423349860e-01 -6.928380000000000649e-02 0.000000000000000000e+00 0.000000000000000000e+00 nan 7.329536558719424999e-01 8.367869574910000163e-02 3.451476648179999801e-02 2.235118408210000074e-01 1.930989999999999895e+01 3.089900000000000091e+01 3.579370000000000118e+01 4.253810000000000002e+01 5.659346390943456040e-01 6.471969275009390454e-01
-4.960399999999999809e-01 -1.827709999999999946e+00 -1.592100000000000071e+00 -1.199230000000000018e+00 -1.079499999999999904e+00 -8.450879999999999503e-01 4.533667428419242418e-01 2.942542393744430607e-01 -2.828410000000000091e-01 0.000000000000000000e+00 0.000000000000000000e+00 nan 7.601344829763513333e-01 8.367869574910000163e-02 3.451476648179999801e-02 2.235118408210000074e-01 1.930989999999999895e+01 3.089900000000000091e+01 3.579370000000000118e+01 4.253810000000000002e+01 6.561871314818217282e-01 8.033509928627868835e-01
-4.925100000000000033e-01 -1.131939999999999946e+00 -1.267539999999999889e+00 -1.294589999999999907e+00 -1.182199999999999918e+00 -8.466270000000000184e-01 4.223658949685502595e-01 2.618652943383833476e-01 -6.031769999999999632e-01 0.000000000000000000e+00 0.000000000000000000e+00 nan 7.871618405628328929e-01 1.429305153129999950e-01 4.217257695900000075e-02 2.323436973440000108e-01 1.466319999999999979e+01 4.221179999999999666e+01 4.091720000000000113e+01 4.418240000000000123e+01 6.561871314818217282e-01 8.033509928627868835e-01
-4.896539999999999782e-01 -9.480499999999999483e-01 -1.045390000000000041e+00 -1.345089999999999897e+00 -1.182849999999999957e+00 -8.406660000000000244e-01 3.917721157458131653e-01 2.317224261672145014e-01 -7.099550000000000027e-01 0.000000000000000000e+00 0.000000000000000000e+00 nan 8.103885397465854235e-01 1.429305153129999950e-01 4.217257695900000075e-02 2.323436973440000108e-01 1.466319999999999979e+01 4.221179999999999666e+01 4.091720000000000113e+01 4.418240000000000123e+01 5.879302379876112372e-01 7.689213870286654151e-01
-4.947400000000000131e-01 -1.488029999999999964e+00 -1.347469999999999946e+00 -1.262340000000000018e+00 -1.207889999999999908e+00 -7.884539999999999882e-01 3.617496780787553545e-01 2.027024052230215201e-01 -3.896189999999999931e-01 0.000000000000000000e+00 0.000000000000000000e+00 nan 8.332868924671003041e-01 2.042333544970000025e-01 3.854289028709999981e-02 1.935050470549999901e-01 2.031709999999999994e+01 4.230190000000000339e+01 4.459629999999999939e+01 4.355129999999999768e+01 5.879302379876112372e-01 7.689213870286654151e-01
-4.953600000000000225e-01 -1.546640000000000015e+00 -1.562610000000000054e+00 -1.211070000000000091e+00 -1.259470000000000089e+00 -7.542180000000000550e-01 3.324495065468708876e-01 1.750224942059777078e-01 -2.828410000000000091e-01 0.000000000000000000e+00 0.000000000000000000e+00 nan 8.555974512383361930e-01 2.042333544970000025e-01 3.854289028709999981e-02 1.935050470549999901e-01 2.031709999999999994e+01 4.230190000000000339e+01 4.459629999999999939e+01 4.355129999999999768e+01 5.416143021066697205e-01 7.239640678229557480e-01
-4.871240000000000014e-01 -8.875960000000000516e-01 -8.179380000000000539e-01 -1.071180000000000021e+00 -9.853570000000000384e-01 -7.482769999999999699e-01 3.040031266745927274e-01 1.488847718353013549e-01 -6.031769999999999632e-01 0.000000000000000000e+00 0.000000000000000000e+00 nan 8.770674285145680926e-01 2.329410478420000097e-01 4.145971125189999718e-02 1.740512898580000023e-01 1.395229999999999926e+01 2.943230000000000146e+01 3.542360000000000042e+01 3.883689999999999998e+01 5.416143021066697205e-01 7.239640678229557480e-01
-3.756530000000000147e-01 2.243819999999999981e-01 5.912450000000000344e-02 -1.149690000000000101e+00 -1.042710000000000026e+00 -6.915550000000000308e-01 2.765484217747069540e-01 1.244738432166196951e-01 -7.099550000000000027e-01 0.000000000000000000e+00 0.000000000000000000e+00 nan 8.974535608742887360e-01 2.329410478420000097e-01 4.145971125189999718e-02 1.740512898580000023e-01 1.395229999999999926e+01 2.943230000000000146e+01 3.542360000000000042e+01 3.883689999999999998e+01 5.495571572625711498e-01 7.065225839043536293e-01
-4.111290000000000222e-01 6.802619999999999501e-02 -5.613370000000000165e-02 -1.046049999999999924e+00 -9.101650000000000018e-01 -7.241929999999999756e-01 2.502124961535943104e-01 1.019547481923582799e-01 -6.031769999999999632e-01 0.000000000000000000e+00 0.000000000000000000e+00 nan 9.165248652919772976e-01 2.572531968449999762e-01 4.808230553000000101e-02 1.260901341990000035e-01 8.618700000000000472e+00 2.579860000000000042e+01 3.215319999999999823e+01 3.711710000000000065e+01 5.495571572625711498e-01 7.065225839043536293e-01
-4.724679999999999991e-01 -5.273430000000000062e-01 -4.386300000000000199e-01 -1.106470000000000065e+00 -9.628940000000000277e-01 -8.116959999999999731e-01 2.250940206329202775e-01 8.147109137437946735e-02 -6.031769999999999632e-01 0.000000000000000000e+00 0.000000000000000000e+00 nan 9.340652562680747950e-01 2.572531968449999762e-01 4.808230553000000101e-02 1.260901341990000035e-01 8.618700000000000472e+00 2.579860000000000042e+01 3.215319999999999823e+01 3.711710000000000065e+01 6.287969480361426111e-01 7.416484242432092033e-01
-4.461330000000000018e-01 -1.460259999999999891e-01 -2.772410000000000152e-01 -1.248950000000000005e+00 -1.324640000000000040e+00 -7.578529999999999989e-01 2.012814563911520249e-01 6.314341504634890523e-02 -7.099550000000000027e-01 0.000000000000000000e+00 0.000000000000000000e+00 nan 9.498759941640374516e-01 2.311881408029999863e-01 4.939157691430000330e-02 1.064036660669999967e-01 1.194079999999999941e+01 2.190950000000000131e+01 3.060429999999999851e+01 3.662369999999999948e+01 6.287969480361426111e-01 7.416484242432092033e-01
-4.940579999999999972e-01 -1.343520000000000048e+00 -1.320370000000000044e+00 -1.275130000000000097e+00 -1.248799999999999910e+00 -7.149250000000000327e-01 1.788423431989847323e-01 4.706783337149456070e-02 -4.963980000000000059e-01 0.000000000000000000e+00 0.000000000000000000e+00 nan 9.637779370018536573e-01 2.311881408029999863e-01 4.939157691430000330e-02 1.064036660669999967e-01 1.194079999999999941e+01 2.190950000000000131e+01 3.060429999999999851e+01 3.662369999999999948e+01 5.753379066428894184e-01 7.422539863473271993e-01
-4.956090000000000217e-01 -1.652490000000000014e+00 -1.519290000000000029e+00 -1.290429999999999966e+00 -1.251859999999999973e+00 -7.157480000000000508e-01 1.578279003880223019e-01 3.331494338073259787e-02 -6.928380000000000649e-02 0.000000000000000000e+00 0.000000000000000000e+00 nan 9.756135702142364474e-01 1.821324820230000030e-01 5.592268899830000334e-02 9.850393687920000474e-02 8.930519999999999570e+00 2.154009999999999891e+01 3.124439999999999884e+01 3.726420000000000243e+01 5.753379066428894184e-01 7.422539863473271993e-01
-4.581290000000000084e-01 -2.553679999999999839e-01 -3.921180000000000221e-01 -1.116710000000000091e+00 -1.089020000000000099e+00 -7.061570000000000347e-01 1.382868746276740834e-01 2.192902508009852980e-02 -3.896189999999999931e-01 0.000000000000000000e+00 0.000000000000000000e+00 nan 9.852487913476102310e-01 1.821324820230000030e-01 5.592268899830000334e-02 9.850393687920000474e-02 8.930519999999999570e+00 2.154009999999999891e+01 3.124439999999999884e+01 3.726420000000000243e+01 6.282306656798120059e-01 7.133392054507066149e-01
-4.011970000000000258e-01 1.317550000000000110e-01 -5.087110000000000243e-02 -1.216050000000000075e+00 -1.181189999999999962e+00 -7.084989999999999899e-01 1.202546220505477104e-01 1.292753974058402644e-02 -7.099550000000000027e-01 0.000000000000000000e+00 0.000000000000000000e+00 nan 9.925744294964953252e-01 1.359725220509999943e-01 5.770672380760000220e-02 9.725058584439999487e-02 1.022630000000000017e+01 2.151139999999999830e+01 2.728770000000000095e+01 3.517750000000000199e+01 6.282306656798120059e-01 7.133392054507066149e-01
-4.397150000000000225e-01 -8.992440000000000155e-02 -2.437940000000000107e-01 -1.127739999999999965e+00 -1.040610000000000035e+00 -7.574629999999999974e-01 1.037448082502834268e-01 6.300932054960628470e-03 -7.099550000000000027e-01 0.000000000000000000e+00 0.000000000000000000e+00 nan 9.975074822534879537e-01 1.359725220509999943e-01 5.770672380760000220e-02 9.725058584439999487e-02 1.022630000000000017e+01 2.151139999999999830e+01 2.728770000000000095e+01 3.517750000000000199e+01 7.293220010630212524e-01 7.670366964158494838e-01
-4.923770000000000091e-01 -1.132849999999999913e+00 -1.219330000000000025e+00 -1.156900000000000039e+00 -1.137839999999999963e+00 -8.169840000000000435e-01 8.875490112315609359e-02 2.012738403228353512e-03 -7.099550000000000027e-01 0.000000000000000000e+00 0.000000000000000000e+00 nan 9.999920561597037683e-01 9.551338711310000673e-02 6.214767866089999926e-02 7.984725746920000311e-02 1.124349999999999916e+01 2.079250000000000043e+01 2.793740000000000023e+01 2.891339999999999932e+01 7.293220010630212524e-01 7.670366964158494838e-01
-4.961110000000000242e-01 -1.713300000000000045e+00 -1.818359999999999976e+00 -1.275879999999999903e+00 -1.431259999999999977e+00 -8.409799999999999498e-01 7.526462738871353420e-02 0.000000000000000000e+00 -7.099550000000000027e-01 0.000000000000000000e+00 0.000000000000000000e+00 nan 1.000000000000000000e+00 9.551338711310000673e-02 6.214767866089999926e-02 7.984725746920000311e-02 1.124349999999999916e+01 2.079250000000000043e+01 2.793740000000000023e+01 2.891339999999999932e+01 7.687829399989072332e-01 7.844036994339451674e-01
-4.919649999999999856e-01 -1.096370000000000067e+00 -1.189130000000000020e+00 -1.373070000000000013e+00 -1.492879999999999985e+00 -8.471180000000000376e-01 6.323684487311598268e-02 1.739762426975488552e-04 -7.099550000000000027e-01 0.000000000000000000e+00 0.000000000000000000e+00 nan 9.975312237674917037e-01 7.671355163550000467e-02 4.852671747339999675e-02 6.991983801649999386e-02 1.088080000000000069e+01 2.105819999999999936e+01 2.209420000000000073e+01 2.531409999999999982e+01 7.687829399989072332e-01 7.844036994339451674e-01
-4.913730000000000042e-01 -1.053190000000000071e+00 -1.144439999999999902e+00 -1.319190000000000085e+00 -1.436749999999999972e+00 -8.462520000000000042e-01 5.261087874359648975e-02 2.421150178037678735e-03 -7.099550000000000027e-01 0.000000000000000000e+00 0.000000000000000000e+00 nan 9.926136996833663240e-01 7.671355163550000467e-02 4.852671747339999675e-02 6.991983801649999386e-02 1.088080000000000069e+01 2.105819999999999936e+01 2.209420000000000073e+01 2.531409999999999982e+01 8.388777674566469944e-01 7.022868874755507917e-01
-4.959439999999999960e-01 -1.678879999999999928e+00 -1.716269999999999962e+00 -1.247970000000000024e+00 -1.427179999999999893e+00 -8.481429999999999803e-01 4.331103865718521906e-02 6.604514694471208536e-03 -4.963980000000000059e-01 0.000000000000000000e+00 0.000000000000000000e+00 nan 9.853031452604397167e-01 7.496823833099999779e-02 4.631620505660000164e-02 5.901361155789999757e-02 1.322879999999999967e+01 2.175469999999999970e+01 2.674070000000000036e+01 2.813960000000000150e+01 8.388777674566469944e-01 7.022868874755507917e-01
-4.968759999999999843e-01 -2.219599999999999795e+00 -2.066479999999999873e+00 -1.307390000000000052e+00 -1.489710000000000090e+00 -8.475040000000000351e-01 3.526935563755184688e-02 1.256512486750327451e-02 -4.963980000000000059e-01 0.000000000000000000e+00 0.000000000000000000e+00 nan 9.719469122793124027e-01 7.496823833099999779e-02 4.631620505660000164e-02 5.901361155789999757e-02 1.322879999999999967e+01 2.175469999999999970e+01 2.674070000000000036e+01 2.813960000000000150e+01 8.755867728363294633e-01 6.922222510071114332e-01
-4.952150000000000163e-01 -1.487989999999999924e+00 -1.570419999999999927e+00 -1.373310000000000031e+00 -1.515470000000000095e+00 -8.280429999999999735e-01 2.837304786654182287e-02 2.012389886919818682e-02 -7.099550000000000027e-01 0.000000000000000000e+00 0.000000000000000000e+00 nan 9.560372903203027128e-01 9.662715800740000194e-02 3.706310447649999867e-02 6.156029815519999809e-02 1.451539999999999964e+01 2.692650000000000077e+01 2.861430000000000007e+01 2.974190000000000111e+01 8.755867728363294633e-01 6.922222510071114332e-01
-4.947770000000000223e-01 -1.400439999999999907e+00 -1.514350000000000085e+00 -1.390879999999999894e+00 -1.531859999999999999e+00 -8.155729999999999924e-01 2.249370268175654441e-02 2.908364703684729324e-02 -7.099550000000000027e-01 0.000000000000000000e+00 0.000000000000000000e+00 nan 9.412133439949375013e-01 9.662715800740000194e-02 3.706310447649999867e-02 6.156029815519999809e-02 1.451539999999999964e+01 2.692650000000000077e+01 2.861430000000000007e+01 2.974190000000000111e+01 7.722005036932537703e-01 8.353745417805469309e-01
-4.926610000000000156e-01 -1.139240000000000030e+00 -1.283940000000000081e+00 -1.372000000000000108e+00 -1.447840000000000016e+00 -8.109009999999999829e-01 1.752905656151004798e-02 3.923130611064151729e-02 -7.099550000000000027e-01 0.000000000000000000e+00 0.000000000000000000e+00 nan 9.240253989300786230e-01 1.260008056420000022e-01 4.260930927860000217e-02 6.731661356639999372e-02 9.537020000000000053e+00 2.554080000000000084e+01 3.028049999999999997e+01 2.853160000000000096e+01 7.722005036932537703e-01 8.353745417805469309e-01
-4.803839999999999777e-01 -6.005190000000000250e-01 -7.498869999999999703e-01 -1.393040000000000056e+00 -1.485519999999999952e+00 -8.091209999999999791e-01 1.335145432935380683e-02 5.034035332553943309e-02 -7.099550000000000027e-01 0.000000000000000000e+00 0.000000000000000000e+00 nan 9.009327216891045431e-01 1.260008056420000022e-01 4.260930927860000217e-02 6.731661356639999372e-02 9.537020000000000053e+00 2.554080000000000084e+01 3.028049999999999997e+01 2.853160000000000096e+01 7.186023754054631230e-01 7.183909534850585477e-01
-4.816679999999999851e-01 -6.453090000000000215e-01 -7.545730000000000492e-01 -1.310370000000000035e+00 -1.408400000000000096e+00 -8.225689999999999946e-01 9.826173698022744318e-03 6.217337300471015293e-02 -7.099550000000000027e-01 0.000000000000000000e+00 0.000000000000000000e+00 nan 8.755379196562830257e-01 1.309677051589999974e-01 3.460983283789999948e-02 6.571773948379999730e-02 1.395550000000000068e+01 2.529919999999999902e+01 2.712699999999999889e+01 -1.000000000000000000e+00 7.186023754054631230e-01 7.183909534850585477e-01
-4.921889999999999876e-01 -1.101669999999999927e+00 -1.237190000000000012e+00 -1.297649999999999970e+00 -1.375869999999999926e+00 -8.439969999999999972e-01 6.815861336743833654e-03 7.591435727522310994e-02 -7.099550000000000027e-01 0.000000000000000000e+00 0.000000000000000000e+00 nan 8.478520486013028101e-01 1.309677051589999974e-01 3.460983283789999948e-02 6.571773948379999730e-02 1.395550000000000068e+01 2.529919999999999902e+01 2.712699999999999889e+01 -1.000000000000000000e+00 6.732352108408299340e-01 8.633793603709797315e-01
-4.927739999999999898e-01 -1.163210000000000077e+00 -1.260580000000000034e+00 -1.391219999999999901e+00 -1.520520000000000094e+00 -8.474289999999999878e-01 4.183151831535614207e-03 9.144705264294505920e-02 -7.099550000000000027e-01 0.000000000000000000e+00 0.000000000000000000e+00 nan 8.179121230213381999e-01 7.670000654019999697e-02 2.580271741449999962e-02 4.599478346299999687e-02 7.738170000000000215e+00 2.030669999999999931e+01 -1.000000000000000000e+00 -1.000000000000000000e+00 6.732352108408299340e-01 8.633793603709797315e-01
-4.964459999999999984e-01 -1.905310000000000059e+00 -1.840170000000000083e+00 -8.578599999999999559e-01 -1.106889999999999930e+00 -8.501880000000000548e-01 1.803624136809789391e-03 1.073111908985288077e-01 2.510519999999999974e-01 0.000000000000000000e+00 0.000000000000000000e+00 nan 7.857806967520064578e-01 7.670000654019999697e-02 2.580271741449999962e-02 4.599478346299999687e-02 7.738170000000000215e+00 2.030669999999999931e+01 -1.000000000000000000e+00 -1.000000000000000000e+00 7.293120662848400215e-01 8.501541430810481970e-01
-4.964759999999999729e-01 -1.909699999999999953e+00 -1.864349999999999952e+00 -1.429650000000000087e+00 -1.634870000000000045e+00 -8.518280000000000296e-01 3.313980749892753153e-04 1.234272541844675386e-01 2.510519999999999974e-01 0.000000000000000000e+00 0.000000000000000000e+00 nan 7.515451542074137459e-01 6.961917234730000126e-02 2.564026617789999865e-02 3.378512209279999762e-02 9.463269999999999627e+00 -1.000000000000000000e+00 -1.000000000000000000e+00 -1.000000000000000000e+00 7.293120662848400215e-01 8.501541430810481970e-01
-4.956820000000000115e-01 -1.583120000000000083e+00 -1.698890000000000011e+00 -1.335509999999999975e+00 -1.410360000000000058e+00 -8.515030000000000099e-01 0.000000000000000000e+00 1.397128702319961890e-01 -7.099550000000000027e-01 0.000000000000000000e+00 0.000000000000000000e+00 nan 7.153167202798280666e-01 6.961917234730000126e-02 2.564026617789999865e-02 3.378512209279999762e-02 9.463269999999999627e+00 -1.000000000000000000e+00 -1.000000000000000000e+00 -1.000000000000000000e+00 0.000000000000000000e+00 0.000000000000000000e+00
