-4.806699999999999862e-01 -9.481190000000000451e-01 -8.407829999999999471e-01 -1.037439999999999918e+00 -1.133930000000000105e+00 -4.727160000000000251e-01 0.000000000000000000e+00 1.496992622830696229e-01 -6.196739999999999471e-01 8.582635233055135870e-03 nan nan 7.191345905316993692e-01 2.609380064939999938e-02 4.564363192560000337e-02 2.871470232899999905e-02 -1.000000000000000000e+00 -1.000000000000000000e+00 -1.000000000000000000e+00 -1.000000000000000000e+00 0.000000000000000000e+00 0.000000000000000000e+00
-4.817460000000000075e-01 -1.439540000000000042e+00 -1.260880000000000001e+00 -1.046130000000000004e+00 -1.069539999999999935e+00 -4.720010000000000039e-01 0.000000000000000000e+00 1.432308327920923663e-01 -5.217089999999999783e-01 1.208614575697408711e-02 nan nan 7.609095118239683764e-01 2.711261286680000104e-02 4.837978270189999958e-02 2.787602001660000051e-02 5.533419999999999561e+00 -1.000000000000000000e+00 -1.000000000000000000e+00 -1.000000000000000000e+00 0.000000000000000000e+00 0.000000000000000000e+00
-4.820710000000000273e-01 -2.007540000000000102e+00 -1.841879999999999962e+00 -1.028850000000000042e+00 -1.133359999999999923e+00 -4.717489999999999739e-01 2.292992387931125364e-05 1.369905348361813990e-01 -4.727270000000000083e-01 1.619454120785923656e-02 nan nan 8.005737730986056677e-01 2.711261286680000104e-02 4.837978270189999958e-02 2.787602001660000051e-02 5.533419999999999561e+00 -1.000000000000000000e+00 -1.000000000000000000e+00 -1.000000000000000000e+00 0.000000000000000000e+00 0.000000000000000000e+00
-4.807219999999999827e-01 -9.664059999999999873e-01 -8.369849999999999790e-01 -1.097369999999999957e+00 -1.120039999999999925e+00 -4.680340000000000056e-01 1.899478930544873378e-03 1.312039152481820903e-01 -5.706919999999999771e-01 2.106882929791931147e-02 nan nan 8.376779624263354096e-01 2.732296714570000076e-02 5.401278876889999830e-02 3.606682733480000291e-02 9.232409999999999783e+00 1.143900000000000006e+01 -1.000000000000000000e+00 -1.000000000000000000e+00 0.000000000000000000e+00 0.000000000000000000e+00
-4.798709999999999920e-01 -7.914459999999999829e-01 -6.805689999999999795e-01 -1.081520000000000037e+00 -1.164830000000000032e+00 -4.635870000000000268e-01 5.654526556049699337e-03 1.260913805037507940e-01 -6.196739999999999471e-01 2.686133986972571996e-02 nan nan 8.718016745159924419e-01 2.732296714570000076e-02 5.401278876889999830e-02 3.606682733480000291e-02 9.232409999999999783e+00 1.143900000000000006e+01 -1.000000000000000000e+00 -1.000000000000000000e+00 6.328073500329598478e-01 8.977353137231443014e-01
-4.809209999999999874e-01 -9.923030000000000461e-01 -9.685850000000000293e-01 -1.207640000000000047e+00 -1.222630000000000106e+00 -4.635839999999999961e-01 9.636720628855566240e-03 1.218656994279158079e-01 -6.196739999999999471e-01 3.371399893822935034e-02 nan nan 9.025582740744574339e-01 2.481700441900000151e-02 5.284405076169999826e-02 3.565558356060000156e-02 5.740429999999999922e+00 1.446799999999999997e+01 1.619569999999999865e+01 -1.000000000000000000e+00 6.328073500329598478e-01 8.977353137231443014e-01
-4.778959999999999875e-01 -5.747339999999999671e-01 -4.282130000000000103e-01 -1.150619999999999976e+00 -1.157610000000000028e+00 -4.647290000000000032e-01 1.410343856316009781e-02 1.187295924392710589e-01 -6.196739999999999471e-01 4.175672061229873666e-02 nan nan 9.295992765390191925e-01 2.481700441900000151e-02 5.284405076169999826e-02 3.565558356060000156e-02 5.740429999999999922e+00 1.446799999999999997e+01 1.619569999999999865e+01 -1.000000000000000000e+00 6.585262854317732728e-01 8.319654058488727966e-01
-4.779820000000000180e-01 -5.724219999999999864e-01 -4.633920000000000261e-01 -9.398199999999999887e-01 -1.023830000000000018e+00 -4.665880000000000027e-01 1.927750984586074079e-02 1.168734346466312468e-01 -6.196739999999999471e-01 5.110593511595717953e-02 nan nan 9.526182965467179242e-01 2.910611359879999860e-02 4.950458705800000331e-02 3.308543899989999787e-02 1.643519999999999825e+01 2.202339999999999876e+01 2.010960000000000036e+01 1.915589999999999904e+01 6.585262854317732728e-01 8.319654058488727966e-01
-4.801070000000000060e-01 -8.109600000000000142e-01 -7.849429999999999463e-01 -1.023719999999999963e+00 -1.082319999999999949e+00 -4.702470000000000261e-01 2.534413650782307847e-02 1.164730988229785158e-01 -6.196739999999999471e-01 6.186326958742027760e-02 nan nan 9.713545194029333807e-01 2.910611359879999860e-02 4.950458705800000331e-02 3.308543899989999787e-02 1.643519999999999825e+01 2.202339999999999876e+01 2.010960000000000036e+01 1.915589999999999904e+01 6.132838249835200761e-01 7.824568000410208057e-01
-4.810059999999999891e-01 -1.026410000000000045e+00 -9.727230000000000043e-01 -9.913819999999999855e-01 -1.036559999999999926e+00 -4.736369999999999747e-01 3.251962588299373014e-02 1.176879626966693682e-01 -6.196739999999999471e-01 7.411439660301233356e-02 nan nan 9.855956562160889112e-01 4.454806252869999983e-02 8.068170409630000262e-02 4.394796572819999886e-02 5.819609999999999950e+00 1.893629999999999924e+01 1.860340000000000060e+01 1.834789999999999921e+01 6.132838249835200761e-01 7.824568000410208057e-01
-4.819350000000000023e-01 -1.578899999999999970e+00 -1.712679999999999980e+00 -1.026499999999999968e+00 -1.102850000000000108e+00 -4.731859999999999955e-01 4.102140293906408886e-02 1.206591031380881418e-01 -6.196739999999999471e-01 8.792806347264348066e-02 nan nan 9.951803492156223729e-01 4.454806252869999983e-02 8.068170409630000262e-02 4.394796572819999886e-02 5.819609999999999950e+00 1.893629999999999924e+01 1.860340000000000060e+01 1.834789999999999921e+01 6.209006262359921813e-01 7.451894645085204161e-01
-4.818330000000000113e-01 -1.479800000000000004e+00 -1.442909999999999915e+00 -1.068410000000000082e+00 -1.195929999999999938e+00 -4.723930000000000073e-01 5.102439918408585573e-02 1.255076977023349416e-01 -5.706919999999999771e-01 1.033553133053186635e-01 nan nan 1.000000000000000000e+00 3.695225210269999921e-02 9.010994101619999863e-02 4.343486341740000062e-02 1.749990000000000023e+01 2.224480000000000146e+01 1.862610000000000099e+01 1.714489999999999981e+01 6.209006262359921813e-01 7.451894645085204161e-01
-4.820530000000000093e-01 -1.918390000000000040e+00 -1.779109999999999969e+00 -1.052240000000000064e+00 -1.149250000000000105e+00 -4.712100000000000177e-01 6.268753711046270993e-02 1.323336516391049322e-01 -5.706919999999999771e-01 1.204289066703155830e-01 nan nan 1.000000000000000000e+00 3.695225210269999921e-02 9.010994101619999863e-02 4.343486341740000062e-02 1.749990000000000023e+01 2.224480000000000146e+01 1.862610000000000099e+01 1.714489999999999981e+01 7.696625741595253256e-01 6.304305467721811329e-01
-4.795909999999999895e-01 -7.615739999999999732e-01 -6.076080000000000370e-01 -1.080240000000000089e+00 -1.212509999999999977e+00 -4.698890000000000011e-01 7.615170938954196611e-02 1.412144659262901669e-01 -6.196739999999999471e-01 1.391629504068463419e-01 nan nan 9.951803492156223729e-01 4.451602393819999864e-02 9.425399056479999427e-02 5.777892997060000285e-02 1.057390000000000008e+01 2.271249999999999858e+01 2.065990000000000038e+01 2.158389999999999986e+01 7.696625741595253256e-01 6.304305467721811329e-01
-4.793769999999999976e-01 -7.069419999999999593e-01 -6.507939999999999836e-01 -1.050699999999999967e+00 -1.149420000000000108e+00 -4.700219999999999954e-01 9.153409090995590081e-02 1.522043591529321782e-01 -6.196739999999999471e-01 1.595527377879305542e-01 nan nan 9.855956562160889112e-01 4.451602393819999864e-02 9.425399056479999427e-02 5.777892997060000285e-02 1.057390000000000008e+01 2.271249999999999858e+01 2.065990000000000038e+01 2.158389999999999986e+01 7.099847560975609539e-01 7.144136599039430102e-01
-4.798769999999999980e-01 -7.931280000000000552e-01 -6.807320000000000038e-01 -1.070859999999999923e+00 -1.219840000000000035e+00 -4.719459999999999766e-01 1.089201608599622562e-01 1.653336532009429538e-01 -6.196739999999999471e-01 1.815748018494935945e-01 nan nan 9.713545194029333807e-01 5.179867758659999905e-02 7.740063599850000031e-02 9.561166504220000584e-02 1.194849999999999923e+01 2.177680000000000149e+01 2.133790000000000120e+01 2.551040000000000063e+01 7.099847560975609539e-01 7.144136599039430102e-01
-4.818640000000000145e-01 -1.508140000000000036e+00 -1.503319999999999990e+00 -1.049180000000000001e+00 -1.195210000000000106e+00 -4.717979999999999952e-01 1.283747402596631115e-01 1.806084296860671623e-01 -3.188769999999999799e-02 2.051871812804465511e-01 nan nan 9.526182965467183683e-01 5.179867758659999905e-02 7.740063599850000031e-02 9.561166504220000584e-02 1.194849999999999923e+01 2.177680000000000149e+01 2.133790000000000120e+01 2.551040000000000063e+01 5.609962096242584462e-01 8.489582443126464373e-01
-4.819069999999999743e-01 -1.620170000000000110e+00 -1.452520000000000033e+00 -8.890569999999999862e-01 -9.972079999999999833e-01 -4.694639999999999924e-01 1.499409059813251455e-01 1.980104610507459340e-01 6.048810000000000020e-01 2.303298958611071923e-01 nan nan 9.295992765390194146e-01 5.298644801369999796e-02 6.087594800490000319e-02 1.117491029079999976e-01 8.715020000000000877e+00 2.090009999999999835e+01 2.692980000000000018e+01 3.507180000000000319e+01 5.609962096242584462e-01 8.489582443126464373e-01
-4.817799999999999860e-01 -1.465319999999999956e+00 -1.306820000000000093e+00 -1.008150000000000102e+00 -1.089749999999999996e+00 -4.654309999999999836e-01 1.736302452700910770e-01 2.174974170896269987e-01 1.709449999999999859e-02 2.569256260630564670e-01 nan nan 9.025582740744576560e-01 5.298644801369999796e-02 6.087594800490000319e-02 1.117491029079999976e-01 8.715020000000000877e+00 2.090009999999999835e+01 2.692980000000000018e+01 3.507180000000000319e+01 7.423831987475280059e-01 9.278445314235903574e-01
-4.802120000000000277e-01 -8.359130000000000171e-01 -7.844820000000000126e-01 -1.059520000000000017e+00 -1.102740000000000054e+00 -4.644409999999999927e-01 1.994229504217414073e-01 2.390033445677056667e-01 -6.196739999999999471e-01 2.848805891102904608e-01 nan nan 8.718016745159926639e-01 8.423509195099999902e-02 6.303101655159999706e-02 1.296221149100000025e-01 1.261790000000000056e+01 3.531980000000000075e+01 4.290699999999999648e+01 4.908070000000000022e+01 7.423831987475280059e-01 9.278445314235903574e-01
-4.758209999999999940e-01 -4.261400000000000188e-01 -2.959939999999999793e-01 -9.781290000000000262e-01 -1.099259999999999904e+00 -4.651970000000000272e-01 2.272540834153853329e-01 2.624394144968311693e-01 -6.196739999999999471e-01 3.140856015755463249e-01 nan nan 8.376779624263354096e-01 8.423509195099999902e-02 6.303101655159999706e-02 1.296221149100000025e-01 1.261790000000000056e+01 3.531980000000000075e+01 4.290699999999999648e+01 4.908070000000000022e+01 7.581832976268951807e-01 7.595296289332900130e-01
-4.769820000000000171e-01 -4.974910000000000165e-01 -3.755580000000000029e-01 -1.081870000000000109e+00 -1.110119999999999996e+00 -4.698459999999999859e-01 2.570696995872724377e-01 2.876949286036367681e-01 -6.196739999999999471e-01 3.444173164721605618e-01 nan nan 8.005737730986057787e-01 1.298331402769999920e-01 7.762792328800000030e-02 1.036178092319999938e-01 1.617239999999999966e+01 4.455649999999999977e+01 6.054939999999999856e+01 6.817589999999999861e+01 7.581832976268951807e-01 7.595296289332900130e-01
-4.806779999999999942e-01 -9.609889999999999821e-01 -8.120739999999999625e-01 -1.045870000000000077e+00 -1.208639999999999937e+00 -4.711960000000000037e-01 2.887883533548196713e-01 3.146385735852091914e-01 -3.747630000000000128e-01 3.757396208247150149e-01 nan nan 7.609095118239683764e-01 1.298331402769999920e-01 7.762792328800000030e-02 1.036178092319999938e-01 1.617239999999999966e+01 4.455649999999999977e+01 6.054939999999999856e+01 6.817589999999999861e+01 6.528252719182597863e-01 6.838942348778779268e-01
-4.819450000000000123e-01 -1.689869999999999983e+00 -1.505379999999999940e+00 -1.013900000000000023e+00 -1.073080000000000034e+00 -4.723289999999999988e-01 3.222625471421926013e-01 3.431199089412815262e-01 -3.257809999999999873e-01 4.079051778834362763e-01 nan nan 7.191345905316994802e-01 2.120215326160000135e-01 7.426143909570000201e-02 1.000679978549999932e-01 1.721760000000000090e+01 5.855330000000000013e+01 7.910960000000000036e+01 8.262199999999999989e+01 6.528252719182597863e-01 6.838942348778779268e-01
-4.816139999999999866e-01 -1.407710000000000017e+00 -1.062249999999999917e+00 -1.118540000000000090e+00 -1.162209999999999965e+00 -4.000870000000000259e-01 3.573456819053827394e-01 3.729710715252138042e-01 -5.217089999999999783e-01 4.407570965084433023e-01 nan nan 6.757223357724522206e-01 2.120215326160000135e-01 7.426143909570000201e-02 1.000679978549999932e-01 1.721760000000000090e+01 5.855330000000000013e+01 7.910960000000000036e+01 8.262199999999999989e+01 7.854369232036915172e-01 8.220520621464098010e-01
-4.780989999999999962e-01 -5.966219999999999857e-01 -4.361340000000000217e-01 -1.061250000000000027e+00 -1.103399999999999936e+00 -3.477689999999999948e-01 3.938710414681558802e-01 4.040086775005190534e-01 -5.706919999999999771e-01 4.741307088090526145e-01 nan nan 6.311646257393055404e-01 3.057575299149999926e-01 7.203020300170000223e-02 9.705298895880000443e-02 3.276729999999999876e+01 8.911129999999999995e+01 1.152000000000000028e+02 1.073569999999999993e+02 7.854369232036915172e-01 8.220520621464098010e-01
-4.797859999999999903e-01 -8.012390000000000345e-01 -6.325600000000000112e-01 -6.735470000000000068e-01 -5.734960000000000058e-01 -1.602899999999999880e-01 4.316512909299009548e-01 4.360359001530075274e-01 -2.767990000000000173e-01 5.078554358967786175e-01 nan nan 5.859663170912925434e-01 3.057575299149999926e-01 7.203020300170000223e-02 9.705298895880000443e-02 3.276729999999999876e+01 8.911129999999999995e+01 1.152000000000000028e+02 1.073569999999999993e+02 1.534484179301253137e-01 5.319636966516827492e-01
-1.124890000000000057e-01 9.396860000000000213e-01 1.408630000000000049e+00 8.118980000000000086e-01 1.058089999999999975e+00 -4.266210000000000141e-02 4.704781359079177605e-01 4.688447000161061196e-01 -1.788339999999999930e-01 5.417567206122986256e-01 nan nan 5.406395247257231862e-01 4.472298900359999996e-01 5.930516302759999969e-02 1.111515278040000054e-01 3.904059999999999775e+01 1.132879999999999967e+02 1.319869999999999948e+02 1.179270000000000067e+02 1.534484179301253137e-01 5.319636966516827492e-01
-9.171840000000000548e-02 8.945750000000000091e-01 1.446769999999999889e+00 8.745279999999999720e-01 1.156749999999999945e+00 1.025509999999999922e+00 5.101273303602165132e-01 5.022181820411431019e-01 -3.747630000000000128e-01 5.756580053278188558e-01 nan nan 4.956978193117664855e-01 4.472298900359999996e-01 5.930516302759999969e-02 1.111515278040000054e-01 3.904059999999999775e+01 1.132879999999999967e+02 1.319869999999999948e+02 1.179270000000000067e+02 2.811212508239947505e-01 4.947954945562069717e-01
1.051919999999999966e+00 1.410889999999999977e+00 1.655289999999999928e+00 6.322609999999999619e-01 9.549630000000000063e-01 2.169309999999999850e+00 5.503394841844000407e-01 5.359330531049166790e-01 -2.278159999999999907e-01 6.093827324155446368e-01 nan nan 4.516504083295568295e-01 5.811005161179999545e-01 3.761389686810000244e-02 1.084310686210000069e-01 3.068319999999999936e+01 8.632649999999999579e+01 1.069909999999999997e+02 1.016380000000000052e+02 2.811212508239947505e-01 4.947954945562069717e-01
3.184489999999999821e+00 1.681219999999999937e+00 1.583099999999999952e+00 1.417799999999999949e+00 1.483800000000000008e+00 4.226689999999999614e+00 5.908282900422825445e-01 5.697621520100035752e-01 -3.188769999999999799e-02 6.427563447161541710e-01 nan nan 4.089963665459753761e-01 5.811005161179999545e-01 3.761389686810000244e-02 1.084310686210000069e-01 3.068319999999999936e+01 8.632649999999999579e+01 1.069909999999999997e+02 1.016380000000000052e+02 3.143539881344759035e-01 4.997760951680995101e-01
3.963919999999999888e+00 1.748089999999999922e+00 1.515209999999999946e+00 1.290980000000000016e+00 1.323839999999999906e+00 4.584909999999999819e+00 6.302122312276292604e-01 6.042441959650650674e-01 2.620049999999999879e-01 6.756082633411611971e-01 nan nan 3.638910398281882674e-01 6.355115053659999846e-01 3.112791885400000014e-02 9.848584647760000310e-02 2.127749999999999986e+01 6.245400000000000063e+01 8.209529999999999461e+01 8.709560000000000457e+01 3.143539881344759035e-01 4.997760951680995101e-01
4.061460000000000292e+00 1.755910000000000082e+00 1.536100000000000021e+00 9.358849999999999669e-01 1.305930000000000035e+00 4.338160000000000238e+00 6.682064309327424567e-01 6.384571834595054174e-01 2.620049999999999879e-01 7.077738203998823474e-01 nan nan 3.207163367483926164e-01 6.355115053659999846e-01 3.112791885400000014e-02 9.848584647760000310e-02 2.127749999999999986e+01 6.245400000000000063e+01 8.209529999999999461e+01 8.709560000000000457e+01 3.238093276203032334e-01 4.985728203462833630e-01
3.510320000000000107e+00 1.710830000000000073e+00 1.490939999999999932e+00 1.113250000000000073e+00 1.440679999999999961e+00 3.285880000000000134e+00 7.055852738823713555e-01 6.722251319653886892e-01 6.607659999999999922e-02 7.390961247524368005e-01 nan nan 2.796408843244579945e-01 6.629732385769999681e-01 3.302376972430000335e-02 9.683155437800000653e-02 1.774030000000000129e+01 5.411699999999999733e+01 7.156090000000000373e+01 7.951040000000000418e+01 3.238093276203032334e-01 4.985728203462833630e-01
3.004599999999999937e+00 1.662719999999999976e+00 1.488310000000000022e+00 9.098770000000000469e-01 1.308550000000000102e+00 3.465279999999999916e+00 7.419546811991646340e-01 7.053771014243486182e-01 -3.188769999999999799e-02 7.694278396490511485e-01 nan nan 2.408095242255048340e-01 6.629732385769999681e-01 3.302376972430000335e-02 9.683155437800000653e-02 1.774030000000000129e+01 5.411699999999999733e+01 7.156090000000000373e+01 7.951040000000000418e+01 3.338569133157547331e-01 4.966277539439725164e-01
2.784450000000000092e+00 1.641529999999999934e+00 1.517700000000000049e+00 7.130149999999999544e-01 1.277290000000000036e+00 2.726630000000000109e+00 7.769025729657451640e-01 7.377491310667526614e-01 -3.188769999999999799e-02 7.986328521143071235e-01 nan nan 2.043416716579181669e-01 6.722287138820000063e-01 3.406346602469999957e-02 9.255292134350000255e-02 1.161480000000000068e+01 3.516770000000000351e+01 5.129679999999999751e+01 5.913940000000000197e+01 3.338569133157547331e-01 4.966277539439725164e-01
2.792850000000000055e+00 1.642139999999999933e+00 1.542990000000000084e+00 7.391400000000000192e-01 1.472290000000000099e+00 2.390369999999999884e+00 8.106764427608161849e-01 7.691860971527385571e-01 -8.086989999999999457e-02 8.265878151615411173e-01 nan nan 1.703299623433426335e-01 6.722287138820000063e-01 3.406346602469999957e-02 9.255292134350000255e-02 1.161480000000000068e+01 3.516770000000000351e+01 5.129679999999999751e+01 5.913940000000000197e+01 3.420144611074488195e-01 4.972259729605004175e-01
2.571120000000000072e+00 1.616090000000000027e+00 1.533600000000000074e+00 6.141410000000000480e-01 1.226229999999999931e+00 2.351280000000000037e+00 8.433998224883837436e-01 7.995434705861702573e-01 1.709449999999999859e-02 8.531835453634903921e-01 nan nan 1.388392029189413623e-01 6.652311309189999911e-01 4.182622605720000275e-02 1.012125334709999963e-01 7.010180000000000078e+00 1.949820000000000064e+01 3.151810000000000045e+01 4.070069999999999766e+01 3.420144611074488195e-01 4.972259729605004175e-01
2.443909999999999805e+00 1.601120000000000099e+00 1.558750000000000080e+00 8.356419999999999959e-01 1.372749999999999915e+00 2.237299999999999844e+00 8.736364496612906150e-01 8.286889544870487123e-01 1.150589999999999946e-01 8.783262599441510332e-01 nan nan 1.099056366523013528e-01 6.652311309189999911e-01 4.182622605720000275e-02 1.012125334709999963e-01 7.010180000000000078e+00 1.949820000000000064e+01 3.151810000000000045e+01 4.070069999999999766e+01 3.399081245880026803e-01 4.931204813099286932e-01
2.326490000000000169e+00 1.587099999999999955e+00 1.565839999999999899e+00 9.205959999999999699e-01 1.368349999999999955e+00 1.904779999999999918e+00 9.000979524556598221e-01 8.565039831680252291e-01 1.709449999999999859e-02 9.019386393751037678e-01 nan nan 8.353653279072936755e-02 6.409980362989999847e-01 4.970870834919999953e-02 1.164688478360000057e-01 5.352979999999999627e+00 1.826610000000000156e+01 2.665709999999999980e+01 3.055389999999999873e+01 3.399081245880026803e-01 4.931204813099286932e-01
2.459849999999999870e+00 1.603990000000000027e+00 1.591290000000000093e+00 7.378689999999999971e-01 1.249230000000000063e+00 1.802349999999999897e+00 9.237543463751310968e-01 8.815012787537117589e-01 -3.188769999999999799e-02 9.212468313233929118e-01 nan nan 6.390151101484675689e-02 6.409980362989999847e-01 4.970870834919999953e-02 1.164688478360000057e-01 5.352979999999999627e+00 1.826610000000000156e+01 2.665709999999999980e+01 3.055389999999999873e+01 3.372352916941332435e-01 4.904302049327431412e-01
2.098250000000000171e+00 1.557199999999999918e+00 1.577690000000000037e+00 9.164550000000000196e-01 1.370209999999999928e+00 1.789840000000000098e+00 9.453676026310298131e-01 9.035485242766896352e-01 -8.086989999999999457e-02 9.388343424817796601e-01 nan nan 4.689510249719897050e-02 6.367065842619999971e-01 5.616915482399999909e-02 1.220792515949999935e-01 7.820350000000000357e+00 1.871359999999999957e+01 2.517470000000000141e+01 2.610569999999999879e+01 3.372352916941332435e-01 4.904302049327431412e-01
1.707070000000000087e+00 1.499200000000000088e+00 1.561930000000000041e+00 8.714370000000000172e-01 1.205270000000000064e+00 1.456700000000000106e+00 9.640830746021059605e-01 9.238247753477195623e-01 -8.086989999999999457e-02 9.545018993212266434e-01 nan nan 3.270999664170726184e-02 6.367065842619999971e-01 5.616915482399999909e-02 1.220792515949999935e-01 7.820350000000000357e+00 1.871359999999999957e+01 2.517470000000000141e+01 2.610569999999999879e+01 3.163212755438364887e-01 4.779975045721024385e-01
1.640320000000000000e+00 1.488380000000000036e+00 1.564880000000000049e+00 1.136870000000000047e+00 1.413710000000000022e+00 1.267269999999999897e+00 9.792454410940373277e-01 9.421002939401879051e-01 -8.086989999999999457e-02 9.680719821623047228e-01 nan nan 2.150691636579482591e-02 6.188865921309999463e-01 5.840631390880000190e-02 1.296976561269999884e-01 6.703669999999999796e+00 1.647500000000000142e+01 2.120319999999999894e+01 2.354390000000000072e+01 3.163212755438364887e-01 4.779975045721024385e-01
1.496850000000000014e+00 1.463759999999999950e+00 1.549220000000000041e+00 1.010599999999999943e+00 1.337050000000000072e+00 1.135890000000000066e+00 9.900708112794976978e-01 9.581680111259154309e-01 -1.298519999999999952e-01 9.793908365440946451e-01 nan nan 1.341279704551157081e-02 6.188865921309999463e-01 5.840631390880000190e-02 1.296976561269999884e-01 6.703669999999999796e+00 1.647500000000000142e+01 2.120319999999999894e+01 2.354390000000000072e+01 2.972354976928147652e-01 4.875177329208471022e-01
1.375760000000000094e+00 1.441559999999999953e+00 1.526939999999999964e+00 1.171780000000000044e+00 1.210269999999999957e+00 8.596080000000000387e-01 9.967394723065734485e-01 9.718458732488535201e-01 -1.298519999999999952e-01 9.883302153236658283e-01 nan nan 8.519348287002292963e-03 5.980884750989999832e-01 6.257669178359999418e-02 1.338433818110000006e-01 7.658380000000000187e+00 1.425760000000000005e+01 1.904029999999999845e+01 2.262829999999999941e+01 2.972354976928147652e-01 4.875177329208471022e-01
1.188469999999999915e+00 1.404290000000000038e+00 1.482140000000000013e+00 1.018010000000000081e+00 1.344019999999999992e+00 8.409820000000000073e-01 1.000000000000000000e+00 9.829789046657532170e-01 -3.188769999999999799e-02 9.947888317674513647e-01 nan nan 2.690608002953065458e-03 5.980884750989999832e-01 6.257669178359999418e-02 1.338433818110000006e-01 7.658380000000000187e+00 1.425760000000000005e+01 1.904029999999999845e+01 2.262829999999999941e+01 2.830833882663151835e-01 4.859145059565522784e-01
8.964419999999999611e-01 1.337450000000000028e+00 1.472550000000000026e+00 9.106370000000000298e-01 9.179249999999999909e-01 4.459919999999999995e-01 9.998154512781701753e-01 9.914409636821271965e-01 6.607659999999999922e-02 9.986935071704110545e-01 nan nan 0.000000000000000000e+00 5.629416832220000000e-01 7.353657716189999916e-02 1.520458450269999984e-01 7.510819999999999830e+00 1.479299999999999926e+01 1.857910000000000039e+01 2.661149999999999949e+01 2.830833882663151835e-01 4.859145059565522784e-01
5.317490000000000272e-01 1.230469999999999953e+00 1.408549999999999969e+00 8.660989999999999522e-01 8.627219999999999889e-01 3.468229999999999924e-01 9.965798784256306719e-01 9.971361717880526943e-01 1.709449999999999859e-02 1.000000000000000000e+00 nan nan 4.348857139238715419e-03 5.629416832220000000e-01 7.353657716189999916e-02 1.520458450269999984e-01 7.510819999999999830e+00 1.479299999999999926e+01 1.857910000000000039e+01 2.661149999999999949e+01 2.738443473961766905e-01 4.681730391235237043e-01
6.983829999999999760e-01 1.283979999999999899e+00 1.422439999999999927e+00 9.270129999999999759e-01 1.191489999999999938e+00 1.807580000000000020e-01 9.899551896785594440e-01 1.000000000000000000e+00 -3.188769999999999799e-02 9.986935071704110545e-01 nan nan 1.135996366163494198e-02 5.738357405920000431e-01 6.778661489749999991e-02 1.354354959059999863e-01 4.938570000000000348e+00 1.415799999999999947e+01 2.277420000000000044e+01 2.855180000000000007e+01 2.738443473961766905e-01 4.681730391235237043e-01
4.999950000000000228e-01 1.218630000000000102e+00 1.377110000000000056e+00 9.417820000000000080e-01 9.116130000000000067e-01 1.960129999999999928e-01 9.796544614092649317e-01 1.000000000000000000e+00 1.709449999999999859e-02 9.947888317674513647e-01 nan nan 2.095388092879424402e-02 5.738357405920000431e-01 6.778661489749999991e-02 1.354354959059999863e-01 4.938570000000000348e+00 1.415799999999999947e+01 2.277420000000000044e+01 2.855180000000000007e+01 2.700797214897825427e-01 4.480010938862016845e-01
4.042399999999999882e-01 1.182190000000000074e+00 1.376679999999999904e+00 7.315899999999999626e-01 1.173140000000000072e+00 9.377589999999999537e-02 9.661991343576112889e-01 9.971361717880528053e-01 1.709449999999999859e-02 9.883302153236659393e-01 nan nan 3.302190602454446733e-02 5.939276991949999918e-01 5.577072391019999992e-02 1.248628026929999996e-01 6.765559999999999796e+00 1.712969999999999970e+01 2.355720000000000169e+01 2.989620000000000033e+01 2.700797214897825427e-01 4.480010938862016845e-01
2.227449999999999986e-01 1.101359999999999895e+00 1.308910000000000018e+00 4.110980000000000190e-01 8.859590000000000520e-01 3.823929999999999690e-02 9.497416627555688162e-01 9.914409636821271965e-01 -3.188769999999999799e-02 9.793908365440946451e-01 nan nan 4.742730340241296805e-02 5.939276991949999918e-01 5.577072391019999992e-02 1.248628026929999996e-01 6.765559999999999796e+00 1.712969999999999970e+01 2.355720000000000169e+01 2.989620000000000033e+01 2.653572017139089745e-01 4.326559215136650538e-01
2.239259999999999862e-01 1.101820000000000022e+00 1.242690000000000072e+00 5.387309999999999599e-01 8.614849999999999453e-01 -2.594379999999999950e-02 9.304685163324613040e-01 9.829789046657533280e-01 -3.188769999999999799e-02 9.680719821623047228e-01 nan nan 6.400685415400331202e-02 6.539745100470000239e-01 4.466262306669999821e-02 1.146369785420000009e-01 1.167239999999999966e+01 2.470279999999999987e+01 2.804279999999999973e+01 3.023199999999999932e+01 2.653572017139089745e-01 4.326559215136650538e-01
1.357569999999999888e-01 1.055039999999999978e+00 1.257439999999999891e+00 3.905549999999999855e-01 7.350980000000000292e-01 1.158249999999999974e-01 9.085980675384209837e-01 9.718458732488537422e-01 -1.298519999999999952e-01 9.545018993212266434e-01 nan nan 8.690064681437958960e-02 6.539745100470000239e-01 4.466262306669999821e-02 1.146369785420000009e-01 1.167239999999999966e+01 2.470279999999999987e+01 2.804279999999999973e+01 3.023199999999999932e+01 2.580030487804878536e-01 4.272719503649136108e-01
3.067900000000000071e-01 1.141010000000000080e+00 1.120230000000000059e+00 6.749749999999999917e-01 8.668310000000000182e-01 2.098950000000000121e-02 8.843781172972718929e-01 9.581680111259155419e-01 -1.788339999999999930e-01 9.388343424817796601e-01 nan nan 1.119784383674942152e-01 6.930512364969999561e-01 3.248787231450000340e-02 1.153863316500000069e-01 7.459550000000000125e+00 2.028819999999999979e+01 2.542279999999999873e+01 2.995420000000000016e+01 2.580030487804878536e-01 4.272719503649136108e-01
1.354829999999999923e-01 1.054710000000000036e+00 1.060240000000000071e+00 7.897469999999999768e-01 8.690010000000000234e-01 3.513080000000000092e-01 8.580830873230476108e-01 9.421002939401881271e-01 -1.788339999999999930e-01 9.212468313233930228e-01 nan nan 1.392766470342339247e-01 6.930512364969999561e-01 3.248787231450000340e-02 1.153863316500000069e-01 7.459550000000000125e+00 2.028819999999999979e+01 2.542279999999999873e+01 2.995420000000000016e+01 2.633332646671060484e-01 4.234638590254157231e-01
1.368940000000000046e+00 1.440770000000000106e+00 1.182649999999999979e+00 1.235740000000000061e+00 9.886770000000000280e-01 3.093730000000000091e-01 8.300109108123169266e-01 9.238247753477195623e-01 -1.788339999999999930e-01 9.019386393751037678e-01 nan nan 1.688065328223541384e-01 6.774555806499999999e-01 3.141774087509999897e-02 1.527326464200000067e-01 1.271410000000000018e+01 1.939849999999999852e+01 2.596900000000000119e+01 2.941159999999999997e+01 2.633332646671060484e-01 4.234638590254157231e-01
-1.656440000000000135e-01 8.306590000000000362e-01 3.026409999999999934e-01 2.129969999999999919e-01 4.183609999999999829e-01 4.161880000000000024e-01 8.004796567420189302e-01 9.035485242766897462e-01 -1.298519999999999952e-01 8.783262599441510332e-01 nan nan 2.005540699460922616e-01 6.774555806499999999e-01 3.141774087509999897e-02 1.527326464200000067e-01 1.271410000000000018e+01 1.939849999999999852e+01 2.596900000000000119e+01 2.941159999999999997e+01 2.508960942649967052e-01 4.053566239937101967e-01
5.146380000000000399e-01 1.222969999999999891e+00 1.104999999999999982e+00 4.957599999999999785e-01 6.527380000000000404e-01 2.047269999999999993e-02 7.698239260208608048e-01 8.815012787537117589e-01 -8.086989999999999457e-02 8.531835453634903921e-01 nan nan 2.344801057439250824e-01 7.057998313040000360e-01 2.646046559789999933e-02 1.301509810879999951e-01 8.284010000000000318e+00 1.985229999999999961e+01 2.474719999999999942e+01 3.808019999999999783e+01 2.508960942649967052e-01 4.053566239937101967e-01
1.258540000000000006e-02 9.776829999999999687e-01 1.145340000000000025e+00 3.217809999999999837e-01 6.987240000000000117e-01 -6.626569999999999683e-02 7.383910603273213802e-01 8.565039831680252291e-01 -1.298519999999999952e-01 8.265878151615411173e-01 nan nan 2.663293974767965144e-01 7.057998313040000360e-01 2.646046559789999933e-02 1.301509810879999951e-01 8.284010000000000318e+00 1.985229999999999961e+01 2.474719999999999942e+01 3.808019999999999783e+01 2.399318144363876693e-01 4.063240296032953891e-01
9.044459999999999722e-01 1.338850000000000096e+00 1.155860000000000110e+00 8.312420000000000364e-01 8.479409999999999448e-01 1.206190000000000040e-01 7.065372065896444731e-01 8.286889544870488233e-01 -1.788339999999999930e-01 7.986328521143071235e-01 nan nan 3.000690214129737576e-01 6.946998827920000119e-01 2.624916995600000066e-02 9.737835068189999721e-02 1.430380000000000074e+01 1.954789999999999850e+01 2.839699999999999847e+01 3.328170000000000073e+01 2.399318144363876693e-01 4.063240296032953891e-01
-2.339729999999999865e-01 7.395040000000000502e-01 -1.727429999999999938e-02 7.971870000000000345e-02 4.335640000000000049e-01 -1.802870000000000028e-01 6.745996048350031415e-01 7.995434705861703684e-01 -1.788339999999999930e-01 7.694278396490512595e-01 nan nan 3.353166941315901539e-01 6.946998827920000119e-01 2.624916995600000066e-02 9.737835068189999721e-02 1.430380000000000074e+01 1.954789999999999850e+01 2.839699999999999847e+01 3.328170000000000073e+01 2.339836025049438772e-01 3.989402977421505625e-01
-4.644499999999999740e-01 -1.789560000000000040e-01 -4.326550000000000118e-01 -1.019399999999999994e-02 2.769150000000000222e-01 -3.239259999999999917e-01 6.410480678263119625e-01 7.691860971527385571e-01 -2.767990000000000173e-01 7.390961247524368005e-01 nan nan 3.716730454164883790e-01 6.076606840089999739e-01 4.521397854720000248e-02 1.013891546350000061e-01 1.668319999999999936e+01 2.545380000000000109e+01 2.853460000000000107e+01 3.822140000000000271e+01 2.339836025049438772e-01 3.989402977421505625e-01
6.658600000000000629e-02 1.013169999999999904e+00 1.089399999999999924e+00 3.344249999999999723e-01 3.961990000000000234e-01 -3.200899999999999856e-01 6.060970961193004047e-01 7.377491310667527724e-01 -2.767990000000000173e-01 7.077738203998823474e-01 nan nan 4.087261432803498407e-01 6.076606840089999739e-01 4.521397854720000248e-02 1.013891546350000061e-01 1.668319999999999936e+01 2.545380000000000109e+01 2.853460000000000107e+01 3.822140000000000271e+01 2.275564436387607081e-01 3.988240723332251436e-01
-1.007119999999999960e-01 8.854210000000000136e-01 9.439290000000000180e-01 5.669889999999999652e-01 7.498970000000000358e-01 -3.234830000000000205e-01 5.716928751330953018e-01 7.053771014243486182e-01 -2.278159999999999907e-01 6.756082633411611971e-01 nan nan 4.460561613187100649e-01 5.157999842560000436e-01 6.728826384170000230e-02 7.242790461320000595e-02 2.201350000000000051e+01 3.592430000000000234e+01 4.016859999999999786e+01 4.262409999999999854e+01 2.275564436387607081e-01 3.988240723332251436e-01
-3.757909999999999862e-01 4.390410000000000146e-01 -2.008600000000000108e-01 -1.851540000000000130e-01 1.969370000000000148e-02 -4.277569999999999983e-01 5.382523305331932129e-01 6.722251319653888002e-01 -2.278159999999999907e-01 6.427563447161541710e-01 nan nan 4.832401355108761898e-01 5.157999842560000436e-01 6.728826384170000230e-02 7.242790461320000595e-02 2.201350000000000051e+01 3.592430000000000234e+01 4.016859999999999786e+01 4.262409999999999854e+01 2.282310893210284242e-01 4.070350556343685922e-01
-4.781920000000000059e-01 -6.906560000000000477e-01 -9.463880000000000070e-01 -1.482370000000000076e-01 -4.589500000000000246e-01 -4.515710000000000002e-01 5.061950600034617054e-01 6.384571834595054174e-01 -3.257809999999999873e-01 6.093827324155448588e-01 nan nan 5.198567565712889360e-01 4.253007717560000067e-01 6.095811004849999853e-02 6.601784321220000029e-02 3.514990000000000236e+01 4.504670000000000130e+01 4.485079999999999956e+01 4.816599999999999682e+01 2.282310893210284242e-01 4.070350556343685922e-01
-4.782529999999999837e-01 -6.175389999999999491e-01 -4.859459999999999891e-01 -7.030870000000000175e-01 -7.391710000000000225e-01 -4.615529999999999911e-01 4.747364568339542679e-01 6.042441959650652894e-01 -5.217089999999999783e-01 5.756580053278188558e-01 nan nan 5.554911435520740737e-01 4.253007717560000067e-01 6.095811004849999853e-02 6.601784321220000029e-02 3.514990000000000236e+01 4.504670000000000130e+01 4.485079999999999956e+01 4.816599999999999682e+01 2.282156394199077454e-01 4.398448048951407729e-01
-4.781299999999999994e-01 -5.872619999999999507e-01 -5.685099999999999598e-01 -6.075909999999999922e-01 -4.347130000000000161e-01 -4.622089999999999810e-01 4.437094681795685780e-01 5.697621520100035752e-01 -6.196739999999999471e-01 5.417567206122987367e-01 nan nan 5.897395446099608085e-01 3.708461040000000097e-01 5.511656877909999752e-02 6.919852389199999954e-02 1.286200000000000010e+01 4.506790000000000163e+01 5.068849999999999767e+01 4.712039999999999651e+01 2.282156394199077454e-01 4.398448048951407729e-01
-3.684919999999999862e-01 4.725610000000000088e-01 5.136910000000000087e-01 -2.285639999999999894e-01 -1.559750000000000025e-01 -4.619130000000000180e-01 4.138179485452553319e-01 5.351900826394645483e-01 -4.237449999999999828e-01 5.078554358967787286e-01 nan nan 6.222139116759967115e-01 3.708461040000000097e-01 5.511656877909999752e-02 6.919852389199999954e-02 1.286200000000000010e+01 4.506790000000000163e+01 5.068849999999999767e+01 4.712039999999999651e+01 2.149699241924851734e-01 4.433828430786059815e-01
-4.670929999999999804e-01 -2.383629999999999916e-01 -8.945699999999999763e-01 -6.728880000000000416e-01 -4.422989999999999977e-01 -4.610770000000000146e-01 3.851302795793185574e-01 5.007080389225215811e-01 -2.278159999999999907e-01 4.741307088090527255e-01 nan nan 6.525462971952248337e-01 2.284395928940000098e-01 7.511720278569999909e-02 6.294267364420000344e-02 3.802179999999999893e+01 4.874110000000000298e+01 5.155619999999999692e+01 5.324419999999999931e+01 2.149699241924851734e-01 4.433828430786059815e-01
-4.749860000000000193e-01 -4.764780000000000126e-01 -2.042599999999999971e-01 -9.924070000000000391e-01 -8.255550000000000388e-01 -4.677629999999999844e-01 3.577003687913075103e-01 4.664950519016205499e-01 -3.747630000000000128e-01 4.407570965084433023e-01 nan nan 6.803930231195061129e-01 2.284395928940000098e-01 7.511720278569999909e-02 6.294267364420000344e-02 3.802179999999999893e+01 4.874110000000000298e+01 5.155619999999999692e+01 5.324419999999999931e+01 1.979750329597891323e-01 5.185806826533576608e-01
-4.810090000000000199e-01 -1.102559999999999985e+00 -8.923579999999999846e-01 -9.763020000000000032e-01 -9.233400000000000496e-01 -4.713579999999999992e-01 3.315671202684834507e-01 4.327271040993315721e-01 -5.217089999999999783e-01 4.079051778834363873e-01 nan nan 7.054385749171312447e-01 1.913651720990000027e-01 6.540803881149999388e-02 7.156345112730000402e-02 9.300720000000000098e+00 4.164280000000000115e+01 4.593169999999999931e+01 4.971419999999999817e+01 1.979750329597891323e-01 5.185806826533576608e-01
-4.789089999999999736e-01 -6.932049999999999601e-01 -4.926039999999999863e-01 -1.014829999999999899e+00 -9.992950000000000443e-01 -4.705250000000000266e-01 3.067580806461002174e-01 3.995751355660493997e-01 -5.706919999999999771e-01 3.757396208247151259e-01 nan nan 7.273991764785385783e-01 1.913651720990000027e-01 6.540803881149999388e-02 7.156345112730000402e-02 9.300720000000000098e+00 4.164280000000000115e+01 4.593169999999999931e+01 4.971419999999999817e+01 4.409762277521424023e-01 6.308612644640811951e-01
-4.757020000000000137e-01 -4.266289999999999805e-01 -2.777859999999999774e-01 -1.013719999999999954e+00 -1.099299999999999944e+00 -4.706509999999999860e-01 2.832961204565435098e-01 3.672031070609178549e-01 -6.196739999999999471e-01 3.444173164721606728e-01 nan nan 7.460260054130259944e-01 1.265669254169999869e-01 5.994391187079999711e-02 6.386574520660000254e-02 1.786349999999999838e+01 2.643120000000000047e+01 4.171959999999999980e+01 4.769910000000000139e+01 4.409762277521424023e-01 6.308612644640811951e-01
-4.812089999999999979e-01 -1.185759999999999925e+00 -8.895459999999999479e-01 -1.012310000000000043e+00 -1.123410000000000020e+00 -4.719499999999999806e-01 2.611873208526729329e-01 3.357661423109137289e-01 -5.706919999999999771e-01 3.140856015755464359e-01 nan nan 7.611080123058626690e-01 1.265669254169999869e-01 5.994391187079999711e-02 6.386574520660000254e-02 1.786349999999999838e+01 2.643120000000000047e+01 4.171959999999999980e+01 4.769910000000000139e+01 1.771228164139749817e-01 8.498401900627274852e-01
-4.808919999999999861e-01 -1.006539999999999990e+00 -9.075199999999999934e-01 -9.807379999999999987e-01 -1.065890000000000004e+00 -4.737509999999999777e-01 2.404209938262349411e-01 3.054087703970356227e-01 -5.706919999999999771e-01 2.848805891102905719e-01 nan nan 7.724743119924886159e-01 8.067259255689999964e-02 5.166695081920000265e-02 7.743546875829999954e-02 7.706170000000000186e+00 2.332860000000000156e+01 2.950659999999999883e+01 4.461129999999999995e+01 1.771228164139749817e-01 8.498401900627274852e-01
-4.817480000000000095e-01 -1.455940000000000012e+00 -1.291970000000000063e+00 -1.114980000000000082e+00 -1.168609999999999927e+00 -4.726790000000000158e-01 2.209790832122595639e-01 2.762632881820655806e-01 -5.217089999999999783e-01 2.569256260630564670e-01 nan nan 7.841875265727820121e-01 8.067259255689999964e-02 5.166695081920000265e-02 7.743546875829999954e-02 7.706170000000000186e+00 2.332860000000000156e+01 2.950659999999999883e+01 4.461129999999999995e+01 1.720758487145681581e-01 6.461073033995932136e-01
-4.814729999999999843e-01 -1.256040000000000045e+00 -1.092459999999999987e+00 -1.051830000000000043e+00 -1.099809999999999954e+00 -4.724490000000000078e-01 2.028364394738831900e-01 2.484482613342503532e-01 -4.727270000000000083e-01 2.303298958611073033e-01 nan nan 7.921075587950141550e-01 5.523591117209999957e-02 4.517678849960000270e-02 5.903231904830000265e-02 8.972530000000000783e+00 1.905239999999999867e+01 2.872619999999999862e+01 3.541460000000000008e+01 1.720758487145681581e-01 6.461073033995932136e-01
-4.815809999999999813e-01 -1.322249999999999925e+00 -1.125129999999999963e+00 -1.070349999999999913e+00 -1.090859999999999941e+00 -4.696029999999999927e-01 1.859757737272422773e-01 2.220671809309038292e-01 -5.706919999999999771e-01 2.051871812804466622e-01 nan nan 7.964652311491833281e-01 5.523591117209999957e-02 4.517678849960000270e-02 5.903231904830000265e-02 8.972530000000000783e+00 1.905239999999999867e+01 2.872619999999999862e+01 3.541460000000000008e+01 7.419454515491101798e-01 7.467174867964516682e-01
-4.790949999999999931e-01 -6.833820000000000450e-01 -5.803960000000000230e-01 -1.034499999999999975e+00 -1.230399999999999938e+00 -4.634489999999999998e-01 1.703317504294448170e-01 1.972072908631480326e-01 -6.196739999999999471e-01 1.815748018494937055e-01 nan nan 7.975317290860397534e-01 4.484621118840000087e-02 5.192459671280000300e-02 5.506035237700000057e-02 1.553250000000000064e+01 2.742989999999999995e+01 3.282809999999999917e+01 4.361650000000000205e+01 7.419454515491101798e-01 7.467174867964516682e-01
-4.792279999999999873e-01 -6.956099999999999506e-01 -6.082400000000000029e-01 -9.296759999999999469e-01 -1.033949999999999925e+00 -4.605580000000000229e-01 1.559851547110203684e-01 1.739385993277662301e-01 -6.196739999999999471e-01 1.595527377879306652e-01 nan nan 7.956155283775682152e-01 4.484621118840000087e-02 5.192459671280000300e-02 5.506035237700000057e-02 1.553250000000000064e+01 2.742989999999999995e+01 3.282809999999999917e+01 4.361650000000000205e+01 7.729328032300593065e-01 8.928299177876152237e-01
-4.797270000000000145e-01 -7.524539999999999562e-01 -7.104709999999999637e-01 -9.503059999999999841e-01 -1.107930000000000081e+00 -4.609150000000000191e-01 1.427426434470310257e-01 1.523130856063590333e-01 -6.196739999999999471e-01 1.391629504068464529e-01 nan nan 7.910588999632314211e-01 6.068896252329999963e-02 4.049695824740000283e-02 5.682322459999999964e-02 1.489559999999999995e+01 3.826559999999999917e+01 4.638110000000000355e+01 5.131700000000000017e+01 7.729328032300593065e-01 8.928299177876152237e-01
-4.782259999999999844e-01 -5.937080000000000135e-01 -4.880909999999999971e-01 -9.901050000000000129e-01 -1.063800000000000079e+00 -4.646790000000000087e-01 1.303835835922994013e-01 1.323641111193138986e-01 -6.196739999999999471e-01 1.204289066703156941e-01 nan nan 7.800426250663898831e-01 6.068896252329999963e-02 4.049695824740000283e-02 5.682322459999999964e-02 1.489559999999999995e+01 3.826559999999999917e+01 4.638110000000000355e+01 5.131700000000000017e+01 1.000000000000000000e+00 9.799442801716033991e-01
-4.788589999999999791e-01 -6.492200000000000193e-01 -5.753730000000000233e-01 -9.986059999999999937e-01 -1.138300000000000090e+00 -4.688849999999999962e-01 1.189835703313810722e-01 1.141060414275825163e-01 -6.196739999999999471e-01 1.033553133053186635e-01 nan nan 7.670194639534367864e-01 7.150433282300000526e-02 5.343055423319999914e-02 5.290731785850000257e-02 1.942350000000000065e+01 3.811889999999999645e+01 4.758469999999999800e+01 5.265299999999999869e+01 1.000000000000000000e+00 9.799442801716033991e-01
-4.783140000000000169e-01 -6.080659999999999954e-01 -4.781110000000000082e-01 -1.016100000000000003e+00 -1.112290000000000001e+00 -4.722500000000000031e-01 1.084505885564673866e-01 9.753408346513392502e-02 -6.196739999999999471e-01 8.792806347264359168e-02 nan nan 7.563283810606435953e-01 7.150433282300000526e-02 5.343055423319999914e-02 5.290731785850000257e-02 1.942350000000000065e+01 3.811889999999999645e+01 4.758469999999999800e+01 5.265299999999999869e+01 5.638029416611733957e-01 7.393576836959681042e-01
-4.815729999999999733e-01 -1.289490000000000025e+00 -1.185859999999999914e+00 -1.052450000000000108e+00 -1.053630000000000067e+00 -4.732819999999999805e-01 9.868916348467748900e-02 8.262433984630834782e-02 -1.298519999999999952e-01 7.411439660301233356e-02 nan nan 7.440831287789544390e-01 1.543813339020000119e-01 6.936968363079999700e-02 6.271358765130000124e-02 1.706090000000000018e+01 4.965559999999999974e+01 5.797339999999999804e+01 5.633319999999999794e+01 5.638029416611733957e-01 7.393576836959681042e-01
-4.821190000000000198e-01 -2.265039999999999942e+00 -2.141039999999999832e+00 -1.055199999999999916e+00 -1.162530000000000063e+00 -4.737569999999999837e-01 8.959875648505988277e-02 6.933407963274573760e-02 2.130229999999999901e-01 6.186326958742027760e-02 nan nan 7.265516035123651406e-01 1.543813339020000119e-01 6.936968363079999700e-02 6.271358765130000124e-02 1.706090000000000018e+01 4.965559999999999974e+01 5.797339999999999804e+01 5.633319999999999794e+01 6.913573253131179985e-01 8.486574256071922617e-01
-4.817859999999999920e-01 -1.445230000000000015e+00 -1.361150000000000082e+00 -1.090649999999999897e+00 -1.161350000000000104e+00 -4.720289999999999764e-01 8.109725145427559845e-02 5.760222249199165034e-02 -2.767990000000000173e-01 5.110593511595717953e-02 nan nan 7.082603859173202121e-01 2.154519365850000034e-01 6.011194130760000309e-02 7.425453400029999318e-02 3.132590000000000074e+01 5.988060000000000116e+01 7.179810000000000514e+01 6.766570000000000107e+01 6.913573253131179985e-01 8.486574256071922617e-01
-4.816819999999999991e-01 -1.319020000000000081e+00 -1.382270000000000110e+00 -9.646550000000000402e-01 -1.169950000000000045e+00 -4.728620000000000045e-01 7.311775192317426786e-02 4.735003076207056072e-02 -6.196739999999999471e-01 4.175672061229884768e-02 nan nan 6.894167227979710599e-01 2.154519365850000034e-01 6.011194130760000309e-02 7.425453400029999318e-02 3.132590000000000074e+01 5.988060000000000116e+01 7.179810000000000514e+01 6.766570000000000107e+01 5.200024719841793708e-01 7.739108140906216793e-01
-4.806940000000000102e-01 -9.332599999999999785e-01 -9.025079999999999769e-01 -1.098060000000000036e+00 -1.209240000000000093e+00 -4.646569999999999867e-01 6.671669668521562624e-02 3.848200158065762100e-02 -6.196739999999999471e-01 3.371399893822935034e-02 nan nan 6.702341203870056940e-01 2.190669816980000129e-01 3.623151344120000006e-02 6.246767439729999927e-02 2.416710000000000136e+01 7.094029999999999347e+01 7.875199999999999534e+01 7.351949999999999363e+01 5.200024719841793708e-01 7.739108140906216793e-01
-4.792919999999999958e-01 -7.432180000000000453e-01 -6.006340000000000012e-01 -1.036610000000000031e-01 -1.353580000000000061e-01 -4.572640000000000038e-01 6.188385489198122702e-02 3.088694897067034706e-02 -5.217089999999999783e-01 2.686133986972571996e-02 nan nan 6.509299252347191533e-01 2.190669816980000129e-01 3.623151344120000006e-02 6.246767439729999927e-02 2.416710000000000136e+01 7.094029999999999347e+01 7.875199999999999534e+01 7.351949999999999363e+01 3.919227916941331324e-01 6.885056488967131738e-01
-3.882749999999999813e-01 3.941049999999999831e-01 -1.978100000000000136e-01 1.799129999999999896e+00 1.473419999999999952e+00 -4.486200000000000188e-01 5.750888016427002647e-02 2.443926362181636502e-02 9.967380000000000129e-01 2.106882929791931147e-02 nan nan 6.317228615857520824e-01 1.849711597089999937e-01 1.991957841309999894e-02 4.401894076219999702e-02 3.127430000000000021e+01 6.631799999999999784e+01 8.050849999999999795e+01 7.418899999999999295e+01 3.919227916941331324e-01 6.885056488967131738e-01
-2.898689999999999878e-01 6.475140000000000340e-01 4.465419999999999945e-01 2.035089999999999844e+00 1.957959999999999923e+00 -4.341679999999999984e-01 5.361283306377029323e-02 1.900033609426976522e-02 2.564169999999999838e+00 1.619454120785923656e-02 nan nan 6.128305531460003230e-01 1.849711597089999937e-01 1.991957841309999894e-02 4.401894076219999702e-02 3.127430000000000021e+01 6.631799999999999784e+01 8.050849999999999795e+01 7.418899999999999295e+01 3.433998022412656503e-01 6.591142940161006658e-01
-2.511869999999999936e-01 7.324279999999999680e-01 6.285899999999999821e-01 2.287760000000000016e+00 1.746620000000000061e+00 -4.361209999999999809e-01 5.023985736091207688e-02 1.442012731901032296e-02 2.907039999999999846e+00 1.208614575697408711e-02 nan nan 5.944670573190697915e-01 1.373785978879999981e-01 1.140671460369999980e-02 2.714327413709999998e-02 2.598339999999999961e+01 6.176370000000000005e+01 7.015229999999999677e+01 6.818470000000000653e+01 3.433998022412656503e-01 6.591142940161006658e-01
-3.282849999999999935e-01 5.727489999999999526e-01 -9.432279999999999831e-02 2.238739999999999952e+00 1.640959999999999974e+00 -4.158439999999999914e-01 4.676374218378254177e-02 1.053886860042740903e-02 3.053990000000000204e+00 8.582635233055135870e-03 nan nan 5.768404398503603758e-01 1.373785978879999981e-01 1.140671460369999980e-02 2.714327413709999998e-02 2.598339999999999961e+01 6.176370000000000005e+01 7.015229999999999677e+01 6.818470000000000653e+01 9.645527768622280673e-01 8.541473669817286618e-01
-2.858950000000000102e-01 6.520690000000000097e-01 -1.428849999999999953e+00 2.325549999999999784e+00 1.688220000000000054e+00 -4.335049999999999737e-01 4.266017897804075254e-02 7.188871859482359739e-03 3.445850000000000080e+00 5.516148335971360339e-03 nan nan 5.601504173590312607e-01 1.522755878279999919e-01 1.290570758439999952e-02 2.692781934150000056e-02 1.941550000000000153e+01 5.426650000000000063e+01 6.938439999999999941e+01 6.732680000000000575e+01 9.645527768622280673e-01 8.541473669817286618e-01
-2.947790000000000132e-01 6.403010000000000090e-01 -2.563190000000000190e-01 2.303669999999999884e+00 1.587309999999999999e+00 -4.381740000000000079e-01 3.900601136131520708e-02 4.196429606648233168e-03 3.347879999999999967e+00 2.713872113273785303e-03 nan nan 5.487775012859745782e-01 1.522755878279999919e-01 1.290570758439999952e-02 2.692781934150000056e-02 1.941550000000000153e+01 5.426650000000000063e+01 6.938439999999999941e+01 6.732680000000000575e+01 9.243160843770599211e-01 1.000000000000000000e+00
-3.256919999999999815e-01 5.861260000000000359e-01 6.275709999999999622e-02 2.227349999999999941e+00 1.586600000000000010e+00 -4.383830000000000227e-01 3.682633640898624883e-02 1.383783117176351496e-03 3.005009999999999959e+00 0.000000000000000000e+00 nan nan 5.388431694645139380e-01 1.913268817999999871e-01 1.654201484260000091e-02 3.175161473950000035e-02 2.758269999999999911e+01 5.205890000000000128e+01 6.125659999999999883e+01 6.277089999999999748e+01 9.243160843770599211e-01 1.000000000000000000e+00
-3.907390000000000030e-01 3.891669999999999852e-01 -4.081389999999999740e-01 2.049580000000000179e+00 1.666209999999999969e+00 -4.564079999999999804e-01 3.491039807745111023e-02 0.000000000000000000e+00 3.249919999999999920e+00 0.000000000000000000e+00 nan nan 5.264525999935725231e-01 1.913268817999999871e-01 1.654201484260000091e-02 3.175161473950000035e-02 2.758269999999999911e+01 5.205890000000000128e+01 6.125659999999999883e+01 6.277089999999999748e+01 8.861239288068556430e-01 9.069889073102365140e-01
-3.802769999999999762e-01 4.239149999999999863e-01 -5.909569999999999546e-01 2.034180000000000099e+00 1.594659999999999966e+00 -4.590389999999999748e-01 3.221364082389333028e-02 0.000000000000000000e+00 3.053990000000000204e+00 0.000000000000000000e+00 nan nan 5.159375897933471400e-01 2.146342702509999867e-01 2.494145667480000134e-02 4.729657039090000292e-02 1.655870000000000175e+01 4.104429999999999978e+01 4.895139999999999958e+01 5.133129999999999882e+01 8.861239288068556430e-01 9.069889073102365140e-01
-4.228990000000000249e-01 2.382549999999999946e-01 -5.972960000000000491e-01 1.884319999999999995e+00 1.393140000000000045e+00 -4.548889999999999878e-01 2.933118439078341577e-02 0.000000000000000000e+00 2.956020000000000092e+00 0.000000000000000000e+00 nan nan 5.032258713139208250e-01 2.146342702509999867e-01 2.494145667480000134e-02 4.729657039090000292e-02 1.655870000000000175e+01 4.104429999999999978e+01 4.895139999999999958e+01 5.133129999999999882e+01 8.859900296638102413e-01 9.168680670688976742e-01
-4.084849999999999870e-01 3.240319999999999867e-01 -7.512439999999999396e-02 1.922490000000000032e+00 1.527099999999999902e+00 -4.516970000000000152e-01 2.673597823613005353e-02 0.000000000000000000e+00 2.613150000000000084e+00 0.000000000000000000e+00 nan nan 4.924688552551815812e-01 2.555714863379999757e-01 2.976912512899999863e-02 7.094750103310000500e-02 1.848669999999999902e+01 3.435549999999999926e+01 3.869389999999999930e+01 4.475710000000000122e+01 8.859900296638102413e-01 9.168680670688976742e-01
-4.185619999999999896e-01 2.785449999999999871e-01 3.179489999999999816e-01 1.656009999999999982e+00 1.501200000000000090e+00 -4.432150000000000256e-01 2.511044196862743938e-02 0.000000000000000000e+00 2.515190000000000037e+00 0.000000000000000000e+00 nan nan 4.876592701046702505e-01 2.555714863379999757e-01 2.976912512899999863e-02 7.094750103310000500e-02 1.848669999999999902e+01 3.435549999999999926e+01 3.869389999999999930e+01 4.475710000000000122e+01 8.569699653922214777e-01 9.215820329191378724e-01
-4.597809999999999953e-01 -1.000500000000000000e-01 -5.834080000000000377e-01 1.576650000000000107e+00 1.207510000000000083e+00 -4.535509999999999819e-01 2.422886011624214575e-02 0.000000000000000000e+00 2.417219999999999924e+00 0.000000000000000000e+00 nan nan 4.845236689140235420e-01 2.081941762510000071e-01 4.162383931310000007e-02 1.009673771410000004e-01 1.640850000000000009e+01 3.028259999999999863e+01 3.697489999999999810e+01 4.380559999999999832e+01 8.569699653922214777e-01 9.215820329191378724e-01
-4.685250000000000248e-01 -2.195080000000000087e-01 -3.408919999999999728e-01 1.186930000000000041e+00 9.655299999999999994e-01 -4.488289999999999780e-01 2.330308610958609083e-02 0.000000000000000000e+00 1.339609999999999967e+00 0.000000000000000000e+00 nan nan 4.874255207675858292e-01 2.081941762510000071e-01 4.162383931310000007e-02 1.009673771410000004e-01 1.640850000000000009e+01 3.028259999999999863e+01 3.697489999999999810e+01 4.380559999999999832e+01 3.521289963744231866e-01 5.943904148221580419e-01
-4.658530000000000171e-01 -1.375619999999999898e-01 -1.337359999999999938e-01 1.071790000000000020e+00 8.871069999999999789e-01 -4.535580000000000167e-01 2.234360933807510996e-02 0.000000000000000000e+00 7.518270000000000231e-01 0.000000000000000000e+00 nan nan 4.924610993270247539e-01 1.721242366509999899e-01 5.441102551669999704e-02 1.103473290410000029e-01 9.825319999999999609e+00 2.620700000000000074e+01 3.310990000000000322e+01 3.935739999999999839e+01 3.521289963744231866e-01 5.943904148221580419e-01
-4.667419999999999902e-01 -1.755140000000000033e-01 -1.846530000000000116e-01 1.226820000000000022e+00 8.261199999999999655e-01 -4.601649999999999907e-01 2.095657168430797856e-02 0.000000000000000000e+00 1.241649999999999920e+00 0.000000000000000000e+00 nan nan 4.955659676249755119e-01 1.721242366509999899e-01 5.441102551669999704e-02 1.103473290410000029e-01 9.825319999999999609e+00 2.620700000000000074e+01 3.310990000000000322e+01 3.935739999999999839e+01 4.405539304548451440e-01 5.955321585451314181e-01
-4.684249999999999803e-01 -2.275540000000000063e-01 -2.766290000000000138e-01 1.200860000000000039e+00 6.828940000000000010e-01 -4.684980000000000255e-01 1.951967283742062076e-02 0.000000000000000000e+00 1.486560000000000104e+00 0.000000000000000000e+00 nan nan 5.008963530800509822e-01 1.887097447359999958e-01 6.616379281119999511e-02 1.205568887860000021e-01 1.213700000000000045e+01 2.046010000000000062e+01 2.780290000000000106e+01 3.492329999999999757e+01 4.405539304548451440e-01 5.955321585451314181e-01
-4.744479999999999809e-01 -4.691359999999999975e-01 -8.974170000000000202e-01 1.134719999999999951e+00 6.824029999999999818e-01 -4.726929999999999743e-01 1.842394553261450518e-02 0.000000000000000000e+00 1.535539999999999905e+00 0.000000000000000000e+00 nan nan 5.083918602951307264e-01 1.887097447359999958e-01 6.616379281119999511e-02 1.205568887860000021e-01 1.213700000000000045e+01 2.046010000000000062e+01 2.780290000000000106e+01 3.492329999999999757e+01 5.329443391562294075e-01 5.713470183055019413e-01
-4.791920000000000068e-01 -8.037649999999999517e-01 -1.350419999999999954e+00 7.166529999999999845e-01 4.091699999999999782e-01 -4.742199999999999749e-01 1.728984352429741023e-02 0.000000000000000000e+00 1.731470000000000065e+00 0.000000000000000000e+00 nan nan 5.179675621784156636e-01 1.996129415419999886e-01 8.066073612089999512e-02 1.406425182759999948e-01 1.006739999999999924e+01 1.976419999999999888e+01 2.537180000000000035e+01 3.176340000000000074e+01 5.329443391562294075e-01 5.713470183055019413e-01
-4.794530000000000181e-01 -8.392260000000000275e-01 -1.086840000000000028e+00 6.749079999999999524e-01 3.443559999999999954e-01 -4.726299999999999946e-01 1.613021664138747369e-02 0.000000000000000000e+00 1.584519999999999929e+00 0.000000000000000000e+00 nan nan 5.295149622013115565e-01 1.996129415419999886e-01 8.066073612089999512e-02 1.406425182759999948e-01 1.006739999999999924e+01 1.976419999999999888e+01 2.537180000000000035e+01 3.176340000000000074e+01 4.695276450230718712e-01 5.462354931888492304e-01
-4.769800000000000151e-01 -6.111680000000000446e-01 -1.129050000000000109e+00 6.416669999999999874e-01 2.824590000000000156e-01 -4.645659999999999790e-01 1.495820391983160302e-02 0.000000000000000000e+00 9.967380000000000129e-01 0.000000000000000000e+00 nan nan 5.429032237074519207e-01 1.846738976789999986e-01 9.036488888030000388e-02 1.844767632250000067e-01 7.946010000000000240e+00 1.946959999999999980e+01 2.729879999999999995e+01 3.368299999999999983e+01 4.695276450230718712e-01 5.462354931888492304e-01
-4.790829999999999811e-01 -7.816689999999999472e-01 -9.871710000000000207e-01 4.059309999999999863e-01 1.667559999999999876e-01 -4.356169999999999765e-01 1.378708473207768126e-02 0.000000000000000000e+00 7.028450000000000530e-01 0.000000000000000000e+00 nan nan 5.579806523442946142e-01 1.846738976789999986e-01 9.036488888030000388e-02 1.844767632250000067e-01 7.946010000000000240e+00 1.946959999999999980e+01 2.729879999999999995e+01 3.368299999999999983e+01 3.979431031641397221e-01 5.368520006153110202e-01
-4.763109999999999844e-01 -5.087420000000000275e-01 -3.399789999999999757e-01 -3.914960000000000315e-03 -7.692340000000000289e-02 -4.087620000000000142e-01 1.263012832647825157e-02 0.000000000000000000e+00 1.640409999999999924e-01 0.000000000000000000e+00 nan nan 5.745764148207493927e-01 1.917423956200000057e-01 1.154639885910000024e-01 1.598698329509999905e-01 1.019020000000000081e+01 2.141760000000000019e+01 3.053529999999999944e+01 3.571809999999999974e+01 3.979431031641397221e-01 5.368520006153110202e-01
-4.683860000000000245e-01 -1.551349999999999951e-01 -4.775800000000000184e-02 9.750559999999999783e-02 -1.096239999999999992e-01 -3.748449999999999838e-01 1.150044348140522033e-02 0.000000000000000000e+00 -6.196739999999999471e-01 0.000000000000000000e+00 nan nan 5.925024745166276308e-01 1.917423956200000057e-01 1.154639885910000024e-01 1.598698329509999905e-01 1.019020000000000081e+01 2.141760000000000019e+01 3.053529999999999944e+01 3.571809999999999974e+01 5.603679136453525444e-01 6.320953048353188386e-01
-4.389979999999999993e-01 2.422769999999999924e-01 4.744780000000000109e-01 -1.423119999999999941e-02 -6.204269999999999924e-02 -3.309130000000000127e-01 1.041082997755238271e-02 0.000000000000000000e+00 -6.196739999999999471e-01 0.000000000000000000e+00 nan nan 6.115557220126852656e-01 1.856456927019999870e-01 1.189540214160000053e-01 1.595839027369999885e-01 9.646950000000000358e+00 2.296430000000000149e+01 3.010610000000000142e+01 3.746209999999999951e+01 5.603679136453525444e-01 6.320953048353188386e-01
-4.437110000000000221e-01 2.015899999999999914e-01 4.255470000000000086e-01 -3.732429999999999776e-02 -8.512569999999999859e-02 -3.023109999999999964e-01 9.373633571305606260e-03 7.429704654521307461e-04 -6.196739999999999471e-01 0.000000000000000000e+00 nan nan 6.273288695844294605e-01 1.856456927019999870e-01 1.189540214160000053e-01 1.595839027369999885e-01 9.646950000000000358e+00 2.296430000000000149e+01 3.010610000000000142e+01 3.746209999999999951e+01 6.324005026367831572e-01 7.531885073580939505e-01
-4.625650000000000039e-01 -2.266220000000000040e-02 1.026519999999999933e-01 -1.768820000000000114e-01 -9.314939999999999332e-02 -2.737950000000000106e-01 8.400606112390796021e-03 1.510143118621742886e-03 -6.196739999999999471e-01 0.000000000000000000e+00 nan nan 6.436505830174137355e-01 2.226796206559999991e-01 9.857026644010000171e-02 1.609832045079999940e-01 1.245759999999999934e+01 2.643019999999999925e+01 3.465749999999999886e+01 3.545139999999999958e+01 6.324005026367831572e-01 7.531885073580939505e-01
-4.322550000000000003e-01 2.957529999999999881e-01 5.239279999999999493e-01 -2.923250000000000015e-01 -1.473049999999999915e-01 -1.918060000000000043e-01 7.502772390719170126e-03 2.349648114485680672e-03 -6.196739999999999471e-01 0.000000000000000000e+00 nan nan 6.643433126267879185e-01 2.226796206559999991e-01 9.857026644010000171e-02 1.609832045079999940e-01 1.245759999999999934e+01 2.643019999999999925e+01 3.465749999999999886e+01 3.545139999999999958e+01 6.973879367172051147e-01 8.667783342164185889e-01
-4.359620000000000162e-01 2.765719999999999845e-01 4.715770000000000239e-01 -1.721409999999999885e-01 -1.143969999999999987e-01 -1.825450000000000128e-01 6.690305221113468370e-03 3.308796053675955307e-03 -6.196739999999999471e-01 0.000000000000000000e+00 nan nan 6.849811947006114732e-01 2.432515754450000067e-01 1.005047095709999949e-01 1.594794127799999961e-01 1.445839999999999925e+01 2.804990000000000094e+01 2.936840000000000117e+01 3.062999999999999901e+01 6.973879367172051147e-01 8.667783342164185889e-01
-4.003249999999999864e-01 4.663340000000000263e-01 7.385319999999999663e-01 -3.369770000000000265e-01 -1.661330000000000029e-01 -3.323570000000000135e-01 5.972410181250720207e-03 4.433541934469764634e-03 -6.196739999999999471e-01 0.000000000000000000e+00 nan nan 7.053303937885091468e-01 2.432515754450000067e-01 1.005047095709999949e-01 1.594794127799999961e-01 1.445839999999999925e+01 2.804990000000000094e+01 2.936840000000000117e+01 3.062999999999999901e+01 7.295185810810811411e-01 8.346864477754798450e-01
-3.652969999999999828e-01 5.988900000000000334e-01 8.633490000000000331e-01 -2.358889999999999876e-01 -1.748860000000000137e-01 -2.089679999999999871e-01 5.357221308789128500e-03 5.767964464296060356e-03 -6.196739999999999471e-01 0.000000000000000000e+00 nan nan 7.251603453336873395e-01 2.541955251510000235e-01 8.788452925209999655e-02 1.452924893420000085e-01 1.210880000000000045e+01 2.153800000000000026e+01 2.388439999999999941e+01 2.711919999999999931e+01 7.295185810810811411e-01 8.346864477754798450e-01
-4.073470000000000146e-01 4.213180000000000258e-01 7.409419999999999895e-01 -2.803800000000000181e-01 -2.086619999999999864e-01 -1.856869999999999910e-01 4.851708939470289472e-03 7.353766630367908341e-03 -4.727270000000000083e-01 0.000000000000000000e+00 nan nan 7.442463680614929133e-01 2.541955251510000235e-01 8.788452925209999655e-02 1.452924893420000085e-01 1.210880000000000045e+01 2.153800000000000026e+01 2.388439999999999941e+01 2.711919999999999931e+01 5.626287491760053605e-01 7.976481446664502872e-01
-4.507800000000000140e-01 8.320610000000000506e-02 4.583559999999999857e-01 -2.996329999999999827e-01 -2.192580000000000084e-01 -1.825849999999999973e-01 4.461600730431336537e-03 9.229803188173568707e-03 -4.727270000000000083e-01 0.000000000000000000e+00 nan nan 7.623722097080318783e-01 2.219763557120000008e-01 1.342783764159999893e-01 1.286617503480000091e-01 1.344710000000000072e+01 2.068029999999999902e+01 2.563159999999999883e+01 2.474569999999999936e+01 5.626287491760053605e-01 7.976481446664502872e-01
-3.129950000000000232e-01 7.244040000000000479e-01 1.024489999999999901e+00 -4.098289999999999988e-01 -2.816940000000000000e-01 1.701650000000000107e-01 3.851350918239626608e-03 1.143164042157118754e-02 -6.196739999999999471e-01 0.000000000000000000e+00 nan nan 7.793324972447299714e-01 2.219763557120000008e-01 1.342783764159999893e-01 1.286617503480000091e-01 1.344710000000000072e+01 2.068029999999999902e+01 2.563159999999999883e+01 2.474569999999999936e+01 6.810007415952537002e-01 8.232485001794657142e-01
-3.157240000000000046e-01 7.267679999999999696e-01 9.940020000000000522e-01 -2.560640000000000138e-01 -1.760529999999999873e-01 2.181740000000000068e-01 2.682463482410968325e-03 1.399115316258092712e-02 -6.196739999999999471e-01 0.000000000000000000e+00 nan nan 7.949350638368095634e-01 1.775967687749999968e-01 1.532219378090000084e-01 9.173249157389999631e-02 9.393679999999999808e+00 1.739890000000000114e+01 2.063889999999999958e+01 2.503409999999999869e+01 6.810007415952537002e-01 8.232485001794657142e-01
-3.422970000000000179e-01 6.684649999999999759e-01 9.150310000000000388e-01 -3.066579999999999862e-01 -1.751089999999999869e-01 9.156770000000000187e-02 1.863844997424424221e-03 1.693616363680183756e-02 -6.196739999999999471e-01 0.000000000000000000e+00 nan nan 8.090031261703128918e-01 1.775967687749999968e-01 1.532219378090000084e-01 9.173249157389999631e-02 9.393679999999999808e+00 1.739890000000000114e+01 2.063889999999999958e+01 2.503409999999999869e+01 6.459603658536585691e-01 7.831746628608542427e-01
-2.762109999999999843e-01 7.943590000000000373e-01 1.101239999999999997e+00 -2.981929999999999858e-01 -1.975889999999999869e-01 -6.342540000000000677e-02 1.676896072640987612e-03 2.029012622647907715e-02 -6.196739999999999471e-01 0.000000000000000000e+00 nan nan 8.213772874776893440e-01 1.759741402480000105e-01 1.617438279010000035e-01 7.603414470449999796e-02 1.079560000000000031e+01 1.456680000000000064e+01 1.950260000000000105e+01 1.960610000000000142e+01 6.459603658536585691e-01 7.831746628608542427e-01
-3.788489999999999913e-01 5.604010000000000380e-01 7.989110000000000378e-01 -3.518499999999999961e-01 -2.349970000000000114e-01 -2.123450000000000060e-01 1.494753086755395977e-03 2.407186172297959281e-02 -6.196739999999999471e-01 0.000000000000000000e+00 nan nan 8.319173435668617556e-01 1.759741402480000105e-01 1.617438279010000035e-01 7.603414470449999796e-02 1.079560000000000031e+01 1.456680000000000064e+01 1.950260000000000105e+01 1.960610000000000142e+01 5.455514584706657732e-01 8.044473310885876804e-01
-4.055779999999999941e-01 4.462269999999999848e-01 7.046550000000000313e-01 -4.128939999999999833e-01 -3.185660000000000158e-01 -3.413519999999999888e-01 1.319479792578182042e-03 2.829534407970824006e-02 -6.196739999999999471e-01 0.000000000000000000e+00 nan nan 8.405038713907477810e-01 1.807738061359999981e-01 1.709448959479999974e-01 9.029701041120000160e-02 1.014780000000000015e+01 1.449699999999999989e+01 1.582680000000000042e+01 1.849239999999999995e+01 5.455514584706657732e-01 8.044473310885876804e-01
-4.590000000000000191e-01 3.226829999999999976e-02 2.032039999999999957e-01 -3.500840000000000063e-01 -3.006389999999999896e-01 -4.027769999999999961e-01 1.153062106568070178e-03 3.296954208162894417e-02 -6.196739999999999471e-01 0.000000000000000000e+00 nan nan 8.470395821580998241e-01 1.807738061359999981e-01 1.709448959479999974e-01 9.029701041120000160e-02 1.014780000000000015e+01 1.449699999999999989e+01 1.582680000000000042e+01 1.849239999999999995e+01 6.042713826631509466e-01 7.878407711897721377e-01
-4.726299999999999946e-01 -2.852299999999999836e-01 -1.373020000000000074e-01 -3.125640000000000085e-01 -3.453039999999999998e-01 -4.569440000000000168e-01 9.973856076048726038e-04 3.809831772534977290e-02 -6.196739999999999471e-01 0.000000000000000000e+00 nan nan 8.514504236543862792e-01 1.569890988900000117e-01 1.432213040310000018e-01 9.515526209709999905e-02 1.167570000000000086e+01 1.388519999999999932e+01 1.460779999999999923e+01 1.576950000000000074e+01 6.042713826631509466e-01 7.878407711897721377e-01
-4.746380000000000043e-01 -3.573680000000000190e-01 -2.664139999999999842e-01 -3.858130000000000170e-01 -4.167279999999999873e-01 -4.488590000000000080e-01 8.542141726268770441e-04 4.368038246115635292e-02 -6.196739999999999471e-01 0.000000000000000000e+00 nan nan 8.536864192829717313e-01 1.569890988900000117e-01 1.432213040310000018e-01 9.515526209709999905e-02 1.167570000000000086e+01 1.388519999999999932e+01 1.460779999999999923e+01 1.576950000000000074e+01 3.002482284113381361e-01 8.011383253285931927e-01
-4.709090000000000220e-01 -2.622280000000000166e-01 1.241790000000000081e-02 -4.394109999999999960e-01 -4.870530000000000137e-01 -4.413980000000000126e-01 7.251699912008691129e-04 4.970931179279658441e-02 -2.767990000000000173e-01 0.000000000000000000e+00 nan nan 8.537222343199255548e-01 1.539922568250000068e-01 1.543566505229999886e-01 7.605314159150000641e-02 5.392070000000000363e+00 1.313449999999999918e+01 1.832580000000000098e+01 1.988070000000000093e+01 3.002482284113381361e-01 8.011383253285931927e-01
-4.793020000000000058e-01 -7.529249999999999554e-01 -5.432010000000000449e-01 -4.401100000000000012e-01 -4.513130000000000197e-01 -4.421430000000000082e-01 6.117151854655444865e-04 5.617361806958920400e-02 -2.767990000000000173e-01 0.000000000000000000e+00 nan nan 8.515574629665680906e-01 1.539922568250000068e-01 1.543566505229999886e-01 7.605314159150000641e-02 5.392070000000000363e+00 1.313449999999999918e+01 1.832580000000000098e+01 1.988070000000000093e+01 6.321430042847726583e-01 7.837968106380434063e-01
-4.626589999999999869e-01 -3.497519999999999796e-02 1.599770000000000081e-01 -5.538419999999999455e-01 -4.526959999999999873e-01 -4.221489999999999965e-01 5.151352437046119448e-04 6.305688064609649146e-02 -6.196739999999999471e-01 0.000000000000000000e+00 nan nan 8.472166329473315161e-01 1.416244194500000109e-01 1.510075599200000063e-01 6.975673096710000021e-02 1.195899999999999963e+01 1.634870000000000090e+01 1.842680000000000007e+01 2.042490000000000094e+01 6.321430042847726583e-01 7.837968106380434063e-01
-4.556879999999999820e-01 7.810640000000000638e-02 2.643369999999999886e-01 -5.024349999999999650e-01 -4.913040000000000185e-01 -4.156360000000000054e-01 4.365244552491098773e-04 7.033793193459880744e-02 -6.196739999999999471e-01 0.000000000000000000e+00 nan nan 8.364209861309100935e-01 1.416244194500000109e-01 1.510075599200000063e-01 6.975673096710000021e-02 1.195899999999999963e+01 1.634870000000000090e+01 1.842680000000000007e+01 2.042490000000000094e+01 6.147927653263018932e-01 8.009981711590066222e-01
-4.667549999999999755e-01 -1.167789999999999939e-01 6.281169999999999809e-02 -7.008760000000000545e-01 -6.295859999999999790e-01 -4.152980000000000005e-01 3.767735117439219295e-04 7.799109724232089480e-02 -6.196739999999999471e-01 0.000000000000000000e+00 nan nan 8.231636887067653729e-01 1.368368073319999878e-01 1.423810965089999936e-01 6.742075728879999563e-02 7.166649999999999743e+00 1.674210000000000065e+01 2.025329999999999941e+01 1.974070000000000036e+01 6.147927653263018932e-01 8.009981711590066222e-01
-4.788330000000000086e-01 -6.336540000000000505e-01 -6.252309999999999812e-01 -6.615480000000000249e-01 -6.375250000000000083e-01 -4.210709999999999731e-01 3.365594152541229178e-04 8.598648567596089975e-02 -6.196739999999999471e-01 0.000000000000000000e+00 nan nan 8.072743915322999619e-01 1.368368073319999878e-01 1.423810965089999936e-01 6.742075728879999563e-02 7.166649999999999743e+00 1.674210000000000065e+01 2.025329999999999941e+01 1.974070000000000036e+01 5.672946193144363658e-01 8.316748423265591939e-01
-4.747569999999999846e-01 -3.656079999999999885e-01 -2.576820000000000221e-01 -5.719659999999999744e-01 -5.605839999999999712e-01 -4.220789999999999820e-01 3.163378075614620144e-04 9.429032881745469385e-02 -6.196739999999999471e-01 0.000000000000000000e+00 nan nan 7.886125670737806903e-01 1.151522867029999980e-01 1.119720752499999972e-01 5.433776136639999893e-02 1.439760000000000062e+01 1.964939999999999998e+01 1.947909999999999897e+01 -1.000000000000000000e+00 5.672946193144363658e-01 8.316748423265591939e-01
-4.560609999999999942e-01 6.008789999999999965e-02 2.970450000000000035e-01 -5.643369999999999775e-01 -5.822049999999999725e-01 -4.263770000000000060e-01 1.556340225148389322e-04 1.028653633336459317e-01 -6.196739999999999471e-01 0.000000000000000000e+00 nan nan 7.670691016394488582e-01 1.151522867029999980e-01 1.119720752499999972e-01 5.433776136639999893e-02 1.439760000000000062e+01 1.964939999999999998e+01 1.947909999999999897e+01 -1.000000000000000000e+00 5.825848714568226949e-01 8.057258105867675102e-01
-4.683459999999999845e-01 -1.378369999999999873e-01 -3.845930000000000182e-02 -5.196159999999999668e-01 -4.735010000000000052e-01 -4.334200000000000275e-01 0.000000000000000000e+00 1.116712531847404710e-01 -6.196739999999999471e-01 0.000000000000000000e+00 nan nan 7.425675316812467841e-01 8.223552339409999357e-02 9.354333976560000319e-02 4.045577740959999807e-02 6.727249999999999730e+00 1.720759999999999934e+01 -1.000000000000000000e+00 -1.000000000000000000e+00 5.825848714568226949e-01 8.057258105867675102e-01
-4.666080000000000227e-01 -1.181119999999999948e-01 8.143110000000000626e-02 -6.407549999999999635e-01 -6.526440000000000019e-01 -4.515020000000000144e-01 0.000000000000000000e+00 1.206650466477546813e-01 -6.196739999999999471e-01 0.000000000000000000e+00 nan nan 7.193928516273029317e-01 8.223552339409999357e-02 9.354333976560000319e-02 4.045577740959999807e-02 6.727249999999999730e+00 1.720759999999999934e+01 -1.000000000000000000e+00 -1.000000000000000000e+00 7.410081575477915905e-01 8.131095424479122258e-01
-4.800969999999999960e-01 -8.141939999999999733e-01 -7.859859999999999625e-01 -6.675320000000000142e-01 -6.432539999999999925e-01 -4.625949999999999784e-01 0.000000000000000000e+00 1.298016629766989283e-01 -5.217089999999999783e-01 0.000000000000000000e+00 nan nan 6.936162330456898673e-01 7.077841214409999471e-02 8.242951307550000495e-02 3.321252794900000221e-02 8.602930000000000632e+00 -1.000000000000000000e+00 -1.000000000000000000e+00 -1.000000000000000000e+00 7.410081575477915905e-01 8.131095424479122258e-01
-4.790110000000000201e-01 -6.810850000000000515e-01 -5.756210000000000493e-01 -9.143160000000000176e-01 -8.572980000000000045e-01 -4.668189999999999840e-01 0.000000000000000000e+00 1.390344031854439111e-01 -5.217089999999999783e-01 0.000000000000000000e+00 nan nan 6.612017938548198082e-01 7.077841214409999471e-02 8.242951307550000495e-02 3.321252794900000221e-02 8.602930000000000632e+00 -1.000000000000000000e+00 -1.000000000000000000e+00 -1.000000000000000000e+00 0.000000000000000000e+00 0.000000000000000000e+00
