-5.134199999999999875e-01 -4.601689999999999947e-01 -4.917929999999999802e-01 -9.616360000000000463e-01 -9.704669999999999686e-01 -5.231240000000000334e-01 0.000000000000000000e+00 1.950621087835393563e-01 -9.301009999999999556e-01 1.018522270432986598e-02 0.000000000000000000e+00 nan 4.767644591885120686e-01 3.907696416579999749e-02 7.114797425650000451e-02 4.498759438259999910e-02 -1.000000000000000000e+00 -1.000000000000000000e+00 -1.000000000000000000e+00 -1.000000000000000000e+00 0.000000000000000000e+00 0.000000000000000000e+00
-5.132480000000000375e-01 -4.409339999999999926e-01 -4.693700000000000094e-01 -8.961160000000000236e-01 -9.327600000000000335e-01 -5.239519999999999733e-01 0.000000000000000000e+00 1.822791706415739510e-01 -1.083700000000000108e+00 1.434292415197446768e-02 0.000000000000000000e+00 nan 5.039853964221862048e-01 4.563468086880000107e-02 6.822976007719999680e-02 4.267803511789999837e-02 9.356339999999999435e+00 -1.000000000000000000e+00 -1.000000000000000000e+00 -1.000000000000000000e+00 0.000000000000000000e+00 0.000000000000000000e+00
-5.136749999999999927e-01 -4.998810000000000198e-01 -5.071989999999999554e-01 -9.530960000000000543e-01 -9.719860000000000166e-01 -5.274980000000000224e-01 0.000000000000000000e+00 1.708331123399020601e-01 -1.083700000000000108e+00 1.921845730565663324e-02 0.000000000000000000e+00 nan 5.301796707519779162e-01 4.563468086880000107e-02 6.822976007719999680e-02 4.267803511789999837e-02 9.356339999999999435e+00 -1.000000000000000000e+00 -1.000000000000000000e+00 -1.000000000000000000e+00 0.000000000000000000e+00 0.000000000000000000e+00
-5.153480000000000283e-01 -8.925340000000000495e-01 -9.798219999999999708e-01 -9.345339999999999758e-01 -9.576649999999999885e-01 -5.282940000000000413e-01 3.273576200708561146e-04 1.608311269130684451e-01 -1.083700000000000108e+00 2.500289394711130431e-02 0.000000000000000000e+00 nan 5.550504905830297986e-01 5.533974154670000256e-02 7.540834943139999857e-02 4.369382732450000084e-02 5.398220000000000240e+00 1.669340000000000046e+01 -1.000000000000000000e+00 -1.000000000000000000e+00 0.000000000000000000e+00 0.000000000000000000e+00
-5.155370000000000230e-01 -1.046640000000000015e+00 -1.006979999999999986e+00 -8.780390000000000139e-01 -8.969479999999999675e-01 -5.300859999999999461e-01 2.117360478650742728e-03 1.511909045000606744e-01 -9.301009999999999556e-01 3.187700761837741759e-02 0.000000000000000000e+00 nan 5.783160595887804067e-01 5.533974154670000256e-02 7.540834943139999857e-02 4.369382732450000084e-02 5.398220000000000240e+00 1.669340000000000046e+01 -1.000000000000000000e+00 -1.000000000000000000e+00 1.000000000000000000e+00 9.117855653642872316e-01
-5.157640000000000002e-01 -1.347020000000000106e+00 -1.160320000000000018e+00 -7.894259999999999611e-01 -8.518320000000000336e-01 -5.301449999999999774e-01 5.102950821396334824e-03 1.421377164113794000e-01 -4.693169999999999842e-01 4.000922538533357997e-02 0.000000000000000000e+00 nan 5.997127695759449928e-01 6.822606816899999538e-02 7.830662069350000087e-02 4.532832915820000225e-02 1.146380000000000088e+01 2.131709999999999994e+01 2.412679999999999936e+01 -1.000000000000000000e+00 1.000000000000000000e+00 9.117855653642872316e-01
-5.152520000000000433e-01 -8.654770000000000518e-01 -8.848970000000000447e-01 -9.820410000000000528e-01 -9.588649999999999674e-01 -5.297610000000000374e-01 8.307858702364945280e-03 1.338901826240629367e-01 -6.229109999999999925e-01 4.955371949174069979e-02 0.000000000000000000e+00 nan 6.189981872706773469e-01 6.822606816899999538e-02 7.830662069350000087e-02 4.532832915820000225e-02 1.146380000000000088e+01 2.131709999999999994e+01 2.412679999999999936e+01 -1.000000000000000000e+00 9.421884589851823311e-01 9.576569288175944550e-01
-5.155899999999999928e-01 -1.145289999999999919e+00 -9.574160000000000448e-01 -9.068009999999999682e-01 -9.231059999999999821e-01 -5.297490000000000254e-01 1.189930152640361616e-02 1.266577947299929452e-01 -3.157220000000000026e-01 6.064866052611750380e-02 0.000000000000000000e+00 nan 6.359538011844345640e-01 7.556769916010000476e-02 5.027786187739999996e-02 4.290917587720000093e-02 1.209190000000000076e+01 2.857300000000000040e+01 3.250909999999999656e+01 2.800730000000000075e+01 9.421884589851823311e-01 9.576569288175944550e-01
-5.158049999999999580e-01 -1.413259999999999961e+00 -1.256510000000000016e+00 -8.953680000000000527e-01 -8.866389999999999549e-01 -5.301810000000000134e-01 1.604218580279925810e-02 1.206385423124478606e-01 -3.157220000000000026e-01 7.341465189376128464e-02 0.000000000000000000e+00 nan 6.503874974364540762e-01 7.556769916010000476e-02 5.027786187739999996e-02 4.290917587720000093e-02 1.209190000000000076e+01 2.857300000000000040e+01 3.250909999999999656e+01 2.800730000000000075e+01 9.685859939626989545e-01 1.000000000000000000e+00
-5.147859999999999658e-01 -7.199480000000000324e-01 -6.931899999999999729e-01 -9.006079999999999641e-01 -9.010320000000000551e-01 -5.303130000000000344e-01 2.092056494767402519e-02 1.160166696450135593e-01 -1.083700000000000108e+00 8.795336333197534273e-02 0.000000000000000000e+00 nan 6.621357364807881618e-01 7.401864754430000082e-02 4.229103072320000017e-02 4.183557616960000003e-02 1.176420000000000066e+01 3.028200000000000003e+01 3.076350000000000051e+01 2.612470000000000070e+01 9.685859939626989545e-01 1.000000000000000000e+00
-5.155509999999999815e-01 -1.110589999999999966e+00 -9.336769999999999792e-01 -8.264430000000000387e-01 -8.593490000000000295e-01 -5.302919999999999856e-01 2.669637678928338254e-02 1.129605881303422654e-01 -8.533030000000000476e-03 1.043463789513209283e-01 0.000000000000000000e+00 nan 6.710654060747061056e-01 7.401864754430000082e-02 4.229103072320000017e-02 4.183557616960000003e-02 1.176420000000000066e+01 3.028200000000000003e+01 3.076350000000000051e+01 2.612470000000000070e+01 5.789295689968310121e-01 7.972087287812423817e-01
-5.158340000000000147e-01 -1.424320000000000030e+00 -1.440379999999999994e+00 -8.259959999999999525e-01 -8.925870000000000193e-01 -5.305090000000000083e-01 3.351583327200702289e-02 1.116209681316668867e-01 1.373820000000000041e+00 1.226542728550442662e-01 0.000000000000000000e+00 nan 6.770753294935942801e-01 5.689888864190000006e-02 3.573769446459999777e-02 3.407519458750000313e-02 1.007990000000000030e+01 2.109380000000000166e+01 2.395019999999999882e+01 1.987330000000000041e+01 5.789295689968310121e-01 7.972087287812423817e-01
-5.159289999999999710e-01 -1.843329999999999913e+00 -2.019899999999999807e+00 -8.208800000000000541e-01 -8.263770000000000282e-01 -5.297290000000000054e-01 4.151534710176552068e-02 1.121290318173809863e-01 3.524140000000000050e+00 1.429159228102832024e-01 0.000000000000000000e+00 nan 6.800974119036727883e-01 5.689888864190000006e-02 3.573769446459999777e-02 3.407519458750000313e-02 1.007990000000000030e+01 2.109380000000000166e+01 2.395019999999999882e+01 1.987330000000000041e+01 6.397660232724176055e-01 7.326587998816775915e-01
-5.159010000000000540e-01 -1.675200000000000022e+00 -1.769320000000000004e+00 -8.336430000000000229e-01 -8.388020000000000476e-01 -5.290479999999999627e-01 5.080663805890661688e-02 1.145950663614372367e-01 2.756170000000000009e+00 1.651480697474310144e-01 0.000000000000000000e+00 nan 6.800974119036727883e-01 5.322881609300000177e-02 5.648444169740000215e-02 6.721711566019999973e-02 1.335779999999999923e+01 2.666140000000000043e+01 2.598890000000000100e+01 2.694810000000000016e+01 6.397660232724176055e-01 7.326587998816775915e-01
-5.155650000000000510e-01 -1.039639999999999898e+00 -1.100859999999999950e+00 -8.291230000000000544e-01 -8.666629999999999612e-01 -5.260439999999999561e-01 6.148616503291437496e-02 1.191071743455974774e-01 -6.229109999999999925e-01 1.893451280787044055e-01 0.000000000000000000e+00 nan 6.770753294935942801e-01 5.322881609300000177e-02 5.648444169740000215e-02 6.721711566019999973e-02 1.335779999999999923e+01 2.666140000000000043e+01 2.598890000000000100e+01 2.694810000000000016e+01 9.191415008078961391e-01 7.671434019152568728e-01
-5.143600000000000394e-01 -6.148259999999999836e-01 -6.143870000000000164e-01 -8.059260000000000312e-01 -8.265550000000000397e-01 -5.219540000000000290e-01 7.365250299733572259e-02 1.257302755219777968e-01 -1.083700000000000108e+00 2.154792489850867465e-01 0.000000000000000000e+00 nan 6.710654060747061056e-01 6.856426842790000475e-02 6.528136795580000151e-02 1.249837257249999944e-01 1.233670000000000044e+01 3.131459999999999866e+01 4.317399999999999949e+01 4.262789999999999679e+01 9.191415008078961391e-01 7.671434019152568728e-01
-5.152999999999999803e-01 -8.619419999999999860e-01 -9.811609999999999498e-01 -8.307809999999999917e-01 -8.883980000000000210e-01 -5.226060000000000150e-01 8.737857236865953503e-02 1.345053712463164519e-01 -1.083700000000000108e+00 2.435006359545739407e-01 0.000000000000000000e+00 nan 6.621357364807881618e-01 6.856426842790000475e-02 6.528136795580000151e-02 1.249837257249999944e-01 1.233670000000000044e+01 3.131459999999999866e+01 4.317399999999999949e+01 4.262789999999999679e+01 7.395130077532973134e-01 8.313119901350374263e-01
-5.133360000000000145e-01 -4.638039999999999941e-01 -4.437059999999999893e-01 -9.027760000000000229e-01 -9.956220000000000070e-01 -5.260869999999999713e-01 1.027082815584836606e-01 1.454490799162301284e-01 -1.083700000000000108e+00 2.733381089965539745e-01 0.000000000000000000e+00 nan 6.503874974364540762e-01 7.659552215220000182e-02 4.962079442850000216e-02 1.532141943820000130e-01 1.392590000000000039e+01 3.301520000000000010e+01 4.747529999999999717e+01 5.612160000000000082e+01 7.395130077532973134e-01 8.313119901350374263e-01
-5.118540000000000312e-01 -3.164919999999999956e-01 -3.204779999999999851e-01 -9.054560000000000386e-01 -9.195050000000000168e-01 -5.271240000000000370e-01 1.196715199524635009e-01 1.585534486781280394e-01 -1.083700000000000108e+00 3.048999111395422901e-01 0.000000000000000000e+00 nan 6.359538011844347860e-01 7.659552215220000182e-02 4.962079442850000216e-02 1.532141943820000130e-01 1.392590000000000039e+01 3.301520000000000010e+01 4.747529999999999717e+01 5.612160000000000082e+01 8.194070418477649165e-01 8.228975476586751769e-01
-5.150949999999999696e-01 -8.078349999999999698e-01 -8.087410000000000432e-01 -8.474000000000000421e-01 -8.422749999999999959e-01 -5.293769999999999865e-01 1.382742151824116750e-01 1.737860435362212908e-01 -6.229109999999999925e-01 3.380747480743326872e-01 0.000000000000000000e+00 nan 6.189981872706775690e-01 1.181123771689999991e-01 3.797174681610000074e-02 1.338270277359999982e-01 1.362749999999999950e+01 3.577819999999999823e+01 5.713750000000000284e+01 6.875409999999999400e+01 8.194070418477649165e-01 8.228975476586751769e-01
-5.157119999999999482e-01 -1.256990000000000052e+00 -1.106239999999999890e+00 -9.272249999999999659e-01 -9.241570000000000062e-01 -5.302569999999999784e-01 1.584980983804237242e-01 1.910903168426553167e-01 1.450619999999999965e-01 3.727330491629921028e-01 0.000000000000000000e+00 nan 5.997127695759449928e-01 1.181123771689999991e-01 3.797174681610000074e-02 1.338270277359999982e-01 1.362749999999999950e+01 3.577819999999999823e+01 5.713750000000000284e+01 6.875409999999999400e+01 9.185152247704698736e-01 8.704261392998300373e-01
-5.157469999999999555e-01 -1.295390000000000041e+00 -1.166460000000000052e+00 -8.895020000000000149e-01 -8.838789999999999702e-01 -5.300399999999999556e-01 1.803079277594997754e-01 2.103862480049549788e-01 -1.621279999999999943e-01 4.087284355259618307e-01 0.000000000000000000e+00 nan 5.783160595887804067e-01 1.526305124700000071e-01 4.433924901909999661e-02 1.210095699690000026e-01 2.708320000000000149e+01 4.913589999999999947e+01 7.148709999999999809e+01 8.474620000000000175e+01 9.185152247704698736e-01 8.704261392998300373e-01
-5.155859999999999888e-01 -1.064230000000000009e+00 -1.083280000000000021e+00 -9.158159999999999634e-01 -9.664540000000000353e-01 -5.301489999999999814e-01 2.036496546322130730e-01 2.315712501513119692e-01 -9.301009999999999556e-01 4.458993785732533466e-01 0.000000000000000000e+00 nan 5.550504905830297986e-01 1.526305124700000071e-01 4.433924901909999661e-02 1.210095699690000026e-01 2.708320000000000149e+01 4.913589999999999947e+01 7.148709999999999809e+01 8.474620000000000175e+01 9.770219321868306439e-01 9.798245832872993777e-01
-5.151240000000000263e-01 -8.175970000000000182e-01 -8.186339999999999728e-01 -9.091500000000000137e-01 -9.792110000000000536e-01 -5.288270000000000470e-01 2.284500601588693725e-01 2.545213324808346389e-01 -1.083700000000000108e+00 4.840710301879156408e-01 0.000000000000000000e+00 nan 5.301796707519779162e-01 2.393483855180000008e-01 5.407445127589999984e-02 1.103509259610000043e-01 2.372729999999999961e+01 7.167239999999999611e+01 9.456940000000000168e+01 1.032459999999999951e+02 9.770219321868306439e-01 9.798245832872993777e-01
-5.155340000000000478e-01 -1.058130000000000015e+00 -9.727470000000000283e-01 -9.314080000000000137e-01 -9.531549999999999745e-01 -5.107260000000000133e-01 2.546231265970799740e-01 2.790925051288649650e-01 -4.693169999999999842e-01 5.230572038250667077e-01 0.000000000000000000e+00 nan 5.039853964221863158e-01 2.393483855180000008e-01 5.407445127589999984e-02 1.103509259610000043e-01 2.372729999999999961e+01 7.167239999999999611e+01 9.456940000000000168e+01 1.032459999999999951e+02 7.776156418703108475e-01 7.840898966103447831e-01
-5.158559999999999812e-01 -1.504299999999999971e+00 -1.461719999999999908e+00 -7.979619999999999491e-01 -8.618000000000000105e-01 -3.960219999999999851e-01 2.820698101394776280e-01 3.051224106296822614e-01 1.988199999999999967e+00 5.626624840798435390e-01 0.000000000000000000e+00 nan 4.767644591885120686e-01 3.205238000319999836e-01 7.017260311570000519e-02 1.035103472730000002e-01 5.022359999999999758e+01 1.048359999999999985e+02 1.263220000000000027e+02 1.184839999999999947e+02 7.776156418703108475e-01 7.840898966103447831e-01
-5.145049999999999901e-01 -6.746600000000000374e-01 -5.775989999999999736e-01 -8.418830000000000480e-01 -8.614239999999999675e-01 -2.166800000000000115e-01 3.106746947695349093e-01 3.324321634914633172e-01 1.220220000000000082e+00 6.026844408220228821e-01 0.000000000000000000e+00 nan 4.488252831467475223e-01 3.205238000319999836e-01 7.017260311570000519e-02 1.035103472730000002e-01 5.022359999999999758e+01 1.048359999999999985e+02 1.263220000000000027e+02 1.184839999999999947e+02 3.163257637436276415e-01 4.386201882468664381e-01
-3.924409999999999843e-01 6.378430000000000488e-01 8.816589999999999705e-01 1.123350000000000071e+00 1.118519999999999959e+00 3.241310000000000024e-01 3.403068080171612886e-01 3.608283770403841739e-01 1.450619999999999965e-01 6.429159228102832024e-01 0.000000000000000000e+00 nan 4.204844303253741922e-01 4.942993345019999762e-01 5.678073100489999803e-02 1.063862301869999971e-01 4.846500000000000341e+01 1.196200000000000045e+02 1.274419999999999931e+02 1.189290000000000020e+02 3.163257637436276415e-01 4.386201882468664381e-01
-2.796859999999999902e-01 8.154540000000000122e-01 1.101120000000000099e+00 8.358729999999999771e-01 7.653579999999999828e-01 6.818870000000000209e-01 3.708244835019220975e-01 3.901053545689077140e-01 9.130350000000000410e-01 6.799267865252298648e-01 0.000000000000000000e+00 nan 3.920630139112883938e-01 4.942993345019999762e-01 5.678073100489999803e-02 1.063862301869999971e-01 4.846500000000000341e+01 1.196200000000000045e+02 1.274419999999999931e+02 1.189290000000000020e+02 3.428610794493781588e-01 5.447041758586402826e-01
2.123089999999999922e+00 1.568200000000000038e+00 1.650009999999999977e+00 9.849080000000000057e-01 1.174039999999999973e+00 1.712399999999999922e+00 4.020753199635180852e-01 4.200474199616728299e-01 6.058449999999999669e-01 7.166232136797952013e-01 0.000000000000000000e+00 nan 3.638830599090835394e-01 6.156969016240000370e-01 3.738090583439999948e-02 1.201868363370000026e-01 2.924309999999999832e+01 8.170430000000000348e+01 1.023160000000000025e+02 9.665560000000000684e+01 3.428610794493781588e-01 5.447041758586402826e-01
2.704180000000000028e+00 1.617289999999999894e+00 1.532880000000000020e+00 1.598910000000000053e+00 1.560740000000000016e+00 3.263059999999999850e+00 4.338965609404701329e-01 4.504313613920608583e-01 6.058449999999999669e-01 7.525894190911699422e-01 0.000000000000000000e+00 nan 3.362638584577428702e-01 6.156969016240000370e-01 3.738090583439999948e-02 1.201868363370000026e-01 2.924309999999999832e+01 8.170430000000000348e+01 1.023160000000000025e+02 9.665560000000000684e+01 3.821974773601212183e-01 5.622565389234788213e-01
2.332889999999999908e+00 1.579860000000000042e+00 1.529300000000000104e+00 1.572740000000000027e+00 1.719889999999999919e+00 3.834929999999999950e+00 4.661154451806899246e-01 4.820855965705429513e-01 2.986559999999999770e-01 7.874178912806765185e-01 0.000000000000000000e+00 nan 3.068904275170069029e-01 6.957024781720000384e-01 2.676233347210000071e-02 1.092313520370000041e-01 1.934080000000000155e+01 5.180250000000000199e+01 6.875749999999999318e+01 8.349429999999999552e+01 3.821974773601212183e-01 5.622565389234788213e-01
2.707460000000000200e+00 1.618079999999999963e+00 1.562829999999999941e+00 1.653040000000000065e+00 1.782489999999999908e+00 3.608789999999999942e+00 4.985569785480118421e-01 5.138224742535069112e-01 4.522510000000000141e-01 8.207140097416566471e-01 0.000000000000000000e+00 nan 2.784459515678059383e-01 6.957024781720000384e-01 2.676233347210000071e-02 1.092313520370000041e-01 1.934080000000000155e+01 5.180250000000000199e+01 6.875749999999999318e+01 8.349429999999999552e+01 4.050064506431855227e-01 5.659060048683305366e-01
3.176159999999999872e+00 1.659089999999999954e+00 1.572310000000000096e+00 1.735630000000000006e+00 1.785029999999999895e+00 3.479490000000000194e+00 5.310435452649950872e-01 5.454767090281930075e-01 7.594400000000000039e-01 8.521005161474933809e-01 0.000000000000000000e+00 nan 2.510580746378134886e-01 7.534451850619999780e-01 2.070460199110000024e-02 8.368824059299999341e-02 1.008619999999999983e+01 3.045759999999999934e+01 4.717629999999999768e+01 6.473529999999999518e+01 4.050064506431855227e-01 5.659060048683305366e-01
3.062899999999999956e+00 1.649480000000000057e+00 1.535930000000000017e+00 1.806389999999999940e+00 1.745079999999999965e+00 2.901699999999999946e+00 5.633897357693413710e-01 5.768839518590143101e-01 7.594400000000000039e-01 8.812217888391969955e-01 0.000000000000000000e+00 nan 2.248424690656206648e-01 7.534451850619999780e-01 2.070460199110000024e-02 8.368824059299999341e-02 1.008619999999999983e+01 3.045759999999999934e+01 4.717629999999999768e+01 6.473529999999999518e+01 4.202813231960118578e-01 5.670179515234026191e-01
2.819479999999999986e+00 1.628300000000000081e+00 1.500920000000000032e+00 1.734410000000000007e+00 1.808499999999999996e+00 2.638720000000000176e+00 5.954099411191671187e-01 6.078826522278013567e-01 1.220220000000000082e+00 9.077478721609004708e-01 0.000000000000000000e+00 nan 1.999015248869177030e-01 7.845855445289999786e-01 1.906464256669999913e-02 6.212550580179999893e-02 5.218740000000000379e+00 1.545400000000000063e+01 2.992070000000000007e+01 4.901559999999999917e+01 4.202813231960118578e-01 5.670179515234026191e-01
2.620950000000000113e+00 1.610230000000000050e+00 1.476879999999999971e+00 1.661340000000000039e+00 1.803630000000000067e+00 1.991479999999999917e+00 6.269346770019511572e-01 6.383158885657242987e-01 1.373820000000000041e+00 9.313782149892836371e-01 0.000000000000000000e+00 nan 1.763231897144789118e-01 7.845855445289999786e-01 1.906464256669999913e-02 6.212550580179999893e-02 5.218740000000000379e+00 1.545400000000000063e+01 2.992070000000000007e+01 4.901559999999999917e+01 4.367461202199481862e-01 5.695911101290500600e-01
2.535019999999999829e+00 1.601210000000000022e+00 1.462900000000000089e+00 1.738520000000000065e+00 1.779800000000000049e+00 1.878509999999999902e+00 6.578063802799301030e-01 6.680331462373712004e-01 1.066629999999999967e+00 9.518450760978950376e-01 0.000000000000000000e+00 nan 1.541799722565659891e-01 7.867289377670000361e-01 1.915087082150000036e-02 5.685392550139999751e-02 2.515989999999999949e+00 8.673439999999999372e+00 1.743169999999999931e+01 3.247440000000000282e+01 4.367461202199481862e-01 5.695911101290500600e-01
2.596340000000000092e+00 1.606619999999999937e+00 1.440269999999999939e+00 1.898679999999999923e+00 1.879890000000000061e+00 1.735510000000000108e+00 6.878719702505808886e-01 6.968920229317094872e-01 6.058449999999999669e-01 9.689165577722315126e-01 0.000000000000000000e+00 nan 1.335281207642913248e-01 7.867289377670000361e-01 1.915087082150000036e-02 5.685392550139999751e-02 2.515989999999999949e+00 8.673439999999999372e+00 1.743169999999999931e+01 3.247440000000000282e+01 4.462905670303243255e-01 5.692097694492657123e-01
2.508360000000000145e+00 1.597869999999999902e+00 1.408309999999999951e+00 1.700979999999999936e+00 1.800419999999999909e+00 1.605769999999999920e+00 7.169915135805287054e-01 7.247598421371714839e-01 6.058449999999999669e-01 9.823992333035045377e-01 0.000000000000000000e+00 nan 1.144069857164569104e-01 7.683730293749999607e-01 2.382831338129999879e-02 6.080125137319999928e-02 5.192479999999999762e+00 1.115869999999999962e+01 1.516329999999999956e+01 2.140119999999999933e+01 4.462905670303243255e-01 5.692097694492657123e-01
2.314389999999999947e+00 1.577499999999999902e+00 1.358670000000000044e+00 1.795400000000000107e+00 1.736560000000000104e+00 1.965899999999999981e+00 7.450385989505015072e-01 7.515151564195443612e-01 7.594400000000000039e-01 9.921403385905412931e-01 0.000000000000000000e+00 nan 9.683857396290618258e-02 7.683730293749999607e-01 2.382831338129999879e-02 6.080125137319999928e-02 5.192479999999999762e+00 1.115869999999999962e+01 1.516329999999999956e+01 2.140119999999999933e+01 4.508811703846588026e-01 5.658703655524628395e-01
2.422470000000000123e+00 1.589310000000000000e+00 1.366090000000000027e+00 1.814179999999999904e+00 1.824799999999999978e+00 2.056029999999999802e+00 7.718870090208853618e-01 7.770491234699288263e-01 1.066629999999999967e+00 9.980295030180915683e-01 0.000000000000000000e+00 nan 8.082729937812138665e-02 7.424129723450000329e-01 3.045459702449999917e-02 6.706425337990000457e-02 7.529690000000000438e+00 1.796920000000000073e+01 1.658350000000000080e+01 1.599300000000000033e+01 4.508811703846588026e-01 5.658703655524628395e-01
2.254750000000000032e+00 1.570999999999999952e+00 1.381709999999999994e+00 1.945950000000000069e+00 1.861059999999999937e+00 2.089100000000000179e+00 7.974148354768215707e-01 8.012667393315893172e-01 1.066629999999999967e+00 1.000000000000000000e+00 1.013761985086436557e-02 nan 6.635993285026242638e-02 7.424129723450000329e-01 3.045459702449999917e-02 6.706425337990000457e-02 7.529690000000000438e+00 1.796920000000000073e+01 1.658350000000000080e+01 1.599300000000000033e+01 4.562170422235304335e-01 5.624775026818584767e-01
2.060090000000000199e+00 1.548580000000000068e+00 1.360039999999999916e+00 1.948120000000000074e+00 1.831439999999999957e+00 1.926630000000000065e+00 8.215193084175367311e-01 8.240879148327459047e-01 7.594400000000000039e-01 9.980295030180914573e-01 2.060547164235959627e-02 nan 5.340575217228971105e-02 7.493206651060000389e-01 2.804276293589999872e-02 6.457418441249999919e-02 7.063629999999999853e+00 1.508300000000000018e+01 1.451179999999999914e+01 1.359500000000000064e+01 4.562170422235304335e-01 5.624775026818584767e-01
1.935219999999999940e+00 1.533339999999999925e+00 1.359930000000000083e+00 2.008420000000000094e+00 2.100620000000000154e+00 2.011190000000000033e+00 8.441231771304493758e-01 8.454483830288923585e-01 7.594400000000000039e-01 9.921403385905412931e-01 3.206027759590568404e-02 nan 4.191689013684585241e-02 7.493206651060000389e-01 2.804276293589999872e-02 6.457418441249999919e-02 7.063629999999999853e+00 1.508300000000000018e+01 1.451179999999999914e+01 1.359500000000000064e+01 4.604819820384031814e-01 5.562726977892932245e-01
1.752830000000000110e+00 1.509649999999999936e+00 1.330999999999999961e+00 1.895180000000000087e+00 2.011010000000000186e+00 1.669969999999999954e+00 8.651686584549803660e-01 8.653004273729572038e-01 7.594400000000000039e-01 9.823992333035045377e-01 4.514757734789986987e-02 nan 3.182887689084246130e-02 7.676001215790000387e-01 2.385346981599999888e-02 6.462796464650000239e-02 8.199210000000000775e+00 1.547090000000000032e+01 1.592839999999999989e+01 1.532559999999999967e+01 4.604819820384031814e-01 5.562726977892932245e-01
1.556429999999999980e+00 1.482120000000000104e+00 1.289660000000000029e+00 1.878789999999999960e+00 1.948450000000000015e+00 1.741589999999999971e+00 8.846158339033561857e-01 8.836134223628486772e-01 1.066629999999999967e+00 9.689165577722315126e-01 6.049441372769182035e-02 nan 2.306137040465561228e-02 7.676001215790000387e-01 2.385346981599999888e-02 6.462796464650000239e-02 8.199210000000000775e+00 1.547090000000000032e+01 1.592839999999999989e+01 1.532559999999999967e+01 4.603943033931635620e-01 5.417461126416217576e-01
1.267050000000000010e+00 1.435890000000000111e+00 1.236150000000000082e+00 1.810820000000000096e+00 1.664269999999999916e+00 1.559299999999999908e+00 9.024527485478888167e-01 9.003741805406307863e-01 1.681009999999999893e+00 9.518450760978952596e-01 7.870222811177274291e-02 nan 1.551906677942549440e-02 7.515358935370000104e-01 3.028920134519999877e-02 7.628658320280000404e-02 5.111909999999999954e+00 1.725000000000000000e+01 1.906660000000000110e+01 1.826370000000000005e+01 4.603943033931635620e-01 5.417461126416217576e-01
8.963299999999999601e-01 1.364340000000000108e+00 1.157080000000000108e+00 1.774019999999999930e+00 1.668989999999999974e+00 1.452490000000000059e+00 9.186870887105822447e-01 9.155871019116909038e-01 1.834600000000000009e+00 9.313782149892836371e-01 1.003400458526568784e-01 nan 9.092780078310380709e-03 7.515358935370000104e-01 3.028920134519999877e-02 7.628658320280000404e-02 5.111909999999999954e+00 1.725000000000000000e+01 1.906660000000000110e+01 1.826370000000000005e+01 4.568245299798339154e-01 5.251274996525167049e-01
8.471619999999999706e-01 1.353580000000000005e+00 1.119830000000000103e+00 1.734900000000000109e+00 1.569679999999999964e+00 1.176609999999999934e+00 9.333580475150943245e-01 9.292741240909210276e-01 1.373820000000000041e+00 9.077478721609004708e-01 1.259380289942655384e-01 nan 3.660679446781833768e-03 7.177100204659999649e-01 4.262165208640000119e-02 9.217473073599999345e-02 4.991369999999999862e+00 1.208450000000000024e+01 1.783160000000000167e+01 1.886919999999999931e+01 4.568245299798339154e-01 5.251274996525167049e-01
1.037860000000000005e+00 1.394139999999999935e+00 1.120759999999999978e+00 1.706339999999999968e+00 1.567110000000000003e+00 1.107590000000000074e+00 9.465000845577823396e-01 9.414744737407747532e-01 1.527409999999999934e+00 8.812217888391971066e-01 1.458438494732644530e-01 nan 1.634684526896079682e-03 7.177100204659999649e-01 4.262165208640000119e-02 9.217473073599999345e-02 4.991369999999999862e+00 1.208450000000000024e+01 1.783160000000000167e+01 1.886919999999999931e+01 4.505555068451970735e-01 5.098025938294088455e-01
1.000680000000000014e+00 1.387140000000000040e+00 1.127850000000000019e+00 1.684260000000000090e+00 1.565509999999999957e+00 8.853830000000000311e-01 9.581408176052420567e-01 9.522442221175080324e-01 1.834600000000000009e+00 8.521005161474934919e-01 1.702998181811589129e-01 nan 4.098320218661744008e-04 6.790126930330000476e-01 5.680424654300000181e-02 1.102032880029999995e-01 1.515109999999999957e+00 7.491950000000000109e+00 1.268149999999999977e+01 1.660310000000000130e+01 4.505555068451970735e-01 5.098025938294088455e-01
1.124400000000000066e+00 1.411110000000000086e+00 1.172840000000000105e+00 1.754529999999999923e+00 1.546240000000000059e+00 7.376930000000000431e-01 9.683467258408287037e-01 9.616556497614399124e-01 1.681009999999999893e+00 8.207140097416567581e-01 1.990288392203797274e-01 nan 0.000000000000000000e+00 6.790126930330000476e-01 5.680424654300000181e-02 1.102032880029999995e-01 1.515109999999999957e+00 7.491950000000000109e+00 1.268149999999999977e+01 1.660310000000000130e+01 4.395643623883662698e-01 4.957892148302321944e-01
1.001810000000000089e+00 1.387550000000000061e+00 1.185810000000000031e+00 1.698960000000000026e+00 1.539299999999999891e+00 6.057080000000000242e-01 9.772070442607713181e-01 9.697964275295503089e-01 1.373820000000000041e+00 7.874178912806766295e-01 2.317054013030178661e-01 nan 4.098320218661744008e-04 6.365435988569999592e-01 6.775418930139999463e-02 1.269100735669999869e-01 2.044909999999999783e+00 6.221370000000000289e+00 1.266849999999999987e+01 1.799680000000000035e+01 4.395643623883662698e-01 4.957892148302321944e-01
8.096759999999999513e-01 1.345480000000000009e+00 1.191750000000000087e+00 1.498599999999999932e+00 1.594689999999999941e+00 4.283529999999999838e-01 9.847903549639799303e-01 9.767686232496374243e-01 9.130350000000000410e-01 7.525894190911700532e-01 2.679592659237852725e-01 nan 1.634684526896079682e-03 6.365435988569999592e-01 6.775418930139999463e-02 1.269100735669999869e-01 2.044909999999999783e+00 6.221370000000000289e+00 1.266849999999999987e+01 1.799680000000000035e+01 4.257299247216203009e-01 4.733899048073872962e-01
6.057500000000000107e-01 1.293609999999999927e+00 1.170600000000000085e+00 1.451449999999999907e+00 1.283209999999999962e+00 2.059259999999999979e-01 9.911824572061583849e-01 9.826875452510456244e-01 6.058449999999999669e-01 7.166232136797952013e-01 3.073796623102197367e-01 nan 3.660679446781833768e-03 5.936420998689999617e-01 7.536778958180000154e-02 1.566676845080000047e-01 2.046450000000000102e+00 7.014330000000000176e+00 1.205760000000000076e+01 1.777029999999999887e+01 4.257299247216203009e-01 4.733899048073872962e-01
4.694989999999999997e-01 1.253710000000000102e+00 1.153119999999999923e+00 1.447899999999999965e+00 1.469510000000000094e+00 -3.742059999999999831e-02 9.959369689110207924e-01 9.876804358752188095e-01 2.986559999999999770e-01 6.799267865252299758e-01 3.495199416196713704e-01 nan 9.092780078310380709e-03 5.936420998689999617e-01 7.536778958180000154e-02 1.566676845080000047e-01 2.046450000000000102e+00 7.014330000000000176e+00 1.205760000000000076e+01 1.777029999999999887e+01 4.071357891704348031e-01 4.487453178848779256e-01
2.756959999999999966e-01 1.186690000000000023e+00 1.133029999999999982e+00 1.166090000000000071e+00 1.129469999999999974e+00 -8.951610000000000122e-02 9.985415793382368399e-01 9.918850297691278461e-01 -8.533030000000000476e-03 6.429159228102834245e-01 3.939026376491630010e-01 nan 1.551906677942549440e-02 5.529506662140000195e-01 7.563782453839999753e-02 2.078639075129999902e-01 2.153329999999999966e+00 6.851370000000000182e+00 1.125420000000000087e+01 1.824830000000000041e+01 4.071357891704348031e-01 4.487453178848779256e-01
8.395110000000000072e-02 1.102780000000000094e+00 1.098449999999999926e+00 1.148609999999999909e+00 9.746160000000000379e-01 -1.034599999999999964e-01 9.996717264819974247e-01 9.954479932966855404e-01 2.986559999999999770e-01 6.026844408220228821e-01 4.400248767182549647e-01 nan 2.306137040465561228e-02 5.529506662140000195e-01 7.563782453839999753e-02 2.078639075129999902e-01 2.153329999999999966e+00 6.851370000000000182e+00 1.125420000000000087e+01 1.824830000000000041e+01 3.844144945326101181e-01 4.383065622672307482e-01
2.623340000000000047e-02 1.071269999999999945e+00 1.081409999999999982e+00 1.033649999999999958e+00 9.109080000000000510e-01 -9.653159999999999519e-02 1.000000000000000000e+00 9.985232627502371727e-01 4.522510000000000141e-01 5.626624840798437610e-01 4.873640754287829058e-01 nan 3.182887689084235028e-02 5.158973392569999872e-01 8.303751124819999663e-02 2.368490539549999996e-01 2.747489999999999988e+00 7.488310000000000244e+00 1.409239999999999959e+01 2.269389999999999930e+01 3.844144945326101181e-01 4.383065622672307482e-01
-6.913909999999999501e-02 1.014809999999999990e+00 1.044470000000000010e+00 8.930500000000000105e-01 7.586669999999999803e-01 -4.946509999999999796e-02 9.995226804221145622e-01 1.000000000000000000e+00 1.450619999999999965e-01 5.230572038250668188e-01 5.353838617435722202e-01 nan 4.191689013684585241e-02 5.158973392569999872e-01 8.303751124819999663e-02 2.368490539549999996e-01 2.747489999999999988e+00 7.488310000000000244e+00 1.409239999999999959e+01 2.269389999999999930e+01 3.667785613186868021e-01 4.325650684809454471e-01
-6.862730000000000045e-03 1.060149999999999926e+00 1.133270000000000000e+00 7.645290000000000141e-01 7.505300000000000304e-01 -6.218629999999999991e-02 9.982451759698856009e-01 9.999999999999998890e-01 1.450619999999999965e-01 4.840710301879156408e-01 5.835401522959438037e-01 nan 5.340575217228948901e-02 4.743433197540000146e-01 9.250541671749999695e-02 2.774460017359999808e-01 4.083689999999999820e+00 1.278819999999999979e+01 2.110269999999999868e+01 3.143759999999999977e+01 3.667785613186868021e-01 4.325650684809454471e-01
-5.540090000000000292e-02 1.029400000000000093e+00 1.137520000000000087e+00 7.651499999999999968e-01 6.153220000000000356e-01 -1.021569999999999978e-01 9.961819612792214285e-01 9.985232627502371727e-01 1.450619999999999965e-01 4.458993785732534576e-01 6.312873170716613025e-01 nan 6.635993285026242638e-02 4.743433197540000146e-01 9.250541671749999695e-02 2.774460017359999808e-01 4.083689999999999820e+00 1.278819999999999979e+01 2.110269999999999868e+01 3.143759999999999977e+01 3.559126720693412960e-01 4.154653247276265393e-01
-1.558130000000000071e-01 9.489760000000000417e-01 1.037600000000000078e+00 6.536549999999999860e-01 6.105540000000000411e-01 -1.580310000000000048e-01 9.930183921355731913e-01 9.954479932966854294e-01 1.450619999999999965e-01 4.087284355259620527e-01 6.780843616150173947e-01 nan 8.082729937812138665e-02 4.676994849919999808e-01 9.242927474690000589e-02 2.696448956179999801e-01 7.158940000000000303e+00 2.099719999999999942e+01 3.135269999999999868e+01 4.162010000000000076e+01 3.559126720693412960e-01 4.154653247276265393e-01
-1.831939999999999957e-01 9.231599999999999806e-01 1.042380000000000084e+00 6.416500000000000536e-01 6.337869999999999893e-01 -1.369029999999999969e-01 9.875933545354395049e-01 9.918850297691278461e-01 -1.621279999999999943e-01 3.727330491629922138e-01 7.234010567121853530e-01 nan 9.683857396290607156e-02 4.676994849919999808e-01 9.242927474690000589e-02 2.696448956179999801e-01 7.158940000000000303e+00 2.099719999999999942e+01 3.135269999999999868e+01 4.162010000000000076e+01 3.483723085787291396e-01 4.010812968434258607e-01
-1.802449999999999886e-01 9.242249999999999632e-01 1.095720000000000027e+00 6.326060000000000016e-01 5.777010000000000201e-01 -1.263430000000000109e-01 9.801314272322739773e-01 9.876804358752188095e-01 -1.621279999999999943e-01 3.380747480743326872e-01 7.667239461000816547e-01 nan 1.144069857164569104e-01 4.955761778860000022e-01 9.411419883629999761e-02 2.189738239859999880e-01 1.163119999999999976e+01 2.991100000000000136e+01 4.415800000000000125e+01 5.056309999999999860e+01 3.483723085787291396e-01 4.010812968434258607e-01
-2.221690000000000054e-01 8.824699999999999767e-01 1.082869999999999999e+00 5.598619999999999708e-01 5.411610000000000031e-01 -1.304109999999999991e-01 9.716235939690017753e-01 9.826875452510456244e-01 -1.621279999999999943e-01 3.048999111395424011e-01 8.075621641309930210e-01 nan 1.335281207642913248e-01 4.955761778860000022e-01 9.411419883629999761e-02 2.189738239859999880e-01 1.163119999999999976e+01 2.991100000000000136e+01 4.415800000000000125e+01 5.056309999999999860e+01 3.400052607187142861e-01 4.065483678975299053e-01
-2.395110000000000017e-01 8.636160000000000503e-01 1.118559999999999999e+00 3.761280000000000179e-01 4.213410000000000211e-01 -1.323320000000000052e-01 9.619640147278133435e-01 9.767686232496374243e-01 -1.621279999999999943e-01 2.733381089965539745e-01 8.454529974765057077e-01 nan 1.541799722565659891e-01 4.553896156050000199e-01 1.332107807229999941e-01 1.794137607580000016e-01 1.225789999999999935e+01 4.379610000000000269e+01 5.588810000000000144e+01 5.688949999999999818e+01 3.400052607187142861e-01 4.065483678975299053e-01
-2.871890000000000276e-01 8.062089999999999534e-01 1.081469999999999931e+00 3.101180000000000048e-01 4.620810000000000195e-01 -1.362329999999999930e-01 9.510588473072731919e-01 9.697964275295503089e-01 1.450619999999999965e-01 2.435006359545739407e-01 8.799671278544058950e-01 nan 1.763231897144789118e-01 4.553896156050000199e-01 1.332107807229999941e-01 1.794137607580000016e-01 1.225789999999999935e+01 4.379610000000000269e+01 5.588810000000000144e+01 5.688949999999999818e+01 3.011260443152923294e-01 4.039752092918824644e-01
-3.475520000000000276e-01 7.153129999999999766e-01 9.866049999999999542e-01 6.902700000000000502e-01 5.214189999999999658e-01 -1.524270000000000069e-01 9.388029461669120668e-01 9.616556497614399124e-01 -1.621279999999999943e-01 2.154792489850867465e-01 9.107134963763653390e-01 nan 1.999015248869177030e-01 3.374761706159999930e-01 2.030978770190000060e-01 1.714867250940000087e-01 3.013759999999999906e+01 5.314289999999999736e+01 5.969149999999999778e+01 5.887160000000000082e+01 3.011260443152923294e-01 4.039752092918824644e-01
-3.218150000000000177e-01 7.617650000000000254e-01 1.074060000000000015e+00 1.630929999999999880e-02 2.197369999999999879e-01 -1.549129999999999951e-01 9.251196768554769134e-01 9.522442221175080324e-01 -4.693169999999999842e-01 1.893451280787044055e-01 9.373437344014048378e-01 nan 2.248424690656205538e-01 3.374761706159999930e-01 2.030978770190000060e-01 1.714867250940000087e-01 3.013759999999999906e+01 5.314289999999999736e+01 5.969149999999999778e+01 5.887160000000000082e+01 3.961008053909841342e-01 5.630014006251136127e-01
-3.293749999999999734e-01 7.515749999999999931e-01 1.065970000000000084e+00 1.133569999999999967e+00 1.274410000000000043e+00 -1.600870000000000071e-01 9.099540400137731133e-01 9.414744737407749753e-01 -1.621279999999999943e-01 1.651480697474310144e-01 9.595561106917973593e-01 nan 2.510580746378134886e-01 3.039459194329999780e-01 2.852362780470000247e-01 1.310391199779999960e-01 1.235730000000000040e+01 4.366590000000000060e+01 5.298020000000000351e+01 5.824069999999999681e+01 3.961008053909841342e-01 5.630014006251136127e-01
-3.446460000000000079e-01 7.309459999999999846e-01 1.057509999999999950e+00 1.131720000000000059e+00 1.182779999999999943e+00 -1.726789999999999992e-01 8.932656994667916850e-01 9.292741240909210276e-01 -1.621279999999999943e-01 1.429159228102833135e-01 9.770989501485574102e-01 nan 2.784459515678058272e-01 3.039459194329999780e-01 2.852362780470000247e-01 1.310391199779999960e-01 1.235730000000000040e+01 4.366590000000000060e+01 5.298020000000000351e+01 5.824069999999999681e+01 3.832558838633716158e-01 6.464686783872497511e-01
-3.592429999999999790e-01 6.942519999999999802e-01 1.046249999999999902e+00 5.953549999999999676e-01 7.993339999999999890e-01 -1.986610000000000043e-01 8.750429711217575512e-01 9.155871019116909038e-01 -4.693169999999999842e-01 1.226542728550442662e-01 9.897734853908772834e-01 nan 3.068904275170067919e-01 2.745802021209999833e-01 3.279737781970000210e-01 1.227831666099999941e-01 2.033510000000000062e+01 3.709380000000000166e+01 5.008080000000000354e+01 5.731479999999999819e+01 3.832558838633716158e-01 6.464686783872497511e-01
-3.875040000000000151e-01 6.304710000000000036e-01 9.956930000000000502e-01 2.503850000000000242e-01 4.915590000000000237e-01 -2.301809999999999967e-01 8.552925277266029136e-01 9.003741805406307863e-01 -4.693169999999999842e-01 1.043463789513209283e-01 9.974361088699739142e-01 nan 3.362638584577427592e-01 2.745802021209999833e-01 3.279737781970000210e-01 1.227831666099999941e-01 2.033510000000000062e+01 3.709380000000000166e+01 5.008080000000000354e+01 5.731479999999999819e+01 9.592043789220539018e-02 3.938643353802181446e-01
-3.862470000000000070e-01 6.342449999999999477e-01 1.004969999999999919e+00 -9.065159999999999885e-02 2.348619999999999874e-01 -2.681129999999999902e-01 8.340201557318067671e-01 8.836134223628486772e-01 -4.693169999999999842e-01 8.795336333197545375e-02 1.000000000000000000e+00 nan 3.664280749310940832e-01 2.562898269919999805e-01 3.450887304370000019e-01 1.184245491739999989e-01 9.941060000000000230e+00 3.419010000000000105e+01 5.035490000000000066e+01 6.250939999999999941e+01 9.592043789220539018e-02 3.938643353802181446e-01
-4.031210000000000071e-01 5.934180000000000010e-01 9.497449999999999504e-01 -1.282719999999999971e-01 1.224370000000000042e-01 -3.302120000000000055e-01 8.112569165083713951e-01 8.653004273729572038e-01 -4.693169999999999842e-01 7.341465189376128464e-02 9.974361088699739142e-01 nan 3.972359475620749203e-01 2.562898269919999805e-01 3.450887304370000019e-01 1.184245491739999989e-01 9.941060000000000230e+00 3.419010000000000105e+01 5.035490000000000066e+01 6.250939999999999941e+01 3.629269636885154027e-01 6.215603605273193333e-01
-4.174399999999999777e-01 5.480359999999999676e-01 9.152379999999999960e-01 8.557979999999999754e-03 1.862469999999999959e-01 -3.960629999999999984e-01 7.870618949291326993e-01 8.454483830288923585e-01 -4.693169999999999842e-01 6.064866052611761482e-02 9.897734853908772834e-01 nan 4.285330540942415833e-01 2.658217547389999935e-01 2.617286738569999938e-01 1.220586289630000015e-01 1.485629999999999917e+01 3.575480000000000302e+01 5.031029999999999802e+01 5.735090000000000288e+01 3.629269636885154027e-01 6.215603605273193333e-01
-4.436069999999999736e-01 4.527889999999999970e-01 8.100209999999999910e-01 8.533229999999999982e-02 2.467320000000000069e-01 -4.506629999999999803e-01 7.615062210483102279e-01 8.240879148327460157e-01 -4.693169999999999842e-01 4.955371949174069979e-02 9.770989501485576323e-01 nan 4.601594290555619526e-01 2.658217547389999935e-01 2.617286738569999938e-01 1.220586289630000015e-01 1.485629999999999917e+01 3.575480000000000302e+01 5.031029999999999802e+01 5.735090000000000288e+01 6.790585818605407997e-01 8.988342379779679092e-01
-4.747910000000000186e-01 2.792930000000000135e-01 6.112189999999999568e-01 -1.306319999999999981e-01 9.878080000000000194e-02 -4.849720000000000142e-01 7.346818660559342185e-01 8.012667393315893172e-01 -1.621279999999999943e-01 4.000922538533357997e-02 9.595561106917974703e-01 nan 4.919513762311323868e-01 2.286202567210000036e-01 1.820145425359999958e-01 1.215791675879999978e-01 1.341709999999999958e+01 3.348199999999999932e+01 4.611919999999999931e+01 4.982110000000000127e+01 6.790585818605407997e-01 8.988342379779679092e-01
-4.852989999999999804e-01 1.994110000000000049e-01 5.001849999999999907e-01 -4.763510000000000244e-01 -2.341820000000000013e-01 -5.025760000000000227e-01 7.067010860512591419e-01 7.770491234699288263e-01 -1.621279999999999943e-01 3.187700761837741759e-02 9.373437344014049488e-01 nan 5.237433234067030430e-01 2.286202567210000036e-01 1.820145425359999958e-01 1.215791675879999978e-01 1.341709999999999958e+01 3.348199999999999932e+01 4.611919999999999931e+01 4.982110000000000127e+01 4.897791750692034318e-01 6.639105595728984621e-01
-4.899290000000000034e-01 1.934019999999999906e-01 4.001120000000000232e-01 -2.773019999999999929e-01 -6.332250000000000378e-02 -4.970530000000000226e-01 6.776882169343327877e-01 7.515151564195443612e-01 -4.693169999999999842e-01 2.500289394711130431e-02 9.107134963763654500e-01 nan 5.553696983680231902e-01 1.968831333480000056e-01 1.131219342469999972e-01 1.235151837549999937e-01 1.288449999999999918e+01 3.240180000000000149e+01 3.700930000000000319e+01 4.019319999999999737e+01 4.897791750692034318e-01 6.639105595728984621e-01
-4.991399999999999726e-01 9.174849999999999672e-02 1.655570000000000097e-01 -1.424700000000000133e-01 -2.015270000000000117e-01 -4.992449999999999943e-01 6.477804006869336551e-01 7.247598421371714839e-01 -1.621279999999999943e-01 1.921845730565663324e-02 8.799671278544061170e-01 nan 5.866668049001899643e-01 1.968831333480000056e-01 1.131219342469999972e-01 1.235151837549999937e-01 1.288449999999999918e+01 3.240180000000000149e+01 3.700930000000000319e+01 4.019319999999999737e+01 3.300036324010171551e-01 3.833044060886207083e-01
-5.126939999999999831e-01 -4.160349999999999882e-01 -5.296849999999999614e-01 -1.241430000000000033e-01 -3.346160000000000245e-01 -5.111040000000000028e-01 6.171269892447707184e-01 6.968920229317094872e-01 6.058449999999999669e-01 1.434292415197446768e-02 8.454529974765059297e-01 nan 6.174746775311710234e-01 1.701941428969999948e-01 8.327577318020000507e-02 1.057414889809999980e-01 1.415130000000000088e+01 2.577329999999999899e+01 3.320109999999999673e+01 3.777300000000000324e+01 3.300036324010171551e-01 3.833044060886207083e-01
-5.113149999999999640e-01 -3.310440000000000049e-01 -4.400919999999999832e-01 -1.853670000000000040e-01 -3.372080000000000077e-01 -5.203020000000000422e-01 5.858821237770934776e-01 6.680331462373712004e-01 2.986559999999999770e-01 1.018522270432986598e-02 8.075621641309932430e-01 nan 6.476388940045222364e-01 1.701941428969999948e-01 8.327577318020000507e-02 1.057414889809999980e-01 1.415130000000000088e+01 2.577329999999999899e+01 3.320109999999999673e+01 3.777300000000000324e+01 5.856557736387890678e-01 3.927096215461048923e-01
-5.098080000000000389e-01 -2.359469999999999901e-01 -3.792650000000000188e-01 -2.881059999999999732e-01 -3.813449999999999895e-01 -5.231900000000000439e-01 5.542038503310331432e-01 6.383158885657242987e-01 1.450619999999999965e-01 6.546147860927664652e-03 7.667239461000817657e-01 nan 6.770123249452582037e-01 1.284120769940000073e-01 6.763959482619999464e-02 1.040367487250000028e-01 9.714109999999999800e+00 2.072990000000000066e+01 2.595289999999999964e+01 3.256280000000000285e+01 5.856557736387890678e-01 3.927096215461048923e-01
-5.115889999999999604e-01 -3.317869999999999986e-01 -4.252460000000000129e-01 -4.006640000000000201e-01 -3.705319999999999725e-01 -5.263090000000000268e-01 5.222566520786673383e-01 6.078826522278013567e-01 7.594400000000000039e-01 3.220618273313768931e-03 7.234010567121855750e-01 nan 7.054568008944591684e-01 1.284120769940000073e-01 6.763959482619999464e-02 1.040367487250000028e-01 9.714109999999999800e+00 2.072990000000000066e+01 2.595289999999999964e+01 3.256280000000000285e+01 6.168004809799967347e-01 4.299455787646700999e-01
-5.134549999999999947e-01 -5.275659999999999794e-01 -7.621029999999999749e-01 -2.710480000000000111e-01 -3.309349999999999792e-01 -5.291299999999999892e-01 4.902101208314777470e-01 5.768839518590145321e-01 1.373820000000000041e+00 0.000000000000000000e+00 6.780843616150176167e-01 nan 7.328446778244515070e-01 9.775117063299999798e-02 7.155464917060000429e-02 1.030985369019999931e-01 8.332069999999999865e+00 1.776210000000000022e+01 2.247589999999999932e+01 2.705959999999999965e+01 6.168004809799967347e-01 4.299455787646700999e-01
-5.147089999999999721e-01 -7.817800000000000304e-01 -1.491970000000000018e+00 -4.347659999999999858e-01 -3.475159999999999916e-01 -5.280399999999999539e-01 4.582336359691525640e-01 5.454767090281931186e-01 2.448980000000000157e+00 0.000000000000000000e+00 6.312873170716615245e-01 nan 7.590602833966445528e-01 9.775117063299999798e-02 7.155464917060000429e-02 1.030985369019999931e-01 8.332069999999999865e+00 1.776210000000000022e+01 2.247589999999999932e+01 2.705959999999999965e+01 6.276287936670966738e-01 4.195852296419317895e-01
-5.145420000000000549e-01 -7.521989999999999510e-01 -9.678940000000000321e-01 -2.122549999999999992e-01 -2.648789999999999756e-01 -5.263799999999999590e-01 4.264960433869326994e-01 5.138224742535070222e-01 2.141789999999999861e+00 0.000000000000000000e+00 5.835401522959440257e-01 nan 7.840012275753474036e-01 9.109980076519999526e-02 6.315996786939999386e-02 1.205318281170000005e-01 1.469040000000000035e+01 1.722240000000000038e+01 2.161349999999999838e+01 2.429420000000000002e+01 6.276287936670966738e-01 4.195852296419317895e-01
-5.143889999999999851e-01 -6.868379999999999486e-01 -7.563710000000000155e-01 -2.917930000000000246e-01 -3.299110000000000098e-01 -5.221409999999999663e-01 3.951651711314325688e-01 4.820855965705430624e-01 1.681009999999999893e+00 0.000000000000000000e+00 5.353838617435724423e-01 nan 8.075795627477861949e-01 9.109980076519999526e-02 6.315996786939999386e-02 1.205318281170000005e-01 1.469040000000000035e+01 1.722240000000000038e+01 2.161349999999999838e+01 2.429420000000000002e+01 6.617671004672018853e-01 4.121294847624105140e-01
-5.109350000000000280e-01 -2.844360000000000221e-01 -3.585880000000000178e-01 -2.596570000000000267e-01 -4.636219999999999786e-01 -5.156239999999999712e-01 3.644076258422458414e-01 4.504313613920609694e-01 6.058449999999999669e-01 0.000000000000000000e+00 4.873640754287831278e-01 nan 8.297227802056990065e-01 9.588993444030000091e-02 7.677509304490000297e-02 9.275111679870000347e-02 7.763930000000000220e+00 1.595390000000000086e+01 1.759380000000000166e+01 2.053030000000000044e+01 6.617671004672018853e-01 4.121294847624105140e-01
-5.100029999999999841e-01 -2.370659999999999989e-01 -3.346979999999999955e-01 -4.819399999999999795e-01 -3.842180000000000040e-01 -5.083600000000000341e-01 3.343811726549930086e-01 4.190241177582226806e-01 -4.693169999999999842e-01 0.000000000000000000e+00 4.400248767182550758e-01 nan 8.503746316979736708e-01 9.588993444030000091e-02 7.677509304490000297e-02 9.275111679870000347e-02 7.763930000000000220e+00 1.595390000000000086e+01 1.759380000000000166e+01 2.053030000000000044e+01 6.107443916980848098e-01 4.020150469191593467e-01
-5.127399999999999736e-01 -4.069999999999999729e-01 -4.528960000000000208e-01 -2.133039999999999936e-01 -3.981930000000000192e-01 -5.065009999999999790e-01 3.052352973414266257e-01 3.880254161962966020e-01 -3.157220000000000026e-01 0.000000000000000000e+00 3.939026376491631121e-01 nan 8.694957667458080852e-01 9.616487265350000258e-02 8.206194441649999893e-02 8.158188326050000438e-02 7.098239999999999661e+00 1.163620000000000054e+01 1.666400000000000148e+01 1.775410000000000110e+01 6.107443916980848098e-01 4.020150469191593467e-01
-5.114480000000000137e-01 -3.114149999999999974e-01 -3.857300000000000173e-01 -3.864560000000000217e-01 -3.504610000000000225e-01 -5.070289999999999520e-01 2.771169931724050128e-01 3.575921782886309908e-01 -7.765060000000000295e-01 0.000000000000000000e+00 3.495199416196715925e-01 nan 8.870641784993588130e-01 9.616487265350000258e-02 8.206194441649999893e-02 8.158188326050000438e-02 7.098239999999999661e+00 1.163620000000000054e+01 1.666400000000000148e+01 1.775410000000000110e+01 4.920337688039380097e-01 3.872140390393066234e-01
-5.080029999999999824e-01 -1.231199999999999933e-01 -1.178629999999999955e-01 -3.895379999999999954e-01 -3.278630000000000155e-01 -5.106950000000000101e-01 2.501639471122694136e-01 3.278749186884235556e-01 -1.083700000000000108e+00 0.000000000000000000e+00 3.073796623102197367e-01 nan 9.030754530841436090e-01 8.596935407840000654e-02 7.093425674650000179e-02 6.915030134220000180e-02 4.724779999999999980e+00 1.222439999999999927e+01 1.588219999999999921e+01 1.732110000000000127e+01 4.920337688039380097e-01 3.872140390393066234e-01
-5.076559999999999961e-01 -1.051079999999999931e-01 -1.094340000000000035e-01 -5.450540000000000385e-01 -3.477540000000000076e-01 -5.200489999999999835e-01 2.244884313567478973e-01 2.990160397285582805e-01 -1.083700000000000108e+00 0.000000000000000000e+00 2.679592659237853836e-01 nan 9.175428196120025692e-01 8.596935407840000654e-02 7.093425674650000179e-02 6.915030134220000180e-02 4.724779999999999980e+00 1.222439999999999927e+01 1.588219999999999921e+01 1.732110000000000127e+01 5.365432067838220576e-01 5.810135108646454771e-01
-5.118770000000000264e-01 -3.294270000000000254e-01 -3.330170000000000075e-01 -4.606899999999999884e-01 -4.897230000000000194e-01 -5.242809999999999970e-01 2.001815364024948085e-01 2.711482179462723074e-01 -1.083700000000000108e+00 0.000000000000000000e+00 2.317054013030179771e-01 nan 9.304970002899753956e-01 9.318099104980000214e-02 7.573883304730000265e-02 7.667740377340000191e-02 4.315990000000000215e+00 8.809049999999999159e+00 1.297879999999999967e+01 1.553509999999999991e+01 5.365432067838220576e-01 5.810135108646454771e-01
-5.150700000000000278e-01 -7.973219999999999752e-01 -8.948660000000000503e-01 -6.224150000000000515e-01 -5.825479999999999547e-01 -5.262670000000000403e-01 1.773212546785665200e-01 2.443929008049747775e-01 -8.533030000000000476e-03 0.000000000000000000e+00 1.990288392203798384e-01 nan 9.419858623254192542e-01 9.318099104980000214e-02 7.573883304730000265e-02 7.667740377340000191e-02 4.315990000000000215e+00 8.809049999999999159e+00 1.297879999999999967e+01 1.553509999999999991e+01 6.832483685509225246e-01 8.762032724019830354e-01
-5.150879999999999903e-01 -8.830029999999999824e-01 -8.027260000000000506e-01 -7.221180000000000376e-01 -5.696999999999999842e-01 -5.267199999999999660e-01 1.559646681389413869e-01 2.188589306459577388e-01 6.058449999999999669e-01 0.000000000000000000e+00 1.702998181811590239e-01 nan 9.520738755714226453e-01 1.143053625580000010e-01 8.949545528749999757e-02 8.186317331200000658e-02 1.014269999999999960e+01 1.083350000000000080e+01 1.235050000000000026e+01 1.563920000000000066e+01 6.832483685509225246e-01 8.762032724019830354e-01
-5.139369999999999772e-01 -5.576060000000000461e-01 -5.685320000000000373e-01 -5.474750000000000449e-01 -5.071200000000000152e-01 -5.169909999999999783e-01 1.361483665420600842e-01 1.946413114611789119e-01 -4.693169999999999842e-01 0.000000000000000000e+00 1.458438494732644530e-01 nan 9.608413820576093833e-01 1.143053625580000010e-01 8.949545528749999757e-02 8.186317331200000658e-02 1.014269999999999960e+01 1.083350000000000080e+01 1.235050000000000026e+01 1.563920000000000066e+01 6.674912634492777830e-01 8.657324414000548973e-01
-5.135229999999999517e-01 -4.794700000000000073e-01 -5.276009999999999867e-01 -5.951250000000000151e-01 -5.333729999999999860e-01 -5.031719999999999526e-01 1.179032127442464217e-01 1.718201324600703295e-01 -1.083700000000000108e+00 0.000000000000000000e+00 1.259380289942656495e-01 nan 9.683836856828396122e-01 9.838813870309999488e-02 8.038665984859999503e-02 6.061374083180000316e-02 4.676560000000000272e+00 9.032460000000000377e+00 1.045969999999999978e+01 1.229720000000000013e+01 6.674912634492777830e-01 8.657324414000548973e-01
-5.141750000000000487e-01 -5.637849999999999806e-01 -6.774289999999999479e-01 -6.205619999999999470e-01 -5.254999999999999671e-01 -4.871070000000000122e-01 1.012521523874602147e-01 1.504596606267942782e-01 -1.083700000000000108e+00 0.000000000000000000e+00 1.003400458526568784e-01 nan 9.748099723839546149e-01 9.838813870309999488e-02 8.038665984859999503e-02 6.061374083180000316e-02 4.676560000000000272e+00 9.032460000000000377e+00 1.045969999999999978e+01 1.229720000000000013e+01 6.709796209777422193e-01 8.349079971060875405e-01
-5.083929999999999838e-01 -1.297949999999999937e-01 -1.173600000000000060e-01 -6.766769999999999730e-01 -6.427720000000000100e-01 -4.784860000000000224e-01 8.619680528434914280e-02 1.306076125496322682e-01 -1.083700000000000108e+00 0.000000000000000000e+00 7.870222811177285394e-02 nan 9.802420730154832729e-01 1.087839056480000011e-01 9.185135359130000565e-02 6.525709290169999510e-02 7.953619999999999912e+00 1.031750000000000078e+01 1.021000000000000085e+01 1.372429999999999950e+01 6.709796209777422193e-01 8.349079971060875405e-01
-5.015439999999999898e-01 7.141119999999999413e-02 9.252749999999999864e-02 -6.885489999999999666e-01 -6.173490000000000366e-01 -4.730739999999999945e-01 7.271186224907488782e-02 1.122946137729734506e-01 -1.083700000000000108e+00 0.000000000000000000e+00 6.049441372769182035e-02 nan 9.848130829573795708e-01 1.087839056480000011e-01 9.185135359130000565e-02 6.525709290169999510e-02 7.953619999999999912e+00 1.031750000000000078e+01 1.021000000000000085e+01 1.372429999999999950e+01 6.749376855342761328e-01 8.417970768633125100e-01
-4.946420000000000261e-01 1.853809999999999902e-01 2.429119999999999890e-01 -5.152390000000000025e-01 -4.959779999999999744e-01 -4.858239999999999781e-01 6.075193249500232540e-02 9.553385179765938595e-02 -1.083700000000000108e+00 0.000000000000000000e+00 4.514757734789986987e-02 nan 9.886658540911854587e-01 9.762089543749999376e-02 8.649092013850000205e-02 6.178723049890000318e-02 1.010479999999999912e+01 1.239819999999999922e+01 1.298930000000000007e+01 1.433849999999999980e+01 6.749376855342761328e-01 8.417970768633125100e-01
-5.070850000000000080e-01 -7.108159999999999479e-02 -9.407889999999999309e-02 -6.198010000000000463e-01 -5.382439999999999447e-01 -5.091989999999999572e-01 5.025422296287718193e-02 8.032092666133050507e-02 -1.083700000000000108e+00 0.000000000000000000e+00 3.206027759590568404e-02 nan 9.919513762311324978e-01 9.762089543749999376e-02 8.649092013850000205e-02 6.178723049890000318e-02 1.010479999999999912e+01 1.239819999999999922e+01 1.298930000000000007e+01 1.433849999999999980e+01 6.861605521249545259e-01 8.400543143173824223e-01
-5.088709999999999622e-01 -1.523869999999999947e-01 -1.317450000000000010e-01 -6.620150000000000201e-01 -6.645210000000000283e-01 -5.238120000000000553e-01 4.112926048812493018e-02 6.663390079175646186e-02 -1.083700000000000108e+00 0.000000000000000000e+00 2.060547164235959627e-02 nan 9.948270663492134736e-01 5.993701354179999802e-02 5.639215266509999686e-02 4.008558132079999975e-02 6.359329999999999927e+00 1.555039999999999978e+01 1.398980000000000068e+01 1.680799999999999983e+01 6.861605521249545259e-01 8.400543143173824223e-01
-5.138310000000000377e-01 -5.263919999999999710e-01 -5.293670000000000320e-01 -8.467090000000000449e-01 -7.188099999999999490e-01 -5.268819999999999615e-01 3.326999050036238970e-02 5.443354756829699159e-02 -3.157220000000000026e-01 0.000000000000000000e+00 1.013761985086436557e-02 nan 9.974549849779894561e-01 5.993701354179999802e-02 5.639215266509999686e-02 4.008558132079999975e-02 6.359329999999999927e+00 1.555039999999999978e+01 1.398980000000000068e+01 1.680799999999999983e+01 6.070055237546501115e-01 8.574855037082709242e-01
-5.156699999999999617e-01 -1.213149999999999951e+00 -1.099709999999999965e+00 -6.655140000000000500e-01 -6.307800000000000074e-01 -5.292470000000000230e-01 2.654058681204940484e-02 4.366379577518664235e-02 2.986559999999999770e-01 0.000000000000000000e+00 0.000000000000000000e+00 nan 1.000000000000000000e+00 6.200853873380000186e-02 5.479368619859999873e-02 3.881609552180000089e-02 1.823860000000000170e+01 1.781009999999999849e+01 1.631609999999999872e+01 1.506949999999999967e+01 6.070055237546501115e-01 8.574855037082709242e-01
-5.154919999999999503e-01 -9.952210000000000223e-01 -1.171710000000000029e+00 -7.178980000000000361e-01 -7.604410000000000336e-01 -5.279190000000000271e-01 2.081418106234711463e-02 3.425236491081484758e-02 -1.621279999999999943e-01 0.000000000000000000e+00 0.000000000000000000e+00 nan 1.000000000000000000e+00 6.200853873380000186e-02 5.479368619859999873e-02 3.881609552180000089e-02 1.823860000000000170e+01 1.781009999999999849e+01 1.631609999999999872e+01 1.506949999999999967e+01 3.715946240464947925e-01 8.158195795273514017e-01
-5.154879999999999463e-01 -9.754439999999999777e-01 -1.087089999999999890e+00 -6.405969999999999720e-01 -7.242129999999999956e-01 -5.268580000000000485e-01 1.597769971957474500e-02 2.611158415469116978e-02 -7.765060000000000295e-01 0.000000000000000000e+00 0.000000000000000000e+00 nan 1.000000000000000000e+00 5.795341456449999706e-02 6.361427985129999851e-02 4.065324938369999780e-02 8.881159999999999499e+00 1.974599999999999866e+01 1.665500000000000114e+01 1.616079999999999828e+01 3.715946240464947925e-01 8.158195795273514017e-01
-5.147000000000000464e-01 -6.872869999999999813e-01 -7.105099999999999749e-01 -8.408930000000000016e-01 -8.089969999999999661e-01 -5.225880000000000525e-01 1.188734649504619156e-02 1.913938571287210344e-02 -1.083700000000000108e+00 0.000000000000000000e+00 0.000000000000000000e+00 nan 1.000000000000000000e+00 5.795341456449999706e-02 6.361427985129999851e-02 4.065324938369999780e-02 8.881159999999999499e+00 1.974599999999999866e+01 1.665500000000000114e+01 1.616079999999999828e+01 4.194421133058606754e-01 7.997213005499146377e-01
-5.148850000000000371e-01 -7.482130000000000170e-01 -7.487510000000000554e-01 -6.475189999999999557e-01 -7.326880000000000059e-01 -5.134929999999999772e-01 8.384716950506021504e-03 1.322046128685194777e-02 -7.765060000000000295e-01 0.000000000000000000e+00 0.000000000000000000e+00 nan 1.000000000000000000e+00 6.582621457890000527e-02 7.297620857240000314e-02 4.446383691740000282e-02 1.923989999999999867e+01 1.840719999999999956e+01 1.649070000000000036e+01 1.583539999999999992e+01 4.194421133058606754e-01 7.997213005499146377e-01
-5.150940000000000518e-01 -8.043069999999999942e-01 -8.223759999999999959e-01 -6.486450000000000271e-01 -6.995069999999999899e-01 -5.079709999999999503e-01 5.341950508952919563e-03 9.250870766109087207e-03 -7.765060000000000295e-01 0.000000000000000000e+00 0.000000000000000000e+00 nan 9.974549849779892341e-01 6.582621457890000527e-02 7.297620857240000314e-02 4.446383691740000282e-02 1.923989999999999867e+01 1.840719999999999956e+01 1.649070000000000036e+01 1.583539999999999992e+01 6.624059020253767471e-01 7.929819059193340403e-01
-5.115290000000000115e-01 -2.905490000000000017e-01 -3.034459999999999935e-01 -7.528890000000000304e-01 -7.240849999999999786e-01 -5.011130000000000306e-01 2.625545330830036939e-03 6.102911289726731248e-03 -1.083700000000000108e+00 0.000000000000000000e+00 0.000000000000000000e+00 nan 9.948270663492132515e-01 9.202312076580000666e-02 6.873295126570000413e-02 5.547551761850000318e-02 1.090980000000000061e+01 1.416370000000000040e+01 1.433900000000000041e+01 1.576040000000000063e+01 6.624059020253767471e-01 7.929819059193340403e-01
-5.020710000000000450e-01 5.236169999999999713e-02 1.031129999999999963e-01 -7.334410000000000096e-01 -7.218350000000000044e-01 -4.970760000000000178e-01 6.637723590049438016e-04 3.696206757909603624e-03 -1.083700000000000108e+00 0.000000000000000000e+00 0.000000000000000000e+00 nan 9.919513762311324978e-01 9.202312076580000666e-02 6.873295126570000413e-02 5.547551761850000318e-02 1.090980000000000061e+01 1.416370000000000040e+01 1.433900000000000041e+01 1.576040000000000063e+01 6.858223630647444224e-01 8.121344742666321004e-01
-5.090240000000000320e-01 -1.486010000000000109e-01 -1.661759999999999904e-01 -8.146250000000000435e-01 -7.176670000000000549e-01 -5.066479999999999873e-01 0.000000000000000000e+00 1.941982356149618560e-03 -1.083700000000000108e+00 0.000000000000000000e+00 0.000000000000000000e+00 nan 9.886658540911854587e-01 9.285098512860000264e-02 5.148511263390000148e-02 4.272777949070000192e-02 8.704579999999999984e+00 1.338899999999999935e+01 1.501580000000000048e+01 1.597639999999999993e+01 6.858223630647444224e-01 8.121344742666321004e-01
-5.108660000000000423e-01 -2.483209999999999862e-01 -2.586490000000000178e-01 -6.405180000000000318e-01 -5.780009999999999870e-01 -5.194590000000000041e-01 0.000000000000000000e+00 7.440704093480965398e-04 -1.083700000000000108e+00 0.000000000000000000e+00 0.000000000000000000e+00 nan 9.848130829573795708e-01 9.285098512860000264e-02 5.148511263390000148e-02 4.272777949070000192e-02 8.704579999999999984e+00 1.338899999999999935e+01 1.501580000000000048e+01 1.597639999999999993e+01 7.494895850294975848e-01 8.363371336723820493e-01
-5.118260000000000032e-01 -3.181059999999999999e-01 -3.086110000000000242e-01 -7.492309999999999803e-01 -7.621240000000000236e-01 -5.264790000000000303e-01 0.000000000000000000e+00 0.000000000000000000e+00 -1.083700000000000108e+00 0.000000000000000000e+00 0.000000000000000000e+00 nan 9.802420730154831618e-01 1.105089689860000030e-01 5.996076797129999691e-02 4.655310076909999900e-02 9.502909999999999968e+00 1.259089999999999954e+01 1.194100000000000072e+01 1.405729999999999968e+01 7.494895850294975848e-01 8.363371336723820493e-01
-5.151200000000000223e-01 -7.996760000000000534e-01 -8.746019999999999905e-01 -6.548570000000000224e-01 -6.752120000000000344e-01 -5.287530000000000285e-01 0.000000000000000000e+00 9.138380956474900785e-04 -7.765060000000000295e-01 0.000000000000000000e+00 0.000000000000000000e+00 nan 9.748099723839545039e-01 1.105089689860000030e-01 5.996076797129999691e-02 4.655310076909999900e-02 9.502909999999999968e+00 1.259089999999999954e+01 1.194100000000000072e+01 1.405729999999999968e+01 7.765509726066861518e-01 8.232503768857653004e-01
-5.156629999999999825e-01 -1.182120000000000060e+00 -1.095399999999999929e+00 -6.452849999999999975e-01 -6.534480000000000288e-01 -5.292259999999999742e-01 0.000000000000000000e+00 3.497725925141970116e-03 1.220220000000000082e+00 0.000000000000000000e+00 0.000000000000000000e+00 nan 9.683836856828396122e-01 9.169869132039999704e-02 6.634204514579999934e-02 5.895551030550000293e-02 8.530939999999999301e+00 1.176859999999999928e+01 1.131150000000000055e+01 1.158140000000000036e+01 7.765509726066861518e-01 8.232503768857653004e-01
-5.158129999999999660e-01 -1.367340000000000000e+00 -1.376689999999999969e+00 -5.921009999999999884e-01 -7.330360000000000209e-01 -5.260989999999999833e-01 0.000000000000000000e+00 6.530342963563806613e-03 2.909759999999999902e+00 0.000000000000000000e+00 0.000000000000000000e+00 nan 9.608413820576093833e-01 9.169869132039999704e-02 6.634204514579999934e-02 5.895551030550000293e-02 8.530939999999999301e+00 1.176859999999999928e+01 1.131150000000000055e+01 1.158140000000000036e+01 7.817929030399438650e-01 8.056196073260177837e-01
-5.156720000000000192e-01 -1.144709999999999894e+00 -1.183100000000000041e+00 -6.921829999999999927e-01 -7.244479999999999809e-01 -5.216039999999999566e-01 0.000000000000000000e+00 1.005559080237272696e-02 9.130350000000000410e-01 0.000000000000000000e+00 0.000000000000000000e+00 nan 9.520738755714226453e-01 8.082302224449999795e-02 6.001569227870000300e-02 6.232993539079999951e-02 7.111889999999999823e+00 1.718919999999999959e+01 1.620299999999999940e+01 1.525000000000000000e+01 7.817929030399438650e-01 8.056196073260177837e-01
-5.141419999999999879e-01 -5.590829999999999966e-01 -6.194020000000000081e-01 -7.518420000000000103e-01 -6.624109999999999721e-01 -5.176809999999999468e-01 0.000000000000000000e+00 1.411178932921475226e-02 -1.083700000000000108e+00 0.000000000000000000e+00 0.000000000000000000e+00 nan 9.419858623254191432e-01 8.082302224449999795e-02 6.001569227870000300e-02 6.232993539079999951e-02 7.111889999999999823e+00 1.718919999999999959e+01 1.620299999999999940e+01 1.525000000000000000e+01 7.762440973483473172e-01 7.844569815637818522e-01
-5.094800000000000439e-01 -1.896039999999999948e-01 -1.327019999999999866e-01 -6.949889999999999679e-01 -7.407629999999999493e-01 -5.144609999999999461e-01 0.000000000000000000e+00 1.873124254828362201e-02 -1.083700000000000108e+00 0.000000000000000000e+00 0.000000000000000000e+00 nan 9.304970002899753956e-01 6.745973707560000421e-02 6.999565278409999869e-02 6.374869520249999699e-02 1.396199999999999974e+01 1.827080000000000126e+01 1.764730000000000132e+01 1.591920000000000002e+01 7.762440973483473172e-01 7.844569815637818522e-01
-5.134670000000000067e-01 -4.566919999999999868e-01 -5.306149999999999478e-01 -6.924150000000000027e-01 -7.105869999999999687e-01 -5.146509999999999696e-01 0.000000000000000000e+00 2.393987256304452860e-02 -1.083700000000000108e+00 0.000000000000000000e+00 0.000000000000000000e+00 nan 9.175428196120025692e-01 6.745973707560000421e-02 6.999565278409999869e-02 6.374869520249999699e-02 1.396199999999999974e+01 1.827080000000000126e+01 1.764730000000000132e+01 1.591920000000000002e+01 7.803399426331150135e-01 7.649658397157408363e-01
-5.124589999999999979e-01 -3.689430000000000209e-01 -3.663109999999999977e-01 -7.339229999999999920e-01 -7.208029999999999715e-01 -5.220390000000000308e-01 0.000000000000000000e+00 2.975692586844480569e-02 -1.083700000000000108e+00 0.000000000000000000e+00 0.000000000000000000e+00 nan 9.030754530841436090e-01 6.149825710480000263e-02 5.313472150870000160e-02 5.101016370380000164e-02 7.436060000000000336e+00 1.726150000000000162e+01 1.603910000000000124e+01 1.454829999999999934e+01 7.803399426331150135e-01 7.649658397157408363e-01
-5.138040000000000385e-01 -5.082510000000000083e-01 -5.580260000000000220e-01 -6.853190000000000115e-01 -6.906299999999999661e-01 -5.260970000000000368e-01 0.000000000000000000e+00 3.619475528043514245e-02 -1.083700000000000108e+00 0.000000000000000000e+00 0.000000000000000000e+00 nan 8.870641784993588130e-01 6.149825710480000263e-02 5.313472150870000160e-02 5.101016370380000164e-02 7.436060000000000336e+00 1.726150000000000162e+01 1.603910000000000124e+01 1.454829999999999934e+01 7.745343637661735725e-01 8.120097366610949940e-01
-5.133280000000000065e-01 -4.540890000000000204e-01 -4.687930000000000152e-01 -7.152539999999999454e-01 -7.690919999999999979e-01 -5.286549999999999860e-01 0.000000000000000000e+00 4.325867997362864426e-02 -1.083700000000000108e+00 0.000000000000000000e+00 0.000000000000000000e+00 nan 8.694957667458080852e-01 8.462911835429999530e-02 6.952962577200000327e-02 5.594814224459999930e-02 1.327490000000000059e+01 1.912790000000000035e+01 1.832590000000000074e+01 1.599130000000000074e+01 7.745343637661735725e-01 8.120097366610949940e-01
-5.154130000000000100e-01 -9.958050000000000512e-01 -8.730759999999999632e-01 -7.493980000000000086e-01 -7.339639999999999498e-01 -5.296429999999999749e-01 0.000000000000000000e+00 5.094692521292787379e-02 -8.533030000000000476e-03 0.000000000000000000e+00 0.000000000000000000e+00 nan 8.503746316979736708e-01 8.462911835429999530e-02 6.952962577200000327e-02 5.594814224459999930e-02 1.327490000000000059e+01 1.912790000000000035e+01 1.832590000000000074e+01 1.599130000000000074e+01 7.515375076718814329e-01 8.478593244924070849e-01
-5.158559999999999812e-01 -1.513970000000000038e+00 -1.433759999999999923e+00 -9.174170000000000380e-01 -8.657369999999999788e-01 -5.290580000000000283e-01 0.000000000000000000e+00 5.925064246198219475e-02 9.130350000000000410e-01 0.000000000000000000e+00 0.000000000000000000e+00 nan 8.297227802056990065e-01 1.007044482740000052e-01 6.552039022800000556e-02 6.094224160989999972e-02 1.132910000000000039e+01 1.950609999999999999e+01 1.981589999999999918e+01 1.853569999999999851e+01 7.515375076718814329e-01 8.478593244924070849e-01
-5.158190000000000275e-01 -1.371580000000000021e+00 -1.414949999999999930e+00 -7.142230000000000523e-01 -7.808619999999999450e-01 -5.255509999999999904e-01 0.000000000000000000e+00 6.815400964063977884e-02 -3.157220000000000026e-01 0.000000000000000000e+00 0.000000000000000000e+00 nan 8.075795627477861949e-01 1.007044482740000052e-01 6.552039022800000556e-02 6.094224160989999972e-02 1.132910000000000039e+01 1.950609999999999999e+01 1.981589999999999918e+01 1.853569999999999851e+01 6.924922028633340165e-01 8.639184002223894154e-01
-5.157209999999999850e-01 -1.183990000000000098e+00 -1.289849999999999941e+00 -7.672989999999999533e-01 -8.137410000000000476e-01 -5.242620000000000058e-01 0.000000000000000000e+00 7.763441039543894640e-02 -1.083700000000000108e+00 0.000000000000000000e+00 0.000000000000000000e+00 nan 7.840012275753474036e-01 1.008819295319999948e-01 6.543940321589999942e-02 6.056747741409999886e-02 7.618750000000000355e+00 1.717010000000000147e+01 1.973649999999999949e+01 1.899500000000000099e+01 6.924922028633340165e-01 8.639184002223894154e-01
-5.136610000000000342e-01 -5.054910000000000236e-01 -4.874879999999999769e-01 -9.226950000000000429e-01 -8.551269999999999705e-01 -5.244490000000000540e-01 0.000000000000000000e+00 8.766269035192919556e-02 -1.083700000000000108e+00 0.000000000000000000e+00 0.000000000000000000e+00 nan 7.590602833966445528e-01 1.008819295319999948e-01 6.543940321589999942e-02 6.056747741409999886e-02 7.618750000000000355e+00 1.717010000000000147e+01 1.973649999999999949e+01 1.899500000000000099e+01 6.836366596941267915e-01 8.562309997897279423e-01
-5.100299999999999834e-01 -2.098029999999999895e-01 -1.806240000000000068e-01 -8.354270000000000307e-01 -8.537949999999999706e-01 -5.229120000000000434e-01 0.000000000000000000e+00 9.820348744538365260e-02 -1.083700000000000108e+00 0.000000000000000000e+00 0.000000000000000000e+00 nan 7.328446778244515070e-01 9.696465351970000313e-02 7.421994510639999543e-02 5.188737355919999933e-02 9.053280000000000882e+00 1.664819999999999922e+01 1.857550000000000168e+01 1.756909999999999883e+01 6.836366596941267915e-01 8.562309997897279423e-01
-5.147690000000000321e-01 -7.107120000000000104e-01 -6.996970000000000134e-01 -8.004630000000000356e-01 -8.326500000000000012e-01 -5.231590000000000407e-01 0.000000000000000000e+00 1.092156325871219691e-01 -7.765060000000000295e-01 0.000000000000000000e+00 0.000000000000000000e+00 nan 7.054568008944591684e-01 9.696465351970000313e-02 7.421994510639999543e-02 5.188737355919999933e-02 9.053280000000000882e+00 1.664819999999999922e+01 1.857550000000000168e+01 1.756909999999999883e+01 7.084872928592005348e-01 8.300182829690401221e-01
-5.158559999999999812e-01 -1.426840000000000108e+00 -1.567129999999999912e+00 -7.462910000000000377e-01 -8.906730000000000480e-01 -5.268479999999999830e-01 0.000000000000000000e+00 1.206526161267352792e-01 -1.621279999999999943e-01 0.000000000000000000e+00 0.000000000000000000e+00 nan 6.770123249452582037e-01 8.628555494879999732e-02 6.825536556439999736e-02 4.844650920899999658e-02 1.103710000000000058e+01 1.625250000000000128e+01 1.545500000000000007e+01 -1.000000000000000000e+00 7.084872928592005348e-01 8.300182829690401221e-01
-5.148019999999999818e-01 -7.208809999999999940e-01 -7.063970000000000526e-01 -7.589010000000000478e-01 -7.754889999999999839e-01 -5.268869999999999942e-01 0.000000000000000000e+00 1.324631148250108303e-01 -4.693169999999999842e-01 0.000000000000000000e+00 0.000000000000000000e+00 nan 6.476388940045223475e-01 8.628555494879999732e-02 6.825536556439999736e-02 4.844650920899999658e-02 1.103710000000000058e+01 1.625250000000000128e+01 1.545500000000000007e+01 -1.000000000000000000e+00 8.547728496812254662e-01 8.223415743311391912e-01
-5.126079999999999526e-01 -3.938710000000000266e-01 -3.505340000000000122e-01 -8.487599999999999589e-01 -8.381830000000000114e-01 -5.280259999999999954e-01 0.000000000000000000e+00 1.445915733667387792e-01 -1.083700000000000108e+00 0.000000000000000000e+00 0.000000000000000000e+00 nan 6.174746775311710234e-01 8.228737584199999344e-02 7.051204243229999835e-02 4.835488406269999873e-02 7.993330000000000268e+00 1.148629999999999995e+01 -1.000000000000000000e+00 -1.000000000000000000e+00 8.547728496812254662e-01 8.223415743311391912e-01
-5.152729999999999810e-01 -8.693760000000000376e-01 -9.062400000000000455e-01 -7.778709999999999791e-01 -8.353589999999999627e-01 -5.280519999999999659e-01 0.000000000000000000e+00 1.569788338246321802e-01 -4.693169999999999842e-01 0.000000000000000000e+00 0.000000000000000000e+00 nan 5.866668049001901863e-01 8.228737584199999344e-02 7.051204243229999835e-02 4.835488406269999873e-02 7.993330000000000268e+00 1.148629999999999995e+01 -1.000000000000000000e+00 -1.000000000000000000e+00 9.266067111740170503e-01 8.432369052243674501e-01
-5.156800000000000272e-01 -1.155010000000000092e+00 -1.186730000000000063e+00 -6.670080000000000453e-01 -7.954309999999999992e-01 -5.281970000000000276e-01 0.000000000000000000e+00 1.695628059422823464e-01 -1.621279999999999943e-01 0.000000000000000000e+00 0.000000000000000000e+00 nan 5.553696983680234123e-01 6.618557291200000137e-02 7.405822665649999803e-02 5.138980483729999743e-02 5.055089999999999861e+00 -1.000000000000000000e+00 -1.000000000000000000e+00 -1.000000000000000000e+00 9.266067111740170503e-01 8.432369052243674501e-01
-5.156330000000000080e-01 -1.196970000000000089e+00 -9.834089999999999776e-01 -7.709740000000000482e-01 -8.309560000000000279e-01 -5.285549999999999971e-01 0.000000000000000000e+00 1.822791706415739510e-01 -8.533030000000000476e-03 0.000000000000000000e+00 0.000000000000000000e+00 nan 5.237433234067030430e-01 6.618557291200000137e-02 7.405822665649999803e-02 5.138980483729999743e-02 5.055089999999999861e+00 -1.000000000000000000e+00 -1.000000000000000000e+00 -1.000000000000000000e+00 0.000000000000000000e+00 0.000000000000000000e+00
