-5.283269999999999911e-01 -1.161999999999999922e+00 -1.199850000000000083e+00 -9.461159999999999570e-01 -8.204630000000000534e-01 -5.552080000000000348e-01 7.626576468254042673e-02 8.113287573698690913e-02 -2.820440000000000169e-01 3.931090325056862955e-02 9.115574690908090361e-01 nan 4.793453031411688547e-01 2.721338830059999991e-01 8.432128412839999532e-02 1.273049638360000124e-01 -1.000000000000000000e+00 -1.000000000000000000e+00 -1.000000000000000000e+00 -1.000000000000000000e+00 0.000000000000000000e+00 0.000000000000000000e+00
-5.290709999999999580e-01 -1.216269999999999962e+00 -1.126649999999999929e+00 -8.593480000000000008e-01 -8.373000000000000442e-01 -5.470289999999999875e-01 9.872591006070763342e-02 6.978171649995223991e-02 -2.820440000000000169e-01 4.773184785529327456e-02 9.379359871653506486e-01 nan 5.281162263024058445e-01 2.581644160920000264e-01 1.315495891800000094e-01 1.162294855680000016e-01 1.484580000000000055e+01 -1.000000000000000000e+00 -1.000000000000000000e+00 -1.000000000000000000e+00 0.000000000000000000e+00 0.000000000000000000e+00
-5.147519999999999873e-01 -6.585360000000000102e-01 -6.838750000000000107e-01 -8.365540000000000198e-01 -8.591919999999999558e-01 -5.114199999999999857e-01 1.194354091828084830e-01 6.115414395067175768e-02 -5.660889999999999533e-01 5.731437025665175877e-02 9.599384029493817083e-01 nan 5.770257889327703449e-01 2.581644160920000264e-01 1.315495891800000094e-01 1.162294855680000016e-01 1.484580000000000055e+01 -1.000000000000000000e+00 -1.000000000000000000e+00 -1.000000000000000000e+00 0.000000000000000000e+00 0.000000000000000000e+00
-5.100230000000000041e-01 -5.586999999999999744e-01 -6.080879999999999619e-01 -8.083650000000000002e-01 -8.937270000000000492e-01 -4.779079999999999995e-01 1.403319393872189957e-01 5.533364570748344757e-02 -5.660889999999999533e-01 6.817466322411136481e-02 9.773154202803502333e-01 nan 6.255198261443906116e-01 2.850991694230000095e-01 1.717030810519999950e-01 1.143493512830000003e-01 2.090399999999999991e+01 4.783539999999999992e+01 -1.000000000000000000e+00 -1.000000000000000000e+00 0.000000000000000000e+00 0.000000000000000000e+00
-5.177960000000000340e-01 -7.273800000000000265e-01 -7.639420000000000099e-01 -8.188280000000000003e-01 -8.910559999999999592e-01 -5.231419999999999959e-01 1.625623375022829942e-01 5.068290517577811460e-02 -5.660889999999999533e-01 8.041444187605384375e-02 9.898701506083923407e-01 nan 6.730488811184247577e-01 2.850991694230000095e-01 1.717030810519999950e-01 1.143493512830000003e-01 2.090399999999999991e+01 4.783539999999999992e+01 -1.000000000000000000e+00 -1.000000000000000000e+00 1.453571629926142528e-01 5.292548052593322172e-01
-5.129989999999999828e-01 -6.962549999999999573e-01 -6.380419999999999980e-01 -4.797790000000000110e-01 -5.189110000000000111e-01 -5.417330000000000201e-01 1.858747242345406558e-01 4.743980054646534938e-02 -4.240659999999999985e-01 9.411979120684133004e-02 9.974603438222758856e-01 nan 7.190744306703704680e-01 3.202962621489999773e-01 2.353906873240000086e-01 1.089278331750000023e-01 2.933289999999999864e+01 5.877510000000000190e+01 6.423229999999999507e+01 -1.000000000000000000e+00 1.453571629926142528e-01 5.292548052593322172e-01
-4.699519999999999809e-01 -1.551029999999999909e-01 -6.156960000000000210e-02 -9.685799999999999965e-01 -9.445869999999999544e-01 -5.220240000000000435e-01 2.105075941459252364e-01 4.582626093321806593e-02 -3.530550000000000077e-01 1.093601907094323700e-01 1.000000000000000000e+00 nan 7.630749869329274127e-01 3.202962621489999773e-01 2.353906873240000086e-01 1.089278331750000023e-01 2.933289999999999864e+01 5.877510000000000190e+01 6.423229999999999507e+01 -1.000000000000000000e+00 1.286463325252297230e-01 5.137816708531539600e-01
-5.049379999999999979e-01 -6.590369999999999839e-01 -2.940630000000000188e-01 -8.292460000000000386e-01 -7.130389999999999784e-01 -5.376609999999999445e-01 2.386054572446273392e-01 4.604575182693626534e-02 -3.530550000000000077e-01 1.261877271449637350e-01 9.974603438222758856e-01 nan 8.045520060219109038e-01 3.578031788239999789e-01 2.158590078859999872e-01 1.205548254260000035e-01 1.847690000000000055e+01 4.774289999999999878e+01 6.050189999999999912e+01 6.373669999999999902e+01 1.286463325252297230e-01 5.137816708531539600e-01
-4.573519999999999808e-01 -1.414140000000000119e-01 1.386020000000000030e-01 -8.453699999999999548e-01 -7.993500000000000050e-01 -5.383759999999999657e-01 2.696119016755291753e-01 4.828096975043361105e-02 -2.820440000000000169e-01 1.446365043789346050e-01 9.898701506083924517e-01 nan 8.430355367376668463e-01 3.578031788239999789e-01 2.158590078859999872e-01 1.205548254260000035e-01 1.847690000000000055e+01 4.774289999999999878e+01 6.050189999999999912e+01 6.373669999999999902e+01 1.224558831820488081e-01 5.746467555490126777e-01
-4.510440000000000005e-01 -1.041780000000000067e-01 1.742170000000000107e-01 -8.505470000000000530e-01 -8.073200000000000376e-01 -5.149880000000000013e-01 3.012118680475582844e-01 5.269177223383314512e-02 -2.110329999999999984e-01 1.647222569707827988e-01 9.773154202803503443e-01 nan 8.780895452999468720e-01 2.771133050199999781e-01 2.227439700859999983e-01 1.319129960950000124e-01 1.602720000000000056e+01 4.446009999999999707e+01 6.442579999999999529e+01 6.907500000000000284e+01 1.224558831820488081e-01 5.746467555490126777e-01
-4.910100000000000020e-01 -4.904450000000000198e-01 -4.950820000000000221e-02 -9.636989999999999723e-01 -9.368670000000000053e-01 -5.434679999999999511e-01 3.334193111212131466e-01 5.941336656487461454e-02 -2.110329999999999984e-01 1.864421718950393103e-01 9.599384029493817083e-01 nan 9.093168557848694267e-01 2.771133050199999781e-01 2.227439700859999983e-01 1.319129960950000124e-01 1.602720000000000056e+01 4.446009999999999707e+01 6.442579999999999529e+01 6.907500000000000284e+01 1.158933303264362280e-01 5.720305843600195228e-01
-4.738950000000000107e-01 -2.382140000000000091e-01 8.448920000000000388e-03 -9.552260000000000195e-01 -8.901480000000000503e-01 -5.337220000000000297e-01 3.662882389452353227e-01 6.855477783631858113e-02 -4.240659999999999985e-01 2.097749204140303414e-01 9.379359871653506486e-01 nan 9.363636502868400990e-01 1.915038013950000062e-01 1.604718984859999920e-01 1.661856105410000062e-01 1.583350000000000080e+01 4.599569999999999936e+01 6.896810000000000684e+01 7.564109999999999445e+01 1.158933303264362280e-01 5.720305843600195228e-01
-4.916940000000000199e-01 -3.540920000000000178e-01 -2.396820000000000062e-01 -1.036319999999999908e+00 -9.424209999999999532e-01 -5.067739999999999467e-01 3.998946933355672639e-01 8.019761364808086768e-02 7.301140000000000407e-02 2.346808997409989272e-01 9.115574690908091471e-01 nan 9.589234778168007622e-01 1.915038013950000062e-01 1.604718984859999920e-01 1.661856105410000062e-01 1.583350000000000080e+01 4.599569999999999936e+01 6.896810000000000684e+01 7.564109999999999445e+01 3.831820488244911393e-01 6.324141463399672869e-01
-5.308829999999999938e-01 -1.367690000000000072e+00 -1.070240000000000080e+00 -9.660109999999999530e-01 -9.286309999999999842e-01 -5.366349999999999731e-01 4.342784279588363106e-01 9.439513946051691917e-02 7.301140000000000407e-02 2.611026817555017754e-01 8.811017278758630500e-01 nan 9.767407265143872586e-01 1.540197466719999964e-01 8.798422571630000466e-02 1.667610152859999861e-01 1.110040000000000049e+01 3.999049999999999727e+01 6.554019999999999868e+01 7.582080000000000553e+01 3.831820488244911393e-01 6.324141463399672869e-01
-5.023769999999999625e-01 -4.465350000000000152e-01 -4.617720000000000158e-01 -1.044200000000000017e+00 -1.056510000000000060e+00 -5.283609999999999696e-01 4.694833982797537164e-01 1.111716750754720984e-01 -5.660889999999999533e-01 2.889656636869625261e-01 8.469138392379741420e-01 nan 9.896135198324447213e-01 1.540197466719999964e-01 8.798422571630000466e-02 1.667610152859999861e-01 1.110040000000000049e+01 3.999049999999999727e+01 6.554019999999999868e+01 7.582080000000000553e+01 8.686700118396571968e-01 7.723992406049398074e-01
-4.924129999999999896e-01 -3.184219999999999828e-01 -3.471090000000000009e-01 -1.009840000000000071e+00 -1.079569999999999919e+00 -5.424959999999999782e-01 5.056185385401426036e-01 1.305223190832097702e-01 -5.660889999999999533e-01 3.181789133938707215e-01 8.093811656161971069e-01 nan 9.973960038789723148e-01 1.501851826120000066e-01 5.129193857920000266e-02 1.366957227820000120e-01 1.612470000000000070e+01 3.944299999999999784e+01 6.504049999999999443e+01 7.956189999999999429e+01 8.686700118396571968e-01 7.723992406049398074e-01
-5.081919999999999771e-01 -5.391820000000000501e-01 -5.437990000000000324e-01 -6.951190000000000424e-01 -7.569780000000000397e-01 -5.415940000000000198e-01 5.426093710917776480e-01 1.524130043973411786e-01 -5.660889999999999533e-01 3.486361996612810099e-01 7.689289671999618436e-01 nan 1.000000000000000000e+00 1.501851826120000066e-01 5.129193857920000266e-02 1.366957227820000120e-01 1.612470000000000070e+01 3.944299999999999784e+01 6.504049999999999443e+01 7.956189999999999429e+01 5.924789987032756944e-01 6.642590530871126386e-01
-5.349469999999999503e-01 -1.809450000000000003e+00 -1.467829999999999968e+00 -9.078929999999999501e-01 -9.414299999999999891e-01 -5.609819999999999807e-01 5.776457939043879719e-01 1.767808842485267817e-01 -3.530550000000000077e-01 3.802171958429255705e-01 7.260155835612029929e-01 nan 9.973960038789723148e-01 2.134456205370000026e-01 4.106482012649999985e-02 1.228517405330000062e-01 1.774340000000000117e+01 5.709089999999999776e+01 7.862510000000000332e+01 8.516200000000000614e+01 5.924789987032756944e-01 6.642590530871126386e-01
-5.268460000000000365e-01 -1.023919999999999941e+00 -1.057239999999999958e+00 -1.045369999999999910e+00 -1.156060000000000088e+00 -5.626659999999999995e-01 6.108220832500874664e-01 2.035350442634858981e-01 -3.530550000000000077e-01 4.127888432101965988e-01 6.811272404838655259e-01 nan 9.896135198324448323e-01 2.134456205370000026e-01 4.106482012649999985e-02 1.228517405330000062e-01 1.774340000000000117e+01 5.709089999999999776e+01 7.862510000000000332e+01 8.516200000000000614e+01 5.972204995207757161e-01 7.580302347193214052e-01
-5.182750000000000412e-01 -7.336270000000000291e-01 -7.848309999999999453e-01 -9.648179999999999534e-01 -1.074519999999999920e+00 -5.545900000000000274e-01 6.446909092266466246e-01 2.325575325611733968e-01 -5.660889999999999533e-01 4.462068585607089632e-01 6.347725408314874862e-01 nan 9.767407265143873696e-01 3.460873821650000126e-01 3.252501835720000151e-02 1.129878849529999951e-01 2.648010000000000019e+01 6.919259999999999877e+01 8.237510000000000332e+01 8.560280000000000200e+01 5.972204995207757161e-01 7.580302347193214052e-01
-5.165140000000000287e-01 -7.106909999999999616e-01 -6.883510000000000462e-01 -9.404219999999999802e-01 -1.015849999999999920e+00 -5.545130000000000337e-01 6.788685245024550508e-01 2.637046961947221435e-01 -5.660889999999999533e-01 4.803173690046360633e-01 5.874767018735285173e-01 nan 9.589234778168007622e-01 3.460873821650000126e-01 3.252501835720000151e-02 1.129878849529999951e-01 2.648010000000000019e+01 6.919259999999999877e+01 8.237510000000000332e+01 8.560280000000000200e+01 5.127248125387606770e-01 6.751255179436219667e-01
-5.363740000000000174e-01 -2.055019999999999847e+00 -1.826640000000000041e+00 -9.817740000000000355e-01 -1.104340000000000099e+00 -4.880510000000000126e-01 7.129676830397555509e-01 2.968088087967329924e-01 -4.950769999999999893e-01 5.149586554060356924e-01 5.397756043638408663e-01 nan 9.363636502868400990e-01 3.348422165480000046e-01 2.847143386009999902e-02 1.262245575160000077e-01 2.924470000000000169e+01 6.218359999999999843e+01 7.203669999999999618e+01 7.428650000000000375e+01 5.127248125387606770e-01 6.751255179436219667e-01
-3.444670000000000232e-01 2.138529999999999875e-01 4.264640000000000097e-02 1.264510000000000023e+00 1.415850000000000053e+00 -3.627400000000000069e-01 7.466020277469878064e-01 3.316799709860368539e-01 -6.901079999999999715e-02 5.499629847252802683e-01 4.922097207976003919e-01 nan 9.093168557848695377e-01 3.348422165480000046e-01 2.847143386009999902e-02 1.262245575160000077e-01 2.924470000000000169e+01 6.218359999999999843e+01 7.203669999999999618e+01 7.428650000000000375e+01 4.576647685628910667e-01 3.519808372361210580e-01
-1.058690000000000048e-01 6.109019999999999451e-01 5.438199999999999701e-01 1.428600000000000092e+00 1.500860000000000083e+00 -2.569839999999999902e-01 7.793904680590172385e-01 3.681082620035633912e-01 2.860449999999999937e-01 5.851585105014186494e-01 4.453179916419754969e-01 nan 8.780895452999469830e-01 3.813581977650000177e-01 2.833468799529999943e-02 1.224891687300000004e-01 2.047510000000000119e+01 7.065890000000000271e+01 7.968519999999999470e+01 8.534900000000000375e+01 4.576647685628910667e-01 3.519808372361210580e-01
5.184129999999999988e-02 7.667460000000000386e-01 5.095370000000000177e-01 1.441540000000000044e+00 1.559500000000000108e+00 -2.950119999999999965e-01 8.109614978455121914e-01 4.058661181984214439e-01 1.440230000000000121e-01 6.203712199412445560e-01 3.996317189252837077e-01 nan 8.430355367376670683e-01 3.813581977650000177e-01 2.833468799529999943e-02 1.224891687300000004e-01 2.047510000000000119e+01 7.065890000000000271e+01 7.968519999999999470e+01 8.534900000000000375e+01 3.584935445678524291e-01 4.352137255443200292e-01
1.854040000000000132e-01 8.670189999999999841e-01 5.228669999999999707e-01 1.457640000000000047e+00 1.587050000000000072e+00 -3.728699999999999792e-01 8.409574047238483896e-01 4.447109114149933040e-01 7.301140000000000407e-02 6.554269055537761401e-01 3.556685463727135010e-01 nan 8.045520060219111258e-01 4.231726226129999824e-01 3.289619385579999750e-02 1.072343477290000069e-01 4.471419999999999817e+01 8.223879999999999768e+01 9.458570000000000277e+01 9.759910000000000707e+01 3.584935445678524291e-01 4.352137255443200292e-01
-2.418659999999999977e-01 4.983440000000000092e-01 3.298809999999999798e-01 1.017370000000000108e+00 1.160250000000000004e+00 -2.592030000000000167e-01 8.690383230833380601e-01 4.843876980668875287e-01 -1.400220000000000076e-01 6.901531389907380465e-01 3.139265942960778322e-01 nan 7.630749869329276347e-01 4.231726226129999824e-01 3.289619385579999750e-02 1.072343477290000069e-01 4.471419999999999817e+01 8.223879999999999768e+01 9.458570000000000277e+01 9.759910000000000707e+01 2.778598410103173544e-01 5.262153848041245530e-01
-2.355260000000000131e-01 5.520899999999999697e-01 6.178139999999999743e-01 6.112509999999999888e-01 7.777579999999999494e-01 -2.103730000000000044e-01 8.948860848984021565e-01 5.246321077496424179e-01 -2.820440000000000169e-01 7.243812247286465222e-01 2.748788156916427416e-01 nan 7.190744306703704680e-01 5.142095064110000502e-01 4.220437051720000304e-02 1.232721068420000038e-01 2.795139999999999958e+01 7.666759999999999309e+01 9.439170000000000016e+01 1.013619999999999948e+02 2.778598410103173544e-01 5.262153848041245530e-01
-2.927910000000000235e-01 4.200869999999999882e-01 6.453339999999999632e-01 -2.849809999999999843e-02 6.918799999999999950e-02 -1.468470000000000053e-01 9.182078246994347381e-01 5.651733386630461986e-01 -2.820440000000000169e-01 7.579481114564985411e-01 2.389676374936972048e-01 nan 6.730488811184249798e-01 5.142095064110000502e-01 4.220437051720000304e-02 1.232721068420000038e-01 2.795139999999999958e+01 7.666759999999999309e+01 9.439170000000000016e+01 1.013619999999999948e+02 2.185938997575689324e-01 5.070219506883935079e-01
6.695149999999999713e-01 1.188109999999999999e+00 1.430239999999999956e+00 2.548969999999999847e-01 6.068200000000000260e-01 1.066970000000000002e-01 9.387392978555957335e-01 6.057372259037396844e-01 -2.820440000000000169e-01 7.906982395122756913e-01 2.065999477006027485e-01 nan 6.255198261443907226e-01 6.111835594750000267e-01 4.489423547500000222e-02 1.476637986709999906e-01 2.774010000000000176e+01 6.403310000000000457e+01 8.779500000000000171e+01 9.269769999999999754e+01 2.185938997575689324e-01 5.070219506883935079e-01
2.143250000000000099e+00 1.520499999999999963e+00 1.501759999999999984e+00 3.897370000000000001e-01 4.902810000000000223e-01 5.284729999999999706e-01 9.562478745720653928e-01 6.460493478631232911e-01 -2.110329999999999984e-01 8.195464174813675839e-01 1.781424851711874702e-01 nan 5.770257889327705669e-01 6.111835594750000267e-01 4.489423547500000222e-02 1.476637986709999906e-01 2.774010000000000176e+01 6.403310000000000457e+01 8.779500000000000171e+01 9.269769999999999754e+01 2.364266786942550436e-01 4.934473039328445276e-01
1.419399999999999995e+00 1.375089999999999923e+00 1.622020000000000017e+00 9.016859999999999875e-01 9.290559999999999929e-01 1.635440000000000005e+00 9.705351756785739470e-01 6.871148346627540260e-01 -1.400220000000000076e-01 8.472004038474797438e-01 1.539176843269349781e-01 nan 5.281162263024060666e-01 6.225145161520000414e-01 4.894808067149999942e-02 1.582331636269999897e-01 1.275360000000000049e+01 5.206199999999999761e+01 7.998160000000000025e+01 8.277530000000000143e+01 2.364266786942550436e-01 4.934473039328445276e-01
2.800339999999999829e+00 1.633590000000000098e+00 1.543309999999999960e+00 7.980209999999999804e-01 6.256110000000000282e-01 1.567490000000000050e+00 9.814393203446684089e-01 7.256828471999232644e-01 -6.901079999999999715e-02 8.733468678951118447e-01 1.257603001911424823e-01 nan 4.793453031411690768e-01 6.225145161520000414e-01 4.894808067149999942e-02 1.582331636269999897e-01 1.275360000000000049e+01 5.206199999999999761e+01 7.998160000000000025e+01 8.277530000000000143e+01 2.291199188137791332e-01 5.166984103616327761e-01
1.760790000000000077e+00 1.445910000000000029e+00 1.503300000000000081e+00 8.619050000000000322e-01 8.112470000000000514e-01 2.316419999999999924e+00 9.894241051119690988e-01 7.615158408898117237e-01 2.000309999999999935e-03 8.976895597390073256e-01 1.015377300933634208e-01 nan 4.312656134963481769e-01 6.350905325929999679e-01 4.993077672250000043e-02 1.394702222749999998e-01 1.891300000000000026e+01 4.409830000000000183e+01 7.530809999999999604e+01 8.098460000000000036e+01 2.291199188137791332e-01 5.166984103616327761e-01
1.701850000000000085e+00 1.428379999999999983e+00 1.427179999999999893e+00 8.257400000000000295e-01 7.465880000000000294e-01 1.869469999999999965e+00 9.956624499876030043e-01 7.960962639245412475e-01 2.000309999999999935e-03 9.199526669537286816e-01 8.089931670922601015e-02 nan 3.844219194632887415e-01 6.350905325929999679e-01 4.993077672250000043e-02 1.394702222749999998e-01 1.891300000000000026e+01 4.409830000000000183e+01 7.530809999999999604e+01 8.098460000000000036e+01 2.202796414275244308e-01 5.296565853598692586e-01
1.420789999999999997e+00 1.361469999999999958e+00 1.362170000000000103e+00 7.857269999999999532e-01 8.462319999999999842e-01 2.007929999999999993e+00 1.000000000000000000e+00 8.290323062934925602e-01 2.000309999999999935e-03 9.398839396386469147e-01 6.345379278663620948e-02 nan 3.393449788131757128e-01 6.216465906020000043e-01 5.525189866449999737e-02 1.225118576469999970e-01 1.385200000000000031e+01 7.028709999999999525e+01 9.868590000000000373e+01 9.260160000000000480e+01 2.202796414275244308e-01 5.296565853598692586e-01
1.575260000000000105e+00 1.399329999999999963e+00 1.346889999999999921e+00 6.354499999999999593e-01 8.199610000000000509e-01 1.725670000000000037e+00 9.992018804759673634e-01 8.599507894760505256e-01 2.000309999999999935e-03 9.572575485101091353e-01 4.877371436008670624e-02 nan 2.965455312954062839e-01 6.216465906020000043e-01 5.525189866449999737e-02 1.225118576469999970e-01 1.385200000000000031e+01 7.028709999999999525e+01 9.868590000000000373e+01 9.260160000000000480e+01 2.200033827592039470e-01 5.402255489205610717e-01
1.408809999999999896e+00 1.358540000000000081e+00 1.295749999999999957e+00 7.150220000000000464e-01 8.511910000000000309e-01 1.928760000000000030e+00 9.931264903853778137e-01 8.885013947033577608e-01 2.000309999999999935e-03 9.718766436374601803e-01 3.640030386158465969e-02 nan 2.565085117521482827e-01 5.473846744439999634e-01 5.047968498400000337e-02 1.174565483999999993e-01 4.376120000000000232e+01 8.724349999999999739e+01 1.031340000000000003e+02 9.043439999999999657e+01 2.200033827592039470e-01 5.402255489205610717e-01
1.427049999999999930e+00 1.363080000000000069e+00 1.310240000000000071e+00 7.281140000000000390e-01 8.356449999999999712e-01 1.468350000000000044e+00 9.841180200958874469e-01 9.143606322099459005e-01 2.000309999999999935e-03 9.835755848314127192e-01 2.584864825381383291e-02 nan 2.196875556128082829e-01 5.473846744439999634e-01 5.047968498400000337e-02 1.174565483999999993e-01 4.376120000000000232e+01 8.724349999999999739e+01 1.031340000000000003e+02 9.043439999999999657e+01 2.361053165698820955e-01 5.140055635809341883e-01
1.108460000000000001e+00 1.275409999999999933e+00 1.263640000000000096e+00 6.811620000000000452e-01 9.019080000000000430e-01 9.972779999999999978e-01 9.722785391754789064e-01 9.372355065020381293e-01 2.000309999999999935e-03 9.922218184135800367e-01 1.661319328861043942e-02 nan 1.864998590233523101e-01 5.469949769869999479e-01 3.874396723529999892e-02 1.268944165639999955e-01 2.195250000000000057e+01 7.369809999999999661e+01 7.934900000000000375e+01 6.686060000000000514e+01 2.361053165698820955e-01 5.140055635809341883e-01
1.587059999999999915e+00 1.406490000000000018e+00 5.731789999999999941e-01 1.585120000000000084e+00 1.748499999999999943e+00 6.814249999999999474e-01 9.577421936737965380e-01 9.568668361135691525e-01 2.000309999999999935e-03 9.977173791026161531e-01 8.173471638603047040e-03 nan 1.573214518472699774e-01 5.469949769869999479e-01 3.874396723529999892e-02 1.268944165639999955e-01 2.195250000000000057e+01 7.369809999999999661e+01 7.934900000000000375e+01 6.686060000000000514e+01 2.778767548063371118e-01 4.462304745605721878e-01
1.593380000000000019e+00 1.407059999999999977e+00 1.062319999999999931e+00 1.511050000000000004e+00 1.674230000000000107e+00 4.228700000000000236e-01 9.406736861938036487e-01 9.730321902357590425e-01 -1.400220000000000076e-01 1.000000000000000000e+00 0.000000000000000000e+00 nan 1.324829370969660136e-01 5.546422349809999597e-01 4.784557161900000050e-02 1.193662855910000015e-01 2.641929999999999978e+01 6.501550000000000296e+01 6.594410000000000593e+01 5.804959999999999809e+01 2.778767548063371118e-01 4.462304745605721878e-01
1.533549999999999969e+00 1.401289999999999925e+00 1.502820000000000045e+00 1.479600000000000026e+00 1.610959999999999948e+00 -3.089770000000000016e-02 9.202227969418010911e-01 9.855484089470557540e-01 -1.400220000000000076e-01 9.990438180988751027e-01 0.000000000000000000e+00 nan 1.122657450695280223e-01 5.546422349809999597e-01 4.784557161900000050e-02 1.193662855910000015e-01 2.641929999999999978e+01 6.501550000000000296e+01 6.594410000000000593e+01 5.804959999999999809e+01 2.662118734848057944e-01 4.322724498464954879e-01
1.764080000000000092e-01 8.603680000000000216e-01 6.955679999999999641e-01 1.377000000000000002e+00 1.549109999999999987e+00 1.760420000000000040e-01 8.941928942946005821e-01 9.942736784882326706e-01 2.000309999999999935e-03 9.948596673222516173e-01 0.000000000000000000e+00 nan 9.689894462900738858e-02 5.635012923429999487e-01 6.638799514670000457e-02 1.238357523649999958e-01 4.071849999999999881e+01 7.991559999999999775e+01 8.216769999999999641e+01 6.868529999999999802e+01 2.662118734848057944e-01 4.322724498464954879e-01
2.851350000000000273e-01 9.355599999999999472e-01 1.298349999999999893e+00 6.353640000000000398e-01 5.954199999999999493e-01 -1.180530000000000052e-01 8.635025700426790518e-01 9.991091380689477441e-01 2.000309999999999935e-03 9.874949557703311953e-01 0.000000000000000000e+00 nan 8.655664776465687993e-02 5.635012923429999487e-01 6.638799514670000457e-02 1.238357523649999958e-01 4.071849999999999881e+01 7.991559999999999775e+01 8.216769999999999641e+01 6.868529999999999802e+01 2.079043806731690758e-01 4.922572987495744679e-01
1.243790000000000034e-01 8.339860000000000051e-01 7.821900000000000519e-01 1.814439999999999942e-01 3.416219999999999812e-01 -1.452670000000000072e-01 8.302886474236105263e-01 1.000000000000000000e+00 -1.400220000000000076e-01 9.770331285677861244e-01 0.000000000000000000e+00 nan 8.135603683252157214e-02 5.735282180130000240e-01 7.966885534480000475e-02 1.318026677230000054e-01 1.732389999999999830e+01 6.172590000000000288e+01 7.103040000000000020e+01 6.856789999999999452e+01 2.079043806731690758e-01 4.922572987495744679e-01
1.951259999999999939e-01 8.756760000000000099e-01 1.036219999999999919e+00 1.374239999999999906e-01 2.090150000000000063e-01 -1.668469999999999953e-01 7.965768205099841293e-01 9.969361704597398122e-01 -2.110329999999999984e-01 9.635927223971553213e-01 0.000000000000000000e+00 nan 4.002609541271262561e-02 5.735282180130000240e-01 7.966885534480000475e-02 1.318026677230000054e-01 1.732389999999999830e+01 6.172590000000000288e+01 7.103040000000000020e+01 6.856789999999999452e+01 2.022551728026159568e-01 4.701103208413459633e-01
1.891400000000000026e-01 8.747070000000000123e-01 5.714510000000000423e-01 2.240080000000000127e-01 7.736279999999999546e-02 8.976919999999999344e-02 7.636022115625955564e-01 9.899523638611028575e-01 -1.400220000000000076e-01 9.473260224308659438e-01 0.000000000000000000e+00 nan 0.000000000000000000e+00 6.336002171000000294e-01 7.240864026689999844e-02 1.236286468429999980e-01 1.503439999999999976e+01 3.251140000000000185e+01 4.910439999999999827e+01 5.433610000000000184e+01 2.022551728026159568e-01 4.701103208413459633e-01
5.239080000000000403e-01 1.057469999999999910e+00 1.310429999999999984e+00 7.549460000000000059e-01 6.133769999999999500e-01 5.137309999999999967e-03 7.296040238063874472e-01 9.791277095234389716e-01 -6.901079999999999715e-02 9.284173368793794401e-01 0.000000000000000000e+00 nan 0.000000000000000000e+00 6.336002171000000294e-01 7.240864026689999844e-02 1.236286468429999980e-01 1.503439999999999976e+01 3.251140000000000185e+01 4.910439999999999827e+01 5.433610000000000184e+01 1.969047753284095537e-01 4.719290658766014390e-01
-2.743769999999999820e-01 3.832570000000000143e-01 2.689849999999999741e-01 2.315649999999999931e-01 -9.038499999999999313e-02 3.615970000000000295e-02 6.938485671459699855e-01 9.645848551057064624e-01 7.301140000000000407e-02 9.070809087055218267e-01 0.000000000000000000e+00 nan 0.000000000000000000e+00 6.608248512650000128e-01 6.509124309269999353e-02 1.316232199390000024e-01 8.319860000000000255e+00 2.817399999999999949e+01 4.268520000000000181e+01 5.691049999999999898e+01 1.969047753284095537e-01 4.719290658766014390e-01
4.331789999999999807e-01 1.019810000000000105e+00 1.162919999999999954e+00 7.915569999999999551e-01 5.146230000000000526e-01 -3.850560000000000094e-02 6.567409651924616121e-01 9.464885769594879594e-01 1.440230000000000121e-01 8.805238682988643095e-01 0.000000000000000000e+00 nan 0.000000000000000000e+00 6.608248512650000128e-01 6.509124309269999353e-02 1.316232199390000024e-01 8.319860000000000255e+00 2.817399999999999949e+01 4.268520000000000181e+01 5.691049999999999898e+01 1.966848959801543728e-01 4.536741410033461319e-01
-1.012809999999999960e-01 6.165439999999999809e-01 7.265080000000000426e-01 3.337410000000000099e-01 2.586109999999999798e-01 -6.874329999999999330e-02 6.187016619034408915e-01 9.250439131470860055e-01 -6.901079999999999715e-02 8.517612369163207742e-01 0.000000000000000000e+00 nan 0.000000000000000000e+00 6.772809691009999966e-01 6.079160088200000200e-02 1.192228128760000061e-01 8.519909999999999428e+00 2.786649999999999849e+01 4.517320000000000135e+01 5.249689999999999657e+01 1.966848959801543728e-01 4.536741410033461319e-01
-1.160709999999999936e-01 6.052419999999999467e-01 3.755470000000000197e-01 4.743310000000000026e-01 1.988199999999999967e-01 -2.863919999999999799e-01 5.801616577849065814e-01 9.004938402783481122e-01 -1.400220000000000076e-01 8.239287599544062868e-01 0.000000000000000000e+00 nan 0.000000000000000000e+00 6.772809691009999966e-01 6.079160088200000200e-02 1.192228128760000061e-01 8.519909999999999428e+00 2.786649999999999849e+01 4.517320000000000135e+01 5.249689999999999657e+01 1.928229125556745194e-01 4.365632159583375804e-01
2.250199999999999978e-01 8.952909999999999480e-01 1.048359999999999959e+00 5.120550000000000379e-01 4.092759999999999732e-01 -3.199219999999999842e-01 5.415576264833259490e-01 8.731165204885881215e-01 -6.901079999999999715e-02 7.944029045436851177e-01 0.000000000000000000e+00 nan 0.000000000000000000e+00 6.700848329309999629e-01 5.813127907179999748e-02 1.102563740420000049e-01 1.069549999999999912e+01 2.661329999999999885e+01 4.136580000000000013e+01 5.195559999999999690e+01 1.928229125556745194e-01 4.365632159583375804e-01
-3.516059999999999741e-01 2.243610000000000049e-01 -1.379249999999999921e-01 -6.726719999999999922e-02 -3.338059999999999916e-01 -1.635050000000000114e-01 5.033269670987343680e-01 8.413336994216802367e-01 -1.400220000000000076e-01 7.635182104238940060e-01 0.000000000000000000e+00 nan 0.000000000000000000e+00 6.700848329309999629e-01 5.813127907179999748e-02 1.102563740420000049e-01 1.069549999999999912e+01 2.661329999999999885e+01 4.136580000000000013e+01 5.195559999999999690e+01 1.869312736088402094e-01 4.243717968771565374e-01
1.961309999999999963e-03 7.258809999999999985e-01 1.053520000000000012e+00 1.000339999999999979e-01 4.895000000000000046e-02 -4.035579999999999723e-01 4.659028482781557567e-01 8.053060427318603498e-01 -2.110329999999999984e-01 7.316246135203079426e-01 0.000000000000000000e+00 nan 0.000000000000000000e+00 5.784253185600000124e-01 7.274050384230000554e-02 1.293554232209999932e-01 1.253619999999999912e+01 3.869830000000000325e+01 5.182860000000000156e+01 5.294780000000000086e+01 1.869312736088402094e-01 4.243717968771565374e-01
-4.165829999999999811e-01 -6.428350000000000210e-03 -4.831110000000000126e-01 1.509959999999999913e-01 2.122930000000000095e-01 -3.451589999999999936e-01 4.279334074748876171e-01 7.669908861117439303e-01 -1.400220000000000076e-01 6.960488611626369782e-01 0.000000000000000000e+00 nan 0.000000000000000000e+00 5.784253185600000124e-01 7.274050384230000554e-02 1.293554232209999932e-01 1.253619999999999912e+01 3.869830000000000325e+01 5.182860000000000156e+01 5.294780000000000086e+01 1.888481704910638381e-01 4.209919367947763114e-01
3.195239999999999747e-01 9.741579999999999684e-01 1.180700000000000083e+00 3.880689999999999973e-01 1.269969999999999988e-01 -4.823430000000000217e-01 3.879782281571907410e-01 7.265426102953133070e-01 -6.901079999999999715e-02 6.599081602178942241e-01 0.000000000000000000e+00 nan 0.000000000000000000e+00 3.935820792279999814e-01 1.068215090419999957e-01 1.239091061530000065e-01 2.578630000000000067e+01 4.975529999999999831e+01 5.512420000000000186e+01 5.377989999999999782e+01 1.888481704910638381e-01 4.209919367947763114e-01
-3.842329999999999912e-01 1.910820000000000018e-01 6.952769999999999784e-02 -1.904569999999999874e-01 1.342210000000000070e-01 -4.195639999999999925e-01 3.477236147474614958e-01 6.860282137171981320e-01 -1.400220000000000076e-01 6.233872326916186646e-01 0.000000000000000000e+00 nan 0.000000000000000000e+00 3.935820792279999814e-01 1.068215090419999957e-01 1.239091061530000065e-01 2.578630000000000067e+01 4.975529999999999831e+01 5.512420000000000186e+01 5.377989999999999782e+01 1.713254778147375035e-01 4.655711258123779173e-01
-5.107279999999999598e-01 -7.162849999999999495e-01 -4.663720000000000088e-01 -6.032640000000000224e-01 -7.066769999999999996e-01 -5.235319999999999974e-01 3.087308163671210748e-01 6.458264450472688267e-01 -3.530550000000000077e-01 5.866751087084495220e-01 0.000000000000000000e+00 nan 0.000000000000000000e+00 2.798243730880000113e-01 8.918461896809999623e-02 1.111833116910000002e-01 1.906350000000000122e+01 4.929189999999999827e+01 5.366349999999999909e+01 5.726769999999999783e+01 1.713254778147375035e-01 4.655711258123779173e-01
-4.793649999999999856e-01 -2.362350000000000005e-01 -1.242349999999999982e-01 -8.123730000000000118e-01 -8.654340000000000366e-01 -5.471110000000000140e-01 2.710679164821628850e-01 6.063928063883674557e-01 -4.950769999999999893e-01 5.499629847252804904e-01 0.000000000000000000e+00 nan 0.000000000000000000e+00 2.798243730880000113e-01 8.918461896809999623e-02 1.111833116910000002e-01 1.906350000000000122e+01 4.929189999999999827e+01 5.366349999999999909e+01 5.726769999999999783e+01 1.253876078254496651e-01 5.559624473622063467e-01
-4.754249999999999865e-01 -1.716590000000000060e-01 -1.627889999999999893e-01 -9.257260000000000488e-01 -9.177309999999999635e-01 -5.355029999999999513e-01 2.366858395126820724e-01 5.682543922554728066e-01 -5.660889999999999533e-01 5.134420571990050419e-01 0.000000000000000000e+00 nan 0.000000000000000000e+00 2.464446111789999894e-01 8.117709944629999952e-02 1.117547248889999983e-01 3.740039999999999765e+01 4.534239999999999782e+01 4.928379999999999939e+01 5.684400000000000119e+01 1.253876078254496651e-01 5.559624473622063467e-01
-5.281930000000000236e-01 -1.155540000000000012e+00 -1.000029999999999974e+00 -8.807080000000000464e-01 -9.067049999999999832e-01 -5.667480000000000295e-01 2.069675980214484845e-01 5.283461724839632057e-01 -4.950769999999999893e-01 4.773013562542620658e-01 0.000000000000000000e+00 nan 0.000000000000000000e+00 2.464446111789999894e-01 8.117709944629999952e-02 1.117547248889999983e-01 3.740039999999999765e+01 4.534239999999999782e+01 4.928379999999999939e+01 5.684400000000000119e+01 1.430963522579917768e-01 5.267245107330493781e-01
-5.327650000000000441e-01 -1.427929999999999922e+00 -1.434960000000000013e+00 -6.543160000000000087e-01 -6.771519999999999762e-01 -5.702030000000000154e-01 1.829531572237473869e-01 4.872006220426257084e-01 -6.901079999999999715e-02 4.417256038965911014e-01 0.000000000000000000e+00 nan 0.000000000000000000e+00 2.160951459340000047e-01 8.758111289570000291e-02 1.114347708200000009e-01 9.797100000000000364e+00 3.859709999999999752e+01 4.619069999999999965e+01 5.972740000000000293e+01 1.430963522579917768e-01 5.267245107330493781e-01
-5.211919999999999886e-01 -8.892790000000000417e-01 -8.593300000000000383e-01 -5.247730000000000450e-01 -5.346490000000000409e-01 -5.590349999999999486e-01 1.643087818549349155e-01 4.452839364588886406e-01 -1.400220000000000076e-01 4.068931210382977781e-01 0.000000000000000000e+00 nan 0.000000000000000000e+00 2.160951459340000047e-01 8.758111289570000291e-02 1.114347708200000009e-01 9.797100000000000364e+00 3.859709999999999752e+01 4.619069999999999965e+01 5.972740000000000293e+01 2.401251620905452411e-01 5.718956353186177566e-01
-5.345339999999999536e-01 -1.764880000000000004e+00 -1.388020000000000032e+00 -9.308589999999999920e-01 -9.414580000000000171e-01 -5.644630000000000480e-01 1.488300567472263802e-01 4.029907496372127085e-01 -3.530550000000000077e-01 3.729738070512644832e-01 0.000000000000000000e+00 nan 0.000000000000000000e+00 2.018203095430000094e-01 7.854320696130000223e-02 1.438703050859999888e-01 3.497840000000000060e+01 5.553829999999999956e+01 5.479529999999999745e+01 5.716689999999999827e+01 2.401251620905452411e-01 5.718956353186177566e-01
-5.073910000000000364e-01 -5.462029999999999941e-01 -4.811320000000000041e-01 -1.037959999999999994e+00 -1.124130000000000074e+00 -5.645010000000000305e-01 1.360295094870048738e-01 3.624089653120705634e-01 -4.240659999999999985e-01 3.401272147391785072e-01 0.000000000000000000e+00 nan 0.000000000000000000e+00 2.018203095430000094e-01 7.854320696130000223e-02 1.438703050859999888e-01 3.497840000000000060e+01 5.553829999999999956e+01 5.479529999999999745e+01 5.716689999999999827e+01 5.828099453120595408e-01 6.408821986879273958e-01
-5.135229999999999517e-01 -6.342609999999999637e-01 -6.523520000000000429e-01 -1.083090000000000108e+00 -1.061039999999999983e+00 -5.556229999999999780e-01 1.222994631260589937e-01 3.237186460150408562e-01 -5.660889999999999533e-01 3.085007425405118520e-01 0.000000000000000000e+00 nan 0.000000000000000000e+00 2.296260239210000109e-01 6.093748200069999676e-02 1.617508014830000007e-01 1.956040000000000134e+01 5.367060000000000031e+01 5.448259999999999792e+01 5.345770000000000266e+01 5.828099453120595408e-01 6.408821986879273958e-01
-5.338310000000000555e-01 -1.570680000000000076e+00 -1.422060000000000102e+00 -9.428999999999999604e-01 -1.003440000000000110e+00 -5.688480000000000203e-01 1.067934822113821847e-01 2.870784232231426980e-01 -2.110329999999999984e-01 2.782279644453169443e-01 0.000000000000000000e+00 nan 0.000000000000000000e+00 2.296260239210000109e-01 6.093748200069999676e-02 1.617508014830000007e-01 1.956040000000000134e+01 5.367060000000000031e+01 5.448259999999999792e+01 5.345770000000000266e+01 8.974347409370242445e-01 6.208023947320802094e-01
-5.300869999999999749e-01 -1.224369999999999958e+00 -1.160269999999999913e+00 -1.057989999999999986e+00 -1.022110000000000074e+00 -5.605379999999999807e-01 9.355465964969811310e-02 2.526237000008154654e-01 -2.110329999999999984e-01 2.494271165485441033e-01 0.000000000000000000e+00 nan 0.000000000000000000e+00 2.395076321640000061e-01 5.505211334300000314e-02 1.900854742199999947e-01 2.849859999999999971e+01 4.469590000000000174e+01 4.385490000000000066e+01 4.592790000000000106e+01 8.974347409370242445e-01 6.208023947320802094e-01
-5.246969999999999690e-01 -9.577419999999999822e-01 -9.145619999999999861e-01 -8.789709999999999468e-01 -1.033449999999999980e+00 -5.494170000000000442e-01 8.390796045142157045e-02 2.204651168290934216e-01 -4.240659999999999985e-01 2.221997573878431442e-01 0.000000000000000000e+00 nan 0.000000000000000000e+00 2.395076321640000061e-01 5.505211334300000314e-02 1.900854742199999947e-01 2.849859999999999971e+01 4.469590000000000174e+01 4.385490000000000066e+01 4.592790000000000106e+01 8.012967243615041202e-01 7.395667522366270452e-01
-5.328040000000000553e-01 -1.548110000000000097e+00 -1.187470000000000026e+00 -9.297379999999999534e-01 -9.792809999999999571e-01 -5.435259999999999536e-01 7.754020137753447894e-02 1.906872980047468191e-01 -3.530550000000000077e-01 1.966296172447492552e-01 0.000000000000000000e+00 nan 0.000000000000000000e+00 1.859952722509999878e-01 4.966030468479999682e-02 2.228187154260000136e-01 1.418440000000000012e+01 3.576200000000000045e+01 4.081040000000000134e+01 4.395850000000000080e+01 8.012967243615041202e-01 7.395667522366270452e-01
-4.895050000000000234e-01 -3.057949999999999835e-01 -2.650259999999999838e-01 -9.082209999999999450e-01 -1.028969999999999940e+00 -5.213259999999999561e-01 7.407387674568721714e-02 1.633478928131849583e-01 -5.660889999999999533e-01 1.727816494471373643e-01 0.000000000000000000e+00 nan 0.000000000000000000e+00 1.859952722509999878e-01 4.966030468479999682e-02 2.228187154260000136e-01 1.418440000000000012e+01 3.576200000000000045e+01 4.081040000000000134e+01 4.395850000000000080e+01 1.000000000000000000e+00 8.646583795687151630e-01
-5.101649999999999796e-01 -6.022459999999999480e-01 -5.066420000000000368e-01 -1.005100000000000104e+00 -9.855399999999999716e-01 -5.237779999999999658e-01 7.312901223675039031e-02 1.384769223390168724e-01 -4.950769999999999893e-01 1.507012944220627038e-01 0.000000000000000000e+00 nan 0.000000000000000000e+00 1.312025928870000080e-01 5.192067595080000070e-02 2.807290845370000176e-01 1.374920000000000009e+01 3.126429999999999865e+01 3.676879999999999882e+01 4.453739999999999810e+01 1.000000000000000000e+00 8.646583795687151630e-01
-5.217089999999999783e-01 -8.974640000000000395e-01 -7.266319999999999446e-01 -9.850590000000000179e-01 -9.883129999999999971e-01 -5.555290000000000505e-01 7.428699866867105595e-02 1.160764393151672014e-01 -4.950769999999999893e-01 1.304139648375656213e-01 0.000000000000000000e+00 nan 0.000000000000000000e+00 1.312025928870000080e-01 5.192067595080000070e-02 2.807290845370000176e-01 1.374920000000000009e+01 3.126429999999999865e+01 3.676879999999999882e+01 4.453739999999999810e+01 8.424198004172069876e-01 8.489828216004342565e-01
-4.810280000000000111e-01 -2.241289999999999949e-01 -1.850499999999999923e-01 -9.786449999999999871e-01 -1.138840000000000074e+00 -5.399410000000000043e-01 7.703098941736630234e-02 9.612050486459178256e-02 -5.660889999999999533e-01 1.119247576669880617e-01 0.000000000000000000e+00 nan 0.000000000000000000e+00 1.234915648460000043e-01 5.820576265480000011e-02 2.427400464339999897e-01 1.424160000000000004e+01 2.628579999999999828e+01 3.475269999999999726e+01 4.439620000000000033e+01 8.424198004172069876e-01 8.489828216004342565e-01
-5.226469999999999727e-01 -8.723239999999999883e-01 -8.755690000000000417e-01 -9.313090000000000535e-01 -9.429290000000000171e-01 -5.415809999999999791e-01 8.100180711989568572e-02 7.855548239811882549e-02 -3.530550000000000077e-01 9.521839643822882504e-02 0.000000000000000000e+00 nan 0.000000000000000000e+00 1.234915648460000043e-01 5.820576265480000011e-02 2.427400464339999897e-01 1.424160000000000004e+01 2.628579999999999828e+01 3.475269999999999726e+01 4.439620000000000033e+01 7.289000394655239523e-01 7.236581004695613606e-01
-5.354170000000000318e-01 -1.860300000000000065e+00 -1.570959999999999912e+00 -9.272439999999999571e-01 -1.043320000000000025e+00 -5.659899999999999931e-01 8.864906321037746562e-02 6.330064533843748897e-02 -3.530550000000000077e-01 8.025940432227718357e-02 0.000000000000000000e+00 nan 0.000000000000000000e+00 1.461688083269999938e-01 5.969348627269999846e-02 1.800372421289999914e-01 1.185040000000000049e+01 2.998760000000000048e+01 3.432119999999999749e+01 4.466579999999999728e+01 7.289000394655239523e-01 7.236581004695613606e-01
-5.177549999999999653e-01 -7.373699999999999699e-01 -7.256920000000000037e-01 -1.018119999999999914e+00 -1.068240000000000078e+00 -5.653880000000000017e-01 9.958537509643528018e-02 5.024909178447389824e-02 -5.660889999999999533e-01 6.699250609986062699e-02 0.000000000000000000e+00 nan 0.000000000000000000e+00 1.461688083269999938e-01 5.969348627269999846e-02 1.800372421289999914e-01 1.185040000000000049e+01 2.998760000000000048e+01 3.432119999999999749e+01 4.466579999999999728e+01 7.540903196707446909e-01 7.021122592003042895e-01
-5.143090000000000162e-01 -6.484119999999999884e-01 -6.731979999999999631e-01 -9.906760000000000010e-01 -1.072549999999999892e+00 -5.524419999999999886e-01 1.108506476351512893e-01 3.926895575264766070e-02 -5.660889999999999533e-01 5.534325445176668801e-02 0.000000000000000000e+00 nan 0.000000000000000000e+00 1.920295534710000085e-01 5.931442464150000343e-02 1.230265849230000041e-01 1.699010000000000176e+01 3.560260000000000247e+01 4.276160000000000139e+01 5.386180000000000234e+01 7.540903196707446909e-01 7.021122592003042895e-01
-5.275889999999999747e-01 -1.067390000000000061e+00 -1.067339999999999955e+00 -9.647059999999999524e-01 -1.032310000000000061e+00 -5.617710000000000203e-01 1.223172407872873402e-01 3.020490127115571521e-02 -4.950769999999999893e-01 4.521887347671704749e-02 0.000000000000000000e+00 nan 0.000000000000000000e+00 1.920295534710000085e-01 5.931442464150000343e-02 1.230265849230000041e-01 1.699010000000000176e+01 3.560260000000000247e+01 4.276160000000000139e+01 5.386180000000000234e+01 7.122568641822178970e-01 6.712457330033216873e-01
-5.360030000000000072e-01 -1.990820000000000034e+00 -1.691719999999999891e+00 -9.481380000000000363e-01 -1.109159999999999924e+00 -5.352930000000000188e-01 1.338552334706119007e-01 2.287988239860228035e-02 -4.240659999999999985e-01 3.650930987940059769e-02 0.000000000000000000e+00 nan 0.000000000000000000e+00 2.794552980139999865e-01 4.003249599730000080e-02 1.167945933019999966e-01 2.170339999999999847e+01 4.772919999999999874e+01 5.981589999999999918e+01 6.747390000000000043e+01 7.122568641822178970e-01 6.712457330033216873e-01
-5.127930000000000543e-01 -6.348690000000000166e-01 -5.960509999999999975e-01 -9.673580000000000512e-01 -1.114959999999999951e+00 -5.193879999999999608e-01 1.453338956176742913e-01 1.709714922525917835e-02 -5.660889999999999533e-01 2.908847991828344970e-02 0.000000000000000000e+00 nan 0.000000000000000000e+00 2.794552980139999865e-01 4.003249599730000080e-02 1.167945933019999966e-01 2.170339999999999847e+01 4.772919999999999874e+01 5.981589999999999918e+01 6.747390000000000043e+01 5.938151885888256487e-01 6.580851344429825556e-01
-5.282189999999999941e-01 -1.155909999999999993e+00 -9.802650000000000530e-01 -9.277060000000000306e-01 -9.828470000000000262e-01 -5.280890000000000306e-01 1.566231693997082175e-01 1.264247712816035651e-02 -4.950769999999999893e-01 2.281569798478277900e-02 0.000000000000000000e+00 nan 0.000000000000000000e+00 3.542281216320000148e-01 2.757992951589999936e-02 1.005618428619999977e-01 2.257039999999999935e+01 6.772920000000000584e+01 8.100669999999999504e+01 7.949769999999999470e+01 5.938151885888256487e-01 6.580851344429825556e-01
-4.615310000000000246e-01 -1.406620000000000092e-01 -1.521869999999999890e-01 8.812370000000000481e-01 1.002289999999999903e+00 -5.391369999999999774e-01 1.675951428337979499e-01 9.286594021678973299e-03 -3.530550000000000077e-01 1.753727062742527210e-02 0.000000000000000000e+00 nan 0.000000000000000000e+00 3.542281216320000148e-01 2.757992951589999936e-02 1.005618428619999977e-01 2.257039999999999935e+01 6.772920000000000584e+01 8.100669999999999504e+01 7.949769999999999470e+01 4.676157185544341788e-01 6.756714481565655461e-01
-2.864979999999999749e-01 4.166360000000000063e-01 4.606279999999999819e-01 1.840359999999999996e+00 1.766450000000000076e+00 -4.819800000000000195e-01 1.781254990767573432e-01 6.787778101871033698e-03 2.984469999999999956e+00 1.308823796006641782e-02 0.000000000000000000e+00 nan 0.000000000000000000e+00 4.120772380250000144e-01 1.860864965380000166e-02 9.711939194459999480e-02 3.169050000000000011e+01 7.156250000000000000e+01 8.057120000000000459e+01 8.098709999999999809e+01 4.676157185544341788e-01 6.756714481565655461e-01
-4.268620000000000192e-01 -6.337919999999999665e-02 -1.966409999999999991e+00 2.179720000000000102e+00 1.543719999999999981e+00 -3.700950000000000073e-01 1.880949249846365356e-01 4.894596651100924234e-03 5.611880000000000202e+00 9.294242723314471988e-03 0.000000000000000000e+00 nan 0.000000000000000000e+00 4.120772380250000144e-01 1.860864965380000166e-02 9.711939194459999480e-02 3.169050000000000011e+01 7.156250000000000000e+01 8.057120000000000459e+01 8.098709999999999809e+01 4.118396572137340561e-01 6.689976046545151878e-01
1.179800000000000015e-01 8.207590000000000163e-01 9.786910000000000054e-02 2.010709999999999997e+00 1.964320000000000066e+00 -2.342299999999999938e-01 1.973904629783191922e-01 3.348754871199566274e-03 3.836599999999999788e+00 5.973505821949665062e-03 0.000000000000000000e+00 nan 0.000000000000000000e+00 3.545023590829999849e-01 2.054541131030000051e-02 9.302747195430000060e-02 2.395619999999999905e+01 6.652110000000000412e+01 8.052360000000000184e+01 7.456799999999999784e+01 4.118396572137340561e-01 6.689976046545151878e-01
3.310119999999999729e-01 9.836430000000000451e-01 8.694920000000000426e-01 2.278880000000000017e+00 2.139879999999999782e+00 -1.523740000000000094e-01 2.059067908980279915e-01 1.888022466736805072e-03 3.197499999999999787e+00 2.938885954707259884e-03 0.000000000000000000e+00 nan 0.000000000000000000e+00 3.545023590829999849e-01 2.054541131030000051e-02 9.302747195430000060e-02 2.395619999999999905e+01 6.652110000000000412e+01 8.052360000000000184e+01 7.456799999999999784e+01 3.693070981563961741e-01 5.217221951301798111e-01
2.391689999999999927e-01 9.029270000000000351e-01 6.983570000000000055e-01 1.904670000000000085e+00 1.895769999999999955e+00 -2.703470000000000040e-01 2.135474153454809398e-01 2.492048190511075845e-04 2.274360000000000159e+00 0.000000000000000000e+00 0.000000000000000000e+00 nan 0.000000000000000000e+00 2.818335129039999942e-01 2.235824223709999975e-02 1.006904391370000013e-01 3.555830000000000268e+01 9.370180000000000575e+01 9.084350000000000591e+01 8.106999999999999318e+01 3.693070981563961741e-01 5.217221951301798111e-01
2.009130000000000082e-01 8.820710000000000495e-01 5.358519999999999950e-01 1.913969999999999949e+00 1.946760000000000046e+00 -3.891249999999999987e-01 2.202257649926495642e-01 0.000000000000000000e+00 1.280200000000000005e+00 0.000000000000000000e+00 0.000000000000000000e+00 nan 0.000000000000000000e+00 2.818335129039999942e-01 2.235824223709999975e-02 1.006904391370000013e-01 3.555830000000000268e+01 9.370180000000000575e+01 9.084350000000000591e+01 8.106999999999999318e+01 3.132773298754016889e-01 5.957080070786906489e-01
-3.036409999999999942e-01 3.875179999999999736e-01 2.242200000000000096e-02 1.726529999999999898e+00 1.507390000000000008e+00 -4.707680000000000198e-01 2.258661714694983891e-01 9.437819313684592260e-04 2.132330000000000059e+00 0.000000000000000000e+00 0.000000000000000000e+00 nan 0.000000000000000000e+00 1.938553729930000136e-01 2.146680238500000074e-02 1.019824739449999990e-01 3.284740000000000038e+01 8.252849999999999397e+01 9.014459999999999695e+01 8.214010000000000389e+01 3.132773298754016889e-01 5.957080070786906489e-01
-3.913449999999999984e-01 1.588950000000000085e-01 -7.377509999999999624e-02 1.696220000000000061e+00 1.285740000000000105e+00 -4.635719999999999841e-01 2.304047267168527480e-01 3.069857186757674050e-03 3.126489999999999991e+00 0.000000000000000000e+00 0.000000000000000000e+00 nan 0.000000000000000000e+00 1.938553729930000136e-01 2.146680238500000074e-02 1.019824739449999990e-01 3.284740000000000038e+01 8.252849999999999397e+01 9.014459999999999695e+01 8.214010000000000389e+01 2.628065625528556160e-01 6.152541489162672850e-01
-4.952110000000000123e-01 -5.343179999999999596e-01 -8.597329999999999695e-01 1.656179999999999986e+00 1.287279999999999980e+00 -5.250280000000000502e-01 2.331835295331858848e-01 6.553586152379886620e-03 3.907610000000000028e+00 0.000000000000000000e+00 0.000000000000000000e+00 nan 0.000000000000000000e+00 1.821725703709999866e-01 2.683524682019999830e-02 9.970450657929999516e-02 3.681739999999999924e+01 6.551609999999999445e+01 6.118050000000000210e+01 6.276230000000000331e+01 2.628065625528556160e-01 6.152541489162672850e-01
-4.570609999999999951e-01 -9.232110000000000316e-02 -1.822100000000000108e-01 1.367210000000000036e+00 1.065669999999999895e+00 -5.491789999999999727e-01 2.328291239636728349e-01 9.806367173956109795e-03 2.274360000000000159e+00 0.000000000000000000e+00 0.000000000000000000e+00 nan 0.000000000000000000e+00 1.821725703709999866e-01 2.683524682019999830e-02 9.970450657929999516e-02 3.681739999999999924e+01 6.551609999999999445e+01 6.118050000000000210e+01 6.276230000000000331e+01 2.574956306026949804e-01 6.121993933427184453e-01
-4.710289999999999755e-01 -1.825330000000000008e-01 -2.619480000000000142e-01 1.228900000000000103e+00 1.030270000000000019e+00 -5.294299999999999562e-01 2.293171015369099841e-01 1.307109024325003865e-02 1.351210000000000022e+00 0.000000000000000000e+00 0.000000000000000000e+00 nan 0.000000000000000000e+00 2.156419841109999957e-01 3.234071434989999744e-02 9.161230608919999907e-02 1.717800000000000082e+01 5.369230000000000302e+01 5.062290000000000134e+01 6.218289999999999651e+01 2.574956306026949804e-01 6.121993933427184453e-01
-5.201869999999999550e-01 -8.782720000000000526e-01 -1.113860000000000072e+00 1.156639999999999890e+00 7.506509999999999572e-01 -5.129420000000000091e-01 2.258797824132182663e-01 1.659051004385236894e-02 2.274360000000000159e+00 0.000000000000000000e+00 0.000000000000000000e+00 nan 0.000000000000000000e+00 2.156419841109999957e-01 3.234071434989999744e-02 9.161230608919999907e-02 1.717800000000000082e+01 5.369230000000000302e+01 5.062290000000000134e+01 6.218289999999999651e+01 2.891751705474432388e-01 5.874239761508239788e-01
-5.254450000000000509e-01 -1.119429999999999925e+00 -1.353220000000000089e+00 9.804460000000000397e-01 6.658760000000000234e-01 -3.410349999999999770e-01 2.228379855938290577e-01 2.060449544361686591e-02 2.700419999999999821e+00 0.000000000000000000e+00 0.000000000000000000e+00 nan 0.000000000000000000e+00 2.864556005250000204e-01 3.622508339239999958e-02 1.030333574809999958e-01 4.003359999999999985e+01 4.887180000000000035e+01 4.641490000000000293e+01 4.899029999999999774e+01 2.891751705474432388e-01 5.874239761508239788e-01
-5.184159999999999879e-01 -8.422420000000000462e-01 -7.450149999999999828e-01 8.541879999999999473e-01 5.715219999999999745e-01 4.046990000000000309e-02 2.180226032367454936e-01 2.351843843765866193e-02 1.351210000000000022e+00 0.000000000000000000e+00 0.000000000000000000e+00 nan 0.000000000000000000e+00 2.864556005250000204e-01 3.622508339239999958e-02 1.030333574809999958e-01 4.003359999999999985e+01 4.887180000000000035e+01 4.641490000000000293e+01 4.899029999999999774e+01 2.997068275356599143e-01 5.946069455817990512e-01
-4.073539999999999939e-01 1.673739999999999950e-01 1.123829999999999968e-01 1.100619999999999932e+00 1.118030000000000079e+00 5.723880000000000079e-01 2.114881955482025289e-01 2.549876929572558737e-02 -1.400220000000000076e-01 0.000000000000000000e+00 0.000000000000000000e+00 nan 0.000000000000000000e+00 3.344286021119999841e-01 4.186264603579999827e-02 1.377237967999999924e-01 2.131749999999999901e+01 3.773669999999999902e+01 3.789240000000000208e+01 4.584279999999999688e+01 2.997068275356599143e-01 5.946069455817990512e-01
-2.473430000000000073e-02 8.593330000000000135e-01 9.794929999999999470e-01 4.967210000000000236e-01 4.772150000000000003e-01 6.198679999999999746e-01 2.033087999783281807e-01 2.841150040666162724e-02 -2.820440000000000169e-01 0.000000000000000000e+00 0.000000000000000000e+00 nan 0.000000000000000000e+00 3.344286021119999841e-01 4.186264603579999827e-02 1.377237967999999924e-01 2.131749999999999901e+01 3.773669999999999902e+01 3.789240000000000208e+01 4.584279999999999688e+01 4.373231098832948138e-01 7.262742716585545155e-01
1.013030000000000042e-01 9.885869999999999935e-01 1.055730000000000057e+00 1.917919999999999903e-01 1.408530000000000060e-01 1.447740000000000138e-01 1.935770923472496241e-01 3.222362936311162773e-02 -5.660889999999999533e-01 0.000000000000000000e+00 0.000000000000000000e+00 nan 0.000000000000000000e+00 3.340285570329999953e-01 3.760733938420000172e-02 2.710987949750000015e-01 2.206449999999999889e+01 4.140800000000000125e+01 3.848230000000000217e+01 3.986939999999999884e+01 4.373231098832948138e-01 7.262742716585545155e-01
-9.827680000000000096e-03 8.938589999999999591e-01 9.552580000000000515e-01 -2.411260000000000070e-01 -1.827660000000000118e-01 1.702049999999999952e-01 1.824033367910201653e-01 3.689196322074961287e-02 -5.660889999999999533e-01 0.000000000000000000e+00 0.000000000000000000e+00 nan 0.000000000000000000e+00 3.340285570329999953e-01 3.760733938420000172e-02 2.710987949750000015e-01 2.206449999999999889e+01 4.140800000000000125e+01 3.848230000000000217e+01 3.986939999999999884e+01 9.303095224671589225e-01 8.255599618462255984e-01
-3.699839999999999796e-01 2.841929999999999734e-01 4.477559999999999873e-01 -4.340970000000000106e-01 -3.411310000000000175e-01 6.087380000000000525e-04 1.699141364248982766e-01 4.236360789159676621e-02 -4.950769999999999893e-01 0.000000000000000000e+00 0.000000000000000000e+00 nan 0.000000000000000000e+00 3.166383587189999793e-01 6.423016994350000397e-02 2.388181180500000000e-01 1.848150000000000048e+01 3.049640000000000128e+01 4.233979999999999677e+01 5.092940000000000111e+01 9.303095224671589225e-01 8.255599618462255984e-01
-4.134740000000000082e-01 1.191989999999999994e-01 3.232470000000000065e-01 -5.128260000000000041e-01 -4.441309999999999980e-01 -1.964899999999999980e-01 1.562509988794628102e-01 4.857656745517435759e-02 -4.950769999999999893e-01 0.000000000000000000e+00 0.000000000000000000e+00 nan 0.000000000000000000e+00 3.166383587189999793e-01 6.423016994350000397e-02 2.388181180500000000e-01 1.848150000000000048e+01 3.049640000000000128e+01 4.233979999999999677e+01 5.092940000000000111e+01 6.481366634718384034e-01 5.614524197283230489e-01
-2.242089999999999916e-01 6.370949999999999669e-01 6.745839999999999614e-01 -4.077999999999999958e-01 -2.896159999999999846e-01 -1.624369999999999981e-01 1.415687329626168500e-01 5.546044659705429147e-02 -5.660889999999999533e-01 0.000000000000000000e+00 0.000000000000000000e+00 nan 0.000000000000000000e+00 2.996818604320000134e-01 7.512347771449999490e-02 2.061786520749999962e-01 1.507709999999999972e+01 3.342690000000000339e+01 5.690120000000000289e+01 7.989679999999999893e+01 6.481366634718384034e-01 5.614524197283230489e-01
-1.554429999999999978e-01 7.302419999999999467e-01 7.943569999999999798e-01 -4.313839999999999897e-01 -4.270430000000000059e-01 -1.982770000000000088e-01 1.260336946139338776e-01 6.476612312945495553e-02 -5.660889999999999533e-01 0.000000000000000000e+00 0.000000000000000000e+00 nan 0.000000000000000000e+00 2.996818604320000134e-01 7.512347771449999490e-02 2.061786520749999962e-01 1.507709999999999972e+01 3.342690000000000339e+01 5.690120000000000289e+01 7.989679999999999893e+01 6.701020465693183770e-01 5.526163245401765067e-01
-4.160429999999999962e-01 1.426820000000000033e-01 2.411480000000000012e-01 -6.794270000000000032e-01 -5.267549999999999732e-01 -3.190279999999999783e-01 1.098219020253906608e-01 7.646845565099558151e-02 -4.950769999999999893e-01 0.000000000000000000e+00 0.000000000000000000e+00 nan 0.000000000000000000e+00 3.465076126960000003e-01 6.837564015819999619e-02 1.892114256109999892e-01 2.103150000000000119e+01 5.755870000000000175e+01 8.968030000000000257e+01 1.000780000000000030e+02 6.701020465693183770e-01 5.526163245401765067e-01
-5.216709999999999958e-01 -9.566620000000000124e-01 -6.393349999999999866e-01 -5.781950000000000145e-01 -6.343119999999999870e-01 3.944179999999999908e-02 9.469201347761024845e-02 8.699727550399183329e-02 -4.950769999999999893e-01 2.938885954707259884e-03 0.000000000000000000e+00 nan 0.000000000000000000e+00 3.465076126960000003e-01 6.837564015819999619e-02 1.892114256109999892e-01 2.103150000000000119e+01 5.755870000000000175e+01 8.968030000000000257e+01 1.000780000000000030e+02 6.859841010317415666e-01 5.506503623688464577e-01
-3.983039999999999914e-01 2.210660000000000125e-01 2.865269999999999762e-01 -7.828829999999999956e-01 -6.431289999999999507e-01 2.182739999999999903e+00 8.264746564361413750e-02 9.643273336062951895e-02 -5.660889999999999533e-01 5.973505821949665062e-03 0.000000000000000000e+00 nan 0.000000000000000000e+00 3.798997223580000138e-01 5.846778773229999865e-02 1.498319247169999924e-01 3.496759999999999735e+01 7.053390000000000271e+01 9.642529999999999291e+01 1.179470000000000027e+02 6.859841010317415666e-01 5.506503623688464577e-01
-4.193149999999999933e-01 8.047029999999999461e-02 3.269299999999999984e-01 -4.947670000000000123e-01 -4.248489999999999767e-01 4.491170000000000329e+00 7.253468743944124775e-02 1.065563720419410165e-01 -4.950769999999999893e-01 6.355356768607212103e-03 0.000000000000000000e+00 nan 0.000000000000000000e+00 3.798997223580000138e-01 5.846778773229999865e-02 1.498319247169999924e-01 3.496759999999999735e+01 7.053390000000000271e+01 9.642529999999999291e+01 1.179470000000000027e+02 7.059367424028866189e-01 7.190790341329065249e-01
5.845759999999999845e-01 1.234350000000000058e+00 1.438399999999999901e+00 3.330650000000000277e-02 3.055800000000000183e-01 3.802709999999999813e+00 6.310718882703225674e-02 1.172534866764665118e-01 -4.950769999999999893e-01 7.114732138116752758e-03 0.000000000000000000e+00 nan 0.000000000000000000e+00 3.858363077370000060e-01 5.127839077650000327e-02 1.215318896019999956e-01 2.611589999999999989e+01 9.709529999999999461e+01 1.226730000000000018e+02 1.248370000000000033e+02 7.059367424028866189e-01 7.190790341329065249e-01
6.248090000000000366e+00 2.154929999999999790e+00 2.325110000000000010e+00 6.098320000000000130e-02 3.057329999999999770e-01 3.793870000000000076e+00 4.835702438469580144e-02 1.296392974629810846e-01 -5.660889999999999533e-01 8.243027904110800108e-03 0.000000000000000000e+00 nan 0.000000000000000000e+00 3.858363077370000060e-01 5.127839077650000327e-02 1.215318896019999956e-01 2.611589999999999989e+01 9.709529999999999461e+01 1.226730000000000018e+02 1.248370000000000033e+02 9.810960139820713577e-01 1.000000000000000000e+00
5.805200000000000138e+00 2.110930000000000195e+00 2.316030000000000033e+00 5.062420000000000114e-02 3.301930000000000143e-01 2.800549999999999873e+00 3.532763850819231610e-02 1.423913309453742615e-01 -3.530550000000000077e-01 9.727460024716472198e-03 0.000000000000000000e+00 nan 0.000000000000000000e+00 3.915333069660000276e-01 5.185690734880000347e-02 1.201563414449999950e-01 6.710150000000000148e+01 1.486179999999999950e+02 1.716119999999999948e+02 1.604110000000000014e+02 9.810960139820713577e-01 1.000000000000000000e+00
5.077129999999999699e-01 1.065290000000000070e+00 1.611869999999999914e+00 2.621809999999999974e-01 3.970350000000000268e-01 2.082850000000000090e+00 2.416665934578154928e-02 1.554596633469759182e-01 -3.530550000000000077e-01 1.155120929085828863e-02 0.000000000000000000e+00 nan 0.000000000000000000e+00 3.915333069660000276e-01 5.185690734880000347e-02 1.201563414449999950e-01 6.710150000000000148e+01 1.486179999999999950e+02 1.716119999999999948e+02 1.604110000000000014e+02 8.045216214692451073e-01 8.510162582924652996e-01
-1.906750000000000111e-02 7.454220000000000290e-01 1.208720000000000017e+00 -6.958729999999999638e-01 -5.125150000000000539e-01 2.026730000000000143e+00 1.500054525107397119e-02 1.687907870979744596e-01 -4.950769999999999893e-01 1.369361189461781869e-02 0.000000000000000000e+00 nan 0.000000000000000000e+00 4.001567930289999797e-01 5.009900625620000020e-02 1.137499503509999954e-01 4.819069999999999965e+01 1.759300000000000068e+02 1.992789999999999964e+02 1.727750000000000057e+02 8.045216214692451073e-01 8.510162582924652996e-01
4.513110000000000038e-02 7.745419999999999527e-01 1.235549999999999926e+00 1.022140000000000049e+00 1.250439999999999996e+00 2.024809999999999999e+00 7.933151959356621319e-03 1.823282170975637495e-01 -4.240659999999999985e-01 1.613039355843359779e-02 0.000000000000000000e+00 nan 0.000000000000000000e+00 4.001567930289999797e-01 5.009900625620000020e-02 1.137499503509999954e-01 4.819069999999999965e+01 1.759300000000000068e+02 1.992789999999999964e+02 1.727750000000000057e+02 5.044877938772057702e-01 6.854061812795010367e-01
2.215279999999999916e+00 1.693640000000000034e+00 1.800440000000000040e+00 1.393119999999999914e+00 1.384800000000000031e+00 2.921969999999999956e+00 3.044555860611253273e-03 1.960131307127053191e-01 -4.950769999999999893e-01 1.883394457236620134e-02 0.000000000000000000e+00 nan 0.000000000000000000e+00 3.839992767700000087e-01 4.457388110430000189e-02 9.742639966839999888e-02 4.871990000000000265e+01 1.244419999999999931e+02 1.608369999999999891e+02 1.505629999999999882e+02 5.044877938772057702e-01 6.854061812795010367e-01
1.231100000000000083e+00 1.464970000000000105e+00 1.455209999999999892e+00 1.402169999999999916e+00 1.473899999999999988e+00 2.172039999999999971e+00 3.901467020207549652e-04 2.097850342620647401e-01 -5.660889999999999533e-01 2.177363262314335746e-02 0.000000000000000000e+00 nan 0.000000000000000000e+00 3.839992767700000087e-01 4.457388110430000189e-02 9.742639966839999888e-02 4.871990000000000265e+01 1.244419999999999931e+02 1.608369999999999891e+02 1.505629999999999882e+02 3.725658228561763430e-01 3.843624731252051063e-01
9.532869999999999955e-01 1.349189999999999889e+00 1.317830000000000057e+00 1.412979999999999903e+00 1.532480000000000064e+00 4.143809999999999993e-01 0.000000000000000000e+00 2.235824484335939832e-01 -5.660889999999999533e-01 2.491614987051049557e-02 0.000000000000000000e+00 nan 0.000000000000000000e+00 3.559092535330000140e-01 4.298078572970000233e-02 9.957916809880000553e-02 3.492079999999999984e+01 1.077650000000000006e+02 1.332539999999999907e+02 1.268659999999999997e+02 3.725658228561763430e-01 3.843624731252051063e-01
-4.372769999999999782e-03 8.556230000000000224e-01 7.539500000000000091e-01 6.991600000000000037e-01 8.896199999999999664e-01 -2.154010000000000091e-01 1.878536272577613353e-03 2.354551545409355739e-01 -2.820440000000000169e-01 2.822589033836830907e-02 0.000000000000000000e+00 nan 0.000000000000000000e+00 3.559092535330000140e-01 4.298078572970000233e-02 9.957916809880000553e-02 3.492079999999999984e+01 1.077650000000000006e+02 1.332539999999999907e+02 1.268659999999999997e+02 2.956024130348987589e-01 4.346309910473579174e-01
-3.937019999999999964e-01 1.658799999999999997e-01 5.631189999999999807e-02 -7.802029999999999799e-01 -4.549139999999999850e-01 -4.659209999999999741e-01 6.004470953160256919e-03 2.451637455297175361e-01 2.000309999999999935e-03 3.166535334471087815e-02 0.000000000000000000e+00 nan 0.000000000000000000e+00 2.703348356370000038e-01 4.939767961489999887e-02 1.285648748769999961e-01 3.455930000000000035e+01 1.047500000000000000e+02 1.404670000000000130e+02 1.332829999999999870e+02 2.956024130348987589e-01 4.346309910473579174e-01
-5.126629999999999798e-01 -7.694950000000000401e-01 -1.048610000000000042e+00 -9.977559999999999762e-01 -7.512579999999999814e-01 -5.638170000000000126e-01 1.233105555317726143e-02 2.542419089892183903e-01 -2.110329999999999984e-01 3.519556839933679626e-02 0.000000000000000000e+00 nan 0.000000000000000000e+00 2.703348356370000038e-01 4.939767961489999887e-02 1.285648748769999961e-01 3.455930000000000035e+01 1.047500000000000000e+02 1.404670000000000130e+02 1.332829999999999870e+02 2.465242149179680542e-01 4.734809798527215285e-01
-5.076049999999999729e-01 -5.474440000000000417e-01 -5.803509999999999502e-01 -9.319039999999999546e-01 -8.153070000000000039e-01 -5.573029999999999928e-01 1.797351059723839573e-02 2.624016022576484142e-01 -4.950769999999999893e-01 3.877653675507475306e-02 0.000000000000000000e+00 nan 0.000000000000000000e+00 1.727265143270000081e-01 4.420577215310000224e-02 1.275859831700000002e-01 3.153470000000000084e+01 9.917350000000000421e+01 1.407599999999999909e+02 1.319490000000000123e+02 2.465242149179680542e-01 4.734809798527215285e-01
-5.224220000000000530e-01 -8.704520000000000035e-01 -1.035490000000000022e+00 -8.825250000000000039e-01 -9.237959999999999505e-01 -5.713599999999999790e-01 2.193627068748793540e-02 2.712536379152856725e-01 -5.660889999999999533e-01 4.236768460957174298e-02 0.000000000000000000e+00 nan 0.000000000000000000e+00 1.727265143270000081e-01 4.420577215310000224e-02 1.275859831700000002e-01 3.153470000000000084e+01 9.917350000000000421e+01 1.407599999999999909e+02 1.319490000000000123e+02 3.463156114337261338e-01 6.175298804780877671e-01
-5.270780000000000465e-01 -1.039230000000000098e+00 -1.136120000000000019e+00 -1.058280000000000109e+00 -1.051600000000000090e+00 -5.760920000000000485e-01 2.646282582734738043e-02 2.807119850870836153e-01 -5.660889999999999533e-01 4.592832282268655142e-02 0.000000000000000000e+00 nan 0.000000000000000000e+00 1.402461815040000059e-01 3.486412446630000189e-02 1.144114847550000008e-01 2.811639999999999873e+01 8.062820000000000675e+01 1.133479999999999990e+02 1.077150000000000034e+02 3.463156114337261338e-01 6.175298804780877671e-01
-5.345229999999999704e-01 -1.765679999999999916e+00 -1.372339999999999893e+00 -9.701400000000000023e-01 -9.871510000000000007e-01 -5.720439999999999969e-01 3.162931723727413491e-02 2.889351638648073317e-01 -4.950769999999999893e-01 4.941810794070577995e-02 0.000000000000000000e+00 nan 0.000000000000000000e+00 1.402461815040000059e-01 3.486412446630000189e-02 1.144114847550000008e-01 2.811639999999999873e+01 8.062820000000000675e+01 1.133479999999999990e+02 1.077150000000000034e+02 6.635056661216665042e-01 8.544083864695184438e-01
-5.327030000000000376e-01 -1.414570000000000105e+00 -1.385380000000000056e+00 -9.799569999999999670e-01 -9.889379999999999837e-01 -5.716189999999999882e-01 3.865562843066694398e-02 2.959245642052286129e-01 -4.950769999999999893e-01 5.279749930379484812e-02 0.000000000000000000e+00 nan 0.000000000000000000e+00 1.744670609539999973e-01 2.808573697139999867e-02 9.036040594949999727e-02 2.267129999999999868e+01 6.174309999999999832e+01 9.490800000000000125e+01 9.185800000000000409e+01 6.635056661216665042e-01 8.544083864695184438e-01
-5.324470000000000036e-01 -1.443850000000000078e+00 -1.264489999999999892e+00 -9.122719999999999718e-01 -9.651220000000000354e-01 -5.723930000000000407e-01 4.869102818536097388e-02 3.016955552678075581e-01 -4.950769999999999893e-01 5.602820705747368901e-02 0.000000000000000000e+00 nan 0.000000000000000000e+00 1.744670609539999973e-01 2.808573697139999867e-02 9.036040594949999727e-02 2.267129999999999868e+01 6.174309999999999832e+01 9.490800000000000125e+01 9.185800000000000409e+01 8.624908383604893425e-01 8.248208091421842525e-01
-5.169439999999999591e-01 -7.164559999999999818e-01 -7.102370000000000072e-01 -1.050240000000000062e+00 -1.138900000000000023e+00 -5.707820000000000116e-01 5.978702053789386461e-02 3.062773112759732408e-01 -5.660889999999999533e-01 5.907362599196774866e-02 0.000000000000000000e+00 nan 0.000000000000000000e+00 2.442105202779999984e-01 2.737668158069999844e-02 8.658227495390000139e-02 2.744099999999999895e+01 8.291299999999999670e+01 1.118449999999999989e+02 1.057549999999999955e+02 8.624908383604893425e-01 8.248208091421842525e-01
-5.239559999999999773e-01 -9.084200000000000053e-01 -9.441730000000000400e-01 -1.012650000000000050e+00 -1.150770000000000071e+00 -5.630770000000000497e-01 7.031199324227443981e-02 3.097124809615158236e-01 -5.660889999999999533e-01 6.189925029386156297e-02 0.000000000000000000e+00 nan 0.000000000000000000e+00 2.442105202779999984e-01 2.737668158069999844e-02 8.658227495390000139e-02 2.744099999999999895e+01 8.291299999999999670e+01 1.118449999999999989e+02 1.057549999999999955e+02 7.140891920843434049e-01 7.904057365610691610e-01
-5.340660000000000407e-01 -1.571520000000000028e+00 -1.504750000000000032e+00 -9.978939999999999477e-01 -1.094389999999999974e+00 -5.563529999999999864e-01 8.014669415219655146e-02 3.120567043374131710e-01 -2.110329999999999984e-01 6.447306451075263123e-02 0.000000000000000000e+00 nan 0.000000000000000000e+00 3.620622012449999927e-01 3.048894018710000126e-02 7.767494382759999871e-02 5.108449999999999847e+01 1.098880000000000052e+02 1.291080000000000041e+02 1.164060000000000059e+02 7.140891920843434049e-01 7.904057365610691610e-01
-5.354400000000000270e-01 -1.776820000000000066e+00 -1.746909999999999963e+00 -9.880179999999999518e-01 -1.044229999999999992e+00 -5.414290000000000491e-01 8.917969217660348669e-02 3.133779822742518428e-01 -2.110329999999999984e-01 6.676590629911938191e-02 0.000000000000000000e+00 nan 0.000000000000000000e+00 3.620622012449999927e-01 3.048894018710000126e-02 7.767494382759999871e-02 5.108449999999999847e+01 1.098880000000000052e+02 1.291080000000000041e+02 1.164060000000000059e+02 5.059423803348931381e-01 6.745857217780150128e-01
-5.219719999999999915e-01 -8.547559999999999603e-01 -8.436949999999999728e-01 -9.689689999999999692e-01 -9.756869999999999710e-01 -4.576640000000000152e-01 9.730863983847570786e-02 3.137559060231907004e-01 -5.660889999999999533e-01 6.875179684532661817e-02 0.000000000000000000e+00 nan 0.000000000000000000e+00 4.399248417819999757e-01 2.340165528970000047e-02 7.764149762020000622e-02 3.008220000000000027e+01 9.610609999999999786e+01 1.113379999999999939e+02 9.757689999999999486e+01 5.059423803348931381e-01 6.745857217780150128e-01
-6.460219999999999851e-02 6.836069999999999647e-01 6.629669999999999730e-01 1.464190000000000103e+00 1.614249999999999963e+00 -3.230629999999999891e-01 1.044414329126418517e-01 3.132807554152829965e-01 -2.820440000000000169e-01 7.040823521596439871e-02 0.000000000000000000e+00 nan 0.000000000000000000e+00 4.399248417819999757e-01 2.340165528970000047e-02 7.764149762020000622e-02 3.008220000000000027e+01 9.610609999999999786e+01 1.113379999999999939e+02 9.757689999999999486e+01 4.540170265546596973e-01 3.456566344322480333e-01
-8.217880000000000323e-03 7.117170000000000440e-01 4.875970000000000026e-01 1.491120000000000001e+00 1.578410000000000091e+00 -2.470590000000000008e-01 1.104972540034520057e-01 3.120524759549164751e-01 7.301140000000000407e-02 7.171645330241371852e-02 0.000000000000000000e+00 nan 0.000000000000000000e+00 4.541127070809999888e-01 2.227342549689999979e-02 6.724195356579999727e-02 3.005539999999999878e+01 7.785209999999999297e+01 8.177679999999999438e+01 -1.000000000000000000e+00 4.540170265546596973e-01 3.456566344322480333e-01
1.679620000000000002e-01 8.657850000000000268e-01 5.857080000000000064e-01 1.478290000000000104e+00 1.628700000000000037e+00 -2.915019999999999833e-01 1.154074882381637135e-01 3.101795463973118228e-01 7.301140000000000407e-02 7.266162847101831357e-02 0.000000000000000000e+00 nan 0.000000000000000000e+00 4.541127070809999888e-01 2.227342549689999979e-02 6.724195356579999727e-02 3.005539999999999878e+01 7.785209999999999297e+01 8.177679999999999438e+01 -1.000000000000000000e+00 3.483058014320347118e-01 4.059451186784808208e-01
1.965540000000000065e-01 8.964659999999999851e-01 5.197509999999999630e-01 1.446369999999999933e+00 1.579239999999999977e+00 -3.987970000000000126e-01 1.191165007008679888e-01 3.077777496408807822e-01 2.000309999999999935e-03 7.323305150944459108e-02 0.000000000000000000e+00 nan 0.000000000000000000e+00 4.370480377229999935e-01 3.356478466059999860e-02 6.369190281440000045e-02 3.023930000000000007e+01 6.462470000000000425e+01 -1.000000000000000000e+00 -1.000000000000000000e+00 3.483058014320347118e-01 4.059451186784808208e-01
-3.459960000000000258e-01 2.933999999999999941e-01 4.163300000000000334e-02 -3.173679999999999835e-01 -1.257330000000000080e-02 -4.996519999999999850e-01 1.215822667983158523e-01 3.049688608607221685e-01 2.000309999999999935e-03 7.342424796633839623e-02 0.000000000000000000e+00 nan 0.000000000000000000e+00 4.370480377229999935e-01 3.356478466059999860e-02 6.369190281440000045e-02 3.023930000000000007e+01 6.462470000000000425e+01 -1.000000000000000000e+00 -1.000000000000000000e+00 2.838191351412302499e-01 4.416391401292444341e-01
-4.898060000000000191e-01 -4.734760000000000080e-01 -1.359210000000000029e+00 -5.720330000000000137e-01 -3.087509999999999977e-01 -5.625630000000000353e-01 1.227768484153536344e-01 3.018792677472299513e-01 7.301140000000000407e-02 7.323305150944459108e-02 0.000000000000000000e+00 nan 0.000000000000000000e+00 3.240382769810000174e-01 4.658131021749999795e-02 6.120315179500000063e-02 1.458549999999999969e+01 -1.000000000000000000e+00 -1.000000000000000000e+00 -1.000000000000000000e+00 2.838191351412302499e-01 4.416391401292444341e-01
-5.231080000000000174e-01 -9.550640000000000240e-01 -1.129510000000000014e+00 -8.896309999999999496e-01 -7.398639999999999661e-01 -5.721340000000000314e-01 1.226867104649291829e-01 2.986385384830578804e-01 -2.110329999999999984e-01 7.266162847101831357e-02 0.000000000000000000e+00 nan 0.000000000000000000e+00 3.240382769810000174e-01 4.658131021749999795e-02 6.120315179500000063e-02 1.458549999999999969e+01 -1.000000000000000000e+00 -1.000000000000000000e+00 -1.000000000000000000e+00 0.000000000000000000e+00 0.000000000000000000e+00
