-4.882960000000000078e-01 -9.269880000000000342e-01 -6.255399999999999849e-01 -9.903750000000000053e-01 -1.019370000000000109e+00 -4.666939999999999977e-01 0.000000000000000000e+00 1.425352812833886595e-01 -6.196500000000000341e-01 1.106641038691424939e-02 nan nan 4.851566854294100395e-01 1.695326839200000102e-01 7.323470309660000399e-02 1.627916220869999875e-01 -1.000000000000000000e+00 -1.000000000000000000e+00 -1.000000000000000000e+00 -1.000000000000000000e+00 0.000000000000000000e+00 0.000000000000000000e+00
-4.765920000000000156e-01 -2.907020000000000159e-01 -2.632570000000000188e-01 -1.064300000000000024e+00 -1.205819999999999892e+00 -4.717589999999999839e-01 0.000000000000000000e+00 1.369930792642842787e-01 -6.196500000000000341e-01 1.558382073930086875e-02 nan nan 4.994572505334311519e-01 1.626848711549999937e-01 6.438437714290000391e-02 1.601494911340000105e-01 5.871330000000000382e+00 -1.000000000000000000e+00 -1.000000000000000000e+00 -1.000000000000000000e+00 0.000000000000000000e+00 0.000000000000000000e+00
-4.862980000000000080e-01 -6.995339999999999892e-01 -5.774139999999999828e-01 -1.132100000000000106e+00 -1.175510000000000055e+00 -4.677790000000000004e-01 1.069840697794366413e-03 1.317062385753848819e-01 -5.128000000000000336e-01 2.088116693387309653e-02 nan nan 5.113854027698885307e-01 1.626848711549999937e-01 6.438437714290000391e-02 1.601494911340000105e-01 5.871330000000000382e+00 -1.000000000000000000e+00 -1.000000000000000000e+00 -1.000000000000000000e+00 0.000000000000000000e+00 0.000000000000000000e+00
-4.819470000000000143e-01 -4.810510000000000064e-01 -3.769600000000000173e-01 -1.058040000000000092e+00 -1.167680000000000051e+00 -4.685480000000000200e-01 3.741304948295165467e-03 1.269272272009871472e-01 -5.128000000000000336e-01 2.716605157407137039e-02 nan nan 5.208059914076957897e-01 1.548795237099999944e-01 6.231699613640000190e-02 1.340875094310000071e-01 5.748719999999999608e+00 1.831109999999999971e+01 -1.000000000000000000e+00 -1.000000000000000000e+00 0.000000000000000000e+00 0.000000000000000000e+00
-4.820849999999999858e-01 -4.648559999999999914e-01 -4.249569999999999736e-01 -1.123879999999999990e+00 -1.179429999999999978e+00 -4.641660000000000230e-01 7.085830509005575095e-03 1.229027592163357552e-01 -6.196500000000000341e-01 3.463488805814640692e-02 nan nan 5.276122774133100712e-01 1.548795237099999944e-01 6.231699613640000190e-02 1.340875094310000071e-01 5.748719999999999608e+00 1.831109999999999971e+01 -1.000000000000000000e+00 -1.000000000000000000e+00 9.110240940232705587e-01 9.507056870070568211e-01
-4.887759999999999883e-01 -9.370899999999999785e-01 -7.197350000000000136e-01 -1.046040000000000081e+00 -1.119050000000000100e+00 -4.736750000000000127e-01 1.077610656065108863e-02 1.198709994185698235e-01 -6.196500000000000341e-01 4.347067513687519202e-02 nan nan 5.317271428466339156e-01 1.352804470819999882e-01 5.066469455869999916e-02 1.044566365059999974e-01 1.560019999999999918e+01 3.115180000000000149e+01 4.080610000000000070e+01 -1.000000000000000000e+00 9.110240940232705587e-01 9.507056870070568211e-01
-4.699360000000000204e-01 -1.392909999999999981e-01 -1.462519999999999931e-01 -1.142209999999999948e+00 -1.228199999999999958e+00 -4.707560000000000078e-01 1.497331475605057083e-02 1.180588648244046412e-01 -6.730749999999999789e-01 5.384092346459068423e-02 nan nan 5.331039646380910657e-01 1.352804470819999882e-01 5.066469455869999916e-02 1.044566365059999974e-01 1.560019999999999918e+01 3.115180000000000149e+01 4.080610000000000070e+01 -1.000000000000000000e+00 7.690032435339395622e-01 8.116371402937907487e-01
-4.813259999999999761e-01 -4.291570000000000107e-01 -4.132580000000000142e-01 -1.179890000000000105e+00 -1.232469999999999954e+00 -4.763459999999999916e-01 1.987864721002896573e-02 1.176794536096612553e-01 -6.730749999999999789e-01 6.589575763653598983e-02 nan nan 5.317271428466339156e-01 1.977607794619999915e-01 3.764060805290000283e-02 8.152423682369999702e-02 1.549039999999999928e+01 4.679220000000000113e+01 5.477040000000000219e+01 5.093599999999999994e+01 7.690032435339395622e-01 8.116371402937907487e-01
-4.907320000000000015e-01 -1.178090000000000082e+00 -1.088810000000000056e+00 -1.101900000000000102e+00 -1.131490000000000107e+00 -4.757449999999999735e-01 2.568330395799345300e-02 1.189296306217848542e-01 -1.922510000000000052e-01 7.976621521721249941e-02 nan nan 5.276122774133101823e-01 1.977607794619999915e-01 3.764060805290000283e-02 8.152423682369999702e-02 1.549039999999999928e+01 4.679220000000000113e+01 5.477040000000000219e+01 5.093599999999999994e+01 7.730646634063269573e-01 6.567508938255735007e-01
-4.925340000000000273e-01 -2.515709999999999891e+00 -2.246840000000000170e+00 -9.623979999999999757e-01 -1.146400000000000086e+00 -4.663720000000000088e-01 3.255008149015770069e-02 1.219877968224595266e-01 2.144789999999999891e-02 9.556276203241409473e-02 nan nan 5.208059914076959007e-01 2.625065285190000264e-01 2.288637450850000005e-02 7.569867589659999563e-02 2.682860000000000156e+01 5.353609999999999758e+01 5.942479999999999762e+01 5.624110000000000298e+01 7.730646634063269573e-01 6.567508938255735007e-01
-4.918919999999999959e-01 -1.585280000000000022e+00 -1.431529999999999969e+00 -9.677740000000000231e-01 -1.055320000000000036e+00 -4.653070000000000261e-01 4.063819652357703038e-02 1.270118679334276690e-01 5.556959999999999678e-01 1.133740405472818402e-01 nan nan 5.113854027698887528e-01 2.625065285190000264e-01 2.288637450850000005e-02 7.569867589659999563e-02 2.682860000000000156e+01 5.353609999999999758e+01 5.942479999999999762e+01 5.624110000000000298e+01 5.313569623940530562e-01 6.557767243803479529e-01
-3.498530000000000251e-01 4.936159999999999992e-01 -1.659229999999999872e-01 1.687240000000000073e+00 1.972920000000000007e+00 -4.598090000000000233e-01 5.010327313956786099e-02 1.341374851882615182e-01 1.410490000000000022e+00 1.332658655117531232e-01 nan nan 4.994572505334311519e-01 2.860264681140000098e-01 2.000606175870000072e-02 7.445017895019999388e-02 2.186120000000000019e+01 5.731700000000000017e+01 6.355630000000000024e+01 5.772729999999999961e+01 5.313569623940530562e-01 6.557767243803479529e-01
-2.993859999999999855e-01 6.390740000000000309e-01 3.738520000000000176e-01 1.661939999999999973e+00 1.914549999999999974e+00 -4.558340000000000169e-01 6.107358788146388662e-02 1.434764784629890544e-01 1.250220000000000109e+00 1.552804782531472805e-01 nan nan 4.851566854294100395e-01 2.860264681140000098e-01 2.000606175870000072e-02 7.445017895019999388e-02 2.186120000000000019e+01 5.731700000000000017e+01 6.355630000000000024e+01 5.772729999999999961e+01 3.266389929919500945e-01 6.511636470761525963e-01
-3.345509999999999873e-01 5.216060000000000141e-01 5.742369999999999974e-01 1.663289999999999935e+00 1.730220000000000091e+00 -4.431979999999999809e-01 7.365459628893822330e-02 1.551155991989120464e-01 6.625459999999999683e-01 1.794360680650485262e-01 nan nan 4.686457385746699567e-01 3.210393169279999737e-01 1.837309648829999961e-02 9.379380046959999440e-02 2.411769999999999925e+01 5.816949999999999932e+01 6.695529999999999404e+01 6.126509999999999678e+01 3.266389929919500945e-01 6.511636470761525963e-01
-3.864920000000000022e-01 3.529100000000000015e-01 3.881879999999999775e-01 1.438870000000000093e+00 1.570289999999999964e+00 -4.324259999999999771e-01 8.793391470029798818e-02 1.691155374741126760e-01 5.556959999999999678e-01 2.022273118970763228e-01 nan nan 4.501114855945147486e-01 3.210393169279999737e-01 1.837309648829999961e-02 9.379380046959999440e-02 2.411769999999999925e+01 5.816949999999999932e+01 6.695529999999999404e+01 6.126509999999999678e+01 4.788890196012526301e-01 6.852294487071333151e-01
-4.570949999999999736e-01 -9.255289999999999351e-02 -2.418669999999999848e-02 1.115879999999999983e+00 1.138859999999999983e+00 -3.593759999999999732e-01 1.039803196418233044e-01 1.855102343606184201e-01 7.693950000000000511e-01 2.270092179199655336e-01 nan nan 4.297639269811210916e-01 3.096997211160000263e-01 2.536428245310000038e-02 1.161530001200000023e-01 2.120870000000000033e+01 5.568350000000000222e+01 6.288980000000000103e+01 6.092369999999999663e+01 4.788890196012526301e-01 6.852294487071333151e-01
-4.319879999999999831e-01 1.226590000000000041e-01 3.196359999999999757e-01 1.080789999999999917e+00 1.129930000000000101e+00 -3.571199999999999930e-01 1.218435393190118177e-01 2.043064973584938215e-01 2.351469999999999949e-01 2.570002514543943128e-01 nan nan 4.078336087040507207e-01 3.096997211160000263e-01 2.536428245310000038e-02 1.161530001200000023e-01 2.120870000000000033e+01 5.568350000000000222e+01 6.288980000000000103e+01 6.092369999999999663e+01 1.000000000000000000e+00 7.965793596593421233e-01
-2.740710000000000091e-01 7.716709999999999958e-01 7.341889999999999805e-01 1.019009999999999971e+00 1.017009999999999970e+00 -3.505639999999999867e-01 1.415514424064466814e-01 2.254839232641442370e-01 -5.128000000000000336e-01 2.885149836888741826e-01 nan nan 3.845690100322934901e-01 2.745875472400000072e-01 3.011716705230000138e-02 1.439356284949999953e-01 2.122180000000000177e+01 5.002709999999999724e+01 6.460840000000000316e+01 6.655339999999999634e+01 1.000000000000000000e+00 7.965793596593421233e-01
-1.926750000000000129e-01 9.067439999999999944e-01 8.848939999999999584e-01 9.770039999999999836e-01 9.546200000000000241e-01 -3.638489999999999780e-01 1.631093232903099155e-01 2.489951293467654869e-01 -5.662249999999999783e-01 3.214639637670775318e-01 nan nan 3.602337281648622103e-01 2.745875472400000072e-01 3.011716705230000138e-02 1.439356284949999953e-01 2.122180000000000177e+01 5.002709999999999724e+01 6.460840000000000316e+01 6.655339999999999634e+01 3.436689466637536938e-01 6.366816641893973117e-01
-4.039940000000000198e-01 3.406529999999999836e-01 3.943989999999999996e-01 1.256429999999999936e+00 1.036599999999999966e+00 -3.994139999999999913e-01 1.865036609386721000e-01 2.747662902136173146e-01 2.144789999999999891e-02 3.557414902315106930e-01 nan nan 3.351034915692002736e-01 2.185965523270000099e-01 3.922887817429999979e-02 1.875838517079999879e-01 2.122560000000000002e+01 5.200489999999999924e+01 6.720999999999999375e+01 7.787260000000000559e+01 3.436689466637536938e-01 6.366816641893973117e-01
-4.561839999999999784e-01 -2.180750000000000017e-04 -6.091509999999999980e-02 1.090410000000000101e+00 9.714310000000000445e-01 -4.306960000000000233e-01 2.116997651719482176e-01 3.026979742812216934e-01 9.296699999999999964e-01 3.912268086632636477e-01 nan nan 3.094630358674694826e-01 2.185965523270000099e-01 3.922887817429999979e-02 1.875838517079999879e-01 2.122560000000000002e+01 5.200489999999999924e+01 6.720999999999999375e+01 7.787260000000000559e+01 4.374513329860119093e-01 6.165689149560117377e-01
-4.758510000000000240e-01 -3.649560000000000026e-01 -8.688960000000000017e-01 1.253179999999999961e+00 9.111010000000000497e-01 -3.765100000000000113e-01 2.386419704174862488e-01 3.326662703749350136e-01 1.410490000000000022e+00 4.277854798778281120e-01 nan nan 2.836028776681767116e-01 2.291655496549999949e-01 4.663225952930000195e-02 1.776980240100000108e-01 1.837760000000000105e+01 4.363730000000000331e+01 7.244499999999999318e+01 8.894750000000000512e+01 4.374513329860119093e-01 6.165689149560117377e-01
-4.242790000000000172e-01 2.667280000000000206e-01 2.814559999999999840e-01 1.148430000000000062e+00 9.043309999999999960e-01 -4.059490000000000043e-01 2.672547863483464292e-01 3.645241916920690661e-01 7.693950000000000511e-01 4.652709031747755963e-01 nan nan 2.578160228969149648e-01 2.291655496549999949e-01 4.663225952930000195e-02 1.776980240100000108e-01 1.837760000000000105e+01 4.363730000000000331e+01 7.244499999999999318e+01 8.894750000000000512e+01 4.515682682665860259e-01 6.036335516008517477e-01
-4.155519999999999770e-01 3.369849999999999790e-01 2.352019999999999944e-01 1.034149999999999903e+00 9.524059999999999748e-01 -4.278870000000000173e-01 2.974445953143363131e-01 3.981033412210981393e-01 -2.456760000000000055e-01 5.035259773822736706e-01 nan nan 2.323946469221468414e-01 2.829891232180000160e-01 5.423041602820000140e-02 1.776726379780000087e-01 1.586739999999999995e+01 5.320230000000000103e+01 8.003979999999999961e+01 9.222339999999999804e+01 4.515682682665860259e-01 6.036335516008517477e-01
-3.869850000000000234e-01 4.677899999999999836e-01 4.246849999999999792e-01 1.107399999999999940e+00 1.009600000000000053e+00 -4.500779999999999781e-01 3.291026192773949255e-01 4.332158197470877825e-01 -2.456760000000000055e-01 5.423848808761360107e-01 nan nan 2.076267840915331231e-01 2.829891232180000160e-01 5.423041602820000140e-02 1.776726379780000087e-01 1.586739999999999995e+01 5.320230000000000103e+01 8.003979999999999961e+01 9.222339999999999804e+01 4.358379689539463309e-01 5.899382691251890964e-01
-4.685949999999999838e-01 -2.402980000000000116e-01 -4.938660000000000272e-01 6.754040000000000044e-01 7.839739999999999487e-01 -4.556069999999999842e-01 3.621030962093551020e-01 4.696563548248813280e-01 4.488460000000000227e-01 5.816749504050841013e-01 nan nan 1.837930641876802662e-01 3.656030271910000184e-01 5.893523032550000013e-02 1.573451026179999990e-01 3.419930000000000092e+01 7.167959999999999354e+01 8.963120000000000687e+01 9.795189999999999486e+01 4.358379689539463309e-01 5.899382691251890964e-01
-4.445100000000000162e-01 5.194970000000000143e-02 -3.242689999999999739e-01 7.644149999999999556e-01 8.105419999999999847e-01 -3.302809999999999913e-01 3.963052053237543504e-01 5.072046265979250901e-01 7.159699999999999953e-01 6.212186374343764417e-01 nan nan 1.611635327805702733e-01 3.656030271910000184e-01 5.893523032550000013e-02 1.573451026179999990e-01 3.419930000000000092e+01 7.167959999999999354e+01 8.963120000000000687e+01 9.795189999999999486e+01 3.732865009607360118e-01 5.726542937104138753e-01
-4.407420000000000226e-01 5.861969999999999681e-02 -7.257940000000000225e-02 6.731099999999999861e-01 8.177959999999999674e-01 -8.763360000000000203e-04 4.315595937756421252e-01 5.456277641102792453e-01 5.556959999999999678e-01 6.608355198416522303e-01 nan nan 1.399945915033475874e-01 4.759742133800000108e-01 6.343032338510000423e-02 1.415090347840000096e-01 2.286019999999999897e+01 8.041379999999999484e+01 9.821670000000000300e+01 9.416899999999999693e+01 3.732865009607360118e-01 5.726542937104138753e-01
-3.691789999999999794e-01 4.266499999999999737e-01 5.648769999999999625e-01 7.036750000000000504e-01 7.555589999999999806e-01 5.686470000000000136e-01 4.677044466491723229e-01 5.846829838275993119e-01 -3.197690000000000254e-02 6.968450919534070476e-01 nan nan 1.276883769176647698e-01 4.759742133800000108e-01 6.343032338510000423e-02 1.415090347840000096e-01 2.286019999999999897e+01 8.041379999999999484e+01 9.821670000000000300e+01 9.416899999999999693e+01 2.095300517060764145e-01 5.514870311600317265e-01
1.612659999999999927e-01 1.107110000000000039e+00 1.291619999999999990e+00 6.971720000000000139e-01 9.405959999999999877e-01 1.443170000000000064e+00 5.045614631087547153e-01 6.241203404715907066e-01 -4.059510000000000063e-01 7.324525929991901885e-01 nan nan 1.175365015697560356e-01 5.710739006139999852e-01 7.950182992429999373e-02 1.284537105590000117e-01 3.172159999999999869e+01 6.794459999999999411e+01 8.786910000000000309e+01 9.133530000000000371e+01 2.095300517060764145e-01 5.514870311600317265e-01
1.388560000000000016e+00 1.537260000000000071e+00 1.681289999999999951e+00 8.376240000000000352e-01 9.879710000000000436e-01 2.301169999999999938e+00 5.419491788581175529e-01 6.620736617438901517e-01 -4.059510000000000063e-01 7.672545757641171527e-01 nan nan 1.102017631561253985e-01 5.710739006139999852e-01 7.950182992429999373e-02 1.284537105590000117e-01 3.172159999999999869e+01 6.794459999999999411e+01 8.786910000000000309e+01 9.133530000000000371e+01 3.006515077671154668e-01 5.312169418444274704e-01
2.305629999999999846e+00 1.697170000000000067e+00 1.801709999999999923e+00 8.872079999999999966e-01 1.155159999999999965e+00 2.716390000000000082e+00 5.796821292439154893e-01 6.989636529868497039e-01 -2.991010000000000058e-01 8.008567198772950091e-01 nan nan 1.063150400861405664e-01 5.814972317790000345e-01 9.036284187830000147e-02 1.437076795730000134e-01 1.151670000000000016e+01 5.158840000000000003e+01 6.981289999999999907e+01 7.811809999999999832e+01 3.006515077671154668e-01 5.312169418444274704e-01
2.416859999999999786e+00 1.713549999999999907e+00 1.802829999999999933e+00 1.013490000000000002e+00 1.123390000000000111e+00 2.884500000000000064e+00 6.175594080560022903e-01 7.353307999464819833e-01 -1.388260000000000050e-01 8.328782996191856913e-01 nan nan 1.064681433775689356e-01 5.814972317790000345e-01 9.036284187830000147e-02 1.437076795730000134e-01 1.151670000000000016e+01 5.158840000000000003e+01 6.981289999999999907e+01 7.811809999999999832e+01 2.913242469567360882e-01 5.126675504492561597e-01
2.553350000000000009e+00 1.732390000000000096e+00 1.816249999999999920e+00 7.924649999999999750e-01 8.832259999999999556e-01 2.799179999999999779e+00 6.553771500957745744e-01 7.707630483161599377e-01 -1.922510000000000052e-01 8.629564976961395795e-01 nan nan 1.112071112012699148e-01 5.733442030690000246e-01 9.622112714290000091e-02 1.660462143900000020e-01 1.383150000000000013e+01 3.249869999999999948e+01 5.279180000000000206e+01 6.582750000000000057e+01 2.913242469567360882e-01 5.126675504492561597e-01
2.525049999999999795e+00 1.728250000000000064e+00 1.806859999999999911e+00 1.027959999999999985e+00 1.272569999999999979e+00 2.487919999999999909e+00 6.929605393106821332e-01 8.048589365638469939e-01 -1.922510000000000052e-01 8.907505161053067555e-01 nan nan 1.064681433775689356e-01 5.733442030690000246e-01 9.622112714290000091e-02 1.660462143900000020e-01 1.383150000000000013e+01 3.249869999999999948e+01 5.279180000000000206e+01 6.582750000000000057e+01 2.692805404769508248e-01 4.851698603355696360e-01
2.588260000000000005e+00 1.736750000000000016e+00 1.805090000000000083e+00 8.082939999999999570e-01 1.159810000000000008e+00 2.503449999999999953e+00 7.289064213094983424e-01 8.372321446516712840e-01 -2.456760000000000055e-01 9.159454375121851566e-01 nan nan 1.063150400861405664e-01 5.697125663759999847e-01 9.534566056439999771e-02 1.851694411079999880e-01 5.537219999999999587e+00 2.393459999999999965e+01 3.545830000000000126e+01 4.960499999999999687e+01 2.692805404769508248e-01 4.851698603355696360e-01
2.676410000000000178e+00 1.748480000000000034e+00 1.806789999999999896e+00 1.283660000000000023e+00 1.445910000000000029e+00 2.741530000000000022e+00 7.626209141229847166e-01 8.675158711963202318e-01 -2.456760000000000055e-01 9.382557933898547642e-01 nan nan 1.102017631561253985e-01 5.697125663759999847e-01 9.534566056439999771e-02 1.851694411079999880e-01 5.537219999999999587e+00 2.393459999999999965e+01 3.545830000000000126e+01 4.960499999999999687e+01 2.562447831761984762e-01 4.845672812972857679e-01
2.841320000000000068e+00 1.769970000000000043e+00 1.808929999999999927e+00 9.971339999999999648e-01 1.223300000000000054e+00 2.814799999999999969e+00 7.950255612026863039e-01 8.953669894752793734e-01 -2.456760000000000055e-01 9.574287984914556793e-01 nan nan 1.175365015697560356e-01 5.821774656749999499e-01 9.613856609010000553e-02 1.829833156070000133e-01 5.686259999999999870e+00 1.306170000000000009e+01 2.346310000000000073e+01 3.639059999999999917e+01 2.562447831761984762e-01 4.845672812972857679e-01
2.906509999999999927e+00 1.778229999999999977e+00 1.809669999999999890e+00 8.748909999999999743e-01 1.067010000000000014e+00 2.778189999999999937e+00 8.261278180477774624e-01 9.204699351897063231e-01 -1.922510000000000052e-01 9.732472150080431206e-01 nan nan 1.276883769176647698e-01 5.821774656749999499e-01 9.613856609010000553e-02 1.829833156070000133e-01 5.686259999999999870e+00 1.306170000000000009e+01 2.346310000000000073e+01 3.639059999999999917e+01 2.424191497347473190e-01 4.737878118346523504e-01
2.863150000000000084e+00 1.771980000000000111e+00 1.805060000000000109e+00 9.205069999999999641e-01 1.070389999999999953e+00 2.739850000000000119e+00 8.555752836603716105e-01 9.425402819340282790e-01 -1.922510000000000052e-01 9.855318139597650795e-01 nan nan 1.399945915033475874e-01 5.549498179790000041e-01 9.861498208320000625e-02 2.095653220500000025e-01 3.843309999999999782e+00 1.105969999999999942e+01 1.790670000000000073e+01 2.822100000000000009e+01 2.424191497347473190e-01 4.737878118346523504e-01
2.748689999999999856e+00 1.757589999999999986e+00 1.801409999999999956e+00 7.392009999999999970e-01 1.219470000000000054e+00 2.637490000000000112e+00 8.830343064884682569e-01 9.613279638607691302e-01 -2.456760000000000055e-01 9.941434059318220440e-01 nan nan 1.683258167788718174e-01 5.549498179790000041e-01 9.861498208320000625e-02 2.095653220500000025e-01 3.843309999999999782e+00 1.105969999999999942e+01 1.790670000000000073e+01 2.822100000000000009e+01 2.239662986179968840e-01 4.393169431834920147e-01
2.764440000000000008e+00 1.759600000000000053e+00 1.810689999999999911e+00 9.299429999999999641e-01 1.124540000000000095e+00 2.548849999999999838e+00 9.081937648313554989e-01 9.766201090265218543e-01 -2.456760000000000055e-01 9.989844181461534633e-01 nan nan 1.983509428606456959e-01 5.076046649930000543e-01 1.041295303589999943e-01 2.395864590219999868e-01 3.239120000000000221e+00 1.162480000000000047e+01 1.981350000000000122e+01 2.700069999999999837e+01 2.239662986179968840e-01 4.393169431834920147e-01
2.504960000000000075e+00 1.725629999999999997e+00 1.793989999999999974e+00 7.625210000000000043e-01 1.192280000000000006e+00 2.475039999999999907e+00 9.307685919727994861e-01 9.882434513161274525e-01 -2.456760000000000055e-01 1.000000000000000000e+00 nan nan 2.302775459650594492e-01 5.076046649930000543e-01 1.041295303589999943e-01 2.395864590219999868e-01 3.239120000000000221e+00 1.162480000000000047e+01 1.981350000000000122e+01 2.700069999999999837e+01 2.139387930020334450e-01 4.199272887960471268e-01
2.392469999999999875e+00 1.709729999999999972e+00 1.774589999999999890e+00 6.235920000000000352e-01 1.039760000000000018e+00 2.310620000000000118e+00 9.505030061008445941e-01 9.960662936169928372e-01 -1.922510000000000052e-01 9.971786445451519265e-01 nan nan 2.642916578140455108e-01 4.581331039170000174e-01 1.016933721019999959e-01 2.668877774369999845e-01 5.669500000000000206e+00 1.350609999999999999e+01 2.200989999999999824e+01 3.140060000000000073e+01 2.139387930020334450e-01 4.199272887960471268e-01
2.102930000000000188e+00 1.666430000000000078e+00 1.742799999999999905e+00 5.849999999999999645e-01 6.885620000000000074e-01 2.126440000000000108e+00 9.671734084179476332e-01 1.000000000000000000e+00 -1.922510000000000052e-01 9.905523188662692657e-01 nan nan 3.005556578213339769e-01 4.581331039170000174e-01 1.016933721019999959e-01 2.668877774369999845e-01 5.669500000000000206e+00 1.350609999999999999e+01 2.200989999999999824e+01 3.140060000000000073e+01 2.082247953884678315e-01 4.086891897320531486e-01
1.997910000000000075e+00 1.649270000000000014e+00 1.720569999999999933e+00 4.687109999999999888e-01 3.772699999999999942e-01 1.908020000000000049e+00 9.805909166047016567e-01 9.999999999999998890e-01 -2.456760000000000055e-01 9.801961018810387838e-01 nan nan 3.392064332688116135e-01 4.666529006110000100e-01 9.265605176760000061e-02 2.618822630609999869e-01 3.941370000000000040e+00 1.299920000000000009e+01 2.407519999999999882e+01 3.526440000000000197e+01 2.082247953884678315e-01 4.086891897320531486e-01
1.759370000000000100e+00 1.608079999999999954e+00 1.685729999999999951e+00 4.979410000000000225e-01 3.806919999999999749e-01 1.603040000000000020e+00 9.906035049319861230e-01 9.960662936169928372e-01 -1.922510000000000052e-01 9.662273336660378575e-01 nan nan 3.731915443206190730e-01 4.666529006110000100e-01 9.265605176760000061e-02 2.618822630609999869e-01 3.941370000000000040e+00 1.299920000000000009e+01 2.407519999999999882e+01 3.526440000000000197e+01 2.092611577007321699e-01 4.139918852689511430e-01
1.682730000000000059e+00 1.593669999999999920e+00 1.658250000000000002e+00 9.359059999999999602e-02 1.715629999999999933e-01 1.257149999999999990e+00 9.970977267732257232e-01 9.882434513161275635e-01 -1.922510000000000052e-01 9.488042859467789025e-01 nan nan 4.095215207634418375e-01 5.039655909010000157e-01 8.862386962649999866e-02 2.120935407220000124e-01 5.600590000000000401e+00 1.700270000000000081e+01 2.952520000000000167e+01 4.311999999999999744e+01 2.092611577007321699e-01 4.139918852689511430e-01
1.506590000000000096e+00 1.559050000000000047e+00 1.612989999999999924e+00 7.969769999999999632e-02 4.376680000000000015e-01 9.990940000000000376e-01 1.000000000000000000e+00 9.766201090265217433e-01 -2.991010000000000058e-01 9.281243688158176131e-01 nan nan 4.477847294474609496e-01 5.039655909010000157e-01 8.862386962649999866e-02 2.120935407220000124e-01 5.600590000000000401e+00 1.700270000000000081e+01 2.952520000000000167e+01 4.311999999999999744e+01 2.119388938372854803e-01 4.050636725183787146e-01
1.356610000000000094e+00 1.527220000000000022e+00 1.564400000000000013e+00 1.845449999999999868e-02 5.477919999999999456e-01 8.330570000000000475e-01 9.992774406969598955e-01 9.613279638607691302e-01 -4.593749999999999778e-01 9.044218939975234850e-01 nan nan 4.875476329290838740e-01 5.560525824259999750e-01 7.552558097059999809e-02 1.608568471629999996e-01 9.991089999999999804e+00 2.807229999999999848e+01 4.411039999999999850e+01 5.580360000000000298e+01 2.119388938372854803e-01 4.050636725183787146e-01
1.141070000000000029e+00 1.476339999999999986e+00 1.510250000000000092e+00 2.839949999999999974e-01 5.489150000000000418e-01 6.616340000000000554e-01 9.949382357497288387e-01 9.425402819340283900e-01 -4.593749999999999778e-01 8.779654200026162369e-01 nan nan 5.283597016234137245e-01 5.560525824259999750e-01 7.552558097059999809e-02 1.608568471629999996e-01 9.991089999999999804e+00 2.807229999999999848e+01 4.411039999999999850e+01 5.580360000000000298e+01 2.122806133024105479e-01 3.739806371269032148e-01
9.139439999999999786e-01 1.414439999999999920e+00 1.427159999999999984e+00 3.436060000000000225e-01 5.552280000000000548e-01 4.305769999999999875e-01 9.870315500842173906e-01 9.204699351897065451e-01 -4.593749999999999778e-01 8.490547092529288076e-01 nan nan 5.697585184844684569e-01 5.720269568739999588e-01 6.857662939740000185e-02 1.248985269809999993e-01 1.323750000000000071e+01 4.186319999999999908e+01 5.996490000000000009e+01 6.936209999999999809e+01 2.122806133024105479e-01 3.739806371269032148e-01
7.070419999999999483e-01 1.349310000000000009e+00 1.356349999999999945e+00 2.183940000000000048e-01 5.093879999999999519e-01 2.488589999999999969e-01 9.756469696083671650e-01 8.953669894752794844e-01 -4.059510000000000063e-01 8.180173316533889682e-01 nan nan 6.112750183750847999e-01 5.720269568739999588e-01 6.857662939740000185e-02 1.248985269809999993e-01 1.323750000000000071e+01 4.186319999999999908e+01 5.996490000000000009e+01 6.936209999999999809e+01 2.172831621935029656e-01 4.118259483924531228e-01
4.732999999999999985e-01 1.260180000000000078e+00 1.249440000000000106e+00 1.535350000000000048e-01 4.587289999999999979e-01 8.243190000000000239e-02 9.609134861680167505e-01 8.675158711963203428e-01 -4.059510000000000063e-01 7.852049530941060951e-01 nan nan 6.524388027623500008e-01 5.607794651899999927e-01 6.728240783170000294e-02 9.908889474889999438e-02 1.981299999999999883e+01 5.698190000000000310e+01 6.942900000000000205e+01 7.352280000000000371e+01 2.172831621935029656e-01 4.118259483924531228e-01
2.555379999999999874e-01 1.155129999999999990e+00 1.149650000000000061e+00 2.701370000000000160e-01 5.162809999999999899e-01 -7.116409999999999403e-02 9.429980360177470100e-01 8.372321446516715060e-01 -4.593749999999999778e-01 7.509893509353186003e-01 nan nan 6.927834695209429405e-01 5.607794651899999927e-01 6.728240783170000294e-02 9.908889474889999438e-02 1.981299999999999883e+01 5.698190000000000310e+01 6.942900000000000205e+01 7.352280000000000371e+01 2.218431563674660989e-01 4.353030972562568213e-01
5.873239999999999711e-02 1.029570000000000096e+00 1.019830000000000014e+00 3.308940000000000214e-01 5.136119999999999575e-01 -2.601100000000000079e-01 9.221036083664108096e-01 8.048589365638472160e-01 -4.059510000000000063e-01 7.157582016213459575e-01 nan nan 7.318518974555777712e-01 5.140737074710000076e-01 6.135006248830000147e-02 8.345920069550000209e-02 2.379960000000000164e+01 6.528230000000000643e+01 7.710519999999999641e+01 7.770799999999999841e+01 2.218431563674660989e-01 4.353030972562568213e-01
-9.815250000000000363e-02 8.933839999999999559e-01 8.465859999999999497e-01 1.675210000000000032e-01 1.588539999999999952e-01 -3.630829999999999891e-01 8.984669454282877554e-01 7.707630483161601598e-01 -3.525260000000000060e-01 6.799106881515687428e-01 nan nan 7.692014256668036065e-01 5.140737074710000076e-01 6.135006248830000147e-02 8.345920069550000209e-02 2.379960000000000164e+01 6.528230000000000643e+01 7.710519999999999641e+01 7.770799999999999841e+01 2.227450716770583705e-01 4.773497234831747260e-01
-1.978509999999999991e-01 7.721759999999999735e-01 7.489320000000000421e-01 -1.529069999999999874e-01 1.519880000000000120e-01 -4.396090000000000275e-01 8.723558600391978501e-01 7.353307999464820943e-01 -2.991010000000000058e-01 6.438529771775391985e-01 nan nan 8.044088690758722793e-01 3.645064554229999754e-01 6.949977597079999569e-02 9.517995295110000253e-02 2.810640000000000072e+01 7.083759999999999479e+01 8.209430000000000405e+01 7.900799999999999557e+01 2.227450716770583705e-01 4.773497234831747260e-01
-4.486029999999999740e-01 8.257320000000000285e-03 -3.006659999999999888e-01 -4.730650000000000133e-01 -2.374080000000000079e-01 -4.624800000000000022e-01 8.440662012300599315e-01 6.989636529868497039e-01 -3.525260000000000060e-01 6.043803749022526040e-01 nan nan 8.370753132807794428e-01 3.645064554229999754e-01 6.949977597079999569e-02 9.517995295110000253e-02 2.810640000000000072e+01 7.083759999999999479e+01 8.209430000000000405e+01 7.900799999999999557e+01 2.006621514881602453e-01 5.076862303994429393e-01
-4.795570000000000110e-01 -5.067800000000000082e-01 -1.882060000000000122e-01 -1.097450000000000037e+00 -1.061560000000000059e+00 -4.754059999999999953e-01 8.139185021391556196e-01 6.620736617438902627e-01 -4.059510000000000063e-01 5.651717522476669142e-01 nan nan 8.668306344158341892e-01 2.202277430050000040e-01 6.684666056969999770e-02 1.127564070609999997e-01 2.449589999999999890e+01 6.896020000000000039e+01 7.902880000000000393e+01 8.051819999999999311e+01 2.006621514881602453e-01 5.076862303994429393e-01
-4.829229999999999912e-01 -6.023950000000000138e-01 -3.677259999999999973e-01 -1.211529999999999996e+00 -1.218579999999999997e+00 -4.764160000000000061e-01 7.822543482435940776e-01 6.234143999129064806e-01 -4.059510000000000063e-01 5.264037349228924967e-01 nan nan 8.933376928029532760e-01 2.202277430050000040e-01 6.684666056969999770e-02 1.127564070609999997e-01 2.449589999999999890e+01 6.896020000000000039e+01 7.902880000000000393e+01 8.051819999999999311e+01 1.414942663955318647e-01 6.008248637501840683e-01
-4.827739999999999809e-01 -5.432740000000000347e-01 -3.804609999999999936e-01 -1.132849999999999913e+00 -1.109290000000000109e+00 -4.757230000000000070e-01 7.494325070593661486e-01 5.832481067679783360e-01 -5.128000000000000336e-01 4.882479564025957730e-01 nan nan 9.162961528789272947e-01 1.511134386580000044e-01 6.103774452079999829e-02 1.045386748249999970e-01 1.888700000000000045e+01 4.943679999999999808e+01 6.695170000000000243e+01 7.568120000000000402e+01 1.414942663955318647e-01 6.008248637501840683e-01
-4.816030000000000033e-01 -4.565699999999999759e-01 -4.125510000000000010e-01 -1.198499999999999899e+00 -1.235910000000000064e+00 -4.760340000000000127e-01 7.147201725117831028e-01 5.433952232761798395e-01 -6.196500000000000341e-01 4.508691132511505328e-01 nan nan 9.354458861173606810e-01 1.511134386580000044e-01 6.103774452079999829e-02 1.045386748249999970e-01 1.888700000000000045e+01 4.943679999999999808e+01 6.695170000000000243e+01 7.568120000000000402e+01 1.252429849475376056e-01 6.151361159094257403e-01
-4.908080000000000220e-01 -1.304219999999999935e+00 -9.725840000000000041e-01 -1.135389999999999899e+00 -1.227160000000000029e+00 -4.807830000000000159e-01 6.778808572001976396e-01 5.040607420919867021e-01 -5.662249999999999783e-01 4.144230990447537177e-01 nan nan 9.505699183888168813e-01 8.928510464029999760e-02 4.561598677209999925e-02 9.878796985880000658e-02 1.579899999999999949e+01 4.112689999999999912e+01 5.447240000000000038e+01 6.257710000000000150e+01 1.252429849475376056e-01 6.151361159094257403e-01
-4.860340000000000216e-01 -6.586319999999999952e-01 -6.217740000000000489e-01 -1.217479999999999896e+00 -1.214709999999999956e+00 -4.763620000000000076e-01 6.401623517563811427e-01 4.654437821645861506e-01 -6.730749999999999789e-01 3.790552380349153649e-01 nan nan 9.686591723627049344e-01 8.928510464029999760e-02 4.561598677209999925e-02 9.878796985880000658e-02 1.579899999999999949e+01 4.112689999999999912e+01 5.447240000000000038e+01 6.257710000000000150e+01 1.853744068926497235e-01 5.495453875922280407e-01
-4.901110000000000189e-01 -1.057460000000000067e+00 -1.000490000000000101e+00 -1.251889999999999947e+00 -1.242110000000000047e+00 -4.773470000000000213e-01 6.022644359250186596e-01 4.277353326406196921e-01 -6.730749999999999789e-01 3.448986385666203969e-01 nan nan 9.826608677810665382e-01 6.492942840069999832e-02 3.819860829240000200e-02 9.697506907130000464e-02 1.761799999999999855e+01 3.556730000000000302e+01 4.042470000000000141e+01 5.157939999999999969e+01 1.853744068926497235e-01 5.495453875922280407e-01
-4.915439999999999809e-01 -1.388190000000000035e+00 -1.368719999999999937e+00 -1.181519999999999904e+00 -1.293670000000000098e+00 -4.803939999999999877e-01 5.644145015083192884e-01 3.911160888808348224e-01 -4.593749999999999778e-01 3.120726849075922127e-01 nan nan 9.929641327323468492e-01 6.492942840069999832e-02 3.819860829240000200e-02 9.697506907130000464e-02 1.761799999999999855e+01 3.556730000000000302e+01 4.042470000000000141e+01 5.157939999999999969e+01 5.322868874958686103e-01 5.968043225003012431e-01
-4.895740000000000092e-01 -9.548640000000000461e-01 -9.600149999999999517e-01 -1.003349999999999964e+00 -1.161010000000000097e+00 -4.812460000000000071e-01 5.267946115342115876e-01 3.557544051094467807e-01 -5.128000000000000336e-01 2.806816845768365098e-01 nan nan 1.000000000000000000e+00 7.584937675609999819e-02 4.125860534620000297e-02 1.281143105410000038e-01 1.195340000000000025e+01 3.353229999999999933e+01 3.867470000000000141e+01 4.794019999999999726e+01 5.322868874958686103e-01 5.968043225003012431e-01
-4.900430000000000064e-01 -1.051050000000000040e+00 -9.675070000000000059e-01 -1.115660000000000096e+00 -1.180690000000000017e+00 -4.824019999999999975e-01 4.895856160059126605e-01 3.218043868935067664e-01 -6.730749999999999789e-01 2.508136864987710046e-01 nan nan 9.970742392905208584e-01 7.584937675609999819e-02 4.125860534620000297e-02 1.281143105410000038e-01 1.195340000000000025e+01 3.353229999999999933e+01 3.867470000000000141e+01 4.794019999999999726e+01 8.604776229769928175e-01 5.672712543017448539e-01
-4.920840000000000214e-01 -1.789099999999999913e+00 -1.447230000000000016e+00 -1.082989999999999897e+00 -1.192260000000000097e+00 -4.832440000000000069e-01 4.529818809768804133e-01 2.894041450652495850e-01 -5.128000000000000336e-01 2.225394833737299738e-01 nan nan 9.916155953164863535e-01 1.149438372029999988e-01 5.213169234369999933e-02 1.388917397290000133e-01 2.208889999999999887e+01 3.722359999999999758e+01 4.570779999999999887e+01 5.400130000000000052e+01 8.604776229769928175e-01 5.672712543017448539e-01
-4.915570000000000217e-01 -1.457910000000000039e+00 -1.236830000000000096e+00 -9.847989999999999799e-01 -1.203160000000000007e+00 -4.794579999999999953e-01 4.171626321257351222e-01 2.586742308711785787e-01 -3.525260000000000060e-01 1.959118095683817229e-01 nan nan 9.836859166952857114e-01 1.149438372029999988e-01 5.213169234369999933e-02 1.388917397290000133e-01 2.208889999999999887e+01 3.722359999999999758e+01 4.570779999999999887e+01 5.400130000000000052e+01 8.230845503588054557e-01 7.271957310622798598e-01
-4.915760000000000129e-01 -1.422109999999999985e+00 -1.320689999999999920e+00 -1.180490000000000039e+00 -1.409810000000000008e+00 -4.780730000000000257e-01 3.822874138339205086e-01 2.297162700782725553e-01 -5.128000000000000336e-01 1.709647436142825994e-01 nan nan 9.733750498542358409e-01 1.557785015089999947e-01 6.264383965370000362e-02 1.108748287369999974e-01 1.479829999999999934e+01 4.200249999999999773e+01 4.816329999999999956e+01 5.398429999999999751e+01 8.230845503588054557e-01 7.271957310622798598e-01
-4.918959999999999999e-01 -1.685589999999999922e+00 -1.304459999999999953e+00 -1.133899999999999908e+00 -1.220800000000000107e+00 -4.771170000000000133e-01 3.485162304565468938e-01 2.026118115134387665e-01 -6.196500000000000341e-01 1.477133220844972783e-01 nan nan 9.607998210346594403e-01 1.557785015089999947e-01 6.264383965370000362e-02 1.108748287369999974e-01 1.479829999999999934e+01 4.200249999999999773e+01 4.816329999999999956e+01 5.398429999999999751e+01 9.472575612434107617e-01 9.696199734865222908e-01
-4.765010000000000079e-01 -3.001969999999999916e-01 -2.375970000000000026e-01 -1.199699999999999989e+00 -1.223519999999999941e+00 -4.743700000000000139e-01 3.160022761002280189e-01 1.774214030827179212e-01 -6.196500000000000341e-01 1.261533692232182924e-01 nan nan 9.461027126038885626e-01 2.306947465410000009e-01 6.795643655170000019e-02 8.713343192349999600e-02 1.863929999999999865e+01 4.125909999999999656e+01 5.023299999999999699e+01 5.538519999999999754e+01 9.472575612434107617e-01 9.696199734865222908e-01
-4.804720000000000102e-01 -4.037939999999999863e-01 -3.742289999999999783e-01 -1.179610000000000047e+00 -1.321669999999999900e+00 -4.740659999999999874e-01 2.848841710269914840e-01 1.541839057393161738e-01 -6.730749999999999789e-01 1.098747863290175930e-01 nan nan 9.294502486731104351e-01 2.306947465410000009e-01 6.795643655170000019e-02 8.713343192349999600e-02 1.863929999999999865e+01 4.125909999999999656e+01 5.023299999999999699e+01 5.538519999999999754e+01 6.897075217496037025e-01 8.338923927744077425e-01
-4.916179999999999994e-01 -1.556759999999999922e+00 -1.172369999999999912e+00 -1.078019999999999978e+00 -1.144730000000000025e+00 -4.806150000000000144e-01 2.552843453785359484e-01 1.329160531734765449e-01 -6.196500000000000341e-01 9.556276203241420575e-02 nan nan 9.110311083126477749e-01 3.057216963259999920e-01 4.823867514190000039e-02 7.902889816710000070e-02 2.749149999999999849e+01 5.407580000000000098e+01 5.767479999999999762e+01 5.742490000000000094e+01 6.897075217496037025e-01 8.338923927744077425e-01
-4.868819999999999815e-01 -7.189250000000000362e-01 -6.531719999999999748e-01 -1.231719999999999926e+00 -1.343280000000000030e+00 -4.717279999999999807e-01 2.273070054709441790e-01 1.136122622130819604e-01 -6.730749999999999789e-01 7.976621521721249941e-02 nan nan 8.910539877426996158e-01 3.057216963259999920e-01 4.823867514190000039e-02 7.902889816710000070e-02 2.749149999999999849e+01 5.407580000000000098e+01 5.767479999999999762e+01 5.742490000000000094e+01 4.821269515822731444e-01 6.907396992461066754e-01
-4.917250000000000232e-01 -1.458159999999999901e+00 -1.439279999999999893e+00 -1.177769999999999984e+00 -1.280550000000000077e+00 -4.617950000000000110e-01 2.010391809028529986e-01 9.624469608322649972e-02 -5.662249999999999783e-01 6.589575763653610085e-02 nan nan 8.697452357217760888e-01 2.976537020419999791e-01 2.314333809420000138e-02 5.517826129859999817e-02 1.868509999999999849e+01 5.357280000000000086e+01 5.801310000000000144e+01 5.642020000000000124e+01 4.821269515822731444e-01 6.907396992461066754e-01
-4.918959999999999999e-01 -1.683740000000000014e+00 -1.779949999999999921e+00 -5.655829999999999885e-02 4.722230000000000177e-02 -4.674429999999999974e-01 1.765502082451033683e-01 8.076357980799819813e-02 -5.128000000000000336e-01 5.384092346459068423e-02 nan nan 8.473462889248192242e-01 2.976537020419999791e-01 2.314333809420000138e-02 5.517826129859999817e-02 1.868509999999999849e+01 5.357280000000000086e+01 5.801310000000000144e+01 5.642020000000000124e+01 4.348464223092393111e-01 6.771348036261868319e-01
-3.341529999999999778e-01 5.569960000000000466e-01 4.130550000000000055e-01 1.589460000000000095e+00 1.914830000000000032e+00 -4.521169999999999911e-01 1.538870880083084147e-01 6.709776418084500982e-02 9.830940000000000234e-01 4.347067513687519202e-02 nan nan 8.241109363692037393e-01 2.191239184500000103e-01 1.391051393669999990e-02 4.429372506749999772e-02 2.594460000000000122e+01 5.577929999999999922e+01 5.577870000000000061e+01 5.135229999999999961e+01 4.348464223092393111e-01 6.771348036261868319e-01
-2.883499999999999952e-01 6.512759999999999661e-01 3.823199999999999932e-01 2.199180000000000135e+00 2.226799999999999891e+00 -4.347570000000000046e-01 1.330763791872305868e-01 5.515553191351474371e-02 2.799539999999999917e+00 3.463488805814640692e-02 nan nan 8.003024438837605947e-01 2.191239184500000103e-01 1.391051393669999990e-02 4.429372506749999772e-02 2.594460000000000122e+01 5.577929999999999922e+01 5.577870000000000061e+01 5.135229999999999961e+01 4.843229192925846416e-01 7.451894106777006144e-01
-4.285289999999999933e-01 1.491419999999999968e-01 -6.452329999999999455e-01 2.112159999999999815e+00 1.506340000000000012e+00 -4.489839999999999942e-01 1.141241121538195680e-01 4.482563682957951823e-02 3.868030000000000079e+00 2.716605157407137039e-02 nan nan 7.761905712017406200e-01 1.527172293369999934e-01 1.718901724349999882e-02 4.181471232830000218e-02 1.873150000000000048e+01 4.723270000000000124e+01 5.198319999999999652e+01 4.905270000000000152e+01 4.843229192925846416e-01 7.451894106777006144e-01
-4.225539999999999852e-01 2.205590000000000050e-01 -1.111300000000000066e-01 2.059950000000000170e+00 1.295120000000000049e+00 -4.298980000000000024e-01 9.701521265469947863e-02 3.597856432806645355e-02 3.547480000000000189e+00 2.088116693387309653e-02 nan nan 7.520485154752463153e-01 1.527172293369999934e-01 1.718901724349999882e-02 4.181471232830000218e-02 1.873150000000000048e+01 4.723270000000000124e+01 5.198319999999999652e+01 4.905270000000000152e+01 9.663938512904111100e-01 1.000000000000000000e+00
-4.296840000000000104e-01 2.178879999999999983e-01 -1.272010000000000085e-01 1.943440000000000056e+00 1.422460000000000058e+00 -4.312520000000000242e-01 8.171280556010951379e-02 2.846799883563766453e-02 1.570770000000000000e+00 1.558382073930086875e-02 nan nan 7.281498158423354017e-01 1.249524983749999985e-01 1.822449584030000000e-02 4.591944649500000197e-02 1.776670000000000016e+01 3.901740000000000208e+01 4.207180000000000319e+01 4.404070000000000107e+01 9.663938512904111100e-01 1.000000000000000000e+00
-4.286980000000000235e-01 2.433740000000000070e-01 8.102220000000000255e-02 1.773519999999999985e+00 1.312419999999999920e+00 -4.587240000000000206e-01 6.815661984690535302e-02 2.213248162050163170e-02 1.463920000000000110e+00 1.106641038691424939e-02 nan nan 7.047652541192843678e-01 1.249524983749999985e-01 1.822449584030000000e-02 4.591944649500000197e-02 1.776670000000000016e+01 3.901740000000000208e+01 4.207180000000000319e+01 4.404070000000000107e+01 3.837677652107176485e-01 6.552344032458924383e-01
-4.602069999999999772e-01 -7.606449999999999323e-02 -5.325429999999999886e-01 1.740680000000000005e+00 1.359450000000000047e+00 -4.740460000000000229e-01 5.626667179043920441e-02 1.679724018435935218e-02 2.639260000000000161e+00 7.112496288534830846e-03 nan nan 6.821597867344122434e-01 1.287764702099999936e-01 1.911609416069999859e-02 5.063884832670000058e-02 1.072059999999999924e+01 2.564829999999999899e+01 3.620940000000000225e+01 4.148660000000000281e+01 3.837677652107176485e-01 6.552344032458924383e-01
-4.650850000000000262e-01 -1.754310000000000036e-01 -5.554750000000000520e-01 1.714199999999999946e+00 1.302499999999999991e+00 -4.809470000000000134e-01 4.594371764432436667e-02 1.227616850464607889e-02 3.707759999999999945e+00 3.499254218264136185e-03 nan nan 6.605895426658758840e-01 1.287764702099999936e-01 1.911609416069999859e-02 5.063884832670000058e-02 1.072059999999999924e+01 2.564829999999999899e+01 3.620940000000000225e+01 4.148660000000000281e+01 5.235310264468457930e-01 6.709315871931869069e-01
-4.761529999999999929e-01 -4.073959999999999804e-01 -1.172709999999999919e+00 1.557949999999999946e+00 1.275689999999999991e+00 -4.830329999999999901e-01 3.706533581386428633e-02 8.373935690130895892e-03 3.547480000000000189e+00 0.000000000000000000e+00 nan nan 6.402989213980042615e-01 1.505466528759999978e-01 2.378827771940000141e-02 6.677833460090000506e-02 1.134900000000000020e+01 2.274449999999999861e+01 3.276039999999999708e+01 4.271479999999999677e+01 5.235310264468457930e-01 6.709315871931869069e-01
-4.789769999999999861e-01 -4.878449999999999731e-01 -1.160469999999999891e+00 1.438749999999999973e+00 1.264809999999999990e+00 -4.805209999999999759e-01 2.949286994283584207e-02 4.888199157964678854e-03 3.013240000000000141e+00 0.000000000000000000e+00 nan nan 6.141222291028192171e-01 1.505466528759999978e-01 2.378827771940000141e-02 6.677833460090000506e-02 1.134900000000000020e+01 2.274449999999999861e+01 3.276039999999999708e+01 4.271479999999999677e+01 4.951122912570234957e-01 6.815938885094873223e-01
-4.855110000000000259e-01 -7.573290000000000299e-01 -2.010619999999999852e+00 1.208919999999999995e+00 9.942199999999999926e-01 -4.708870000000000000e-01 2.307919385928058897e-02 1.611897255995975442e-03 2.852959999999999940e+00 0.000000000000000000e+00 nan nan 5.889705692696738382e-01 1.487263338969999904e-01 2.915787017049999846e-02 1.204709356069999932e-01 1.101919999999999966e+01 1.912430000000000163e+01 2.710930000000000106e+01 3.618399999999999750e+01 4.951122912570234957e-01 6.815938885094873223e-01
-4.865459999999999785e-01 -8.141169999999999796e-01 -1.296159999999999979e+00 9.402570000000000094e-01 7.888159999999999616e-01 -4.626009999999999844e-01 1.765925191218253865e-02 0.000000000000000000e+00 2.211860000000000159e+00 0.000000000000000000e+00 nan nan 5.645811473622424081e-01 1.487263338969999904e-01 2.915787017049999846e-02 1.204709356069999932e-01 1.101919999999999966e+01 1.912430000000000163e+01 2.710930000000000106e+01 3.618399999999999750e+01 4.147241875759765106e-01 6.545113083999518633e-01
-4.785719999999999974e-01 -3.985170000000000101e-01 -5.029569999999999874e-01 1.046699999999999964e+00 6.444849999999999746e-01 -4.612589999999999746e-01 1.305472135832763669e-02 0.000000000000000000e+00 9.296699999999999964e-01 0.000000000000000000e+00 nan nan 5.406825323839261621e-01 1.686205759480000066e-01 3.976201542840000075e-02 1.386066346729999954e-01 7.901259999999999728e+00 1.866989999999999839e+01 2.862699999999999889e+01 3.532180000000000319e+01 4.147241875759765106e-01 6.545113083999518633e-01
-4.369759999999999756e-01 2.148919999999999997e-01 1.869830000000000103e-01 8.015099999999999447e-01 7.938460000000000516e-01 -4.624619999999999842e-01 9.090006423312702033e-03 0.000000000000000000e+00 -3.525260000000000060e-01 0.000000000000000000e+00 nan nan 5.169977322995027436e-01 1.686205759480000066e-01 3.976201542840000075e-02 1.386066346729999954e-01 7.901259999999999728e+00 1.866989999999999839e+01 2.862699999999999889e+01 3.532180000000000319e+01 4.965127808681916166e-01 6.503501653744694355e-01
-4.697290000000000076e-01 -1.499260000000000037e-01 -1.640890000000000126e-01 4.320049999999999724e-01 3.366770000000000040e-01 -4.720010000000000039e-01 5.584542032611827800e-03 0.000000000000000000e+00 -2.456760000000000055e-01 0.000000000000000000e+00 nan nan 4.932473324655660685e-01 2.005119687520000027e-01 5.613534361429999703e-02 1.146423164119999977e-01 1.436689999999999934e+01 2.920489999999999853e+01 3.522359999999999758e+01 3.759920000000000329e+01 4.965127808681916166e-01 6.503501653744694355e-01
-4.898939999999999961e-01 -1.140050000000000008e+00 -1.254809999999999981e+00 2.220630000000000104e-01 1.137579999999999980e-01 -4.822659999999999725e-01 2.324305730212250509e-03 0.000000000000000000e+00 6.625459999999999683e-01 0.000000000000000000e+00 nan nan 4.765482561847482756e-01 2.005119687520000027e-01 5.613534361429999703e-02 1.146423164119999977e-01 1.436689999999999934e+01 2.920489999999999853e+01 3.522359999999999758e+01 3.759920000000000329e+01 5.110946786996735103e-01 6.162977543887839804e-01
-4.906650000000000178e-01 -1.267490000000000006e+00 -1.318969999999999976e+00 1.718959999999999932e-01 -2.187079999999999927e-02 -4.794640000000000013e-01 3.627950856300854454e-04 0.000000000000000000e+00 1.303639999999999910e+00 0.000000000000000000e+00 nan nan 4.599274266656214749e-01 2.180368883490000076e-01 5.794109202270000120e-02 1.087185070640000056e-01 1.443510000000000026e+01 3.603750000000000142e+01 4.245810000000000173e+01 4.104229999999999734e+01 5.110946786996735103e-01 6.162977543887839804e-01
-4.912790000000000212e-01 -1.423380000000000090e+00 -1.360880000000000090e+00 1.705379999999999951e-01 -1.431239999999999943e-02 -4.605339999999999989e-01 0.000000000000000000e+00 0.000000000000000000e+00 1.036520000000000108e+00 0.000000000000000000e+00 nan nan 4.435731645479841223e-01 2.180368883490000076e-01 5.794109202270000120e-02 1.087185070640000056e-01 1.443510000000000026e+01 3.603750000000000142e+01 4.245810000000000173e+01 4.104229999999999734e+01 5.432611240889815285e-01 6.325841267290671643e-01
-4.914009999999999767e-01 -1.473379999999999912e+00 -1.278620000000000090e+00 1.143649999999999944e-01 -3.005820000000000158e-01 -4.538050000000000139e-01 0.000000000000000000e+00 0.000000000000000000e+00 7.487270000000000036e-02 0.000000000000000000e+00 nan nan 4.276707701564601560e-01 2.521845894040000147e-01 7.835334255270000325e-02 1.289949780730000051e-01 1.494239999999999924e+01 3.062569999999999837e+01 3.645570000000000022e+01 3.902389999999999759e+01 5.432611240889815285e-01 6.325841267290671643e-01
-4.766150000000000109e-01 -2.985700000000000021e-01 -2.691850000000000076e-01 -1.503629999999999967e-01 -3.061690000000000245e-01 -4.339629999999999876e-01 0.000000000000000000e+00 0.000000000000000000e+00 -5.662249999999999783e-01 0.000000000000000000e+00 nan nan 4.124004239737805166e-01 2.521845894040000147e-01 7.835334255270000325e-02 1.289949780730000051e-01 1.494239999999999924e+01 3.062569999999999837e+01 3.645570000000000022e+01 3.902389999999999759e+01 5.739430504904514674e-01 6.253799595602511641e-01
-4.325840000000000241e-01 2.604589999999999961e-01 2.296660000000000090e-01 1.449549999999999970e-03 -3.225370000000000181e-01 -4.015449999999999853e-01 0.000000000000000000e+00 0.000000000000000000e+00 -6.730749999999999789e-01 0.000000000000000000e+00 nan nan 3.979351451239153681e-01 2.232396190129999902e-01 8.547525169660000199e-02 1.715428821069999998e-01 1.697970000000000113e+01 3.649909999999999854e+01 4.691729999999999734e+01 4.249340000000000117e+01 5.739430504904514674e-01 6.253799595602511641e-01
-4.733660000000000090e-01 -2.178990000000000093e-01 -1.998689999999999911e-01 -2.015629999999999922e-01 -2.802890000000000104e-01 -4.244080000000000075e-01 0.000000000000000000e+00 0.000000000000000000e+00 -6.730749999999999789e-01 0.000000000000000000e+00 nan nan 3.770432363216019711e-01 2.232396190129999902e-01 8.547525169660000199e-02 1.715428821069999998e-01 1.697970000000000113e+01 3.649909999999999854e+01 4.691729999999999734e+01 4.249340000000000117e+01 6.581516898307648855e-01 6.153068466369394640e-01
-4.789370000000000016e-01 -3.495670000000000166e-01 -3.706039999999999890e-01 -1.741870000000000085e-01 -2.953500000000000014e-01 -4.649559999999999804e-01 0.000000000000000000e+00 0.000000000000000000e+00 -6.730749999999999789e-01 0.000000000000000000e+00 nan nan 3.565759223475269968e-01 1.894080466839999921e-01 8.510319605789999631e-02 1.949341906560000115e-01 1.842569999999999908e+01 5.270170000000000243e+01 5.357699999999999818e+01 4.904809999999999803e+01 6.581516898307648855e-01 6.153068466369394640e-01
-4.449779999999999847e-01 1.570779999999999954e-01 1.603779999999999928e-01 -2.560970000000000191e-01 -3.936089999999999867e-01 -4.631669999999999954e-01 0.000000000000000000e+00 0.000000000000000000e+00 -6.730749999999999789e-01 0.000000000000000000e+00 nan nan 3.362173331550116773e-01 1.894080466839999921e-01 8.510319605789999631e-02 1.949341906560000115e-01 1.842569999999999908e+01 5.270170000000000243e+01 5.357699999999999818e+01 4.904809999999999803e+01 7.597376042664516493e-01 5.970420064542910632e-01
-4.833879999999999844e-01 -5.480399999999999716e-01 -4.402690000000000214e-01 -2.947350000000000247e-01 -4.070500000000000229e-01 -4.620179999999999843e-01 0.000000000000000000e+00 0.000000000000000000e+00 -6.196500000000000341e-01 0.000000000000000000e+00 nan nan 3.156503668021581888e-01 2.373395811039999970e-01 6.168853184700000269e-02 1.919577705880000096e-01 2.780930000000000035e+01 4.393030000000000257e+01 4.457849999999999824e+01 3.890729999999999933e+01 7.597376042664516493e-01 5.970420064542910632e-01
-4.784410000000000052e-01 -3.891260000000000274e-01 -2.490980000000000139e-01 -5.422439999999999483e-01 -4.405120000000000147e-01 -4.411450000000000093e-01 0.000000000000000000e+00 0.000000000000000000e+00 -3.525260000000000060e-01 0.000000000000000000e+00 nan nan 2.945602823435585771e-01 2.373395811039999970e-01 6.168853184700000269e-02 1.919577705880000096e-01 2.780930000000000035e+01 4.393030000000000257e+01 4.457849999999999824e+01 3.890729999999999933e+01 5.439669708530101566e-01 6.145435798551133200e-01
-4.898520000000000096e-01 -1.080570000000000030e+00 -1.071830000000000060e+00 4.730909999999999838e-01 3.027329999999999952e-02 -4.283699999999999730e-01 0.000000000000000000e+00 0.000000000000000000e+00 6.091210000000000235e-01 0.000000000000000000e+00 nan nan 2.726382659709704059e-01 2.491230003100000090e-01 5.898043214620000280e-02 2.081981047089999926e-01 1.812640000000000029e+01 3.541680000000000206e+01 3.620089999999999719e+01 3.262290000000000134e+01 5.439669708530101566e-01 6.145435798551133200e-01
-4.625949999999999784e-01 -2.541190000000000115e-02 -4.038590000000000235e-02 -1.936120000000000063e-01 -2.277810000000000112e-01 -4.485589999999999855e-01 0.000000000000000000e+00 7.059405586845590719e-04 3.419969999999999954e-01 0.000000000000000000e+00 nan nan 2.569805246718234182e-01 2.491230003100000090e-01 5.898043214620000280e-02 2.081981047089999926e-01 1.812640000000000029e+01 3.541680000000000206e+01 3.620089999999999719e+01 3.262290000000000134e+01 6.988947335988662246e-01 5.998741279342252319e-01
-4.066710000000000047e-01 4.049820000000000086e-01 3.815839999999999788e-01 -4.883990000000000276e-01 -4.984469999999999734e-01 -4.383099999999999774e-01 0.000000000000000000e+00 1.434877059621086914e-03 -6.730749999999999789e-01 0.000000000000000000e+00 nan nan 2.406021829132515277e-01 2.453892911789999909e-01 6.134200774839999870e-02 1.828858379380000065e-01 2.213370000000000104e+01 3.911880000000000024e+01 3.711390000000000100e+01 3.440120000000000289e+01 6.988947335988662246e-01 5.998741279342252319e-01
-4.720659999999999856e-01 -2.135479999999999878e-01 -1.307709999999999984e-01 -6.709410000000000096e-01 -5.934190000000000298e-01 -4.507809999999999873e-01 0.000000000000000000e+00 2.232540834099516758e-03 -2.456760000000000055e-01 0.000000000000000000e+00 nan nan 2.236888138518325908e-01 2.453892911789999909e-01 6.134200774839999870e-02 1.828858379380000065e-01 2.213370000000000104e+01 3.911880000000000024e+01 3.711390000000000100e+01 3.440120000000000289e+01 5.384938574525655053e-01 5.592569530925695087e-01
-4.904379999999999851e-01 -1.189440000000000053e+00 -1.055080000000000018e+00 -4.740440000000000209e-01 -5.252280000000000282e-01 -4.666759999999999797e-01 0.000000000000000000e+00 3.143884505938498997e-03 -8.540169999999999706e-02 0.000000000000000000e+00 nan nan 2.064320527172718300e-01 2.552183283359999999e-01 7.751545084960000109e-02 1.765869911469999942e-01 1.547090000000000032e+01 3.071539999999999893e+01 3.772930000000000206e+01 3.311760000000000304e+01 5.384938574525655053e-01 5.592569530925695087e-01
-4.772500000000000075e-01 -3.039410000000000167e-01 -3.072670000000000123e-01 -5.927769999999999984e-01 -5.302700000000000191e-01 -4.520520000000000094e-01 0.000000000000000000e+00 4.212572660295066385e-03 -5.128000000000000336e-01 0.000000000000000000e+00 nan nan 1.890274255086755728e-01 2.552183283359999999e-01 7.751545084960000109e-02 1.765869911469999942e-01 1.547090000000000032e+01 3.071539999999999893e+01 3.772930000000000206e+01 3.311760000000000304e+01 9.677159134833538401e-01 7.059481246401264620e-01
-4.802699999999999747e-01 -4.325100000000000056e-01 -3.129230000000000067e-01 -7.732069999999999776e-01 -6.556530000000000413e-01 -4.512129999999999752e-01 0.000000000000000000e+00 5.480487106468201475e-03 -6.196500000000000341e-01 0.000000000000000000e+00 nan nan 1.716721336068536274e-01 2.949367964130000241e-01 9.243143401169999496e-02 1.529301985959999888e-01 1.343970000000000020e+01 1.989189999999999969e+01 2.259880000000000067e+01 2.696649999999999991e+01 9.677159134833538401e-01 7.059481246401264620e-01
-4.740840000000000054e-01 -2.460529999999999939e-01 -1.806550000000000100e-01 -6.752150000000000096e-01 -6.968670000000000142e-01 -4.267270000000000230e-01 0.000000000000000000e+00 6.987252340263427897e-03 -6.196500000000000341e-01 0.000000000000000000e+00 nan nan 1.545628194038761727e-01 2.949367964130000241e-01 9.243143401169999496e-02 1.529301985959999888e-01 1.343970000000000020e+01 1.989189999999999969e+01 2.259880000000000067e+01 2.696649999999999991e+01 8.308152530124531809e-01 6.814398960885925671e-01
-4.443920000000000092e-01 1.729729999999999879e-01 1.418889999999999874e-01 -7.725309999999999677e-01 -7.730019999999999669e-01 -4.194880000000000275e-01 0.000000000000000000e+00 8.769786582622285387e-03 -6.730749999999999789e-01 0.000000000000000000e+00 nan nan 1.378933382661982066e-01 3.360244539580000134e-01 9.941537275780000515e-02 1.355721232359999862e-01 8.852180000000000604e+00 1.643769999999999953e+01 1.970080000000000098e+01 2.172710000000000008e+01 8.308152530124531809e-01 6.814398960885925671e-01
-4.768600000000000061e-01 -2.697530000000000205e-01 -3.579499999999999904e-01 -5.851319999999999855e-01 -5.515649999999999720e-01 -4.432039999999999869e-01 0.000000000000000000e+00 1.086188348142835824e-02 -6.730749999999999789e-01 0.000000000000000000e+00 nan nan 1.218525620758962313e-01 3.360244539580000134e-01 9.941537275780000515e-02 1.355721232359999862e-01 8.852180000000000604e+00 1.643769999999999953e+01 1.970080000000000098e+01 2.172710000000000008e+01 7.958758381930323145e-01 8.128222124024158113e-01
-4.423210000000000197e-01 1.818400000000000016e-01 1.768609999999999904e-01 -8.034369999999999568e-01 -6.723949999999999649e-01 -4.291090000000000182e-01 0.000000000000000000e+00 1.329382921597210832e-02 -6.730749999999999789e-01 0.000000000000000000e+00 nan nan 1.066222392367752736e-01 3.440523174710000132e-01 1.218889542650000019e-01 1.315677588199999914e-01 1.123259999999999970e+01 1.562930000000000064e+01 1.878409999999999869e+01 2.102749999999999986e+01 7.958758381930323145e-01 8.128222124024158113e-01
-4.662339999999999818e-01 -1.676499999999999935e-01 6.220740000000000297e-02 -7.861559999999999659e-01 -6.156030000000000113e-01 -4.369739999999999736e-01 0.000000000000000000e+00 1.609205934243884695e-02 -5.128000000000000336e-01 0.000000000000000000e+00 nan nan 9.237493539233088136e-02 3.440523174710000132e-01 1.218889542650000019e-01 1.315677588199999914e-01 1.123259999999999970e+01 1.562930000000000064e+01 1.878409999999999869e+01 2.102749999999999986e+01 6.327356043672868191e-01 6.869668849341850070e-01
-4.417440000000000255e-01 1.741000000000000048e-01 2.072950000000000070e-01 -5.867409999999999570e-01 -6.210419999999999829e-01 -4.576850000000000085e-01 0.000000000000000000e+00 1.927885926849304266e-02 -5.128000000000000336e-01 0.000000000000000000e+00 nan nan 7.927207818805437345e-02 2.899570338929999824e-01 1.483934934720000098e-01 1.278522258099999975e-01 8.868489999999999540e+00 2.062320000000000064e+01 2.010500000000000043e+01 2.203890000000000171e+01 6.327356043672868191e-01 6.869668849341850070e-01
-4.550600000000000200e-01 7.523799999999999932e-02 2.926990000000000147e-02 -7.741170000000000551e-01 -6.478260000000000129e-01 -4.611509999999999776e-01 0.000000000000000000e+00 2.287211175070558156e-02 -6.730749999999999789e-01 0.000000000000000000e+00 nan nan 6.746212823170627537e-02 2.899570338929999824e-01 1.483934934720000098e-01 1.278522258099999975e-01 8.868489999999999540e+00 2.062320000000000064e+01 2.010500000000000043e+01 2.203890000000000171e+01 6.983009260037309485e-01 6.454257555671607527e-01
-4.729010000000000158e-01 -2.259099999999999997e-01 -1.455269999999999897e-01 -6.603970000000000118e-01 -7.133509999999999573e-01 -4.746710000000000096e-01 0.000000000000000000e+00 2.688509427577601141e-02 -5.128000000000000336e-01 0.000000000000000000e+00 nan nan 5.707889697530854622e-02 2.270976824990000031e-01 1.474105313430000008e-01 1.260438903870000071e-01 1.015620000000000012e+01 1.926279999999999859e+01 2.158190000000000097e+01 2.020970000000000155e+01 6.983009260037309485e-01 6.454257555671607527e-01
-4.873859999999999859e-01 -7.987630000000000008e-01 -6.370080000000000187e-01 -7.412689999999999557e-01 -7.579730000000000079e-01 -4.727009999999999823e-01 0.000000000000000000e+00 3.132632862130235729e-02 -4.593749999999999778e-01 0.000000000000000000e+00 nan nan 4.824003057792491944e-02 2.270976824990000031e-01 1.474105313430000008e-01 1.260438903870000071e-01 1.015620000000000012e+01 1.926279999999999859e+01 2.158190000000000097e+01 2.020970000000000155e+01 2.930272423239165258e-01 5.668461013136223414e-01
-4.902489999999999903e-01 -1.206180000000000030e+00 -9.531640000000000112e-01 -8.816439999999999833e-01 -7.683940000000000214e-01 -4.684860000000000135e-01 0.000000000000000000e+00 3.619948430063602007e-02 -4.059510000000000063e-01 0.000000000000000000e+00 nan nan 4.104567692766947218e-02 1.804969703429999961e-01 1.185698970910000066e-01 1.623022472160000063e-01 9.928969999999999629e+00 1.895200000000000173e+01 1.821659999999999968e+01 1.826340000000000074e+01 2.930272423239165258e-01 5.668461013136223414e-01
-4.907529999999999948e-01 -1.260869999999999935e+00 -1.037190000000000056e+00 -8.493030000000000301e-01 -8.246830000000000549e-01 -4.740059999999999829e-01 0.000000000000000000e+00 4.150333698583008601e-02 -3.525260000000000060e-01 0.000000000000000000e+00 nan nan 3.557735092611746808e-02 1.804969703429999961e-01 1.185698970910000066e-01 1.623022472160000063e-01 9.928969999999999629e+00 1.895200000000000173e+01 1.821659999999999968e+01 1.826340000000000074e+01 7.207311676161985980e-01 7.603107968773015202e-01
-4.549389999999999823e-01 5.360519999999999868e-02 8.192460000000000020e-02 -7.405749999999999833e-01 -7.250670000000000170e-01 -4.701919999999999988e-01 0.000000000000000000e+00 4.723178237976255467e-02 -5.662249999999999783e-01 0.000000000000000000e+00 nan nan 3.189701089189889149e-02 1.554792939880000058e-01 9.752052135140000522e-02 2.434396151990000090e-01 9.304970000000000852e+00 1.747469999999999857e+01 2.034090000000000131e+01 1.988520000000000110e+01 7.207311676161985980e-01 7.603107968773015202e-01
-4.776839999999999975e-01 -3.485380000000000145e-01 -2.448649999999999993e-01 -9.008720000000000061e-01 -8.154569999999999874e-01 -4.728849999999999998e-01 0.000000000000000000e+00 5.337390538026332010e-02 -4.059510000000000063e-01 0.000000000000000000e+00 nan nan 2.265076187352654813e-02 1.554792939880000058e-01 9.752052135140000522e-02 2.434396151990000090e-01 9.304970000000000852e+00 1.747469999999999857e+01 2.034090000000000131e+01 1.988520000000000110e+01 2.961531351360435771e-01 5.520628289077250672e-01
-4.918040000000000189e-01 -1.570419999999999927e+00 -1.394200000000000106e+00 -1.056329999999999991e+00 -1.026259999999999950e+00 -4.774649999999999728e-01 0.000000000000000000e+00 5.991410375258254817e-02 -3.197690000000000254e-02 0.000000000000000000e+00 nan nan 1.455787867296565175e-02 1.393801815319999915e-01 8.307975512649999617e-02 3.006188196890000053e-01 9.094670000000000698e+00 1.825509999999999877e+01 2.228719999999999857e+01 2.176980000000000004e+01 2.961531351360435771e-01 5.520628289077250672e-01
-4.895039999999999947e-01 -1.041970000000000063e+00 -7.993050000000000432e-01 -1.036019999999999941e+00 -9.651669999999999972e-01 -4.610330000000000261e-01 0.000000000000000000e+00 6.683226490894478289e-02 -2.456760000000000055e-01 0.000000000000000000e+00 nan nan 7.162283998301655075e-03 1.393801815319999915e-01 8.307975512649999617e-02 3.006188196890000053e-01 9.094670000000000698e+00 1.825509999999999877e+01 2.228719999999999857e+01 2.176980000000000004e+01 7.104739817040037764e-01 7.838180746930194509e-01
-4.872839999999999949e-01 -8.593750000000000000e-01 -5.276889999999999636e-01 -1.046110000000000095e+00 -9.474200000000000399e-01 -4.291380000000000194e-01 0.000000000000000000e+00 7.410399379220544702e-02 -6.196500000000000341e-01 0.000000000000000000e+00 nan nan 0.000000000000000000e+00 1.815263118669999953e-01 8.128147203240000673e-02 2.688612642629999994e-01 8.673189999999999955e+00 1.417980000000000018e+01 1.721809999999999974e+01 1.924459999999999837e+01 7.104739817040037764e-01 7.838180746930194509e-01
-4.695840000000000014e-01 -1.379279999999999951e-01 -1.311589999999999978e-01 -9.763889999999999514e-01 -8.645019999999999927e-01 -4.101529999999999898e-01 0.000000000000000000e+00 8.170088928159491282e-02 -6.730749999999999789e-01 0.000000000000000000e+00 nan nan 0.000000000000000000e+00 1.815263118669999953e-01 8.128147203240000673e-02 2.688612642629999994e-01 8.673189999999999955e+00 1.417980000000000018e+01 1.721809999999999974e+01 1.924459999999999837e+01 6.701006671932507874e-01 7.635647236840343854e-01
-4.467860000000000165e-01 1.537640000000000118e-01 1.183389999999999997e-01 -8.568289999999999518e-01 -7.313979999999999926e-01 -4.355129999999999835e-01 0.000000000000000000e+00 8.959086598876697671e-02 -6.730749999999999789e-01 0.000000000000000000e+00 nan nan 0.000000000000000000e+00 2.011100793230000128e-01 9.758085898839999328e-02 2.103216690409999978e-01 1.141849999999999987e+01 1.220410000000000039e+01 1.435030000000000072e+01 -1.000000000000000000e+00 6.701006671932507874e-01 7.635647236840343854e-01
-4.054400000000000226e-01 4.117489999999999761e-01 3.870759999999999756e-01 -9.980879999999999752e-01 -9.075919999999999543e-01 -4.175479999999999747e-01 0.000000000000000000e+00 9.773851779806819184e-02 -6.730749999999999789e-01 0.000000000000000000e+00 nan nan 0.000000000000000000e+00 2.011100793230000128e-01 9.758085898839999328e-02 2.103216690409999978e-01 1.141849999999999987e+01 1.220410000000000039e+01 1.435030000000000072e+01 -1.000000000000000000e+00 7.158070461433316822e-01 8.621834786218348645e-01
-4.760469999999999979e-01 -2.988850000000000118e-01 -2.085019999999999929e-01 -9.633080000000000531e-01 -8.931970000000000187e-01 -4.388969999999999816e-01 0.000000000000000000e+00 1.061055190319764030e-01 -6.196500000000000341e-01 0.000000000000000000e+00 nan nan 0.000000000000000000e+00 1.939743530009999939e-01 1.307703363069999958e-01 1.905899795019999898e-01 8.356909999999999172e+00 1.130680000000000085e+01 -1.000000000000000000e+00 -1.000000000000000000e+00 7.158070461433316822e-01 8.621834786218348645e-01
-4.772290000000000143e-01 -3.197989999999999999e-01 -2.587289999999999868e-01 -9.983400000000000052e-01 -8.879550000000000498e-01 -4.401590000000000225e-01 0.000000000000000000e+00 1.146510586963410683e-01 -6.196500000000000341e-01 0.000000000000000000e+00 nan nan 0.000000000000000000e+00 1.939743530009999939e-01 1.307703363069999958e-01 1.905899795019999898e-01 8.356909999999999172e+00 1.130680000000000085e+01 -1.000000000000000000e+00 -1.000000000000000000e+00 6.337719666795511575e-01 8.268823899623723994e-01
-4.571299999999999808e-01 3.318469999999999753e-02 5.253379999999999855e-02 -9.965260000000000229e-01 -8.845629999999999882e-01 -4.466930000000000067e-01 0.000000000000000000e+00 1.233323028852539860e-01 -6.730749999999999789e-01 0.000000000000000000e+00 nan nan 0.000000000000000000e+00 2.352399382110000048e-01 1.532116946290000004e-01 1.593455687600000004e-01 4.559179999999999566e+00 -1.000000000000000000e+00 -1.000000000000000000e+00 -1.000000000000000000e+00 6.337719666795511575e-01 8.268823899623723994e-01
-4.748780000000000223e-01 -2.193650000000000044e-01 -3.009830000000000005e-01 -1.034049999999999914e+00 -9.400629999999999820e-01 -4.072549999999999781e-01 0.000000000000000000e+00 1.321048801063197109e-01 -6.730749999999999789e-01 0.000000000000000000e+00 nan nan 0.000000000000000000e+00 2.352399382110000048e-01 1.532116946290000004e-01 1.593455687600000004e-01 4.559179999999999566e+00 -1.000000000000000000e+00 -1.000000000000000000e+00 -1.000000000000000000e+00 0.000000000000000000e+00 0.000000000000000000e+00
