-5.565520000000000467e-01 -1.115730000000000111e+00 -1.238490000000000091e+00 -8.346569999999999823e-01 -9.817489999999999828e-01 -5.768699999999999939e-01 0.000000000000000000e+00 2.035783075030186406e-01 -1.125620000000000065e+00 9.591623709554020216e-03 nan nan 4.725669192483005210e-01 4.260129970769999802e-02 2.694577425870000112e-02 1.772303707279999918e-02 -1.000000000000000000e+00 -1.000000000000000000e+00 -1.000000000000000000e+00 -1.000000000000000000e+00 0.000000000000000000e+00 0.000000000000000000e+00
-5.555989999999999540e-01 -5.831530000000000324e-01 -5.874690000000000190e-01 -9.830259999999999554e-01 -1.036769999999999969e+00 -5.771610000000000351e-01 0.000000000000000000e+00 1.925871159655296871e-01 -1.125620000000000065e+00 1.350701259599640380e-02 nan nan 4.976564141950695630e-01 4.483463588350000001e-02 2.845710672670000163e-02 1.900582424829999964e-02 7.768670000000000186e+00 -1.000000000000000000e+00 -1.000000000000000000e+00 -1.000000000000000000e+00 0.000000000000000000e+00 0.000000000000000000e+00
-5.558680000000000287e-01 -6.583790000000000475e-01 -6.815930000000000044e-01 -1.079239999999999977e+00 -1.132120000000000015e+00 -5.771399999999999864e-01 3.521321694442969275e-04 1.818317122811542452e-01 -7.955579999999999874e-01 1.809839765954479596e-02 nan nan 5.214782731485539946e-01 4.483463588350000001e-02 2.845710672670000163e-02 1.900582424829999964e-02 7.768670000000000186e+00 -1.000000000000000000e+00 -1.000000000000000000e+00 -1.000000000000000000e+00 0.000000000000000000e+00 0.000000000000000000e+00
-5.566379999999999661e-01 -1.401860000000000106e+00 -1.328880000000000061e+00 -1.013039999999999941e+00 -1.029940000000000078e+00 -5.773059999999999858e-01 2.337776280767145387e-03 1.715452127732197685e-01 -6.305279999999999774e-01 2.354571493941182148e-02 nan nan 5.437625849280790513e-01 4.009273226429999754e-02 3.015537936939999969e-02 1.878750406640000009e-02 4.725240000000000329e+00 1.117779999999999951e+01 -1.000000000000000000e+00 -1.000000000000000000e+00 0.000000000000000000e+00 0.000000000000000000e+00
-5.566870000000000429e-01 -1.641960000000000086e+00 -1.769519999999999982e+00 -9.324820000000000331e-01 -1.129499999999999948e+00 -5.771600000000000064e-01 5.557346387870309989e-03 1.619554208933706718e-01 1.679890000000000105e+00 3.001920242078570666e-02 nan nan 5.642568593768233498e-01 4.009273226429999754e-02 3.015537936939999969e-02 1.878750406640000009e-02 4.725240000000000329e+00 1.117779999999999951e+01 -1.000000000000000000e+00 -1.000000000000000000e+00 8.674231355115491482e-01 9.227126518942101452e-01
-5.565360000000000307e-01 -1.134770000000000056e+00 -1.102020000000000000e+00 -8.382079999999999531e-01 -9.337569999999999482e-01 -5.766320000000000334e-01 8.907195542719570369e-03 1.532822461174341289e-01 1.514860000000000095e+00 3.767747117043551697e-02 nan nan 5.827288881761862882e-01 3.633559434499999963e-02 2.890110035770000058e-02 1.932946255970000027e-02 8.221040000000000347e+00 1.195340000000000025e+01 1.335360000000000014e+01 -1.000000000000000000e+00 8.674231355115491482e-01 9.227126518942101452e-01
-5.558710000000000040e-01 -6.559439999999999715e-01 -6.933230000000000226e-01 -1.053530000000000078e+00 -1.079569999999999919e+00 -5.762080000000000535e-01 1.272552947668303958e-02 1.457352122831889751e-01 -1.125620000000000065e+00 4.666570820994520030e-02 nan nan 5.989693758588224837e-01 3.633559434499999963e-02 2.890110035770000058e-02 1.932946255970000027e-02 8.221040000000000347e+00 1.195340000000000025e+01 1.335360000000000014e+01 -1.000000000000000000e+00 8.475020984238504917e-01 8.940202823445317915e-01
-5.557779999999999943e-01 -6.282499999999999751e-01 -6.549690000000000234e-01 -9.946639999999999926e-01 -1.024650000000000061e+00 -5.768630000000000146e-01 1.719620956083667274e-02 1.395110836015615030e-01 -1.125620000000000065e+00 5.711403148874727442e-02 nan nan 6.127943112099183409e-01 3.378966864679999738e-02 2.893754995189999971e-02 1.729412908600000062e-02 6.381870000000000154e+00 1.023949999999999960e+01 1.423830000000000062e+01 1.682900000000000063e+01 8.475020984238504917e-01 8.940202823445317915e-01
-5.563799999999999857e-01 -9.151709999999999567e-01 -9.921689999999999676e-01 -1.003810000000000091e+00 -1.017479999999999940e+00 -5.776499999999999968e-01 2.248006156105741837e-02 1.347916352394924466e-01 -1.125620000000000065e+00 6.913601559576132427e-02 nan nan 6.240470521877823362e-01 3.378966864679999738e-02 2.893754995189999971e-02 1.729412908600000062e-02 6.381870000000000154e+00 1.023949999999999960e+01 1.423830000000000062e+01 1.682900000000000063e+01 9.107719090993875444e-01 9.649861508220157758e-01
-5.564799999999999747e-01 -1.055590000000000028e+00 -1.013819999999999943e+00 -8.549879999999999702e-01 -9.897120000000000362e-01 -5.778109999999999635e-01 2.874894267989636099e-02 1.317415937346624322e-01 2.959159999999999915e-02 8.282740491392082127e-02 nan nan 6.326001007407675569e-01 3.983872610030000233e-02 3.415873479190000006e-02 1.922873386099999832e-02 6.830530000000000435e+00 1.251169999999999938e+01 1.509919999999999973e+01 1.830699999999999861e+01 9.107719090993875444e-01 9.649861508220157758e-01
-5.566860000000000142e-01 -1.672339999999999938e+00 -1.686010000000000009e+00 -9.318570000000000464e-01 -1.013160000000000061e+00 -5.774599999999999733e-01 3.617041718064650802e-02 1.305067705779985321e-01 1.679890000000000105e+00 9.826502879805643076e-02 nan nan 6.383565474111441151e-01 3.983872610030000233e-02 3.415873479190000006e-02 1.922873386099999832e-02 6.830530000000000435e+00 1.251169999999999938e+01 1.509919999999999973e+01 1.830699999999999861e+01 8.615102434171666435e-01 9.754884441267571704e-01
-5.566699999999999982e-01 -1.506180000000000074e+00 -1.628149999999999986e+00 -8.406649999999999956e-01 -9.262839999999999963e-01 -5.752019999999999911e-01 4.489175086052443753e-02 1.312124101112185359e-01 5.246809999999999530e-01 1.155059310676063156e-01 nan nan 6.412511693579774352e-01 5.155740923229999717e-02 4.285938155749999950e-02 2.939277469429999942e-02 1.099140000000000050e+01 1.386159999999999926e+01 1.653180000000000049e+01 1.769150000000000134e+01 8.615102434171666435e-01 9.754884441267571704e-01
-5.564219999999999722e-01 -9.585810000000000164e-01 -1.023349999999999982e+00 -7.787319999999999798e-01 -8.980129999999999502e-01 -5.704949999999999743e-01 5.504061096154644339e-02 1.339617704583940805e-01 -1.125620000000000065e+00 1.345867236773482523e-01 nan nan 6.412511693579774352e-01 5.155740923229999717e-02 4.285938155749999950e-02 2.939277469429999942e-02 1.099140000000000050e+01 1.386159999999999926e+01 1.653180000000000049e+01 1.769150000000000134e+01 1.000000000000000000e+00 8.886518644269716383e-01
-5.558290000000000175e-01 -6.453710000000000280e-01 -6.687229999999999563e-01 -8.994189999999999685e-01 -1.027099999999999902e+00 -5.668819999999999970e-01 6.673380258734484816e-02 1.388349535701457471e-01 -1.125620000000000065e+00 1.555231718893230752e-01 nan nan 6.383565474111441151e-01 5.403519356280000324e-02 5.544372048889999877e-02 4.563207985289999963e-02 7.588429999999999787e+00 1.990269999999999939e+01 1.926150000000000162e+01 2.143169999999999931e+01 1.000000000000000000e+00 8.886518644269716383e-01
-5.540500000000000425e-01 -3.311399999999999899e-01 -3.302209999999999868e-01 -7.798890000000000544e-01 -7.965389999999999970e-01 -5.669359999999999955e-01 8.006521595857862827e-02 1.458879976365344833e-01 -1.125620000000000065e+00 1.783100156461158159e-01 nan nan 6.326001007407675569e-01 5.403519356280000324e-02 5.544372048889999877e-02 4.563207985289999963e-02 7.588429999999999787e+00 1.990269999999999939e+01 1.926150000000000162e+01 2.143169999999999931e+01 8.657008735660770560e-01 9.193918274958303716e-01
-5.510570000000000190e-01 -1.265100000000000113e-01 -6.949370000000000547e-02 -8.113299999999999956e-01 -8.656000000000000361e-01 -5.688269999999999715e-01 9.511144899727819180e-02 1.551522421519772044e-01 -1.125620000000000065e+00 2.029210291694081292e-01 nan nan 6.240470521877823362e-01 5.274507202159999658e-02 5.428616834020000281e-02 5.211777386340000345e-02 1.364649999999999963e+01 2.218319999999999936e+01 2.625740000000000052e+01 3.033190000000000097e+01 8.657008735660770560e-01 9.193918274958303716e-01
-5.532580000000000275e-01 -2.660000000000000142e-01 -2.237030000000000129e-01 -8.931759999999999700e-01 -9.583880000000000177e-01 -5.714209999999999567e-01 1.119271302697446568e-01 1.666339728262522524e-01 -1.125620000000000065e+00 2.293093181085261723e-01 nan nan 6.127943112099185630e-01 5.274507202159999658e-02 5.428616834020000281e-02 5.211777386340000345e-02 1.364649999999999963e+01 2.218319999999999936e+01 2.625740000000000052e+01 3.033190000000000097e+01 9.422638107377125927e-01 8.322797533952823734e-01
-5.561920000000000197e-01 -7.883259999999999712e-01 -8.524720000000000075e-01 -9.864079999999999515e-01 -1.041789999999999994e+00 -5.743570000000000064e-01 1.305442297843618649e-01 1.803143503648958479e-01 -1.125620000000000065e+00 2.574078508721712177e-01 nan nan 5.989693758588225947e-01 5.394288255679999949e-02 3.345104885959999941e-02 4.706337368249999958e-02 9.616920000000000357e+00 2.822500000000000142e+01 3.661659999999999826e+01 4.570729999999999649e+01 9.422638107377125927e-01 8.322797533952823734e-01
-5.565780000000000172e-01 -1.157820000000000071e+00 -1.319979999999999931e+00 -9.711020000000000207e-01 -1.084600000000000009e+00 -5.764629999999999477e-01 1.509732210476326664e-01 1.961496239259358232e-01 -1.125620000000000065e+00 2.871302181231339956e-01 nan nan 5.827288881761862882e-01 5.394288255679999949e-02 3.345104885959999941e-02 4.706337368249999958e-02 9.616920000000000357e+00 2.822500000000000142e+01 3.661659999999999826e+01 4.570729999999999649e+01 9.342120807038268859e-01 8.222912199189896798e-01
-5.562009999999999454e-01 -7.896699999999999831e-01 -8.733109999999999484e-01 -8.667219999999999924e-01 -9.651910000000000212e-01 -5.772589999999999666e-01 1.732038212909937647e-01 2.140716268344138307e-01 -1.125620000000000065e+00 3.183716118306129106e-01 nan nan 5.642568593768235718e-01 8.850124961310000538e-02 3.057094111249999968e-02 7.988362896890000009e-02 1.558120000000000083e+01 3.427270000000000039e+01 5.105149999999999721e+01 6.173879999999999768e+01 9.342120807038268859e-01 8.222912199189896798e-01
-5.554750000000000520e-01 -5.613609999999999989e-01 -5.331810000000000160e-01 -9.548809999999999798e-01 -1.045339999999999936e+00 -5.769009999999999971e-01 1.972017333296360864e-01 2.339885489380506556e-01 -1.125620000000000065e+00 3.479770934797199455e-01 nan nan 5.437625849280790513e-01 8.850124961310000538e-02 3.057094111249999968e-02 7.988362896890000009e-02 1.558120000000000083e+01 3.427270000000000039e+01 5.105149999999999721e+01 6.173879999999999768e+01 8.773650013989492402e-01 9.124970216821539637e-01
-5.565750000000000419e-01 -1.183370000000000033e+00 -1.223009999999999931e+00 -9.072219999999999729e-01 -9.447179999999999467e-01 -5.759819999999999940e-01 2.229095438804937768e-01 2.557859768529560096e-01 -3.004680000000000129e-01 3.787429374804627269e-01 nan nan 5.214782731485541056e-01 1.586865088980000116e-01 4.070144618760000027e-02 1.012604002710000006e-01 1.633680000000000021e+01 4.939959999999999951e+01 6.964629999999999654e+01 8.229720000000000368e+01 8.773650013989492402e-01 9.124970216821539637e-01
-5.565900000000000292e-01 -1.223330000000000028e+00 -1.242609999999999992e+00 -9.636350000000000193e-01 -1.015320000000000000e+00 -5.723580000000000334e-01 2.502472222545871761e-01 2.793281903129862798e-01 -3.004680000000000129e-01 4.133534738342672377e-01 nan nan 4.976564141950696740e-01 1.586865088980000116e-01 4.070144618760000027e-02 1.012604002710000006e-01 1.633680000000000021e+01 4.939959999999999951e+01 6.964629999999999654e+01 8.229720000000000368e+01 8.281406410296267007e-01 9.232897009768883390e-01
-5.563970000000000304e-01 -9.288539999999999575e-01 -1.013980000000000103e+00 -8.222549999999999581e-01 -8.770409999999999595e-01 -5.712450000000000028e-01 2.791144068847527526e-01 3.044596999345905441e-01 -1.125620000000000065e+00 4.485167932543405733e-01 nan nan 4.725669192483006320e-01 2.427359592330000093e-01 4.627882979959999782e-02 1.074986857659999961e-01 2.934959999999999880e+01 5.855310000000000059e+01 8.334390000000000498e+01 9.802599999999999625e+01 8.281406410296267007e-01 9.232897009768883390e-01
-5.537809999999999677e-01 -3.148679999999999812e-01 -2.683969999999999967e-01 -8.420739999999999892e-01 -8.872240000000000126e-01 -5.453000000000000069e-01 3.093944680019110605e-01 3.310070089736568688e-01 -1.125620000000000065e+00 4.840664395477106696e-01 nan nan 4.464940623112472196e-01 2.427359592330000093e-01 4.627882979959999782e-02 1.074986857659999961e-01 2.934959999999999880e+01 5.855310000000000059e+01 8.334390000000000498e+01 9.802599999999999625e+01 6.772717381167034922e-01 9.333750297831784337e-01
-5.509089999999999820e-01 -1.158150000000000013e-01 -7.126730000000000564e-02 -8.997009999999999730e-01 -1.023949999999999916e+00 -5.415140000000000509e-01 3.409465213782991722e-01 3.587805791129485833e-01 -1.125620000000000065e+00 5.198315792835629390e-01 nan nan 4.197332592711916499e-01 3.125767174219999944e-01 5.087544950109999797e-02 1.107571478659999942e-01 1.947269999999999968e+01 8.782420000000000471e+01 1.165430000000000064e+02 1.152630000000000052e+02 6.772717381167034922e-01 9.333750297831784337e-01
-5.516250000000000320e-01 -2.209369999999999945e-01 -2.604499999999999871e-02 1.982829999999999870e-01 4.130960000000000187e-01 -4.601319999999999855e-01 3.736130914214352838e-01 3.875769780069744375e-01 -9.605879999999999974e-01 5.556389374042721707e-01 nan nan 3.925877207196517560e-01 3.125767174219999944e-01 5.087544950109999797e-02 1.107571478659999942e-01 1.947269999999999968e+01 8.782420000000000471e+01 1.165430000000000064e+02 1.152630000000000052e+02 1.672708054838809577e-01 4.529239635453895518e-01
-4.599199999999999955e-01 6.305199999999999694e-01 8.808859999999999468e-01 1.111920000000000019e+00 1.313770000000000104e+00 -3.187039999999999873e-01 4.072256416679422841e-01 4.171811842517505475e-01 -7.955579999999999874e-01 5.913147605010433683e-01 nan nan 3.653650164552234569e-01 4.449954096609999854e-01 4.268138769500000318e-02 1.433091562309999900e-01 5.189130000000000109e+01 1.108220000000000027e+02 1.315790000000000077e+02 1.243730000000000047e+02 1.672708054838809577e-01 4.529239635453895518e-01
-5.071280000000000232e-01 3.951950000000000185e-01 7.446469999999999478e-01 7.341520000000000268e-01 9.193879999999999830e-01 1.405439999999999988e-02 4.415975938164267145e-01 4.473690236632253958e-01 -3.004680000000000129e-01 6.266867855094615525e-01 nan nan 3.383735905948633826e-01 4.449954096609999854e-01 4.268138769500000318e-02 1.433091562309999900e-01 5.189130000000000109e+01 1.108220000000000027e+02 1.315790000000000077e+02 1.243730000000000047e+02 3.178910063108154604e-01 4.029775732666190935e-01
1.608519999999999950e-01 1.141450000000000076e+00 1.301909999999999901e+00 7.513210000000000166e-01 1.142390000000000017e+00 4.674110000000000209e-01 4.765308640288599129e-01 4.779097092603606933e-01 3.596509999999999985e-01 6.615861915188441245e-01 nan nan 3.119192667787961115e-01 5.524707725819999471e-01 3.353014833810000206e-02 1.366872769030000045e-01 2.232479999999999976e+01 8.935660000000000025e+01 1.060630000000000024e+02 1.040420000000000016e+02 3.178910063108154604e-01 4.029775732666190935e-01
8.616890000000000382e-01 1.320300000000000029e+00 1.425489999999999924e+00 1.454250000000000043e+00 1.278100000000000014e+00 1.291579999999999950e+00 5.118147820620468913e-01 5.085684561738448295e-01 3.596509999999999985e-01 6.958495125806165582e-01 nan nan 2.863017830664689178e-01 5.524707725819999471e-01 3.353014833810000206e-02 1.366872769030000045e-01 2.232479999999999976e+01 8.935660000000000025e+01 1.060630000000000024e+02 1.040420000000000016e+02 3.395405228961357880e-01 3.996977007386227632e-01
2.368679999999999897e+00 1.522489999999999899e+00 1.459889999999999910e+00 1.907969999999999944e+00 2.033380000000000187e+00 1.721940000000000026e+00 5.472279114504909892e-01 5.402311562396091560e-01 3.596509999999999985e-01 7.293204898428276017e-01 nan nan 2.592120882986245212e-01 6.353990513420000319e-01 2.608363119939999947e-02 1.219499311869999963e-01 2.080180000000000007e+01 5.007150000000000034e+01 7.218940000000000623e+01 7.930780000000000030e+01 3.395405228961357880e-01 3.996977007386227632e-01
7.958889999999999576e-01 1.306850000000000067e+00 1.429619999999999891e+00 1.565649999999999986e+00 1.564650000000000096e+00 2.246630000000000127e+00 5.825491131532012368e-01 5.716467985503044247e-01 5.246809999999999530e-01 7.618518420253794776e-01 nan nan 2.332819019274714467e-01 6.353990513420000319e-01 2.608363119939999947e-02 1.219499311869999963e-01 2.080180000000000007e+01 5.007150000000000034e+01 7.218940000000000623e+01 7.930780000000000030e+01 3.529269126744801754e-01 3.930672206337860741e-01
2.606799999999999784e+00 1.544669999999999987e+00 1.471880000000000077e+00 1.908910000000000107e+00 2.014320000000000110e+00 2.343020000000000103e+00 6.175612434695602060e-01 6.026537893800808510e-01 1.019770000000000065e+00 7.933069341757819082e-01 nan nan 2.086124992297029301e-01 6.766493852430000011e-01 2.361600550340000118e-02 1.277827074779999961e-01 1.215920000000000023e+01 3.980919999999999703e+01 5.217119999999999891e+01 6.586060000000000514e+01 3.529269126744801754e-01 3.930672206337860741e-01
2.123650000000000038e+00 1.498019999999999907e+00 1.476529999999999898e+00 1.845369999999999955e+00 1.747949999999999893e+00 2.834480000000000111e+00 6.520455896618113645e-01 6.330951651876559616e-01 8.547409999999999730e-01 8.235613257977607571e-01 nan nan 1.852908702992097645e-01 6.766493852430000011e-01 2.361600550340000118e-02 1.277827074779999961e-01 1.215920000000000023e+01 3.980919999999999703e+01 5.217119999999999891e+01 6.586060000000000514e+01 3.640812012310753465e-01 3.796312842506552876e-01
2.241229999999999833e+00 1.510979999999999990e+00 1.493819999999999926e+00 1.790159999999999973e+00 1.926719999999999988e+00 2.482909999999999950e+00 6.857859970666508875e-01 6.628203710759570377e-01 5.246809999999999530e-01 8.525041808118044573e-01 nan nan 1.633887344145560361e-01 7.057013491319999998e-01 2.345409551090000058e-02 1.306340102340000087e-01 7.446039999999999992e+00 2.478300000000000125e+01 3.739439999999999742e+01 4.681909999999999883e+01 3.640812012310753465e-01 3.796312842506552876e-01
2.726329999999999920e+00 1.555660000000000043e+00 1.512480000000000047e+00 1.789260000000000073e+00 1.787749999999999950e+00 2.527060000000000084e+00 7.185697077379431530e-01 6.916869666392637672e-01 5.246809999999999530e-01 8.770066040648709649e-01 nan nan 1.429617274308961905e-01 7.057013491319999998e-01 2.345409551090000058e-02 1.306340102340000087e-01 7.446039999999999992e+00 2.478300000000000125e+01 3.739439999999999742e+01 4.681909999999999883e+01 3.758385923461933231e-01 3.683173993328567875e-01
2.490450000000000053e+00 1.533970000000000056e+00 1.513749999999999929e+00 1.789889999999999981e+00 1.902079999999999993e+00 2.962819999999999787e+00 7.501873228472184518e-01 7.195622398699219602e-01 5.246809999999999530e-01 8.999226896576739687e-01 nan nan 1.240487714035043432e-01 7.029250666709999651e-01 2.732148222600000106e-02 1.296906057430000092e-01 5.038870000000000182e+00 1.080669999999999931e+01 1.783830000000000027e+01 2.915670000000000073e+01 3.758385923461933231e-01 3.683173993328567875e-01
2.536270000000000024e+00 1.538100000000000023e+00 1.501349999999999962e+00 1.858880000000000088e+00 1.880279999999999951e+00 3.009009999999999962e+00 7.804484105114855019e-01 7.463247108384174489e-01 5.246809999999999530e-01 9.209927891836439118e-01 nan nan 1.066716335853363784e-01 7.029250666709999651e-01 2.732148222600000106e-02 1.296906057430000092e-01 5.038870000000000182e+00 1.080669999999999931e+01 1.783830000000000027e+01 2.915670000000000073e+01 3.803649703111885438e-01 3.629080295449130800e-01
2.740460000000000118e+00 1.555970000000000075e+00 1.503440000000000110e+00 1.891599999999999948e+00 1.989090000000000025e+00 2.469240000000000101e+00 8.091787894198472220e-01 7.718655081095203707e-01 5.246809999999999530e-01 9.399781699959667280e-01 nan nan 9.083467979535586601e-02 6.845946116390000391e-01 3.363547479879999691e-02 1.282479720390000133e-01 2.357610000000000205e+00 8.317920000000000869e+00 1.113679999999999914e+01 1.700870000000000104e+01 3.803649703111885438e-01 3.629080295449130800e-01
2.730980000000000185e+00 1.555190000000000072e+00 1.505700000000000038e+00 1.881599999999999939e+00 1.865199999999999969e+00 2.452820000000000000e+00 8.362176104610187233e-01 7.960896022991483800e-01 5.246809999999999530e-01 9.566637201438656923e-01 nan nan 7.652482495206047730e-02 6.845946116390000391e-01 3.363547479879999691e-02 1.282479720390000133e-01 2.357610000000000205e+00 8.317920000000000869e+00 1.113679999999999914e+01 1.700870000000000104e+01 3.769888394938912812e-01 3.634329580652847502e-01
2.423500000000000210e+00 1.527689999999999992e+00 1.506920000000000037e+00 1.745630000000000015e+00 1.926039999999999974e+00 2.094720000000000137e+00 8.614214761612413174e-01 8.189168827952598706e-01 5.246809999999999530e-01 9.708603856769576490e-01 nan nan 6.371168133268434453e-02 6.530758843139999881e-01 4.034474072600000016e-02 1.318849102719999999e-01 5.008549999999999613e+00 8.463979999999999393e+00 9.780780000000000030e+00 1.113770000000000060e+01 3.769888394938912812e-01 3.634329580652847502e-01
2.210929999999999840e+00 1.506990000000000052e+00 1.489740000000000064e+00 1.518860000000000099e+00 1.428190000000000071e+00 1.739139999999999908e+00 8.846667142071971135e-01 8.402830654430992752e-01 3.596509999999999985e-01 9.824073127020527263e-01 nan nan 5.234790287823898325e-02 6.530758843139999881e-01 4.034474072600000016e-02 1.318849102719999999e-01 5.008549999999999613e+00 8.463979999999999393e+00 9.780780000000000030e+00 1.113770000000000060e+01 3.716541797494327115e-01 3.641365856564212633e-01
2.230550000000000033e+00 1.508990000000000054e+00 1.482930000000000081e+00 1.477340000000000098e+00 1.689510000000000067e+00 1.570109999999999895e+00 9.058491474098376850e-01 8.601404209103568066e-01 3.596509999999999985e-01 9.911736699220387026e-01 nan nan 4.236972164328045576e-02 6.463378221590000416e-01 3.938605591080000107e-02 1.325582172989999974e-01 2.457850000000000090e+00 7.623090000000000366e+00 9.607699999999999463e+00 1.030530000000000079e+01 3.716541797494327115e-01 3.641365856564212633e-01
2.177150000000000141e+00 1.503600000000000048e+00 1.468259999999999899e+00 1.524240000000000039e+00 1.568570000000000020e+00 1.347380000000000022e+00 9.248942019636732237e-01 8.784583154795758686e-01 6.897109999999999630e-01 9.970601310067546130e-01 nan nan 3.369767031221138076e-02 6.463378221590000416e-01 3.938605591080000107e-02 1.325582172989999974e-01 2.457850000000000090e+00 7.623090000000000366e+00 9.607699999999999463e+00 1.030530000000000079e+01 3.726862934062858956e-01 3.605886645222778908e-01
1.996159999999999934e+00 1.484390000000000098e+00 1.456139999999999990e+00 1.521859999999999991e+00 1.591650000000000009e+00 1.470639999999999947e+00 9.417405377525480681e-01 8.952235581404116571e-01 1.019770000000000065e+00 1.000000000000000000e+00 nan nan 2.623748259572056263e-02 6.354735286710000430e-01 3.943556649689999860e-02 1.265821655459999917e-01 3.105010000000000048e+00 7.881770000000000387e+00 9.846569999999999823e+00 1.124099999999999966e+01 3.726862934062858956e-01 3.605886645222778908e-01
1.770559999999999912e+00 1.458569999999999922e+00 1.450350000000000028e+00 1.602600000000000025e+00 1.477680000000000105e+00 1.405899999999999928e+00 9.563686891802760659e-01 9.104405500490496683e-01 3.596509999999999985e-01 9.999599670113695771e-01 nan nan 1.988116130550687810e-02 6.354735286710000430e-01 3.943556649689999860e-02 1.265821655459999917e-01 3.105010000000000048e+00 7.881770000000000387e+00 9.846569999999999823e+00 1.124099999999999966e+01 3.767277023036030847e-01 3.548479568739576484e-01
1.496410000000000018e+00 1.423440000000000039e+00 1.423999999999999932e+00 1.591790000000000038e+00 1.528119999999999923e+00 1.187810000000000032e+00 9.687852777561740680e-01 9.241312346613475004e-01 1.946219999999999895e-01 9.969404856306208762e-01 nan nan 1.450820200557745299e-02 6.478200048579999537e-01 4.019572107609999806e-02 1.301388577610000097e-01 3.046629999999999949e+00 6.538940000000000197e+00 9.737690000000000623e+00 1.230760000000000076e+01 3.767277023036030847e-01 3.548479568739576484e-01
1.461819999999999897e+00 1.418690000000000007e+00 1.400349999999999984e+00 1.703279999999999905e+00 1.478620000000000045e+00 1.037989999999999968e+00 9.789944911521593074e-01 9.363348491047116529e-01 1.946219999999999895e-01 9.909757677883209714e-01 nan nan 9.986958375657772891e-03 6.478200048579999537e-01 4.019572107609999806e-02 1.301388577610000097e-01 3.046629999999999949e+00 6.538940000000000197e+00 9.737690000000000623e+00 1.230760000000000076e+01 3.720023626698168995e-01 3.571635989992851812e-01
1.558619999999999894e+00 1.431810000000000027e+00 1.391610000000000014e+00 1.772980000000000000e+00 1.543449999999999989e+00 1.037300000000000111e+00 9.870391886904587020e-01 9.471074796057658007e-01 5.246809999999999530e-01 9.821333961210038099e-01 nan nan 6.176133816603646132e-03 6.654550405550000436e-01 3.757893704200000046e-02 1.440726983879999923e-01 2.025490000000000013e+00 5.761239999999999917e+00 1.056680000000000064e+01 1.388460000000000072e+01 3.720023626698168995e-01 3.571635989992851812e-01
1.665759999999999907e+00 1.445710000000000051e+00 1.380079999999999973e+00 1.808000000000000052e+00 1.441359999999999975e+00 1.218920000000000003e+00 9.931032589422069679e-01 9.565214260109918820e-01 1.184800000000000075e+00 9.705135582328923149e-01 nan nan 2.926382397329119200e-03 6.654550405550000436e-01 3.757893704200000046e-02 1.440726983879999923e-01 2.025490000000000013e+00 5.761239999999999917e+00 1.056680000000000064e+01 1.388460000000000072e+01 3.648832654583891166e-01 3.614486538003336413e-01
1.753609999999999891e+00 1.456530000000000102e+00 1.367939999999999934e+00 1.765870000000000051e+00 1.495030000000000081e+00 1.473870000000000013e+00 9.972877917349921573e-01 9.646643826005805167e-01 1.679890000000000105e+00 9.562479115303105237e-01 nan nan 8.200100388100484139e-05 6.813044592679999845e-01 3.220670082879999868e-02 1.572592479059999881e-01 1.628060000000000063e+00 6.285160000000000302e+00 9.569599999999999440e+00 1.259319999999999951e+01 3.648832654583891166e-01 3.614486538003336413e-01
1.733800000000000008e+00 1.454110000000000014e+00 1.366209999999999924e+00 1.756380000000000052e+00 1.336100000000000065e+00 1.902030000000000109e+00 9.995355047872449550e-01 9.716384444771952733e-01 1.184800000000000075e+00 9.394980914906618796e-01 nan nan 0.000000000000000000e+00 6.813044592679999845e-01 3.220670082879999868e-02 1.572592479059999881e-01 1.628060000000000063e+00 6.285160000000000302e+00 9.569599999999999440e+00 1.259319999999999951e+01 3.569621040196474526e-01 3.612662318322611421e-01
1.813679999999999959e+00 1.463680000000000092e+00 1.327579999999999982e+00 1.770350000000000090e+00 1.413689999999999891e+00 2.044919999999999849e+00 1.000000000000000000e+00 9.775589507876640827e-01 6.897109999999999630e-01 9.204538802678842169e-01 nan nan 8.200100388100484139e-05 6.989418972669999564e-01 2.714095655969999896e-02 1.534179672540000039e-01 3.420749999999999957e+00 5.710180000000000256e+00 7.877880000000000216e+00 1.111340000000000039e+01 3.569621040196474526e-01 3.612662318322611421e-01
1.712169999999999970e+00 1.451400000000000023e+00 1.262259999999999938e+00 1.627669999999999950e+00 1.422900000000000054e+00 1.822729999999999961e+00 9.989198864530338673e-01 9.825531778843590303e-01 1.019770000000000065e+00 8.993310563848120331e-01 nan nan 2.926382397329119200e-03 6.989418972669999564e-01 2.714095655969999896e-02 1.534179672540000039e-01 3.420749999999999957e+00 5.710180000000000256e+00 7.877880000000000216e+00 1.111340000000000039e+01 3.492336866975471743e-01 3.534407016916845112e-01
1.505419999999999980e+00 1.424670000000000103e+00 1.181559999999999944e+00 1.664420000000000011e+00 1.397829999999999906e+00 2.038479999999999848e+00 9.964699659433493562e-01 9.867588972332663744e-01 1.019770000000000065e+00 8.763689498762931018e-01 nan nan 6.176133816603646132e-03 6.791692667280000428e-01 2.640311464019999901e-02 1.743364737330000136e-01 1.167629999999999946e+00 4.957980000000000054e+00 7.681350000000000122e+00 9.187519999999999243e+00 3.492336866975471743e-01 3.534407016916845112e-01
1.128779999999999895e+00 1.368279999999999941e+00 1.146239999999999926e+00 1.592789999999999928e+00 1.228539999999999965e+00 1.514110000000000067e+00 9.928566445251570949e-01 9.903228144082265594e-01 8.547409999999999730e-01 8.518277305842607561e-01 nan nan 9.986958375657772891e-03 6.791692667280000428e-01 2.640311464019999901e-02 1.743364737330000136e-01 1.167629999999999946e+00 4.957980000000000054e+00 7.681350000000000122e+00 9.187519999999999243e+00 3.447570491497498057e-01 3.471378365499165897e-01
8.209929999999999728e-01 1.311870000000000092e+00 1.101739999999999942e+00 1.415119999999999933e+00 1.292149999999999910e+00 1.298159999999999981e+00 9.883147724617371566e-01 9.933989068581624560e-01 6.897109999999999630e-01 8.259854603294674025e-01 nan nan 1.450820200557745299e-02 6.509204609450000012e-01 3.092968144970000000e-02 1.857362823050000000e-01 2.048859999999999904e+00 4.724459999999999660e+00 7.037600000000000300e+00 9.579980000000000828e+00 3.447570491497498057e-01 3.471378365499165897e-01
5.574599999999999556e-01 1.252450000000000063e+00 1.093590000000000062e+00 1.323039999999999994e+00 1.277770000000000072e+00 1.008580000000000032e+00 9.830613259703460116e-01 9.961466792810556026e-01 5.246809999999999530e-01 7.960032260131051363e-01 nan nan 1.988116130550687810e-02 6.509204609450000012e-01 3.092968144970000000e-02 1.857362823050000000e-01 2.048859999999999904e+00 4.724459999999999660e+00 7.037600000000000300e+00 9.579980000000000828e+00 3.376130817297230413e-01 3.400159340004764719e-01
4.308799999999999852e-01 1.218839999999999923e+00 1.033420000000000005e+00 1.241710000000000091e+00 9.452909999999999924e-01 9.221799999999999997e-01 9.773105008132058069e-01 9.987293563719843448e-01 6.897109999999999630e-01 7.650216993710257096e-01 nan nan 2.623748259572056263e-02 6.206115754290000286e-01 3.615872560600000285e-02 2.011007374899999867e-01 1.184120000000000061e+00 4.126979999999999649e+00 7.082559999999999967e+00 8.570080000000000808e+00 3.376130817297230413e-01 3.400159340004764719e-01
3.847559999999999869e-01 1.205549999999999899e+00 9.510739999999999750e-01 1.223799999999999999e+00 1.215249999999999941e+00 7.460489999999999622e-01 9.712828669407678195e-01 1.000000000000000000e+00 6.897109999999999630e-01 7.331599552130669828e-01 nan nan 3.369767031221138076e-02 6.206115754290000286e-01 3.615872560600000285e-02 2.011007374899999867e-01 1.184120000000000061e+00 4.126979999999999649e+00 7.082559999999999967e+00 8.570080000000000808e+00 3.328504367830386057e-01 3.349416249702167336e-01
4.723530000000000229e-01 1.230290000000000106e+00 8.909270000000000245e-01 1.306540000000000035e+00 1.241959999999999953e+00 6.597539999999999516e-01 9.651866267400746047e-01 1.000000000000000000e+00 5.246809999999999530e-01 7.005470415652385041e-01 nan nan 4.236972164328034474e-02 6.139337973909999580e-01 3.947852554399999825e-02 2.173258679560000073e-01 1.215379999999999905e+00 3.764149999999999885e+00 5.654340000000000366e+00 7.397240000000000038e+00 3.328504367830386057e-01 3.349416249702167336e-01
5.026749999999999829e-01 1.238350000000000062e+00 9.191099999999999826e-01 1.272639999999999993e+00 1.268680000000000030e+00 6.383769999999999722e-01 9.588819130424672821e-01 9.987293563719843448e-01 8.547409999999999730e-01 6.673205175040224368e-01 nan nan 5.234790287823898325e-02 6.139337973909999580e-01 3.947852554399999825e-02 2.173258679560000073e-01 1.215379999999999905e+00 3.764149999999999885e+00 5.654340000000000366e+00 7.397240000000000038e+00 3.291385581496564239e-01 3.285121813199903817e-01
4.032850000000000046e-01 1.210809999999999942e+00 9.426489999999999592e-01 1.175980000000000025e+00 1.214820000000000011e+00 5.083630000000000093e-01 9.508561780363570248e-01 9.961466792810557136e-01 1.019770000000000065e+00 6.336248945570709390e-01 nan nan 6.371168133268423350e-02 5.893546428389999647e-01 4.232287168300000180e-02 2.488345816009999989e-01 1.676390000000000047e+00 3.720779999999999976e+00 5.307330000000000325e+00 7.245759999999999756e+00 3.291385581496564239e-01 3.285121813199903817e-01
1.817259999999999986e-01 1.137469999999999981e+00 9.662720000000000198e-01 9.098439999999999861e-01 1.210259999999999891e+00 2.973779999999999757e-01 9.410458083930843820e-01 9.933989068581624560e-01 6.897109999999999630e-01 5.996099993298533715e-01 nan nan 7.652482495206047730e-02 5.893546428389999647e-01 4.232287168300000180e-02 2.488345816009999989e-01 1.676390000000000047e+00 3.720779999999999976e+00 5.307330000000000325e+00 7.245759999999999756e+00 3.259676065532999267e-01 3.254519597331427816e-01
1.939350000000000102e-02 1.068000000000000060e+00 9.413439999999999586e-01 7.861150000000000082e-01 7.398550000000000404e-01 8.118309999999999416e-02 9.311109014171222720e-01 9.903228144082266704e-01 5.246809999999999530e-01 5.654292759103503041e-01 nan nan 9.083467979535586601e-02 5.178110880039999975e-01 4.849066274509999941e-02 3.216935873840000015e-01 1.747419999999999973e+00 4.953039999999999665e+00 7.113310000000000244e+00 9.053369999999999251e+00 3.259676065532999267e-01 3.254519597331427816e-01
-2.510450000000000181e-01 8.909120000000000372e-01 7.837730000000000530e-01 3.951410000000000200e-01 5.004579999999999584e-01 -6.064619999999999733e-02 9.214319105938041377e-01 9.867588972332663744e-01 5.246809999999999530e-01 5.312380472862214820e-01 nan nan 1.066716335853362674e-01 5.178110880039999975e-01 4.849066274509999941e-02 3.216935873840000015e-01 1.747419999999999973e+00 4.953039999999999665e+00 7.113310000000000244e+00 9.053369999999999251e+00 3.191469518450585907e-01 3.207871694067190305e-01
-3.159899999999999931e-01 8.238520000000000287e-01 6.842859999999999498e-01 4.258730000000000016e-01 4.335539999999999949e-01 -1.584639999999999938e-01 9.118901064739426410e-01 9.825531778843590303e-01 6.897109999999999630e-01 4.971917554732929734e-01 nan nan 1.240487714035043432e-01 4.852771242480000136e-01 6.115487968939999769e-02 3.272008297169999858e-01 2.614349999999999952e+00 6.703680000000000305e+00 9.266519999999999868e+00 1.322920000000000051e+01 3.191469518450585907e-01 3.207871694067190305e-01
-1.616539999999999921e-01 9.623920000000000252e-01 7.427510000000000501e-01 5.518629999999999924e-01 4.910080000000000000e-01 -1.556049999999999933e-01 9.023816148396177628e-01 9.775589507876640827e-01 5.246809999999999530e-01 4.634442002954065609e-01 nan nan 1.429617274308961905e-01 4.852771242480000136e-01 6.115487968939999769e-02 3.272008297169999858e-01 2.614349999999999952e+00 6.703680000000000305e+00 9.266519999999999868e+00 1.322920000000000051e+01 3.131470140205802055e-01 3.166212473195139099e-01
-1.443409999999999971e-01 9.745570000000000066e-01 7.684830000000000272e-01 5.787390000000000034e-01 9.300049999999999706e-01 -2.663519999999999777e-01 8.927826181641064229e-01 9.716384444771952733e-01 3.596509999999999985e-01 4.301457967709594321e-01 nan nan 1.633887344145560361e-01 4.696933372980000021e-01 8.140605139220000175e-02 2.969757934530000143e-01 4.095279999999999809e+00 8.788859999999999673e+00 1.292750000000000021e+01 1.806469999999999843e+01 3.131470140205802055e-01 3.166212473195139099e-01
-2.284909999999999997e-01 9.107840000000000380e-01 8.336249999999999494e-01 3.665720000000000089e-01 6.352050000000000196e-01 -3.951310000000000100e-01 8.829632613866508217e-01 9.646643826005805167e-01 6.897109999999999630e-01 3.974418708506436415e-01 nan nan 1.852908702992097645e-01 4.696933372980000021e-01 8.140605139220000175e-02 2.969757934530000143e-01 4.095279999999999809e+00 8.788859999999999673e+00 1.292750000000000021e+01 1.806469999999999843e+01 3.144837877327696374e-01 3.135163509649749880e-01
-1.884709999999999996e-01 9.428999999999999604e-01 8.349889999999999812e-01 5.136709999999999887e-01 9.234539999999999971e-01 -4.576489999999999725e-01 8.728032376247342183e-01 9.565214260109918820e-01 6.897109999999999630e-01 3.654710128163550786e-01 nan nan 2.086124992297029301e-01 3.889880482440000176e-01 1.115198315010000052e-01 3.203096134449999743e-01 5.131310000000000038e+00 1.325189999999999912e+01 1.816260000000000119e+01 2.338289999999999935e+01 3.144837877327696374e-01 3.135163509649749880e-01
-4.518940000000000179e-01 5.912530000000000285e-01 5.802979999999999805e-01 -1.700840000000000130e-01 3.008830000000000116e-01 -4.744950000000000001e-01 8.621911872318632764e-01 9.471074796057656897e-01 3.596509999999999985e-01 3.343635069979221663e-01 nan nan 2.332819019274713357e-01 3.889880482440000176e-01 1.115198315010000052e-01 3.203096134449999743e-01 5.131310000000000038e+00 1.325189999999999912e+01 1.816260000000000119e+01 2.338289999999999935e+01 2.986974228246339624e-01 3.142981593995711753e-01
-3.208929999999999838e-01 8.193329999999999780e-01 9.360789999999999944e-01 4.574810000000000265e-01 5.120839999999999836e-01 -5.426130000000000120e-01 8.510157687715058650e-01 9.363348491047115418e-01 3.596509999999999985e-01 3.042398555995892151e-01 nan nan 2.592120882986245212e-01 3.381573791770000059e-01 1.838557526609999881e-01 2.737968681940000093e-01 8.772190000000000154e+00 2.082410000000000139e+01 2.601770000000000138e+01 3.198710000000000164e+01 2.986974228246339624e-01 3.142981593995711753e-01
-4.851179999999999937e-01 4.864720000000000155e-01 2.567110000000000225e-01 -1.306950000000000056e-01 -2.662329999999999974e-01 -5.173969999999999958e-01 8.391776435860085481e-01 9.241312346613476114e-01 5.246809999999999530e-01 2.752094133618930849e-01 nan nan 2.863017830664688068e-01 3.381573791770000059e-01 1.838557526609999881e-01 2.737968681940000093e-01 8.772190000000000154e+00 2.082410000000000139e+01 2.601770000000000138e+01 3.198710000000000164e+01 2.939285603257997259e-01 3.167552716225875420e-01
-5.512529999999999930e-01 -2.321890000000000065e-01 -3.917459999999999831e-01 -5.366830000000000211e-01 -2.468059999999999976e-01 -5.064999999999999503e-01 8.265840246726464668e-01 9.104405500490496683e-01 3.596509999999999985e-01 2.473691485287558001e-01 nan nan 3.144365732608601638e-01 3.171316933309999975e-01 2.471242954079999887e-01 2.297361467069999885e-01 1.252260000000000062e+01 2.717399999999999949e+01 3.627150000000000318e+01 4.396829999999999927e+01 2.939285603257997259e-01 3.167552716225875420e-01
-5.384959999999999747e-01 1.062960000000000016e-01 4.071649999999999991e-01 -1.310840000000000061e-01 -1.075639999999999930e-02 -4.811759999999999926e-01 8.131535328587559119e-01 8.952235581404116571e-01 -1.354380000000000028e-01 2.208025441585355075e-01 nan nan 3.434902045628727141e-01 3.171316933309999975e-01 2.471242954079999887e-01 2.297361467069999885e-01 1.252260000000000062e+01 2.717399999999999949e+01 3.627150000000000318e+01 4.396829999999999927e+01 1.996145117667174063e-01 2.988183523945675546e-01
-4.498750000000000249e-01 5.979409999999999448e-01 9.751180000000000403e-01 -3.091539999999999844e-01 -7.309259999999999716e-03 -4.440319999999999823e-01 7.988172874617783803e-01 8.784583154795758686e-01 -1.354380000000000028e-01 1.955786522276159456e-01 nan nan 3.733260118166809027e-01 3.264073705169999728e-01 2.393011115020000079e-01 1.887282310349999992e-01 1.026950000000000074e+01 3.136560000000000059e+01 4.598029999999999973e+01 5.668180000000000263e+01 1.996145117667174063e-01 2.988183523945675546e-01
-4.535069999999999935e-01 5.872460000000000457e-01 9.298729999999999496e-01 -2.357710000000000083e-01 7.088880000000000181e-02 -4.134169999999999789e-01 7.835181855670488860e-01 8.601404209103569176e-01 -1.354380000000000028e-01 1.717513112439236211e-01 nan nan 4.037984675003836177e-01 3.264073705169999728e-01 2.393011115020000079e-01 1.887282310349999992e-01 1.026950000000000074e+01 3.136560000000000059e+01 4.598029999999999973e+01 5.668180000000000263e+01 2.084558709236173923e-01 3.066476054324517309e-01
-4.655150000000000121e-01 5.525120000000000031e-01 9.187309999999999643e-01 -4.083609999999999740e-01 -1.074800000000000061e-01 -4.465430000000000232e-01 7.672106035245189748e-01 8.402830654430992752e-01 -1.354380000000000028e-01 1.493585362351191881e-01 nan nan 4.347548306109776384e-01 3.375421499779999723e-01 2.046517322180000098e-01 1.554645558299999897e-01 1.414450000000000074e+01 3.484029999999999916e+01 5.595060000000000144e+01 6.440000000000000568e+01 2.084558709236173923e-01 3.066476054324517309e-01
-5.013689999999999536e-01 4.143999999999999906e-01 7.382100000000000328e-01 -1.401129999999999876e-01 8.020009999999999639e-02 -4.756290000000000240e-01 7.498642548300031851e-01 8.189168827952599816e-01 -3.004680000000000129e-01 1.315538043699866488e-01 nan nan 4.660368772809529991e-01 3.375421499779999723e-01 2.046517322180000098e-01 1.554645558299999897e-01 1.414450000000000074e+01 3.484029999999999916e+01 5.595060000000000144e+01 6.440000000000000568e+01 1.396151335219324441e-01 3.741809625923278038e-01
-5.015290000000000026e-01 4.138370000000000104e-01 7.954870000000000552e-01 -4.877059999999999729e-01 -2.288370000000000126e-01 -4.894000000000000017e-01 7.314640584438385496e-01 7.960896022991484910e-01 -6.305279999999999774e-01 1.155059310676063156e-01 nan nan 4.974826935179357257e-01 3.602490902330000022e-01 1.555993530620000120e-01 1.335364395829999884e-01 1.461739999999999995e+01 4.848169999999999646e+01 6.350829999999999842e+01 6.868689999999999429e+01 1.396151335219324441e-01 3.741809625923278038e-01
-5.007759999999999989e-01 4.161980000000000124e-01 7.958100000000000174e-01 -5.036019999999999941e-01 -2.822709999999999941e-01 -4.972320000000000073e-01 7.120104595287672922e-01 7.718655081095204817e-01 -4.654980000000000229e-01 9.826502879805654178e-02 nan nan 5.289285097549184522e-01 3.602490902330000022e-01 1.555993530620000120e-01 1.335364395829999884e-01 1.461739999999999995e+01 4.848169999999999646e+01 6.350829999999999842e+01 6.868689999999999429e+01 4.885255075076943010e-01 9.022143793185609661e-01
-5.139930000000000332e-01 3.416710000000000025e-01 7.294380000000000308e-01 -5.259279999999999511e-01 -2.755409999999999804e-01 -5.204919999999999547e-01 6.915179764702636955e-01 7.463247108384174489e-01 -4.654980000000000229e-01 8.282740491392082127e-02 nan nan 5.602105564248938130e-01 3.094460170550000222e-01 1.294489814869999866e-01 1.352580185520000089e-01 2.033670000000000044e+01 5.067170000000000130e+01 6.762730000000000530e+01 6.887789999999999679e+01 4.885255075076943010e-01 9.022143793185609661e-01
-5.297969999999999624e-01 2.132179999999999909e-01 5.890349999999999753e-01 -4.797159999999999758e-01 -2.246950000000000058e-01 -5.448150000000000492e-01 6.700118792345731711e-01 7.195622398699219602e-01 -4.654980000000000229e-01 6.913601559576132427e-02 nan nan 5.911669195354878337e-01 3.094460170550000222e-01 1.294489814869999866e-01 1.352580185520000089e-01 2.033670000000000044e+01 5.067170000000000130e+01 6.762730000000000530e+01 6.887789999999999679e+01 5.316442316659931722e-01 8.969129735525375180e-01
-5.401259999999999950e-01 7.894719999999999516e-02 4.140490000000000004e-01 -4.637359999999999816e-01 -3.053739999999999788e-01 -5.596489999999999521e-01 6.475371762827916156e-01 6.916869666392639893e-01 -1.354380000000000028e-01 5.711403148874727442e-02 nan nan 6.216393752191907707e-01 2.160742568060000091e-01 1.413590459159999868e-01 1.246083510880000023e-01 2.002380000000000138e+01 5.700820000000000221e+01 6.951619999999999777e+01 7.298959999999999582e+01 5.316442316659931722e-01 8.969129735525375180e-01
-5.496400000000000174e-01 -1.523569999999999924e-01 9.493419999999999637e-02 -2.141929999999999945e-01 -1.601299999999999946e-01 -5.688729999999999620e-01 6.241521071510529595e-01 6.628203710759570377e-01 1.946219999999999895e-01 4.666570820994531132e-02 nan nan 6.514751824729988483e-01 2.160742568060000091e-01 1.413590459159999868e-01 1.246083510880000023e-01 2.002380000000000138e+01 5.700820000000000221e+01 6.951619999999999777e+01 7.298959999999999582e+01 5.676127708521154780e-01 8.975644805813676186e-01
-5.519469999999999654e-01 -2.697769999999999890e-01 2.669490000000000057e-02 -5.058030000000000026e-01 -4.016140000000000265e-01 -5.750880000000000436e-01 5.999234824002672717e-01 6.330951651876559616e-01 1.946219999999999895e-01 3.767747117043551697e-02 nan nan 6.805288137750113986e-01 1.280208880379999914e-01 1.139430400569999974e-01 1.184380422759999940e-01 2.708180000000000121e+01 6.099419999999999931e+01 8.115130000000000621e+01 7.914039999999999964e+01 5.676127708521154780e-01 8.975644805813676186e-01
-5.543320000000000469e-01 -3.950969999999999760e-01 -3.316490000000000271e-01 -4.911829999999999807e-01 -3.789770000000000083e-01 -5.745050000000000434e-01 5.749347360584469158e-01 6.026537893800809620e-01 -3.004680000000000129e-01 3.001920242078570666e-02 nan nan 7.086636039694026445e-01 1.280208880379999914e-01 1.139430400569999974e-01 1.184380422759999940e-01 2.708180000000000121e+01 6.099419999999999931e+01 8.115130000000000621e+01 7.914039999999999964e+01 5.717350079273789687e-01 8.669473731236597702e-01
-5.552049999999999486e-01 -5.081250000000000488e-01 -5.587659999999999849e-01 -4.102129999999999943e-01 -3.821959999999999802e-01 -5.746219999999999661e-01 5.492806394969589334e-01 5.716467985503045357e-01 -7.955579999999999874e-01 2.354571493941182148e-02 nan nan 7.357532987372470412e-01 7.733455264949999630e-02 9.795260231650000649e-02 1.068583770729999993e-01 1.474549999999999983e+01 5.687120000000000175e+01 7.217589999999999861e+01 6.995329999999999870e+01 5.717350079273789687e-01 8.669473731236597702e-01
-5.553090000000000526e-01 -5.706940000000000346e-01 -4.635340000000000016e-01 -3.749460000000000015e-01 -3.242289999999999894e-01 -5.748940000000000161e-01 5.230696147882016867e-01 5.402311562396091560e-01 2.959159999999999915e-02 1.809839765954479596e-02 nan nan 7.616834851084002267e-01 7.733455264949999630e-02 9.795260231650000649e-02 1.068583770729999993e-01 1.474549999999999983e+01 5.687120000000000175e+01 7.217589999999999861e+01 6.995329999999999870e+01 5.940062797276712825e-01 9.150546521324756100e-01
-5.563839999999999897e-01 -1.000899999999999901e+00 -1.077860000000000040e+00 -5.618149999999999533e-01 -4.952400000000000135e-01 -5.740610000000000435e-01 4.964232725041536343e-01 5.085684561738448295e-01 1.184800000000000075e+00 1.350701259599640380e-02 nan nan 7.863528878061687433e-01 6.494525022329999953e-02 7.442687351799999462e-02 7.717434438520000273e-02 2.026599999999999824e+01 3.857280000000000086e+01 4.632999999999999829e+01 5.091899999999999693e+01 5.940062797276712825e-01 9.150546521324756100e-01
-5.558739999999999792e-01 -6.879440000000000000e-01 -6.965710000000000512e-01 -5.162560000000000482e-01 -4.942940000000000111e-01 -5.708199999999999941e-01 4.694664183948614733e-01 4.768230913419461148e-01 1.946219999999999895e-01 9.591623709554020216e-03 nan nan 8.096745167366619089e-01 6.494525022329999953e-02 7.442687351799999462e-02 7.717434438520000273e-02 2.026599999999999824e+01 3.857280000000000086e+01 4.632999999999999829e+01 5.091899999999999693e+01 6.414959430472223501e-01 8.757743626399809855e-01
-5.548159999999999759e-01 -4.335620000000000029e-01 -4.595989999999999798e-01 -6.191010000000000124e-01 -4.879350000000000076e-01 -5.668199999999999905e-01 4.423240648806850972e-01 4.451603913576782645e-01 -1.125620000000000065e+00 6.164635654203998172e-03 nan nan 8.315766526213155263e-01 5.741426514709999790e-02 7.577841897180000175e-02 5.762861625460000137e-02 1.376619999999999955e+01 2.944579999999999842e+01 3.765120000000000289e+01 3.951129999999999853e+01 6.414959430472223501e-01 8.757743626399809855e-01
-5.546069999999999611e-01 -3.991879999999999873e-01 -4.243919999999999915e-01 -3.441319999999999935e-01 -4.471890000000000032e-01 -5.685339999999999838e-01 4.151278947089598326e-01 4.137447492090525758e-01 -1.125620000000000065e+00 3.032919307361603423e-03 nan nan 8.520036596049754829e-01 5.741426514709999790e-02 7.577841897180000175e-02 5.762861625460000137e-02 1.376619999999999955e+01 2.944579999999999842e+01 3.765120000000000289e+01 3.951129999999999853e+01 6.633630739577829338e-01 8.928401238980223642e-01
-5.534090000000000398e-01 -2.770130000000000092e-01 -2.504020000000000135e-01 -2.899990000000000068e-01 -4.347829999999999750e-01 -5.732030000000000181e-01 3.880132167222350992e-01 3.827377586200826354e-01 -1.125620000000000065e+00 0.000000000000000000e+00 nan nan 8.709166156323673302e-01 7.166965157790000651e-02 7.493889158329999911e-02 5.164544457640000280e-02 1.127369999999999983e+01 2.868469999999999942e+01 3.467969999999999686e+01 3.949530000000000030e+01 6.633630739577829338e-01 8.928401238980223642e-01
-5.530350000000000543e-01 -2.521070000000000255e-01 -2.021550000000000014e-01 -4.310640000000000027e-01 -4.897589999999999999e-01 -5.703460000000000196e-01 3.611191729445031307e-01 3.522963831293224324e-01 -1.125620000000000065e+00 0.000000000000000000e+00 nan nan 8.882937534505351840e-01 7.166965157790000651e-02 7.493889158329999911e-02 5.164544457640000280e-02 1.127369999999999983e+01 2.868469999999999942e+01 3.467969999999999686e+01 3.949530000000000030e+01 6.308204060061555207e-01 9.301249404336430215e-01
-5.559669999999999890e-01 -7.109889999999999821e-01 -7.217459999999999987e-01 -4.350280000000000258e-01 -5.250529999999999919e-01 -5.715029999999999832e-01 3.345898975292344035e-01 3.225711776302548905e-01 -3.004680000000000129e-01 0.000000000000000000e+00 nan nan 9.041307072405158074e-01 1.168687726200000054e-01 9.510870720420000479e-02 6.953898231779999384e-02 1.110100000000000087e+01 2.082469999999999999e+01 3.143489999999999895e+01 3.465050000000000097e+01 6.308204060061555207e-01 9.301249404336430215e-01
-5.552550000000000541e-01 -5.356760000000000410e-01 -4.513610000000000122e-01 -2.485380000000000089e-01 -3.604720000000000146e-01 -5.741239999999999677e-01 3.085595927589335208e-01 2.937045825241901831e-01 -3.004680000000000129e-01 0.000000000000000000e+00 nan nan 9.184405620838111961e-01 1.168687726200000054e-01 9.510870720420000479e-02 6.953898231779999384e-02 1.110100000000000087e+01 2.082469999999999999e+01 3.143489999999999895e+01 3.465050000000000097e+01 6.506046569465602225e-01 9.876325351441506140e-01
-5.524149999999999894e-01 -2.090740000000000098e-01 -1.588960000000000095e-01 -3.331779999999999742e-01 -2.816679999999999739e-01 -5.735479999999999468e-01 2.831555560832775820e-01 2.658293098136020882e-01 -1.125620000000000065e+00 0.000000000000000000e+00 nan nan 9.312537057031873289e-01 1.351616471440000022e-01 9.086846291510000673e-02 5.954976108300000237e-02 1.402650000000000041e+01 1.829090000000000060e+01 2.333129999999999882e+01 2.841130000000000067e+01 6.506046569465602225e-01 9.876325351441506140e-01
-5.531329999999999858e-01 -2.617329999999999934e-01 -2.054570000000000007e-01 -4.404060000000000197e-01 -3.441859999999999919e-01 -5.696499999999999897e-01 2.585016391096877086e-01 2.390668394221118209e-01 -9.605879999999999974e-01 0.000000000000000000e+00 nan nan 9.426174841576326902e-01 1.351616471440000022e-01 9.086846291510000673e-02 5.954976108300000237e-02 1.402650000000000041e+01 1.829090000000000060e+01 2.333129999999999882e+01 2.841130000000000067e+01 6.710106631019367995e-01 9.246820645699309615e-01
-5.557370000000000365e-01 -7.099889999999999812e-01 -4.987139999999999906e-01 -3.457259999999999778e-01 -3.685459999999999847e-01 -5.688079999999999803e-01 2.347146692377338750e-01 2.135260427784114734e-01 -9.605879999999999974e-01 0.000000000000000000e+00 nan nan 9.525956653925912176e-01 1.287125299609999940e-01 8.046697811210000439e-02 4.330739488850000179e-02 6.946180000000000021e+00 1.879690000000000083e+01 2.012669999999999959e+01 2.188919999999999888e+01 6.710106631019367995e-01 9.246820645699309615e-01
-5.549220000000000264e-01 -4.939060000000000117e-01 -3.536340000000000039e-01 -4.539540000000000242e-01 -5.217140000000000111e-01 -5.667990000000000528e-01 2.119025253874696757e-01 1.893019492594750774e-01 -9.605879999999999974e-01 0.000000000000000000e+00 nan nan 9.612677167236601816e-01 1.287125299609999940e-01 8.046697811210000439e-02 4.330739488850000179e-02 6.946180000000000021e+00 1.879690000000000083e+01 2.012669999999999959e+01 2.188919999999999888e+01 6.274940156060559993e-01 9.040572134858231301e-01
-5.489290000000000003e-01 -5.579719999999999819e-02 7.923009999999999775e-02 -5.864859999999999518e-01 -6.048829999999999485e-01 -5.530730000000000368e-01 1.901646433844373929e-01 1.664746694697446516e-01 -9.605879999999999974e-01 0.000000000000000000e+00 nan nan 9.687279044401511108e-01 1.209116141240000053e-01 9.311472919150000360e-02 4.503938928629999672e-02 1.625969999999999871e+01 1.957770000000000010e+01 2.322070000000000078e+01 2.328350000000000009e+01 6.274940156060559993e-01 9.040572134858231301e-01
-5.459640000000000049e-01 5.170799999999999702e-02 1.385359999999999925e-01 -6.256950000000000012e-01 -6.192490000000000494e-01 -5.421780000000000488e-01 1.695818305327817521e-01 1.451084875559726095e-01 -1.125620000000000065e+00 0.000000000000000000e+00 nan nan 9.750842257303647953e-01 1.209116141240000053e-01 9.311472919150000360e-02 4.503938928629999672e-02 1.625969999999999871e+01 1.957770000000000010e+01 2.322070000000000078e+01 2.328350000000000009e+01 7.187925513725246240e-01 9.630055694543722122e-01
-5.521220000000000017e-01 -1.718399999999999928e-01 -1.826240000000000085e-01 -6.224709999999999965e-01 -5.813450000000000006e-01 -5.564249999999999474e-01 1.502327167323026513e-01 1.252511328421509473e-01 -1.125620000000000065e+00 0.000000000000000000e+00 nan nan 9.804571850302942204e-01 8.506905284009999568e-02 7.620756226680000522e-02 3.383155425110000170e-02 8.998639999999999972e+00 3.183470000000000155e+01 3.242300000000000182e+01 2.762760000000000105e+01 7.187925513725246240e-01 9.630055694543722122e-01
-5.472160000000000357e-01 1.903689999999999896e-02 9.296659999999999646e-02 -6.354049999999999976e-01 -6.210059999999999469e-01 -5.653829999999999689e-01 1.321647308191582493e-01 1.069332390371997565e-01 -1.125620000000000065e+00 0.000000000000000000e+00 nan nan 9.849784286602139005e-01 8.506905284009999568e-02 7.620756226680000522e-02 3.383155425110000170e-02 8.998639999999999972e+00 3.183470000000000155e+01 3.242300000000000182e+01 2.762760000000000105e+01 7.334100164765131602e-01 9.241273528710984841e-01
-5.518960000000000532e-01 -1.729060000000000041e-01 -1.201979999999999993e-01 -7.209929999999999950e-01 -7.133990000000000054e-01 -5.717119999999999980e-01 1.154090091844827137e-01 9.016799714280443467e-02 -1.125620000000000065e+00 0.000000000000000000e+00 nan nan 9.887892532192680273e-01 6.859435787779999405e-02 5.869063857259999850e-02 3.049148062270000056e-02 2.179599999999999937e+01 3.193220000000000169e+01 3.318520000000000181e+01 2.800639999999999930e+01 7.334100164765131602e-01 9.241273528710984841e-01
-5.563479999999999537e-01 -9.133200000000000207e-01 -9.329950000000000188e-01 -6.590099999999999847e-01 -7.087109999999999799e-01 -5.766750000000000487e-01 1.000094196288781045e-01 7.495100599409554309e-02 -4.654980000000000229e-01 0.000000000000000000e+00 nan nan 9.920390046385425542e-01 6.859435787779999405e-02 5.869063857259999850e-02 3.049148062270000056e-02 2.179599999999999937e+01 3.193220000000000169e+01 3.318520000000000181e+01 2.800639999999999930e+01 6.751826405943981424e-01 8.288137360019062205e-01
-5.565719999999999557e-01 -1.166320000000000023e+00 -1.303360000000000074e+00 -7.750700000000000367e-01 -7.753269999999999884e-01 -5.779840000000000533e-01 8.598145022702674556e-02 6.126032212660470488e-02 -1.354380000000000028e-01 0.000000000000000000e+00 nan nan 9.948833860319907796e-01 7.375634435109999776e-02 4.299195312770000277e-02 3.019553298539999833e-02 1.236790000000000056e+01 2.800489999999999924e+01 2.692330000000000112e+01 2.263939999999999841e+01 6.751826405943981424e-01 8.288137360019062205e-01
-5.564759999999999707e-01 -1.077970000000000095e+00 -9.929270000000000040e-01 -8.377580000000000027e-01 -7.984120000000000106e-01 -5.775649999999999951e-01 7.320500687984587973e-02 4.905670840448694836e-02 1.349830000000000085e+00 0.000000000000000000e+00 nan nan 9.974826935179358367e-01 7.375634435109999776e-02 4.299195312770000277e-02 3.019553298539999833e-02 1.236790000000000056e+01 2.800489999999999924e+01 2.692330000000000112e+01 2.263939999999999841e+01 7.057729971710138273e-01 8.264012985465809535e-01
-5.566499999999999782e-01 -1.444930000000000048e+00 -1.519600000000000062e+00 -6.453550000000000120e-01 -7.338489999999999736e-01 -5.776120000000000143e-01 6.164734214243794419e-02 3.828407859294657989e-02 1.514860000000000095e+00 0.000000000000000000e+00 nan nan 1.000000000000000000e+00 6.705168510139999927e-02 5.087571815200000319e-02 3.234176405460000014e-02 1.947439999999999927e+01 3.195589999999999975e+01 3.042699999999999960e+01 2.557590000000000074e+01 7.057729971710138273e-01 8.264012985465809535e-01
-5.564670000000000449e-01 -1.091409999999999991e+00 -9.443049999999999500e-01 -6.514259999999999495e-01 -7.022869999999999946e-01 -5.761960000000000415e-01 5.144760391670677446e-02 2.887013283768880001e-02 -6.305279999999999774e-01 0.000000000000000000e+00 nan nan 1.000000000000000000e+00 6.705168510139999927e-02 5.087571815200000319e-02 3.234176405460000014e-02 1.947439999999999927e+01 3.195589999999999975e+01 3.042699999999999960e+01 2.557590000000000074e+01 6.798209344980882252e-01 8.716233321420061575e-01
-5.559680000000000177e-01 -6.935959999999999903e-01 -7.374709999999999877e-01 -6.327819999999999556e-01 -7.544939999999999980e-01 -5.712329999999999908e-01 4.254667431865988281e-02 2.072717685115876840e-02 -1.125620000000000065e+00 0.000000000000000000e+00 nan nan 1.000000000000000000e+00 7.806921585619999715e-02 6.846260290170000373e-02 3.665754253530000006e-02 1.951569999999999894e+01 3.643419999999999703e+01 3.777479999999999905e+01 3.181840000000000046e+01 6.798209344980882252e-01 8.716233321420061575e-01
-5.562719999999999887e-01 -8.390769999999999618e-01 -9.021550000000000402e-01 -7.428569999999999895e-01 -8.765659999999999563e-01 -5.697999999999999732e-01 3.480357258745470084e-02 1.483973344227473845e-02 -1.125620000000000065e+00 0.000000000000000000e+00 nan nan 9.974826935179356147e-01 7.806921585619999715e-02 6.846260290170000373e-02 3.665754253530000006e-02 1.951569999999999894e+01 3.643419999999999703e+01 3.777479999999999905e+01 3.181840000000000046e+01 8.058444990207355163e-01 9.195891410531332744e-01
-5.553879999999999928e-01 -5.360510000000000552e-01 -5.295170000000000154e-01 -8.221870000000000012e-01 -8.009979999999999878e-01 -5.733120000000000438e-01 2.814346865641881301e-02 1.004124200828804270e-02 -1.125620000000000065e+00 0.000000000000000000e+00 nan nan 9.948833860319905575e-01 8.976103734989999972e-02 6.789093723819999981e-02 4.819848373300000127e-02 9.734759999999999636e+00 2.838820000000000121e+01 2.851930000000000121e+01 2.483350000000000080e+01 8.058444990207355163e-01 9.195891410531332744e-01
-5.513550000000000395e-01 -1.378260000000000041e-01 -9.903660000000000241e-02 -6.971720000000000139e-01 -8.079819999999999780e-01 -5.736959999999999837e-01 2.246319706638633118e-02 6.274818072582566408e-03 -1.125620000000000065e+00 0.000000000000000000e+00 nan nan 9.920390046385425542e-01 8.976103734989999972e-02 6.789093723819999981e-02 4.819848373300000127e-02 9.734759999999999636e+00 2.838820000000000121e+01 2.851930000000000121e+01 2.483350000000000080e+01 7.452295831131283688e-01 8.910978079580652578e-01
-5.533789999999999543e-01 -2.916839999999999988e-01 -1.962990000000000013e-01 -8.736300000000000177e-01 -7.554180000000000339e-01 -5.746080000000000076e-01 1.763222522406260317e-02 3.471883421394483804e-03 -9.605879999999999974e-01 0.000000000000000000e+00 nan nan 9.887892532192680273e-01 6.938741706239999474e-02 6.386346674079999841e-02 4.751297543650000177e-02 1.225670000000000037e+01 1.979220000000000113e+01 2.351409999999999911e+01 2.248519999999999897e+01 7.452295831131283688e-01 8.910978079580652578e-01
-5.563360000000000527e-01 -9.443310000000000315e-01 -8.235280000000000378e-01 -8.467099999999999627e-01 -7.908830000000000027e-01 -5.770800000000000374e-01 1.353825995662205628e-02 1.552943122374750295e-03 -9.605879999999999974e-01 0.000000000000000000e+00 nan nan 9.849784286602139005e-01 6.938741706239999474e-02 6.386346674079999841e-02 4.751297543650000177e-02 1.225670000000000037e+01 1.979220000000000113e+01 2.351409999999999911e+01 2.248519999999999897e+01 1.407405104610315316e-01 6.124352215868478222e-01
-5.565390000000000059e-01 -1.100039999999999907e+00 -1.224529999999999896e+00 -7.215040000000000342e-01 -8.723180000000000378e-01 -5.777259999999999618e-01 1.007234450728544672e-02 4.284862339387629504e-04 3.596509999999999985e-01 0.000000000000000000e+00 nan nan 9.804571850302941094e-01 4.025583586430000332e-02 4.058981155219999748e-02 3.013968433470000027e-02 8.121230000000000615e+00 2.246219999999999928e+01 2.300400000000000134e+01 2.272919999999999874e+01 1.407405104610315316e-01 6.124352215868478222e-01
-5.563139999999999752e-01 -9.371990000000000043e-01 -7.995799999999999574e-01 -7.044770000000000199e-01 -7.799770000000000314e-01 -5.778510000000000035e-01 7.118919442959059651e-03 0.000000000000000000e+00 1.019770000000000065e+00 0.000000000000000000e+00 nan nan 9.750842257303646843e-01 4.025583586430000332e-02 4.058981155219999748e-02 3.013968433470000027e-02 8.121230000000000615e+00 2.246219999999999928e+01 2.300400000000000134e+01 2.272919999999999874e+01 7.266639723940684359e-01 7.400933702644746370e-01
-5.561399999999999677e-01 -8.026229999999999754e-01 -7.287379999999999969e-01 -8.542229999999999546e-01 -8.626030000000000086e-01 -5.770920000000000494e-01 4.573851909046799946e-03 1.610860388610024785e-04 1.946219999999999895e-01 0.000000000000000000e+00 nan nan 9.687279044401511108e-01 3.984202412309999913e-02 4.104606937940000200e-02 2.212673044229999941e-02 1.003159999999999918e+01 1.998710000000000164e+01 2.706269999999999953e+01 2.657189999999999941e+01 7.266639723940684359e-01 7.400933702644746370e-01
-5.566309999999999869e-01 -1.398670000000000080e+00 -1.288969999999999949e+00 -8.526890000000000303e-01 -9.180589999999999584e-01 -5.767370000000000552e-01 2.315259621634258025e-03 2.110700594990633228e-03 -4.654980000000000229e-01 0.000000000000000000e+00 nan nan 9.612677167236601816e-01 3.984202412309999913e-02 4.104606937940000200e-02 2.212673044229999941e-02 1.003159999999999918e+01 1.998710000000000164e+01 2.706269999999999953e+01 2.657189999999999941e+01 7.857991108900426180e-01 8.395729092208720212e-01
-5.566609999999999614e-01 -1.440490000000000048e+00 -1.723119999999999985e+00 -8.335829999999999629e-01 -8.813720000000000443e-01 -5.760279999999999845e-01 6.205567671885292569e-04 5.854069323785626722e-03 -3.004680000000000129e-01 0.000000000000000000e+00 nan nan 9.525956653925912176e-01 4.875830763600000339e-02 5.385304531610000250e-02 2.911105055279999965e-02 9.806369999999999365e+00 1.675969999999999871e+01 2.181670000000000087e+01 2.637419999999999831e+01 7.857991108900426180e-01 8.395729092208720212e-01
-5.557990000000000430e-01 -6.530120000000000369e-01 -6.187359999999999527e-01 -8.717909999999999826e-01 -8.210549999999999793e-01 -5.755590000000000428e-01 0.000000000000000000e+00 1.016124073908541980e-02 -3.004680000000000129e-01 0.000000000000000000e+00 nan nan 9.426174841576325791e-01 4.875830763600000339e-02 5.385304531610000250e-02 2.911105055279999965e-02 9.806369999999999365e+00 1.675969999999999871e+01 2.181670000000000087e+01 2.637419999999999831e+01 8.982248888612553994e-01 9.846132654276864571e-01
-5.558290000000000175e-01 -6.339850000000000207e-01 -7.092650000000000343e-01 -6.937590000000000146e-01 -8.161129999999999773e-01 -5.746210000000000484e-01 0.000000000000000000e+00 1.506651762033739406e-02 -1.125620000000000065e+00 0.000000000000000000e+00 nan nan 9.312537057031873289e-01 5.756073701890000033e-02 5.218333356390000149e-02 2.760242313870000033e-02 5.854140000000000121e+00 1.594459999999999944e+01 2.017770000000000152e+01 2.360300000000000153e+01 8.982248888612553994e-01 9.846132654276864571e-01
-5.558790000000000120e-01 -6.605830000000000313e-01 -7.002249999999999863e-01 -7.378670000000000506e-01 -7.911080000000000334e-01 -5.768210000000000282e-01 0.000000000000000000e+00 2.059742597306968293e-02 -7.955579999999999874e-01 0.000000000000000000e+00 nan nan 9.184405620838111961e-01 5.756073701890000033e-02 5.218333356390000149e-02 2.760242313870000033e-02 5.854140000000000121e+00 1.594459999999999944e+01 2.017770000000000152e+01 2.360300000000000153e+01 5.943233748873069100e-01 8.508495651655944014e-01
-5.564609999999999834e-01 -9.972640000000000393e-01 -1.088910000000000045e+00 -8.722699999999999898e-01 -9.181979999999999587e-01 -5.765099999999999669e-01 0.000000000000000000e+00 2.677440314824786061e-02 -4.654980000000000229e-01 0.000000000000000000e+00 nan nan 9.041307072405158074e-01 7.077589160920000344e-02 5.629386942009999978e-02 3.720521973180000025e-02 1.554529999999999923e+01 1.883999999999999986e+01 2.101879999999999882e+01 2.348389999999999844e+01 5.943233748873069100e-01 8.508495651655944014e-01
-5.557980000000000143e-01 -6.480550000000000477e-01 -6.304610000000000491e-01 -9.031449999999999756e-01 -8.939930000000000376e-01 -5.763730000000000242e-01 0.000000000000000000e+00 3.361056627892389237e-02 -6.305279999999999774e-01 0.000000000000000000e+00 nan nan 8.882937534505351840e-01 7.077589160920000344e-02 5.629386942009999978e-02 3.720521973180000025e-02 1.554529999999999923e+01 1.883999999999999986e+01 2.101879999999999882e+01 2.348389999999999844e+01 9.885037460751702199e-01 1.000000000000000000e+00
-5.564360000000000417e-01 -1.050839999999999996e+00 -8.987380000000000368e-01 -7.032559999999999922e-01 -7.852860000000000396e-01 -5.768339999999999579e-01 0.000000000000000000e+00 4.111156365787638212e-02 -9.605879999999999974e-01 0.000000000000000000e+00 nan nan 8.709166156323673302e-01 9.343606104679999524e-02 6.758100235080000129e-02 4.315920336589999795e-02 1.127740000000000009e+01 2.583330000000000126e+01 2.774980000000000047e+01 2.987320000000000064e+01 9.885037460751702199e-01 1.000000000000000000e+00
-5.556259999999999533e-01 -5.852939999999999809e-01 -6.150499999999999856e-01 -7.574859999999999927e-01 -7.926370000000000360e-01 -5.768929999999999891e-01 0.000000000000000000e+00 4.927551074019664856e-02 -1.125620000000000065e+00 0.000000000000000000e+00 nan nan 8.520036596049754829e-01 9.343606104679999524e-02 6.758100235080000129e-02 4.315920336589999795e-02 1.127740000000000009e+01 2.583330000000000126e+01 2.774980000000000047e+01 2.987320000000000064e+01 1.543009916995679021e-01 7.415192399332857232e-01
-5.558349999999999680e-01 -6.451919999999999877e-01 -6.845539999999999958e-01 -7.226650000000000018e-01 -7.383849999999999580e-01 -5.763190000000000257e-01 0.000000000000000000e+00 5.809301149593570912e-02 -1.125620000000000065e+00 0.000000000000000000e+00 nan nan 8.315766526213155263e-01 9.641824759860000149e-02 4.383318197609999828e-02 3.957391641750000050e-02 1.552350000000000030e+01 2.424470000000000169e+01 3.009309999999999974e+01 3.140409999999999968e+01 1.543009916995679021e-01 7.415192399332857232e-01
-5.564189999999999969e-01 -1.001840000000000064e+00 -9.217779999999999863e-01 -7.712309999999999999e-01 -8.015980000000000327e-01 -5.761619999999999520e-01 0.000000000000000000e+00 6.754726487087792108e-02 5.246809999999999530e-01 0.000000000000000000e+00 nan nan 8.096745167366619089e-01 9.641824759860000149e-02 4.383318197609999828e-02 3.957391641750000050e-02 1.552350000000000030e+01 2.424470000000000169e+01 3.009309999999999974e+01 3.140409999999999968e+01 7.640065906052787570e-01 7.691059089826066675e-01
-5.566480000000000317e-01 -1.449899999999999967e+00 -1.508659999999999890e+00 -7.664170000000000149e-01 -7.838939999999999797e-01 -5.764650000000000052e-01 0.000000000000000000e+00 7.761425514919839674e-02 1.184800000000000075e+00 0.000000000000000000e+00 nan nan 7.863528878061687433e-01 5.663956706090000209e-02 4.157937863100000242e-02 3.330495737389999739e-02 1.178560000000000052e+01 3.297720000000000340e+01 3.585370000000000346e+01 3.370049999999999812e+01 7.640065906052787570e-01 7.691059089826066675e-01
-5.559370000000000145e-01 -6.784559999999999480e-01 -7.209710000000000285e-01 -7.963580000000000103e-01 -8.823370000000000379e-01 -5.763679999999999914e-01 0.000000000000000000e+00 8.826302406112007670e-02 -4.654980000000000229e-01 0.000000000000000000e+00 nan nan 7.616834851084002267e-01 5.663956706090000209e-02 4.157937863100000242e-02 3.330495737389999739e-02 1.178560000000000052e+01 3.297720000000000340e+01 3.585370000000000346e+01 3.370049999999999812e+01 6.994373115304505228e-01 8.571338158208243740e-01
-5.541300000000000114e-01 -3.597460000000000102e-01 -2.870519999999999738e-01 -8.265010000000000412e-01 -8.008920000000000483e-01 -5.758299999999999530e-01 0.000000000000000000e+00 9.945602155248001175e-02 -1.125620000000000065e+00 0.000000000000000000e+00 nan nan 7.357532987372470412e-01 5.592532828800000216e-02 4.211460295410000138e-02 4.805486156469999937e-02 2.284250000000000114e+01 3.566519999999999868e+01 3.719939999999999714e+01 3.375039999999999907e+01 6.994373115304505228e-01 8.571338158208243740e-01
-5.561249999999999805e-01 -7.870219999999999994e-01 -7.429219999999999713e-01 -5.569749999999999979e-01 -6.026890000000000303e-01 -5.769859999999999989e-01 0.000000000000000000e+00 1.111495312418476766e-01 -4.654980000000000229e-01 0.000000000000000000e+00 nan nan 7.086636039694026445e-01 5.592532828800000216e-02 4.211460295410000138e-02 4.805486156469999937e-02 2.284250000000000114e+01 3.566519999999999868e+01 3.719939999999999714e+01 3.375039999999999907e+01 7.687443653433644331e-01 8.657002025256136379e-01
-5.565879999999999717e-01 -1.284669999999999979e+00 -1.597979999999999956e+00 -2.706219999999999737e-01 -1.587669999999999915e-01 -5.778450000000000530e-01 0.000000000000000000e+00 1.232941657445945083e-01 2.835100000000000176e+00 0.000000000000000000e+00 nan nan 6.805288137750113986e-01 4.639753551499999767e-02 4.100871999169999893e-02 4.684396470269999724e-02 1.317709999999999937e+01 2.952619999999999933e+01 3.049759999999999849e+01 -1.000000000000000000e+00 7.687443653433644331e-01 8.657002025256136379e-01
-5.562660000000000382e-01 -8.868829999999999769e-01 -9.842370000000000285e-01 1.623580000000000023e-01 1.834369999999999890e-01 -5.778480000000000283e-01 0.000000000000000000e+00 1.358354262516959787e-01 2.835100000000000176e+00 0.000000000000000000e+00 nan nan 6.514751824729989593e-01 4.639753551499999767e-02 4.100871999169999893e-02 4.684396470269999724e-02 1.317709999999999937e+01 2.952619999999999933e+01 3.049759999999999849e+01 -1.000000000000000000e+00 7.493145148754936091e-01 8.489285501548725632e-01
-5.562979999999999592e-01 -9.120840000000000058e-01 -9.286499999999999755e-01 -1.081239999999999979e-02 6.590529999999999999e-02 -5.769720000000000404e-01 0.000000000000000000e+00 1.487143200230144346e-01 1.679890000000000105e+00 0.000000000000000000e+00 nan nan 6.216393752191907707e-01 4.619345892679999760e-02 4.476999700119999731e-02 4.397998149000000023e-02 1.308680000000000021e+01 2.312389999999999901e+01 -1.000000000000000000e+00 -1.000000000000000000e+00 7.493145148754936091e-01 8.489285501548725632e-01
-5.564930000000000154e-01 -1.130530000000000035e+00 -1.418660000000000032e+00 1.819820000000000049e-01 1.494959999999999900e-01 -5.771589999999999776e-01 0.000000000000000000e+00 1.618680287986176136e-01 4.320369999999999600e+00 0.000000000000000000e+00 nan nan 5.911669195354880557e-01 4.619345892679999760e-02 4.476999700119999731e-02 4.397998149000000023e-02 1.308680000000000021e+01 2.312389999999999901e+01 -1.000000000000000000e+00 -1.000000000000000000e+00 5.859172443808873254e-01 7.007460686204431966e-01
-5.564860000000000362e-01 -1.086330000000000018e+00 -1.157219999999999915e+00 -1.253890000000000005e-01 -2.713490000000000069e-01 -5.772370000000000001e-01 0.000000000000000000e+00 1.752306205547639051e-01 2.340009999999999923e+00 0.000000000000000000e+00 nan nan 5.602105564248940350e-01 5.277980558450000304e-02 5.495334107049999750e-02 4.586770491130000293e-02 9.308640000000000470e+00 -1.000000000000000000e+00 -1.000000000000000000e+00 -1.000000000000000000e+00 5.859172443808873254e-01 7.007460686204431966e-01
-5.546889999999999876e-01 -4.284609999999999808e-01 -3.823250000000000259e-01 -6.819610000000000394e-01 -5.502310000000000256e-01 -5.758879999999999555e-01 0.000000000000000000e+00 1.887337965400764928e-01 -7.955579999999999874e-01 0.000000000000000000e+00 nan nan 5.289285097549184522e-01 5.277980558450000304e-02 5.495334107049999750e-02 4.586770491130000293e-02 9.308640000000000470e+00 -1.000000000000000000e+00 -1.000000000000000000e+00 -1.000000000000000000e+00 0.000000000000000000e+00 0.000000000000000000e+00
