-7.262680000000000247e-01 -1.910379999999999967e+00 -1.938399999999999901e+00 -1.497419999999999973e+00 -1.642490000000000006e+00 -8.176050000000000262e-01 7.701830601311188129e-02 3.453823216520763850e-01 -5.887280000000000291e-01 1.520416886526834155e-01 nan nan 7.954937156745264248e-01 7.126588918439999421e-02 2.670522739710000024e-02 6.670530803719999791e-02 -1.000000000000000000e+00 -1.000000000000000000e+00 -1.000000000000000000e+00 -1.000000000000000000e+00 0.000000000000000000e+00 0.000000000000000000e+00
-7.250429999999999930e-01 -1.230280000000000040e+00 -1.234310000000000018e+00 -1.644709999999999894e+00 -1.681840000000000002e+00 -8.169549999999999867e-01 8.881070583622374670e-02 3.508691337887243078e-01 -1.261560000000000015e+00 1.680128212381131192e-01 nan nan 8.301696792453250318e-01 7.487262376540000652e-02 3.775537915879999956e-02 7.711137334010000066e-02 1.182419999999999938e+01 -1.000000000000000000e+00 -1.000000000000000000e+00 -1.000000000000000000e+00 0.000000000000000000e+00 0.000000000000000000e+00
-7.254220000000000113e-01 -1.330109999999999904e+00 -1.342470000000000052e+00 -1.459470000000000045e+00 -1.461929999999999952e+00 -8.170809999999999462e-01 1.016796564938006187e-01 3.571267802157152005e-01 -5.887280000000000291e-01 1.844811959722513217e-01 nan nan 8.624984055139434114e-01 7.487262376540000652e-02 3.775537915879999956e-02 7.711137334010000066e-02 1.182419999999999938e+01 -1.000000000000000000e+00 -1.000000000000000000e+00 -1.000000000000000000e+00 0.000000000000000000e+00 0.000000000000000000e+00
-7.262589999999999879e-01 -1.979030000000000067e+00 -1.773719999999999963e+00 -1.523640000000000105e+00 -1.528270000000000017e+00 -8.179509999999999836e-01 1.154793476327202750e-01 3.642234443457940118e-01 -5.887280000000000291e-01 2.015109900059217640e-01 nan nan 8.921135970938546267e-01 1.042237469870000016e-01 4.129729529730000182e-02 9.125438859779999579e-02 1.928419999999999845e+01 3.758339999999999748e+01 -1.000000000000000000e+00 -1.000000000000000000e+00 0.000000000000000000e+00 0.000000000000000000e+00
-7.257839999999999847e-01 -1.473500000000000032e+00 -1.478630000000000111e+00 -1.351769999999999916e+00 -1.617499999999999938e+00 -8.179870000000000196e-01 1.302002132184119088e-01 3.722178031858756064e-01 -1.261560000000000015e+00 2.191600193849534417e-01 nan nan 9.186797020308281603e-01 1.042237469870000016e-01 4.129729529730000182e-02 9.125438859779999579e-02 1.928419999999999845e+01 3.758339999999999748e+01 -1.000000000000000000e+00 -1.000000000000000000e+00 7.073238864340494203e-01 7.312470903646082210e-01
-7.262250000000000094e-01 -1.852540000000000076e+00 -1.820969999999999978e+00 -1.557800000000000074e+00 -1.654949999999999921e+00 -8.181410000000000071e-01 1.467018398024547698e-01 3.811583625031094158e-01 -5.887280000000000291e-01 2.374790839712778157e-01 nan nan 9.418957157406508962e-01 1.538893550459999870e-01 5.153421280360000190e-02 1.112269905759999955e-01 2.124210000000000065e+01 5.442049999999999699e+01 6.979089999999999350e+01 -1.000000000000000000e+00 7.073238864340494203e-01 7.312470903646082210e-01
-7.264169999999999794e-01 -2.810799999999999965e+00 -2.638949999999999907e+00 -1.649929999999999897e+00 -1.862980000000000080e+00 -8.184109999999999996e-01 1.643266313790127109e-01 3.910829072351562630e-01 5.326589999999999936e-01 2.565113918601957810e-01 nan nan 9.614985915113426485e-01 1.538893550459999870e-01 5.153421280360000190e-02 1.112269905759999955e-01 2.124210000000000065e+01 5.442049999999999699e+01 6.979089999999999350e+01 -1.000000000000000000e+00 7.387424450200619219e-01 7.636038867776262506e-01
-7.263690000000000424e-01 -2.235399999999999832e+00 -2.231920000000000126e+00 -1.610870000000000024e+00 -1.709359999999999991e+00 -8.170250000000000012e-01 1.812027919579886071e-01 4.020180733717473309e-01 -1.401729999999999920e-01 2.762920698153915611e-01 nan nan 9.772662209275092549e-01 2.168498345980000019e-01 7.911221016550000484e-02 1.222986430339999958e-01 4.177190000000000225e+01 9.766729999999999734e+01 1.021779999999999973e+02 9.942340000000000089e+01 7.387424450200619219e-01 7.636038867776262506e-01
-7.263490000000000224e-01 -2.164070000000000160e+00 -2.099219999999999864e+00 -1.536480000000000068e+00 -1.674790000000000001e+00 -8.144169999999999465e-01 1.985383243130485198e-01 4.139790461582750769e-01 8.410410000000000108e-02 2.968477652686658530e-01 nan nan 9.890199504474409542e-01 2.168498345980000019e-01 7.911221016550000484e-02 1.222986430339999958e-01 4.177190000000000225e+01 9.766729999999999734e+01 1.021779999999999973e+02 9.942340000000000089e+01 5.635532530854792110e-01 6.999171269806157003e-01
-7.263570000000000304e-01 -2.253769999999999829e+00 -2.088919999999999888e+00 -1.444169999999999954e+00 -1.446059999999999901e+00 -8.068290000000000184e-01 2.175300622983306065e-01 4.269693880408980124e-01 3.083819999999999895e-01 3.181963443938842229e-01 nan nan 9.966266056191246392e-01 3.055359271620000094e-01 9.336228727829999630e-02 1.394013570519999912e-01 3.759519999999999840e+01 1.123679999999999950e+02 1.286200000000000045e+02 1.139669999999999987e+02 5.635532530854792110e-01 6.999171269806157003e-01
-7.216299999999999937e-01 -8.751910000000000522e-01 -8.177189999999999737e-01 -8.572729999999999517e-01 -6.305190000000000516e-01 -7.936339999999999506e-01 2.371774174176324301e-01 4.409809983025999580e-01 -8.130060000000000064e-01 3.403466896760889426e-01 nan nan 1.000000000000000000e+00 3.055359271620000094e-01 9.336228727829999630e-02 1.394013570519999912e-01 3.759519999999999840e+01 1.123679999999999950e+02 1.286200000000000045e+02 1.139669999999999987e+02 1.155111991467316912e-01 4.348456283656846333e-01
-6.755870000000000486e-01 -1.749670000000000114e-01 1.690010000000000123e-02 -1.176539999999999919e+00 -8.976110000000000477e-01 -7.743780000000000108e-01 2.569123456235474778e-01 4.559942048475520426e-01 -5.887280000000000291e-01 3.632985992693942290e-01 nan nan 9.991019116837915881e-01 3.762745908189999988e-01 1.088656357100000055e-01 1.220917718809999969e-01 4.065740000000000265e+01 9.895159999999999911e+01 1.239620000000000033e+02 1.163179999999999978e+02 1.155111991467316912e-01 4.348456283656846333e-01
-7.036649999999999849e-01 -4.445040000000000102e-01 -2.100110000000000032e-01 -8.362549999999999706e-01 -6.610810000000000297e-01 -7.490120000000000111e-01 2.767281553317809673e-01 4.719779870938185518e-01 -3.644510000000000249e-01 3.870427892839807260e-01 nan nan 9.939425163699802113e-01 3.762745908189999988e-01 1.088656357100000055e-01 1.220917718809999969e-01 4.065740000000000265e+01 9.895159999999999911e+01 1.239620000000000033e+02 1.163179999999999978e+02 1.046675808827263188e-01 5.698395036863636021e-01
-7.005169999999999453e-01 -4.036250000000000115e-01 -1.559989999999999988e-01 -1.074770000000000003e+00 -9.743600000000000039e-01 -7.302899999999999947e-01 2.966143706588304507e-01 4.888903274489452278e-01 -3.644510000000000249e-01 4.115609989762768484e-01 nan nan 9.845802720690609577e-01 3.907759276960000028e-01 1.206250874770000009e-01 1.045002816780000038e-01 2.269369999999999976e+01 7.998499999999999943e+01 1.058919999999999959e+02 1.065460000000000065e+02 1.046675808827263188e-01 5.698395036863636021e-01
-6.938830000000000275e-01 -3.183429999999999871e-01 -1.005299999999999944e-01 -9.566500000000000004e-01 -8.489259999999999584e-01 -7.275770000000000293e-01 3.165645129941984104e-01 5.066786873860720242e-01 -3.644510000000000249e-01 4.368261976504796973e-01 nan nan 9.711212567499262205e-01 3.907759276960000028e-01 1.206250874770000009e-01 1.045002816780000038e-01 2.269369999999999976e+01 7.998499999999999943e+01 1.058919999999999959e+02 1.065460000000000065e+02 9.865407080095489611e-02 7.789733650738098758e-01
-6.767570000000000530e-01 -1.963219999999999965e-01 5.125699999999999701e-02 -9.346440000000000303e-01 -8.114400000000000501e-01 -7.411860000000000115e-01 3.365679628039651705e-01 5.252806027264342870e-01 -3.644510000000000249e-01 4.628028909271398872e-01 nan nan 9.537179664340913465e-01 3.093525152809999956e-01 1.326730700540000030e-01 1.086367628179999989e-01 2.247950000000000159e+01 6.657219999999999516e+01 1.055040000000000049e+02 1.108709999999999951e+02 9.865407080095489611e-02 7.789733650738098758e-01
-6.649920000000000275e-01 -1.288710000000000133e-01 1.235659999999999953e-01 -1.013819999999999943e+00 -8.870059999999999611e-01 -7.570489999999999720e-01 3.566143633033442839e-01 5.446243913834695194e-01 -3.644510000000000249e-01 4.894475229086633350e-01 nan nan 9.325675873548370243e-01 3.093525152809999956e-01 1.326730700540000030e-01 1.086367628179999989e-01 2.247950000000000159e+01 6.657219999999999516e+01 1.055040000000000049e+02 1.108709999999999951e+02 9.546955152623293195e-02 7.295037854150088208e-01
-6.834329999999999572e-01 -2.349980000000000124e-01 1.624000000000000010e-03 -1.022049999999999903e+00 -8.891480000000000494e-01 -7.786710000000000020e-01 3.766992091955075894e-01 5.646299655494989578e-01 -5.887280000000000291e-01 5.167089696850351022e-01 nan nan 9.079097617583935520e-01 1.995199722300000089e-01 9.675832995119999780e-02 1.196096155220000012e-01 2.262399999999999878e+01 7.862969999999999970e+01 1.167630000000000052e+02 1.265460000000000065e+02 9.546955152623293195e-02 7.295037854150088208e-01
-7.068360000000000198e-01 -4.922540000000000249e-01 -2.437850000000000017e-01 -1.087830000000000075e+00 -1.048010000000000108e+00 -7.989859999999999740e-01 3.968164882603471000e-01 5.852097391225911105e-01 -5.887280000000000291e-01 5.445291185881482310e-01 nan nan 8.800238726615361440e-01 1.995199722300000089e-01 9.675832995119999780e-02 1.196096155220000012e-01 2.262399999999999878e+01 7.862969999999999970e+01 1.167630000000000052e+02 1.265460000000000065e+02 8.980141195591440084e-02 6.477038230545475450e-01
-7.153159999999999519e-01 -6.727090000000000014e-01 -4.210969999999999991e-01 -1.380819999999999936e+00 -1.408439999999999914e+00 -8.094069999999999876e-01 4.169549769696728747e-01 6.062696200920941747e-01 -3.644510000000000249e-01 5.728435266315532459e-01 nan nan 8.492258783303678893e-01 1.200585733459999943e-01 5.011100410049999787e-02 1.069275449690000046e-01 2.708630000000000138e+01 8.287959999999999638e+01 1.188550000000000040e+02 1.243739999999999952e+02 8.980141195591440084e-02 6.477038230545475450e-01
-7.232539999999999525e-01 -1.063800000000000079e+00 -8.245940000000000492e-01 -1.320729999999999960e+00 -1.198490000000000055e+00 -8.149619999999999642e-01 4.371036889836207306e-01 6.277100766387136987e-01 -5.887280000000000291e-01 6.015821506752452308e-01 nan nan 8.158647323469152557e-01 1.200585733459999943e-01 5.011100410049999787e-02 1.069275449690000046e-01 2.708630000000000138e+01 8.287959999999999638e+01 1.188550000000000040e+02 1.243739999999999952e+02 2.600995479709482527e-01 6.735496396179256884e-01
-7.238759999999999639e-01 -1.073469999999999924e+00 -9.704789999999999806e-01 -1.475559999999999983e+00 -1.436630000000000074e+00 -8.169290000000000163e-01 4.572494143344337791e-01 6.494272648697961836e-01 -5.887280000000000291e-01 6.306701410424285781e-01 nan nan 7.803184298256078399e-01 9.153460563590000432e-02 2.985710492229999916e-02 6.597141584710000672e-02 2.731909999999999883e+01 7.162739999999999441e+01 9.569809999999999661e+01 1.031580000000000013e+02 2.600995479709482527e-01 6.735496396179256884e-01
-7.235930000000000417e-01 -1.029679999999999929e+00 -9.549159999999999870e-01 -1.521490000000000009e+00 -1.453089999999999993e+00 -8.155069999999999819e-01 4.773910780099973605e-01 6.713142054121268298e-01 -8.130060000000000064e-01 6.600286895962619305e-01 nan nan 7.429897245775944903e-01 9.153460563590000432e-02 2.985710492229999916e-02 6.597141584710000672e-02 2.731909999999999883e+01 7.162739999999999441e+01 9.569809999999999661e+01 1.031580000000000013e+02 5.712479049215297700e-01 8.332271282022497561e-01
-7.261440000000000117e-01 -1.743139999999999912e+00 -1.728239999999999998e+00 -1.286280000000000090e+00 -1.370840000000000058e+00 -8.158959999999999546e-01 4.975273712390690939e-01 6.932619955309748949e-01 -1.401729999999999920e-01 6.895759226675405307e-01 nan nan 7.043015657491284998e-01 1.511936105710000033e-01 3.097419289040000134e-02 5.243704118140000286e-02 1.989229999999999876e+01 6.901279999999999859e+01 9.103010000000000446e+01 9.589279999999999404e+01 5.712479049215297700e-01 8.332271282022497561e-01
-7.261530000000000484e-01 -1.778450000000000086e+00 -1.686109999999999998e+00 -1.301690000000000014e+00 -1.486229999999999940e+00 -7.838249999999999940e-01 5.176326838350900905e-01 7.151610430415933362e-01 -1.401729999999999920e-01 7.192278287160814854e-01 nan nan 6.646923056387405992e-01 1.511936105710000033e-01 3.097419289040000134e-02 5.243704118140000286e-02 1.989229999999999876e+01 6.901279999999999859e+01 9.103010000000000446e+01 9.589279999999999404e+01 4.768246228858754598e-01 7.368269868888940310e-01
-7.246200000000000419e-01 -1.134649999999999936e+00 -1.177130000000000010e+00 -1.365350000000000064e+00 -1.463160000000000016e+00 -7.524570000000000425e-01 5.377198079444236445e-01 7.369023080324630381e-01 -1.261560000000000015e+00 7.488992102150451302e-01 nan nan 6.246107329905388195e-01 3.468528790170000153e-01 3.427296567250000259e-02 5.848825694959999821e-02 3.461359999999999815e+01 8.823520000000000607e+01 1.130130000000000052e+02 1.124579999999999984e+02 4.768246228858754598e-01 7.368269868888940310e-01
-7.250529999999999475e-01 -1.228730000000000100e+00 -1.247440000000000104e+00 -1.506229999999999958e+00 -1.486709999999999976e+00 -2.497189999999999965e-01 5.578293480909890523e-01 7.583785383310599482e-01 -1.261560000000000015e+00 7.752257555300492431e-01 nan nan 5.845109880384107282e-01 3.468528790170000153e-01 3.427296567250000259e-02 5.848825694959999821e-02 3.461359999999999815e+01 8.823520000000000607e+01 1.130130000000000052e+02 1.124579999999999984e+02 2.656407130885265477e-01 5.618988817094954236e-01
-6.026120000000000365e-01 1.455670000000000019e-01 1.341410000000000102e-01 1.887559999999999905e+00 1.675340000000000051e+00 3.835849999999999677e-02 5.779183501554636671e-01 7.794854847138266152e-01 -1.261560000000000015e+00 8.012948774480792569e-01 nan nan 5.448474169157091485e-01 4.869034562810000133e-01 4.051362298209999768e-02 7.777993373290000012e-02 2.932659999999999911e+01 9.593779999999999575e+01 1.227459999999999951e+02 1.206899999999999977e+02 2.656407130885265477e-01 5.618988817094954236e-01
-3.390090000000000048e-01 4.980269999999999975e-01 6.217770000000000241e-01 1.506569999999999965e+00 1.165129999999999999e+00 4.936570000000000125e-01 5.979175544640424889e-01 8.001230820915297137e-01 -8.130060000000000064e-01 8.268112024011118333e-01 nan nan 5.060694237320134681e-01 4.869034562810000133e-01 4.051362298209999768e-02 7.777993373290000012e-02 2.932659999999999911e+01 9.593779999999999575e+01 1.227459999999999951e+02 1.206899999999999977e+02 2.352836609274213675e-01 5.367497267831731200e-01
1.271539999999999893e+00 1.027509999999999923e+00 1.073329999999999895e+00 3.235839999999999828e-01 5.441749999999999643e-01 1.110260000000000025e+00 6.179599074441081141e-01 8.201965832867059714e-01 8.410410000000000108e-02 8.514856202316224421e-01 nan nan 4.686163786449946134e-01 6.042201957139999857e-01 3.385573819050000099e-02 1.093132654859999969e-01 2.905409999999999826e+01 7.370969999999999800e+01 1.004069999999999965e+02 1.028829999999999956e+02 2.352836609274213675e-01 5.367497267831731200e-01
2.483999999999999986e+00 1.164009999999999989e+00 1.197680000000000078e+00 9.046260000000000412e-01 1.151690000000000103e+00 1.496499999999999941e+00 6.379513402425667223e-01 8.396176325570411381e-01 5.326589999999999936e-01 8.750385599261945035e-01 nan nan 4.329126396209660443e-01 6.042201957139999857e-01 3.385573819050000099e-02 1.093132654859999969e-01 2.905409999999999826e+01 7.370969999999999800e+01 1.004069999999999965e+02 1.028829999999999956e+02 3.072730966529534369e-01 5.649925876522503554e-01
3.075180000000000025e+00 1.182530000000000081e+00 1.241700000000000026e+00 1.283409999999999940e+00 1.287809999999999899e+00 2.056630000000000180e+00 6.577626821970319337e-01 8.593970199877596361e-01 5.326589999999999936e-01 8.972031572668113242e-01 nan nan 3.937566330453609043e-01 6.410436318319999716e-01 3.373560706269999876e-02 1.225861975290000044e-01 1.684880000000000067e+01 5.780680000000000263e+01 7.643030000000000257e+01 8.344719999999999516e+01 3.072730966529534369e-01 5.649925876522503554e-01
3.137680000000000025e+00 1.197289999999999965e+00 1.195789999999999909e+00 1.229270000000000085e+00 1.335930000000000062e+00 1.634190000000000031e+00 6.774886848307333231e-01 8.784732741805658662e-01 5.326589999999999936e-01 9.177282785090800088e-01 nan nan 3.566060355633021706e-01 6.410436318319999716e-01 3.373560706269999876e-02 1.225861975290000044e-01 1.684880000000000067e+01 5.780680000000000263e+01 7.643030000000000257e+01 8.344719999999999516e+01 3.361369292498349592e-01 5.708267161483526753e-01
2.109879999999999978e+00 1.094749999999999890e+00 1.078289999999999971e+00 1.391599999999999948e+00 1.474739999999999940e+00 1.203119999999999967e+00 6.973245954433902050e-01 8.968502019900279620e-01 5.326589999999999936e-01 9.363813658279033225e-01 nan nan 3.214665478840256219e-01 6.757017269470000365e-01 3.647116726170000073e-02 1.021573759309999940e-01 2.117719999999999914e+01 5.540970000000000084e+01 7.194100000000000250e+01 7.440739999999999554e+01 3.361369292498349592e-01 5.708267161483526753e-01
1.996979999999999977e+00 1.076770000000000005e+00 9.840680000000000538e-01 1.236529999999999907e+00 1.312599999999999989e+00 1.065569999999999906e+00 7.173490337822007179e-01 9.131015902070495072e-01 7.569369999999999710e-01 9.529510722905635278e-01 nan nan 2.883210840391030594e-01 6.757017269470000365e-01 3.647116726170000073e-02 1.021573759309999940e-01 2.117719999999999914e+01 5.540970000000000084e+01 7.194100000000000250e+01 7.440739999999999554e+01 3.594443597948092650e-01 5.825114817101557652e-01
2.090879999999999850e+00 1.084880000000000067e+00 8.916349999999999554e-01 1.714069999999999983e+00 1.664120000000000044e+00 1.368919999999999915e+00 7.371014899033163648e-01 9.272001191987896407e-01 1.205489999999999950e+00 9.672496565019199632e-01 nan nan 2.571299649732915471e-01 6.987727911590000396e-01 3.566146448359999721e-02 7.743750564460000207e-02 1.477280000000000015e+01 4.874589999999999890e+01 6.188759999999999906e+01 6.497239999999999327e+01 3.594443597948092650e-01 5.825114817101557652e-01
2.491460000000000008e+00 1.125590000000000090e+00 9.241319999999999535e-01 1.903950000000000031e+00 1.621429999999999927e+00 1.096319999999999961e+00 7.551928695049102691e-01 9.404708315801659779e-01 9.812140000000000306e-01 9.791151097894335020e-01 nan nan 2.278313681240842214e-01 6.987727911590000396e-01 3.566146448359999721e-02 7.743750564460000207e-02 1.477280000000000015e+01 4.874589999999999890e+01 6.188759999999999906e+01 6.497239999999999327e+01 3.748184265325816833e-01 5.782027450449528372e-01
2.636270000000000113e+00 1.139639999999999986e+00 9.776789999999999647e-01 2.120080000000000187e+00 1.919759999999999911e+00 9.003510000000000124e-01 7.731835864732454766e-01 9.527633648771897112e-01 9.812140000000000306e-01 9.884129918261619352e-01 nan nan 2.003420278960464929e-01 7.164886291399999996e-01 3.382304428380000089e-02 7.063258802350000365e-02 1.240820000000000078e+01 3.245510000000000161e+01 4.282589999999999719e+01 4.932480000000000331e+01 3.748184265325816833e-01 5.782027450449528372e-01
2.112839999999999829e+00 1.085879999999999956e+00 9.711570000000000480e-01 1.906579999999999941e+00 1.565420000000000034e+00 8.600849999999999884e-01 7.924713465199879625e-01 9.639384397757585488e-01 9.812140000000000306e-01 9.950379538933841195e-01 nan nan 1.745581790932839716e-01 7.164886291399999996e-01 3.382304428380000089e-02 7.063258802350000365e-02 1.240820000000000078e+01 3.245510000000000161e+01 4.282589999999999719e+01 4.932480000000000331e+01 3.962364772207832564e-01 5.689909632090017766e-01
1.603709999999999969e+00 1.023139999999999938e+00 9.756310000000000260e-01 1.599150000000000071e+00 1.632419999999999982e+00 6.161839999999999540e-01 8.102673018439336960e-01 9.738694382119384985e-01 1.205489999999999950e+00 9.989149325236779120e-01 nan nan 1.503567326205735855e-01 7.191903057540000033e-01 3.604162754379999778e-02 7.948036378810000024e-02 1.073659999999999926e+01 2.674919999999999831e+01 3.274530000000000030e+01 3.884729999999999706e+01 3.962364772207832564e-01 5.689909632090017766e-01
1.073639999999999928e+00 9.411810000000000453e-01 9.140249999999999764e-01 1.452430000000000110e+00 1.384689999999999976e+00 5.073980000000000157e-01 8.263935184286680391e-01 9.824438380052219477e-01 1.429769999999999985e+00 1.000000000000000000e+00 nan nan 1.275966701319976027e-01 7.191903057540000033e-01 3.604162754379999778e-02 7.948036378810000024e-02 1.073659999999999926e+01 2.674919999999999831e+01 3.274530000000000030e+01 3.884729999999999706e+01 4.086291838082177774e-01 5.784305633054118712e-01
7.348040000000000127e-01 8.750080000000000080e-01 8.283120000000000482e-01 1.480059999999999931e+00 1.295439999999999925e+00 5.333219999999999628e-01 8.430627703818177610e-01 9.895644877797942218e-01 9.812140000000000306e-01 9.982808620742726902e-01 nan nan 1.061206418251493533e-01 6.998194687590000296e-01 3.826370627890000181e-02 9.022776342289999529e-02 1.064100000000000001e+01 2.479040000000000177e+01 2.800300000000000011e+01 2.980580000000000140e+01 4.086291838082177774e-01 5.784305633054118712e-01
7.337660000000000293e-01 8.747589999999999533e-01 7.846229999999999594e-01 1.483389999999999986e+00 1.399729999999999919e+00 3.110800000000000232e-01 8.606016069767421506e-01 9.951507077284429403e-01 7.569369999999999710e-01 9.903912942011686704e-01 nan nan 9.136286052146924686e-02 6.998194687590000296e-01 3.826370627890000181e-02 9.022776342289999529e-02 1.064100000000000001e+01 2.479040000000000177e+01 2.800300000000000011e+01 2.980580000000000140e+01 4.088577378231499360e-01 5.765353795155065963e-01
8.143890000000000295e-01 8.926579999999999515e-01 8.292920000000000291e-01 1.248690000000000078e+00 1.508459999999999912e+00 3.537879999999999914e-01 8.772630060045425449e-01 9.991392037470089305e-01 5.326589999999999936e-01 9.794488113631181214e-01 nan nan 7.806128393050193459e-02 6.713698662779999937e-01 4.049094677279999749e-02 9.547089801520000640e-02 6.450789999999999580e+00 1.670019999999999882e+01 2.017760000000000176e+01 2.527299999999999969e+01 4.088577378231499360e-01 5.765353795155065963e-01
8.749310000000000143e-01 9.047309999999999519e-01 8.807230000000000336e-01 1.495500000000000052e+00 1.683189999999999964e+00 3.672509999999999941e-01 8.919150435504736851e-01 1.000000000000000000e+00 9.812140000000000306e-01 9.653266258460800886e-01 nan nan 6.636662423006323142e-02 6.713698662779999937e-01 4.049094677279999749e-02 9.547089801520000640e-02 6.450789999999999580e+00 1.670019999999999882e+01 2.017760000000000176e+01 2.527299999999999969e+01 4.101477982629894159e-01 5.691428420493077622e-01
7.751409999999999689e-01 8.837629999999999653e-01 8.933799999999999519e-01 1.135569999999999968e+00 1.479240000000000110e+00 2.447650000000000103e-01 9.071086999654670580e-01 9.975665282325293370e-01 1.205489999999999950e+00 9.479339772379106188e-01 nan nan 5.641138658750832757e-02 6.661987258549999513e-01 4.851899070610000281e-02 1.018499812750000011e-01 1.052679999999999971e+01 1.307709999999999972e+01 1.787130000000000152e+01 2.493209999999999837e+01 4.101477982629894159e-01 5.691428420493077622e-01
3.866280000000000272e-01 7.885799999999999477e-01 8.315850000000000186e-01 1.349029999999999951e+00 1.406430000000000069e+00 1.951279999999999959e-01 9.234030099223605736e-01 9.930843559260563724e-01 1.205489999999999950e+00 9.272171607801000803e-01 nan nan 4.830836782323832956e-02 6.661987258549999513e-01 4.851899070610000281e-02 1.018499812750000011e-01 1.052679999999999971e+01 1.307709999999999972e+01 1.787130000000000152e+01 2.493209999999999837e+01 4.199553049926354475e-01 5.588943220425722780e-01
2.190880000000000050e-01 7.368230000000000057e-01 7.363739999999999730e-01 1.297949999999999937e+00 1.304850000000000065e+00 2.808700000000000085e-02 9.387638118070392723e-01 9.863843194467410980e-01 1.205489999999999950e+00 9.031601358641445643e-01 nan nan 4.214937837765453388e-02 6.609233561930000223e-01 4.672091982110000014e-02 1.029260978810000032e-01 6.316230000000000011e+00 1.148129999999999917e+01 1.729579999999999984e+01 2.944129999999999825e+01 4.199553049926354475e-01 5.588943220425722780e-01
3.188150000000000150e-01 7.686460000000000514e-01 6.443959999999999688e-01 1.150500000000000078e+00 1.278489999999999904e+00 -5.531210000000000293e-02 9.517112597382397787e-01 9.773223844480352085e-01 7.569369999999999710e-01 8.791704108430091757e-01 nan nan 3.239809081798339374e-02 6.609233561930000223e-01 4.672091982110000014e-02 1.029260978810000032e-01 6.316230000000000011e+00 1.148129999999999917e+01 1.729579999999999984e+01 2.944129999999999825e+01 4.196099344811824450e-01 5.470180570734268777e-01
4.414429999999999570e-03 6.556779999999999831e-01 7.735030000000000516e-01 8.691060000000000452e-01 1.133920000000000039e+00 -9.412650000000000183e-02 9.622505316517141472e-01 9.657812778373823237e-01 5.326589999999999936e-01 8.522409054440843734e-01 nan nan 2.417901457336768534e-02 6.507815767010000085e-01 4.859542237460000302e-02 1.088125911179999988e-01 6.167220000000000368e+00 1.300089999999999968e+01 2.212969999999999970e+01 3.149609999999999843e+01 4.196099344811824450e-01 5.470180570734268777e-01
8.196250000000000480e-01 8.941620000000000124e-01 7.394889999999999519e-01 1.675759999999999916e+00 1.668989999999999974e+00 -6.663499999999999979e-02 9.717870610203904747e-01 9.516718165272159968e-01 9.812140000000000306e-01 8.226767417240246072e-01 nan nan 1.717004465697369309e-02 6.507815767010000085e-01 4.859542237460000302e-02 1.088125911179999988e-01 6.167220000000000368e+00 1.300089999999999968e+01 2.212969999999999970e+01 3.149609999999999843e+01 4.111280410381431549e-01 5.183988008175043349e-01
-1.396100000000000119e-01 5.853519999999999834e-01 6.757300000000000528e-01 5.676010000000000222e-01 7.647819999999999618e-01 -1.420829999999999871e-01 9.803218959809502087e-01 9.349339179149773749e-01 1.429769999999999985e+00 7.908128934710181301e-01 nan nan 1.103536509373526098e-02 5.920718555789999948e-01 5.975608908169999928e-02 1.475096634289999875e-01 1.278459999999999930e+01 2.061250000000000071e+01 2.548029999999999973e+01 3.661480000000000246e+01 4.111280410381431549e-01 5.183988008175043349e-01
5.182330000000000547e-01 8.253610000000000113e-01 8.592969999999999775e-01 8.853079999999999838e-01 9.825770000000000337e-01 -1.182409999999999989e-01 9.867322219384900839e-01 9.155372806430107646e-01 1.205489999999999950e+00 7.570103908179190988e-01 nan nan 5.429253849536075371e-03 5.920718555789999948e-01 5.975608908169999928e-02 1.475096634289999875e-01 1.278459999999999930e+01 2.061250000000000071e+01 2.548029999999999973e+01 3.661480000000000246e+01 4.123012849814616798e-01 4.948872959953511952e-01
1.862600000000000089e-01 7.260309999999999819e-01 8.015919999999999712e-01 6.123819999999999819e-01 9.585209999999999564e-01 -3.704360000000000291e-02 9.908026355383786621e-01 8.934817279250532041e-01 1.429769999999999985e+00 7.216522296265824865e-01 nan nan 0.000000000000000000e+00 5.738088586959999571e-01 6.967694886849999658e-02 1.386506072120000099e-01 9.608489999999999753e+00 2.816590000000000060e+01 3.456960000000000122e+01 3.630660000000000309e+01 4.123012849814616798e-01 4.948872959953511952e-01
9.796789999999999665e-01 9.255090000000000261e-01 7.355730000000000324e-01 1.167980000000000018e+00 1.321819999999999995e+00 -1.529310000000000114e-01 9.942698381857715262e-01 8.702819941311733531e-01 1.654050000000000020e+00 6.851390319917101124e-01 nan nan 0.000000000000000000e+00 5.738088586959999571e-01 6.967694886849999658e-02 1.386506072120000099e-01 9.608489999999999753e+00 2.816590000000000060e+01 3.456960000000000122e+01 3.630660000000000309e+01 3.991568896338056893e-01 4.699923730408455125e-01
-3.523049999999999793e-01 4.450390000000000179e-01 5.074769999999999559e-01 6.786780000000000035e-01 9.768459999999999921e-01 -2.669679999999999831e-01 9.965077085268988499e-01 8.461378081677253249e-01 5.326589999999999936e-01 6.478845070324383837e-01 nan nan 0.000000000000000000e+00 5.614417392299999587e-01 6.906188436339999459e-02 1.531606304719999867e-01 1.839489999999999981e+01 3.672619999999999862e+01 4.105349999999999966e+01 4.207520000000000238e+01 3.991568896338056893e-01 4.699923730408455125e-01
5.679380000000000539e-01 8.381399999999999961e-01 7.646279999999999744e-01 9.687649999999999872e-01 1.233009999999999939e+00 -4.578010000000000135e-01 9.976887047072129366e-01 8.198847895981767886e-01 5.326589999999999936e-01 6.103107634027091777e-01 nan nan 0.000000000000000000e+00 5.614417392299999587e-01 6.906188436339999459e-02 1.531606304719999867e-01 1.839489999999999981e+01 3.672619999999999862e+01 4.105349999999999966e+01 4.207520000000000238e+01 3.876123723906750307e-01 4.395472689873313188e-01
1.205600000000000005e-01 7.021629999999999816e-01 6.618030000000000301e-01 8.616850000000000342e-01 1.166190000000000060e+00 -5.015260000000000273e-01 9.990077019933866209e-01 7.918203956130948074e-01 1.429769999999999985e+00 5.728435266315532459e-01 nan nan 0.000000000000000000e+00 5.113287093410000539e-01 5.615452784810000264e-02 2.294253003810000080e-01 1.015489999999999959e+01 3.457840000000000202e+01 4.368719999999999715e+01 4.554959999999999809e+01 3.876123723906750307e-01 4.395472689873313188e-01
7.982519999999999616e-01 8.894750000000000156e-01 7.479409999999999670e-01 1.276319999999999899e+00 1.180050000000000043e+00 -4.757719999999999727e-01 9.999424581678711954e-01 7.622626070102931362e-01 1.654050000000000020e+00 5.325216124177775123e-01 nan nan 5.429253849536075371e-03 5.113287093410000539e-01 5.615452784810000264e-02 2.294253003810000080e-01 1.015489999999999959e+01 3.457840000000000202e+01 4.368719999999999715e+01 4.554959999999999809e+01 3.557113108842501203e-01 4.145235791899575251e-01
-4.308750000000000080e-01 3.785419999999999896e-01 1.069149999999999961e-01 8.679189999999999960e-01 8.389330000000000398e-01 -4.875490000000000101e-01 1.000000000000000000e+00 7.315463253453347026e-01 1.205489999999999950e+00 4.928300071871600796e-01 nan nan 1.103536509373526098e-02 5.254457728479999812e-01 3.263688828439999939e-02 2.774772753129999825e-01 1.621480000000000032e+01 2.775469999999999970e+01 3.981519999999999726e+01 4.710560000000000258e+01 3.557113108842501203e-01 4.145235791899575251e-01
-4.485100000000000198e-01 3.481020000000000225e-01 3.846800000000000219e-01 8.136730000000000351e-02 1.804469999999999963e-01 -5.768969999999999931e-01 9.985760673619021865e-01 6.985347937812067531e-01 5.326589999999999936e-01 4.539676622699339026e-01 nan nan 1.717004465697369309e-02 5.254457728479999812e-01 3.263688828439999939e-02 2.774772753129999825e-01 1.621480000000000032e+01 2.775469999999999970e+01 3.981519999999999726e+01 4.710560000000000258e+01 3.406673777236020051e-01 3.868486131150680185e-01
2.634870000000000267e-01 7.515070000000000361e-01 5.915510000000000490e-01 1.648239999999999927e+00 1.316789999999999905e+00 -5.417349999999999666e-01 9.946310778527881480e-01 6.634452310718859103e-01 9.812140000000000306e-01 4.161241331456259074e-01 nan nan 2.417901457336768534e-02 5.374495300630000028e-01 2.896660667700000011e-02 2.352353218279999991e-01 5.051989999999999981e+00 2.105160000000000053e+01 3.501270000000000238e+01 4.556340000000000146e+01 3.406673777236020051e-01 3.868486131150680185e-01
-7.265250000000000007e-03 6.543339999999999712e-01 1.887030000000000096e-01 1.720920000000000005e+00 9.008730000000000349e-01 -5.640150000000000441e-01 9.886068213261495208e-01 6.278932112579145297e-01 1.205489999999999950e+00 3.794774317037311606e-01 nan nan 3.239809081798339374e-02 5.374495300630000028e-01 2.896660667700000011e-02 2.352353218279999991e-01 5.051989999999999981e+00 2.105160000000000053e+01 3.501270000000000238e+01 4.556340000000000146e+01 3.510538879577429494e-01 3.853496349955261024e-01
-5.518699999999999717e-01 2.117620000000000058e-01 1.868039999999999978e-01 3.643560000000000132e-01 4.548659999999999926e-01 -5.289549999999999530e-01 9.818955088676849519e-01 5.920616044925937071e-01 9.812140000000000306e-01 3.441920092978744128e-01 nan nan 4.214937837765453388e-02 4.792807956049999762e-01 3.930833192620000055e-02 1.953455824570000110e-01 1.712490000000000023e+01 2.520520000000000138e+01 3.584380000000000166e+01 4.063159999999999883e+01 3.510538879577429494e-01 3.853496349955261024e-01
-3.060789999999999900e-01 4.794590000000000241e-01 4.073760000000000159e-01 3.448309999999999986e-01 3.636550000000000060e-01 -5.954279999999999573e-01 9.744216106803978983e-01 5.561364487611009100e-01 7.569369999999999710e-01 3.104168934462633311e-01 nan nan 5.373762167277429391e-02 4.792807956049999762e-01 3.930833192620000055e-02 1.953455824570000110e-01 1.712490000000000023e+01 2.520520000000000138e+01 3.584380000000000166e+01 4.063159999999999883e+01 3.431763929097464416e-01 3.699141224209486767e-01
-1.308910000000000073e-01 5.905040000000000289e-01 2.665540000000000131e-01 4.742000000000000104e-01 8.232310000000000461e-01 -5.829290000000000305e-01 9.652006415600080658e-01 5.203048419957801984e-01 7.569369999999999710e-01 2.782839992903572979e-01 nan nan 6.744675168124347753e-02 2.922075174809999898e-01 5.803670094410000313e-02 1.821343655319999921e-01 1.279209999999999958e+01 3.490879999999999939e+01 3.858460000000000178e+01 3.913380000000000081e+01 3.431763929097464416e-01 3.699141224209486767e-01
5.309890000000000443e-01 8.291009999999999769e-01 2.910780000000000034e-01 1.663310000000000066e+00 1.172080000000000011e+00 -6.883289999999999687e-01 9.547490578181068166e-01 4.847528221818088179e-01 1.878319999999999990e+00 2.479066349436056527e-01 nan nan 8.353666888703692450e-02 2.922075174809999898e-01 5.803670094410000313e-02 1.821343655319999921e-01 1.279209999999999958e+01 3.490879999999999939e+01 3.858460000000000178e+01 3.913380000000000081e+01 3.339072578597185315e-01 3.693033053458050219e-01
-6.643310000000000048e-01 -1.276579999999999937e-01 -1.310310000000000086e+00 6.715689999999999715e-01 5.661829999999999918e-01 -7.504260000000000375e-01 9.448747453012562580e-01 4.496632594724879750e-01 2.551159999999999872e+00 2.193782176652453453e-01 nan nan 1.022402985038693979e-01 1.977764267079999971e-01 8.078737312389999703e-02 1.507842768830000013e-01 2.980480000000000018e+01 3.958359999999999701e+01 3.475939999999999941e+01 3.252360000000000184e+01 3.339072578597185315e-01 3.693033053458050219e-01
-7.230689999999999618e-01 -1.042729999999999935e+00 -1.299790000000000001e+00 -7.897619999999999640e-01 -6.869910000000000183e-01 -7.976729999999999654e-01 9.343239828386591395e-01 4.152137841973346788e-01 1.878319999999999990e+00 1.927712154054269655e-01 nan nan 1.183316974899165652e-01 1.977764267079999971e-01 8.078737312389999703e-02 1.507842768830000013e-01 2.980480000000000018e+01 3.958359999999999701e+01 3.475939999999999941e+01 3.252360000000000184e+01 2.701203717811976324e-01 3.549804703621650681e-01
-7.080269999999999619e-01 -4.964749999999999996e-01 -3.484289999999999887e-01 2.055440000000000045e-01 -1.886929999999999996e-01 -7.685009999999999897e-01 9.217710328281879528e-01 3.815747742394708375e-01 5.326589999999999936e-01 1.681363257143824175e-01 nan nan 1.372346551090686262e-01 3.418138025660000245e-01 6.225637122379999722e-02 2.920993868449999753e-01 2.678249999999999886e+01 3.676030000000000086e+01 3.046959999999999980e+01 2.970050000000000168e+01 2.701203717811976324e-01 3.549804703621650681e-01
-7.110490000000000421e-01 -5.217209999999999903e-01 -4.197110000000000007e-01 -6.895769999999999955e-01 -7.259390000000000009e-01 -7.470459999999999878e-01 9.080782083625246193e-01 3.489074245861280010e-01 -3.644510000000000249e-01 1.455019013189231547e-01 nan nan 1.587349932982621281e-01 3.418138025660000245e-01 6.225637122379999722e-02 2.920993868449999753e-01 2.678249999999999886e+01 3.676030000000000086e+01 3.046959999999999980e+01 2.970050000000000168e+01 2.436030270709533818e-01 3.388086755834953667e-01
-6.635590000000000099e-01 -1.088770000000000016e-01 -2.932169999999999915e-02 -1.164020000000000055e-01 1.602969999999999950e-01 -7.429189999999999960e-01 8.937286734144602729e-01 3.173619209250316819e-01 -1.401729999999999920e-01 1.248736288747163137e-01 nan nan 1.825891046347143387e-01 4.371670334189999840e-01 4.184466904640000290e-02 3.127504284290000269e-01 2.101259999999999906e+01 3.626509999999999678e+01 3.116969999999999885e+01 3.066669999999999874e+01 2.436030270709533818e-01 3.388086755834953667e-01
-4.307320000000000038e-01 3.679680000000000173e-01 3.036969999999999947e-01 -1.073759999999999992e-02 2.169790000000000052e-01 -7.410459999999999825e-01 8.786688385085943409e-01 2.870757379805483067e-01 3.083819999999999895e-01 1.062344645342038207e-01 nan nan 2.085267125053636983e-01 4.371670334189999840e-01 4.184466904640000290e-02 3.127504284290000269e-01 2.101259999999999906e+01 3.626509999999999678e+01 3.116969999999999885e+01 3.066669999999999874e+01 3.357864797602723161e-01 3.515797050248783417e-01
-2.430930000000000035e-01 5.237690000000000401e-01 2.840730000000000199e-01 5.447359999999999980e-01 6.212299999999999489e-01 -6.329329999999999679e-01 8.628564904291016191e-01 2.581720818701260800e-01 9.812140000000000306e-01 8.954482706020538973e-02 nan nan 2.362539334488937826e-01 4.790102544729999967e-01 3.818223355039999933e-02 3.246089900779999815e-01 2.065409999999999968e+01 3.009909999999999997e+01 3.107169999999999987e+01 3.505389999999999873e+01 3.357864797602723161e-01 3.515797050248783417e-01
-2.967730000000000090e-01 4.870519999999999849e-01 3.518990000000000173e-01 2.411000000000000087e-01 2.929820000000000202e-01 -6.986069999999999780e-01 8.462534682348888948e-01 2.307584941297536885e-01 1.429769999999999985e+00 7.474304629715156079e-02 nan nan 2.654566069727789523e-01 4.790102544729999967e-01 3.818223355039999933e-02 3.246089900779999815e-01 2.065409999999999968e+01 3.009909999999999997e+01 3.107169999999999987e+01 3.505389999999999873e+01 3.318655086596575821e-01 3.435796521974556761e-01
-5.708959999999999591e-01 1.639790000000000136e-01 1.772189999999999876e-01 1.240539999999999976e-01 3.962510000000000199e-01 -7.399890000000000079e-01 8.288341566226133938e-01 2.049256332253861501e-01 1.205489999999999950e+00 6.174606191858900139e-02 nan nan 2.958038551171974229e-01 4.913784488799999850e-01 4.011209286870000279e-02 3.158177029079999865e-01 1.098429999999999929e+01 2.584499999999999886e+01 2.916570000000000107e+01 3.434790000000000276e+01 3.318655086596575821e-01 3.435796521974556761e-01
-3.542589999999999906e-01 4.408779999999999921e-01 3.803980000000000139e-01 6.261769999999999836e-01 4.820070000000000188e-01 -7.678979999999999695e-01 8.105814522173975245e-01 1.807462473562997385e-01 7.569369999999999710e-01 5.045036453386742004e-02 nan nan 3.269518314345275511e-01 4.913784488799999850e-01 4.011209286870000279e-02 3.158177029079999865e-01 1.098429999999999929e+01 2.584499999999999886e+01 2.916570000000000107e+01 3.434790000000000276e+01 3.128904464421757847e-01 3.340872246783305188e-01
-5.778200000000000003e-01 1.541760000000000075e-01 -1.080080000000000068e-01 7.130459999999999576e-01 2.534799999999999831e-01 -7.368630000000000457e-01 7.914811163685246953e-01 1.582743501889262161e-01 5.326589999999999936e-01 4.073316849089736458e-02 nan nan 3.585476169069944374e-01 4.643026860750000262e-01 6.141848731700000341e-02 3.123921669470000051e-01 1.814049999999999940e+01 2.449350000000000094e+01 3.192259999999999920e+01 3.859389999999999787e+01 3.128904464421757847e-01 3.340872246783305188e-01
-7.074080000000000368e-01 -4.226719999999999922e-01 -4.939899999999999847e-01 -7.232150000000000523e-01 -7.237320000000000420e-01 -7.576009999999999689e-01 7.715290457705674676e-01 1.375446088604287409e-01 -3.644510000000000249e-01 3.245380308664924662e-02 nan nan 3.902332186601596975e-01 4.643026860750000262e-01 6.141848731700000341e-02 3.123921669470000051e-01 1.814049999999999940e+01 2.449350000000000094e+01 3.192259999999999920e+01 3.859389999999999787e+01 3.193966174005790082e-01 3.361937181590963775e-01
-7.200290000000000301e-01 -8.489860000000000184e-01 -6.754130000000000411e-01 -4.485720000000000263e-01 -8.183989999999999876e-01 -6.384300000000000530e-01 7.507351870657786863e-01 1.185719511861865749e-01 -3.644510000000000249e-01 2.545530642242976871e-02 nan nan 4.216496261652358246e-01 5.117810970330000098e-01 6.334478575520000043e-02 2.240680378659999916e-01 1.682440000000000069e+01 3.289699999999999847e+01 3.709170000000000300e+01 4.307569999999999766e+01 3.193966174005790082e-01 3.361937181590963775e-01
-6.353039999999999798e-01 -2.155250000000000048e-03 1.794749999999999956e-01 -3.610430000000000028e-01 -1.151719999999999966e-01 -6.079170000000000407e-01 7.291181850673466025e-01 1.013513965216803481e-01 3.083819999999999895e-01 1.956620384491103426e-02 nan nan 4.524408789718308288e-01 5.117810970330000098e-01 6.334478575520000043e-02 2.240680378659999916e-01 1.682440000000000069e+01 3.289699999999999847e+01 3.709170000000000300e+01 4.307569999999999766e+01 3.497231956930266783e-01 3.381879533665925752e-01
-4.311329999999999885e-01 3.678119999999999723e-01 4.574440000000000173e-01 -1.362889999999999935e-01 -1.014739999999999948e-01 -6.275589999999999780e-01 7.067077803026322602e-01 8.585811219518624249e-02 8.410410000000000108e-02 1.460245082247213499e-02 nan nan 4.822580998820856779e-01 3.746435679849999811e-01 7.995359302530000156e-02 2.138028918709999893e-01 1.587579999999999991e+01 3.623919999999999675e+01 4.178889999999999816e+01 4.548949999999999960e+01 3.497231956930266783e-01 3.381879533665925752e-01
-4.977179999999999938e-01 2.897569999999999868e-01 4.868460000000000010e-01 -1.996279999999999999e-01 3.992350000000000065e-02 -7.246059999999999723e-01 6.835299346577465851e-01 7.204769487186823973e-02 8.410410000000000108e-02 1.036951824328158356e-02 nan nan 5.107634478687301804e-01 3.746435679849999811e-01 7.995359302530000156e-02 2.138028918709999893e-01 1.587579999999999991e+01 3.623919999999999675e+01 4.178889999999999816e+01 4.548949999999999960e+01 2.996292345979989502e-01 3.332882099097641548e-01
-4.272750000000000159e-01 3.719759999999999733e-01 4.270829999999999904e-01 -1.891390000000000016e-01 4.101919999999999872e-02 -7.657920000000000282e-01 6.596185704123026516e-01 5.985667366130476008e-02 8.410410000000000108e-02 6.664596507865439001e-03 nan nan 5.376339459489165584e-01 2.049224044069999917e-01 5.741578746079999823e-02 1.107699021410000068e-01 2.785030000000000072e+01 4.997290000000000276e+01 4.870510000000000161e+01 4.871139999999999759e+01 2.996292345979989502e-01 3.332882099097641548e-01
-7.074350000000000360e-01 -4.473599999999999799e-01 -5.998390000000000111e-01 -3.968579999999999885e-01 -2.364479999999999915e-01 -7.954609999999999737e-01 6.350401747462385282e-01 4.920322926803888386e-02 8.410410000000000108e-02 3.278893442906882782e-03 nan nan 5.625651406424899692e-01 2.049224044069999917e-01 5.741578746079999823e-02 1.107699021410000068e-01 2.785030000000000072e+01 4.997290000000000276e+01 4.870510000000000161e+01 4.871139999999999759e+01 3.550053329270150826e-01 4.520640664568977840e-01
-7.232960000000000500e-01 -9.784899999999999709e-01 -1.076929999999999943e+00 -4.733350000000000057e-01 -6.713090000000000446e-01 -8.106600000000000472e-01 6.098303283995534230e-01 3.998812103688953457e-02 -3.644510000000000249e-01 0.000000000000000000e+00 nan nan 5.852745515515724861e-01 8.859083569060000052e-02 4.499725431700000305e-02 6.502604762100000491e-02 3.098379999999999868e+01 5.251890000000000214e+01 5.190279999999999916e+01 5.088739999999999952e+01 3.550053329270150826e-01 4.520640664568977840e-01
-7.236380000000000035e-01 -1.010739999999999972e+00 -1.051029999999999909e+00 -6.399049999999999461e-01 -8.031329999999999858e-01 -8.147079999999999878e-01 5.840017718923482537e-01 3.209581138922845689e-02 -8.130060000000000064e-01 0.000000000000000000e+00 nan nan 6.055048719763437282e-01 8.859083569060000052e-02 4.499725431700000305e-02 6.502604762100000491e-02 3.098379999999999868e+01 5.251890000000000214e+01 5.190279999999999916e+01 5.088739999999999952e+01 5.313372949362589193e-01 6.918873587279156245e-01
-7.245979999999999643e-01 -1.155540000000000012e+00 -1.179089999999999971e+00 -5.504909999999999526e-01 -7.683919999999999639e-01 -8.171040000000000525e-01 5.576572679495843676e-01 2.539577490991296038e-02 -1.401729999999999920e-01 0.000000000000000000e+00 nan nan 6.230268843027655379e-01 7.167017684420000367e-02 4.470187389710000153e-02 4.688504381470000315e-02 1.847490000000000165e+01 5.216570000000000107e+01 5.110190000000000055e+01 5.041250000000000142e+01 5.313372949362589193e-01 6.918873587279156245e-01
-7.258160000000000167e-01 -1.517940000000000067e+00 -1.596840000000000037e+00 -2.985990000000000033e-01 -9.359110000000000484e-01 -8.176419999999999799e-01 5.309356209911038071e-01 1.974397725239529500e-02 1.878319999999999990e+00 0.000000000000000000e+00 nan nan 6.376420571297383155e-01 7.167017684420000367e-02 4.470187389710000153e-02 4.688504381470000315e-02 1.847490000000000165e+01 5.216570000000000107e+01 5.110190000000000055e+01 5.041250000000000142e+01 5.316725074914926408e-01 5.959626642189961299e-01
-7.260459999999999692e-01 -1.741859999999999964e+00 -1.801889999999999992e+00 -6.376680000000000126e-01 -9.115410000000000457e-01 -8.178069999999999506e-01 5.037769093480659599e-01 1.498450710542120756e-02 2.551159999999999872e+00 0.000000000000000000e+00 nan nan 6.491847947092057591e-01 7.778745491340000040e-02 4.866890211480000283e-02 5.141281077080000345e-02 3.077159999999999940e+01 4.710580000000000211e+01 4.760090000000000288e+01 4.978159999999999741e+01 5.316725074914926408e-01 5.959626642189961299e-01
-7.259719999999999507e-01 -1.639420000000000099e+00 -1.751819999999999933e+00 -1.001540000000000097e+00 -9.702060000000000128e-01 -8.168579999999999730e-01 4.763518860312132563e-01 1.095134273048625762e-02 2.326880000000000059e+00 0.000000000000000000e+00 nan nan 6.575243132121486589e-01 7.778745491340000040e-02 4.866890211480000283e-02 5.141281077080000345e-02 3.077159999999999940e+01 4.710580000000000211e+01 4.760090000000000288e+01 4.978159999999999741e+01 4.583828533699019214e-01 3.718291164943722249e-01
-7.258289999999999464e-01 -1.542729999999999935e+00 -1.671799999999999953e+00 -8.060709999999999820e-01 -9.486120000000000108e-01 -8.161990000000000078e-01 4.488780133885951207e-01 7.470233054472030787e-03 1.429769999999999985e+00 0.000000000000000000e+00 nan nan 6.625661225616263916e-01 1.018275027840000041e-01 4.345074585849999921e-02 6.277302284190000581e-02 2.377339999999999876e+01 5.324360000000000070e+01 5.445819999999999794e+01 5.278059999999999974e+01 4.583828533699019214e-01 3.718291164943722249e-01
-7.254420000000000313e-01 -1.343699999999999894e+00 -1.430609999999999937e+00 -7.386589999999999545e-01 -9.695489999999999942e-01 -8.169549999999999867e-01 4.213533232382388194e-01 4.360672003930643470e-03 -3.644510000000000249e-01 0.000000000000000000e+00 nan nan 6.642530970431043125e-01 1.018275027840000041e-01 4.345074585849999921e-02 6.277302284190000581e-02 2.377339999999999876e+01 5.324360000000000070e+01 5.445819999999999794e+01 5.278059999999999974e+01 3.436436588958301508e-01 3.663251593902394632e-01
-7.255129999999999635e-01 -1.367439999999999989e+00 -1.436730000000000063e+00 -8.153580000000000272e-01 -1.034839999999999982e+00 -8.169330000000000203e-01 3.936679277927409570e-01 1.437943711025235771e-03 -3.644510000000000249e-01 0.000000000000000000e+00 nan nan 6.625661225616263916e-01 9.359893182669999645e-02 4.277140388759999995e-02 8.977245210610000636e-02 2.633160000000000167e+01 5.398329999999999984e+01 5.837819999999999965e+01 5.421800000000000352e+01 3.436436588958301508e-01 3.663251593902394632e-01
-7.249849999999999905e-01 -1.254259999999999931e+00 -1.276440000000000019e+00 -9.986720000000000041e-01 -1.014299999999999979e+00 -8.156910000000000549e-01 3.658206298194102146e-01 0.000000000000000000e+00 8.410410000000000108e-02 0.000000000000000000e+00 nan nan 6.575243132121488809e-01 9.359893182669999645e-02 4.277140388759999995e-02 8.977245210610000636e-02 2.633160000000000167e+01 5.398329999999999984e+01 5.837819999999999965e+01 5.421800000000000352e+01 2.699121336787037029e-01 3.468714609753923428e-01
-7.252170000000000005e-01 -1.377289999999999903e+00 -1.306400000000000006e+00 -1.055879999999999930e+00 -9.653650000000000286e-01 -8.158499999999999641e-01 3.383624020237506747e-01 0.000000000000000000e+00 9.812140000000000306e-01 0.000000000000000000e+00 nan nan 6.491847947092058702e-01 1.053559878919999998e-01 5.415449775930000070e-02 1.249525214080000057e-01 2.601709999999999923e+01 4.886710000000000065e+01 5.347420000000000329e+01 5.624909999999999854e+01 2.699121336787037029e-01 3.468714609753923428e-01
-7.242009999999999836e-01 -1.141860000000000097e+00 -1.398570000000000091e+00 -6.965940000000000465e-01 -6.168949999999999712e-01 -8.140929999999999556e-01 3.128329530859398355e-01 1.437943711025235771e-03 7.569369999999999710e-01 0.000000000000000000e+00 nan nan 6.376420571297383155e-01 1.053559878919999998e-01 5.415449775930000070e-02 1.249525214080000057e-01 2.601709999999999923e+01 4.886710000000000065e+01 5.347420000000000329e+01 5.624909999999999854e+01 2.823353141347959561e-01 3.605372548890128925e-01
-7.224909999999999943e-01 -9.131190000000000140e-01 -9.661509999999999820e-01 -6.062820000000000015e-02 -6.584729999999999750e-01 -8.102530000000000010e-01 2.878129717472694971e-01 4.360672003930643470e-03 -5.887280000000000291e-01 0.000000000000000000e+00 nan nan 6.230268843027655379e-01 1.143727887410000005e-01 4.725377605259999808e-02 1.880120973080000035e-01 1.788830000000000098e+01 4.415780000000000172e+01 6.097350000000000136e+01 5.682820000000000249e+01 2.823353141347959561e-01 3.605372548890128925e-01
-7.242159999999999709e-01 -1.090940000000000021e+00 -1.145299999999999985e+00 -9.090270000000000294e-01 -8.138090000000000046e-01 -8.124219999999999775e-01 2.619400578017568870e-01 7.470233054471808742e-03 -1.261560000000000015e+00 0.000000000000000000e+00 nan nan 6.055048719763438392e-01 1.143727887410000005e-01 4.725377605259999808e-02 1.880120973080000035e-01 1.788830000000000098e+01 4.415780000000000172e+01 6.097350000000000136e+01 5.682820000000000249e+01 2.327390928945096693e-01 3.823219633311651933e-01
-7.256420000000000092e-01 -1.403210000000000068e+00 -1.564049999999999940e+00 -4.815280000000000116e-01 -7.115690000000000071e-01 -8.107090000000000130e-01 2.380734981995066279e-01 1.095134273048625762e-02 -8.130060000000000064e-01 0.000000000000000000e+00 nan nan 5.852745515515724861e-01 1.201951137340000059e-01 3.412675098279999847e-02 2.263884283840000011e-01 2.413840000000000074e+01 4.641389999999999816e+01 5.479910000000000281e+01 6.048409999999999798e+01 2.327390928945096693e-01 3.823219633311651933e-01
-7.224650000000000238e-01 -9.091099999999999737e-01 -9.042649999999999855e-01 -9.798609999999999820e-01 -8.513610000000000344e-01 -7.843210000000000459e-01 2.165490273970193114e-01 1.498450710542120756e-02 -3.644510000000000249e-01 0.000000000000000000e+00 nan nan 5.625651406424899692e-01 1.201951137340000059e-01 3.412675098279999847e-02 2.263884283840000011e-01 2.413840000000000074e+01 4.641389999999999816e+01 5.479910000000000281e+01 6.048409999999999798e+01 3.900705977957235060e-01 5.658015075625757451e-01
-7.254009999999999625e-01 -1.389790000000000081e+00 -1.346139999999999892e+00 -1.038729999999999931e+00 -8.898549999999999516e-01 -7.099389999999999867e-01 1.952317122110276415e-01 1.974397725239529500e-02 3.083819999999999895e-01 0.000000000000000000e+00 nan nan 5.376339459489165584e-01 1.407165451609999895e-01 3.587252080969999951e-02 2.311079235980000035e-01 2.070469999999999899e+01 4.071490000000000009e+01 5.313600000000000279e+01 5.768939999999999912e+01 3.900705977957235060e-01 5.658015075625757451e-01
-7.145949999999999802e-01 -5.658630000000000049e-01 -5.231810000000000072e-01 -8.971329999999999583e-01 -6.428850000000000398e-01 -5.496649999999999592e-01 1.737723532237338553e-01 2.395783119888783563e-02 -3.644510000000000249e-01 0.000000000000000000e+00 nan nan 5.107634478687301804e-01 1.407165451609999895e-01 3.587252080969999951e-02 2.311079235980000035e-01 2.070469999999999899e+01 4.071490000000000009e+01 5.313600000000000279e+01 5.768939999999999912e+01 6.375387272080856871e-01 7.868644613418824818e-01
-6.672590000000000465e-01 -2.532620000000000010e-02 -7.178990000000000371e-02 -6.090790000000000370e-01 -6.070029999999999593e-01 -2.776660000000000239e-01 1.539263201224038147e-01 2.773513938529770240e-02 -1.261560000000000015e+00 0.000000000000000000e+00 nan nan 4.822580998820857889e-01 1.523073847739999931e-01 3.071587679559999867e-02 2.652995934819999957e-01 2.784359999999999857e+01 3.367880000000000251e+01 4.348519999999999897e+01 4.860130000000000194e+01 6.375387272080856871e-01 7.868644613418824818e-01
-5.705090000000000439e-01 2.795480000000000187e-01 2.444010000000000071e-01 -6.249219999999999775e-01 -4.929569999999999785e-01 -1.451330000000000120e-01 1.369163370441764949e-01 3.251788798241761480e-02 -1.261560000000000015e+00 0.000000000000000000e+00 nan nan 4.524408789718309398e-01 1.523073847739999931e-01 3.071587679559999867e-02 2.652995934819999957e-01 2.784359999999999857e+01 3.367880000000000251e+01 4.348519999999999897e+01 4.860130000000000194e+01 6.177713444055055181e-01 6.670848837631615513e-01
-5.678630000000000067e-01 2.936039999999999761e-01 2.257260000000000100e-01 -4.570319999999999938e-01 -3.447660000000000169e-01 2.994169999999999887e-01 1.202234790081195825e-01 3.825188653755262624e-02 -1.261560000000000015e+00 0.000000000000000000e+00 nan nan 4.216496261652359356e-01 1.980576530239999966e-01 3.007755904140000172e-02 2.001860100239999940e-01 1.061200000000000010e+01 2.878369999999999962e+01 3.736160000000000281e+01 4.304460000000000264e+01 6.177713444055055181e-01 6.670848837631615513e-01
-4.696230000000000127e-01 4.355020000000000002e-01 4.095420000000000171e-01 -5.594430000000000236e-01 -4.484569999999999945e-01 2.857680000000000220e-01 1.032051007697111222e-01 4.592947802820424030e-02 -1.261560000000000015e+00 0.000000000000000000e+00 nan nan 3.902332186601598085e-01 1.980576530239999966e-01 3.007755904140000172e-02 2.001860100239999940e-01 1.061200000000000010e+01 2.878369999999999962e+01 3.736160000000000281e+01 4.304460000000000264e+01 5.962415561988927415e-01 6.671971420364311012e-01
-6.068320000000000380e-01 2.131730000000000014e-01 1.083339999999999997e-01 -2.691939999999999888e-01 -2.347930000000000017e-01 1.478269999999999862e-01 8.785003199807694951e-02 5.445278237831663315e-02 -1.261560000000000015e+00 0.000000000000000000e+00 nan nan 3.585476169069945485e-01 2.895835695380000185e-01 3.621501717770000267e-02 1.704128503419999885e-01 1.659909999999999997e+01 3.417719999999999914e+01 3.972679999999999723e+01 4.083409999999999940e+01 5.962415561988927415e-01 6.671971420364311012e-01
-2.046880000000000088e-01 6.583679999999999533e-01 6.405610000000000470e-01 -1.876849999999999907e-01 -8.136820000000000164e-02 1.896209999999999951e+00 7.426372372984235692e-02 6.380609053372920947e-02 -1.261560000000000015e+00 0.000000000000000000e+00 nan nan 3.269518314345276622e-01 2.895835695380000185e-01 3.621501717770000267e-02 1.704128503419999885e-01 1.659909999999999997e+01 3.417719999999999914e+01 3.972679999999999723e+01 4.083409999999999940e+01 6.056935344608664895e-01 7.905194586509857180e-01
-1.609730000000000050e-01 6.590049999999999519e-01 7.198109999999999786e-01 -2.414120000000000155e-02 1.472410000000000038e-02 2.104190000000000005e+00 6.214616234136782769e-02 7.396428916551489596e-02 -1.037279999999999980e+00 0.000000000000000000e+00 nan nan 2.958038551171975339e-01 3.168162636190000048e-01 3.903646726280000229e-02 1.302992294360000025e-01 1.336730000000000018e+01 2.707049999999999912e+01 3.503770000000000095e+01 4.070389999999999731e+01 6.056935344608664895e-01 7.905194586509857180e-01
4.621529999999999805e-01 8.959859999999999491e-01 9.541849999999999499e-01 4.157759999999999789e-01 5.285640000000000338e-01 1.358449999999999935e+00 5.124774141481491796e-02 8.489314521403135139e-02 -1.037279999999999980e+00 0.000000000000000000e+00 nan nan 2.654566069727790634e-01 3.168162636190000048e-01 3.903646726280000229e-02 1.302992294360000025e-01 1.336730000000000018e+01 2.707049999999999912e+01 3.503770000000000095e+01 4.070389999999999731e+01 6.197521458682513362e-01 8.624605032472355548e-01
2.961390000000000189e+00 1.278240000000000043e+00 1.266180000000000083e+00 7.978240000000000332e-02 5.046339999999999854e-02 2.295279999999999987e+00 4.155209855962993526e-02 9.654969376316524521e-02 -1.261560000000000015e+00 0.000000000000000000e+00 nan nan 2.362539334488938936e-01 3.491945937100000008e-01 3.923892733750000000e-02 1.257383579209999935e-01 9.810529999999999973e+00 2.163820000000000121e+01 2.988479999999999848e+01 3.961050000000000182e+01 6.197521458682513362e-01 8.624605032472355548e-01
3.168830000000000258e-01 8.888770000000000282e-01 8.339959999999999596e-01 3.959639999999999826e-01 5.156359999999999832e-01 1.203740000000000032e+00 3.401589291521966985e-02 1.088827248500007228e-01 -1.261560000000000015e+00 0.000000000000000000e+00 nan nan 2.085267125053638093e-01 3.491945937100000008e-01 3.923892733750000000e-02 1.257383579209999935e-01 9.810529999999999973e+00 2.163820000000000121e+01 2.988479999999999848e+01 3.961050000000000182e+01 6.434100259027882851e-01 8.659306045768357940e-01
-4.619960000000000178e-01 3.457839999999999803e-01 5.808780000000000054e-01 2.289370000000000016e-01 2.247109999999999941e-01 1.735510000000000108e+00 2.869981031923485304e-02 1.218333636941605347e-01 -1.037279999999999980e+00 0.000000000000000000e+00 nan nan 1.825891046347143387e-01 3.515565296070000123e-01 5.093819297850000344e-02 1.327856067360000114e-01 5.999030000000000307e+00 1.958439999999999870e+01 3.052019999999999911e+01 3.728370000000000317e+01 6.434100259027882851e-01 8.659306045768357940e-01
4.921300000000000119e-01 9.068410000000000082e-01 9.566430000000000211e-01 -4.909879999999999800e-01 -3.852829999999999866e-01 1.461989999999999901e+00 2.368621850510299609e-02 1.353357377725935562e-01 -8.130060000000000064e-01 0.000000000000000000e+00 nan nan 1.587349932982622391e-01 3.515565296070000123e-01 5.093819297850000344e-02 1.327856067360000114e-01 5.999030000000000307e+00 1.958439999999999870e+01 3.052019999999999911e+01 3.728370000000000317e+01 7.395144496927217315e-01 9.629679766766928717e-01
-4.149590000000000223e-01 4.101230000000000153e-01 6.183140000000000303e-01 5.031349999999999989e-01 4.946459999999999746e-01 3.563930000000000042e+00 1.940183907451786816e-02 1.493177231815822070e-01 -1.037279999999999980e+00 0.000000000000000000e+00 nan nan 1.372346551090688482e-01 3.575728165090000243e-01 6.210405154870000249e-02 1.285090539319999892e-01 1.654269999999999996e+01 2.523300000000000054e+01 3.346029999999999660e+01 4.116219999999999857e+01 7.395144496927217315e-01 9.629679766766928717e-01
2.511690000000000200e+00 1.228369999999999962e+00 1.244539999999999980e+00 -4.525620000000000198e-01 -4.204319999999999724e-01 2.575889999999999791e+00 1.546420514299029492e-02 1.637017618293907795e-01 -1.261560000000000015e+00 0.000000000000000000e+00 nan nan 1.183316974899165652e-01 3.575728165090000243e-01 6.210405154870000249e-02 1.285090539319999892e-01 1.654269999999999996e+01 2.523300000000000054e+01 3.346029999999999660e+01 4.116219999999999857e+01 7.868962364772207341e-01 9.070138308796096283e-01
2.112690000000000123e-01 7.463250000000000162e-01 9.856260000000000021e-01 6.592620000000000147e-01 5.729720000000000368e-01 3.030229999999999979e+00 1.112748764687843117e-02 1.784057402004350923e-01 -1.037279999999999980e+00 0.000000000000000000e+00 nan nan 1.022402985038693979e-01 3.452156658230000064e-01 6.009781037800000086e-02 1.395860074630000114e-01 1.068810000000000038e+01 2.972919999999999874e+01 3.835249999999999915e+01 4.153970000000000340e+01 7.868962364772207341e-01 9.070138308796096283e-01
3.162139999999999951e+00 1.281530000000000058e+00 1.313479999999999981e+00 -5.743340000000000112e-01 -4.536299999999999777e-01 1.047250000000000014e+00 7.419694840128832070e-03 1.933439197342259330e-01 -1.037279999999999980e+00 0.000000000000000000e+00 nan nan 8.353666888703692450e-02 3.452156658230000064e-01 6.009781037800000086e-02 1.395860074630000114e-01 1.068810000000000038e+01 2.972919999999999874e+01 3.835249999999999915e+01 4.153970000000000340e+01 7.660114784905276419e-01 8.635269568432972775e-01
-2.592110000000000247e-01 5.330869999999999775e-01 7.547359999999999625e-01 5.013360000000000039e-01 5.642129999999999646e-01 1.339900000000000091e+00 4.137473970268312762e-03 2.084279082775173375e-01 -1.037279999999999980e+00 0.000000000000000000e+00 nan nan 6.744675168124347753e-02 3.142790025180000058e-01 6.091642712439999940e-02 1.586703009240000017e-01 1.928150000000000119e+01 3.151289999999999836e+01 3.528589999999999804e+01 3.943200000000000216e+01 7.660114784905276419e-01 8.635269568432972775e-01
-1.482739999999999926e-02 7.522609999999999575e-01 7.507709999999999662e-01 -2.955160000000000009e-01 -2.715609999999999968e-01 3.367559999999999998e-01 1.282186748515767860e-03 2.235676616027238994e-01 -1.037279999999999980e+00 0.000000000000000000e+00 nan nan 5.373762167277429391e-02 3.142790025180000058e-01 6.091642712439999940e-02 1.586703009240000017e-01 1.928150000000000119e+01 3.151289999999999836e+01 3.528589999999999804e+01 3.943200000000000216e+01 7.828228960333180053e-01 8.307409376207189888e-01
-4.155440000000000245e-01 4.714749999999999774e-01 5.246170000000000000e-01 -8.678950000000000553e-02 -6.734260000000000246e-02 4.708300000000000263e-01 0.000000000000000000e+00 2.386725036449985904e-01 -1.037279999999999980e+00 0.000000000000000000e+00 nan nan 4.214937837765453388e-02 3.114208260920000026e-01 5.401677177119999784e-02 1.456393896229999929e-01 1.483220000000000027e+01 3.495230000000000103e+01 4.161889999999999645e+01 3.949710000000000321e+01 7.828228960333180053e-01 8.307409376207189888e-01
-3.218590000000000062e-01 5.531209999999999738e-01 6.123659999999999659e-01 6.793599999999999466e-04 4.411659999999999887e-02 6.573120000000000074e-01 0.000000000000000000e+00 2.536521538982796642e-01 -1.037279999999999980e+00 0.000000000000000000e+00 nan nan 3.239809081798339374e-02 3.114208260920000026e-01 5.401677177119999784e-02 1.456393896229999929e-01 1.483220000000000027e+01 3.495230000000000103e+01 4.161889999999999645e+01 3.949710000000000321e+01 5.743765554370461324e-01 7.462137595625888409e-01
1.602169999999999983e-01 8.309410000000000407e-01 7.992989999999999817e-01 -1.476990000000000074e-02 4.001659999999999939e-02 9.720280000000000031e-01 0.000000000000000000e+00 2.684177503294987721e-01 -1.261560000000000015e+00 0.000000000000000000e+00 nan nan 2.417901457336768534e-02 3.103308520110000246e-01 4.881310321889999887e-02 1.256543581779999974e-01 1.960800000000000054e+01 4.378820000000000334e+01 4.436630000000000251e+01 4.042459999999999809e+01 5.743765554370461324e-01 7.462137595625888409e-01
3.620570000000000038e-02 7.583220000000000516e-01 8.067379999999999551e-01 1.369059999999999999e-01 1.611360000000000015e-01 1.336060000000000025e+00 0.000000000000000000e+00 2.828828562209234621e-01 -1.037279999999999980e+00 0.000000000000000000e+00 nan nan 1.717004465697369309e-02 3.103308520110000246e-01 4.881310321889999887e-02 1.256543581779999974e-01 1.960800000000000054e+01 4.378820000000000334e+01 4.436630000000000251e+01 4.042459999999999809e+01 3.871197115140434519e-02 5.837331158604431858e-01
8.307529999999999637e-01 9.688550000000000217e-01 1.063630000000000075e+00 1.103539999999999938e-01 1.041259999999999963e-01 8.011930000000000440e-01 0.000000000000000000e+00 2.969644395327064590e-01 -1.037279999999999980e+00 0.000000000000000000e+00 nan nan 1.103536509373526098e-02 3.189787088009999882e-01 5.192134245829999745e-02 1.280946799400000113e-01 2.248179999999999978e+01 4.028580000000000183e+01 3.999000000000000199e+01 3.501149999999999807e+01 3.871197115140434519e-02 5.837331158604431858e-01
6.808849999999999625e-01 9.328469999999999818e-01 1.038140000000000063e+00 8.487400000000000500e-02 1.768710000000000004e-01 1.345679999999999987e+00 0.000000000000000000e+00 3.105838136890762824e-01 -1.037279999999999980e+00 0.000000000000000000e+00 nan nan 5.429253849536075371e-03 3.189787088009999882e-01 5.192134245829999745e-02 1.280946799400000113e-01 2.248179999999999978e+01 4.028580000000000183e+01 3.999000000000000199e+01 3.501149999999999807e+01 3.873990553100715717e-01 7.427337530912296870e-01
-3.366009999999999835e-01 5.593949999999999756e-01 5.616250000000000409e-01 3.676490000000000036e-01 2.497830000000000050e-01 1.766570000000000085e-01 0.000000000000000000e+00 3.236675291286813527e-01 -1.037279999999999980e+00 0.000000000000000000e+00 nan nan 0.000000000000000000e+00 2.976921377130000157e-01 5.418425487890000253e-02 1.362125318659999917e-01 1.594430000000000014e+01 3.159230000000000160e+01 3.113360000000000127e+01 3.021590000000000131e+01 3.873990553100715717e-01 7.427337530912296870e-01
-1.147539999999999949e-01 6.506370000000000209e-01 7.995459999999999789e-01 8.580510000000000081e-01 4.562680000000000069e-01 1.448930000000000051e+00 0.000000000000000000e+00 3.361482055174692674e-01 -1.037279999999999980e+00 0.000000000000000000e+00 nan nan 0.000000000000000000e+00 2.976921377130000157e-01 5.418425487890000253e-02 1.362125318659999917e-01 1.594430000000000014e+01 3.159230000000000160e+01 3.113360000000000127e+01 3.021590000000000131e+01 1.000000000000000000e+00 1.000000000000000000e+00
6.200590000000000268e-02 7.776309999999999611e-01 7.992559999999999665e-01 4.389179999999999748e-01 3.105020000000000002e-01 1.628049999999999997e+00 0.000000000000000000e+00 3.479652951947960204e-01 -1.037279999999999980e+00 0.000000000000000000e+00 nan nan 0.000000000000000000e+00 2.886335198269999736e-01 4.222283416559999975e-02 1.430315816780000082e-01 1.567910000000000004e+01 3.163510000000000133e+01 3.046719999999999828e+01 -1.000000000000000000e+00 1.000000000000000000e+00 1.000000000000000000e+00
-3.244400000000000062e-01 5.297479999999999967e-01 6.467220000000000191e-01 4.278179999999999761e-01 4.702520000000000033e-01 1.520639999999999992e+00 0.000000000000000000e+00 3.590657692026139047e-01 -1.037279999999999980e+00 0.000000000000000000e+00 nan nan 0.000000000000000000e+00 2.886335198269999736e-01 4.222283416559999975e-02 1.430315816780000082e-01 1.567910000000000004e+01 3.163510000000000133e+01 3.046719999999999828e+01 -1.000000000000000000e+00 6.522931586164862905e-01 8.806595503725984653e-01
2.138700000000000045e+00 1.169340000000000046e+00 1.245859999999999967e+00 1.086120000000000002e-01 1.073140000000000066e-01 1.796929999999999916e+00 0.000000000000000000e+00 3.694047181247559486e-01 -8.130060000000000064e-01 0.000000000000000000e+00 nan nan 0.000000000000000000e+00 3.404340581540000188e-01 3.535212990440000230e-02 1.317993345779999992e-01 9.321680000000000632e+00 2.136280000000000001e+01 -1.000000000000000000e+00 -1.000000000000000000e+00 6.522931586164862905e-01 8.806595503725984653e-01
1.088410000000000100e+00 9.561340000000000394e-01 1.196080000000000032e+00 3.033080000000000220e-01 4.459089999999999998e-01 2.095050000000000079e+00 0.000000000000000000e+00 3.789458609285658586e-01 -1.037279999999999980e+00 0.000000000000000000e+00 nan nan 0.000000000000000000e+00 3.404340581540000188e-01 3.535212990440000230e-02 1.317993345779999992e-01 9.321680000000000632e+00 2.136280000000000001e+01 -1.000000000000000000e+00 -1.000000000000000000e+00 4.730560211285494976e-02 6.084068239823292590e-01
-3.016599999999999837e-02 6.527429999999999621e-01 8.900010000000000421e-01 2.851940000000000031e-01 3.512140000000000262e-01 8.060169999999999835e-01 0.000000000000000000e+00 3.876619560434951817e-01 -1.037279999999999980e+00 0.000000000000000000e+00 nan nan 0.000000000000000000e+00 3.623690730820000039e-01 2.847857807339999880e-02 1.198905627630000026e-01 6.807280000000000442e+00 -1.000000000000000000e+00 -1.000000000000000000e+00 -1.000000000000000000e+00 4.730560211285494976e-02 6.084068239823292590e-01
1.001679999999999904e+00 1.015160000000000062e+00 1.073039999999999994e+00 -1.069709999999999966e-01 -6.668640000000000678e-02 -2.460199999999999887e-01 0.000000000000000000e+00 3.955351100189828939e-01 -8.130060000000000064e-01 0.000000000000000000e+00 nan nan 0.000000000000000000e+00 3.623690730820000039e-01 2.847857807339999880e-02 1.198905627630000026e-01 6.807280000000000442e+00 -1.000000000000000000e+00 -1.000000000000000000e+00 -1.000000000000000000e+00 0.000000000000000000e+00 0.000000000000000000e+00
