-8.670160000000000089e-01 -2.151380000000000070e+00 -2.128390000000000004e+00 -1.291250000000000009e+00 -1.406959999999999988e+00 -8.995710000000000095e-01 1.902781442978329629e-02 3.135255270945199735e-01 1.320009999999999906e+00 8.002597786122445100e-03 1.642287566591905668e-01 nan 1.594209338808556531e-01 4.528917221690000050e-02 2.189744841799999911e-02 8.555707678769999824e-02 -1.000000000000000000e+00 -1.000000000000000000e+00 -1.000000000000000000e+00 -1.000000000000000000e+00 0.000000000000000000e+00 0.000000000000000000e+00
-8.658940000000000525e-01 -1.367939999999999934e+00 -1.369650000000000034e+00 -1.207140000000000102e+00 -1.265589999999999993e+00 -8.992780000000000218e-01 2.437842397670531014e-02 3.057869778960750073e-01 -1.127799999999999914e+00 1.126933169721633377e-02 1.931679929761912495e-01 nan 1.610876978730211295e-01 6.038945763499999758e-02 2.588175281820000173e-02 7.259454520649999409e-02 3.317530000000000090e+00 -1.000000000000000000e+00 -1.000000000000000000e+00 -1.000000000000000000e+00 0.000000000000000000e+00 0.000000000000000000e+00
-8.664180000000000215e-01 -1.624570000000000070e+00 -1.429799999999999960e+00 -1.159710000000000019e+00 -1.261079999999999979e+00 -8.973449999999999482e-01 3.068642196868909267e-02 2.996145701855551513e-01 -8.218189999999999662e-01 1.510007079389186213e-02 2.260836551856911791e-01 nan 1.619258280439722641e-01 6.038945763499999758e-02 2.588175281820000173e-02 7.259454520649999409e-02 3.317530000000000090e+00 -1.000000000000000000e+00 -1.000000000000000000e+00 -1.000000000000000000e+00 0.000000000000000000e+00 0.000000000000000000e+00
-8.651269999999999794e-01 -1.203040000000000109e+00 -1.221680000000000099e+00 -1.454639999999999933e+00 -1.458900000000000086e+00 -8.973100000000000520e-01 3.808866852213943499e-02 2.951626108993375963e-01 -8.218189999999999662e-01 1.964494145648343348e-02 2.626027956824253939e-01 nan 1.619258280439722641e-01 8.475641868809999369e-02 3.001845756740000037e-02 6.895873320060000311e-02 7.126350000000000406e+00 1.285560000000000080e+01 -1.000000000000000000e+00 -1.000000000000000000e+00 0.000000000000000000e+00 0.000000000000000000e+00
-8.663180000000000325e-01 -1.569299999999999917e+00 -1.405690000000000106e+00 -1.384859999999999980e+00 -1.369520000000000071e+00 -8.974720000000000475e-01 4.670185568230622586e-02 2.925659136056959486e-01 -2.098679999999999990e-01 2.504597866933122585e-02 3.023116380122579105e-01 nan 1.610876978730211295e-01 8.475641868809999369e-02 3.001845756740000037e-02 6.895873320060000311e-02 7.126350000000000406e+00 1.285560000000000080e+01 -1.000000000000000000e+00 -1.000000000000000000e+00 9.008486935515994665e-01 9.450306878547276579e-01
-8.622090000000000032e-01 -9.038739999999999553e-01 -9.324500000000000011e-01 -1.326689999999999925e+00 -1.258229999999999960e+00 -8.981400000000000494e-01 5.662209435257947732e-02 2.919382710132029102e-01 -2.098679999999999990e-01 3.143551670765443173e-02 3.447602651247433370e-01 nan 1.594209338808556531e-01 1.155260555919999932e-01 3.366468157980000153e-02 8.210821398869999621e-02 7.904729999999999812e+00 1.564230000000000054e+01 2.017299999999999827e+01 -1.000000000000000000e+00 9.008486935515994665e-01 9.450306878547276579e-01
-8.614889999999999493e-01 -8.477040000000000131e-01 -9.127159999999999718e-01 -1.176309999999999967e+00 -1.159480000000000066e+00 -8.955910000000000259e-01 6.794252233983011369e-02 2.933711656538731116e-01 -8.218189999999999662e-01 3.893468973733416050e-02 3.894677171130864757e-01 nan 1.569444211695119051e-01 1.155260555919999932e-01 3.366468157980000153e-02 8.210821398869999621e-02 7.904729999999999812e+00 1.564230000000000054e+01 2.017299999999999827e+01 -1.000000000000000000e+00 9.603985840116671113e-01 9.663815592686408884e-01
-8.665230000000000432e-01 -1.700360000000000094e+00 -1.462620000000000031e+00 -1.146930000000000005e+00 -1.113259999999999916e+00 -8.966749999999999998e-01 8.074095737487740898e-02 2.969327333495198618e-01 -8.218189999999999662e-01 4.765205931641247616e-02 4.359274406820680126e-01 nan 1.536862196175738937e-01 1.059498690080000055e-01 3.201027183440000035e-02 9.922305869500000486e-02 9.962220000000000297e+00 2.294620000000000104e+01 2.601859999999999928e+01 2.783800000000000097e+01 9.603985840116671113e-01 9.663815592686408884e-01
-8.667510000000000492e-01 -1.862600000000000033e+00 -1.622190000000000021e+00 -1.057539999999999925e+00 -1.051709999999999923e+00 -8.987359999999999793e-01 9.506306833144106960e-02 3.026669912056697553e-01 -8.218189999999999662e-01 5.768238434925976321e-02 4.836130285992877864e-01 nan 1.496832459505363921e-01 1.059498690080000055e-01 3.201027183440000035e-02 9.922305869500000486e-02 9.962220000000000297e+00 2.294620000000000104e+01 2.601859999999999928e+01 2.783800000000000097e+01 6.412037185755311564e-01 8.541938806032312037e-01
-8.630740000000000078e-01 -9.633800000000000141e-01 -1.005020000000000024e+00 -9.418290000000000273e-01 -1.024780000000000024e+00 -8.985929999999999751e-01 1.109380207466800217e-01 3.105933388801673800e-01 -8.218189999999999662e-01 6.910554743032459868e-02 5.319841840994494753e-01 nan 1.449808554595538590e-01 7.943584354060000130e-02 3.619265397759999919e-02 1.218745301159999961e-01 1.207249999999999979e+01 2.145220000000000127e+01 2.582110000000000127e+01 3.024470000000000169e+01 6.412037185755311564e-01 8.541938806032312037e-01
-8.625559999999999894e-01 -9.267549999999999955e-01 -9.647200000000000220e-01 -1.176660000000000039e+00 -1.004329999999999945e+00 -8.987549999999999706e-01 1.283852017327862249e-01 3.207063387773010366e-01 -8.218189999999999662e-01 8.198564974241995262e-02 5.804928426626032589e-01 nan 1.396323281078692968e-01 7.943584354060000130e-02 3.619265397759999919e-02 1.218745301159999961e-01 1.207249999999999979e+01 2.145220000000000127e+01 2.582110000000000127e+01 3.024470000000000169e+01 2.352056845121458517e-01 7.070209116621419820e-01
-8.663030000000000452e-01 -1.607650000000000023e+00 -1.487130000000000063e+00 -8.679980000000000473e-01 -1.010199999999999987e+00 -8.997870000000000035e-01 1.474007038672330294e-01 3.329757776579346240e-01 1.014029999999999987e+00 9.637028476470732574e-02 6.285893818041519143e-01 nan 1.336982648475401048e-01 6.202067080899999890e-02 4.274069998030000095e-02 1.745341970070000137e-01 8.806240000000000734e+00 2.103509999999999991e+01 2.794040000000000035e+01 3.577369999999999806e+01 2.352056845121458517e-01 7.070209116621419820e-01
-8.666199999999999459e-01 -1.721030000000000060e+00 -1.831120000000000081e+00 -7.168600000000000527e-01 -9.276980000000000226e-01 -8.996830000000000105e-01 1.679604450277989436e-01 3.473470089675797512e-01 3.155860000000000110e+00 1.122899990195613817e-01 6.757288485172201487e-01 nan 1.272459009864372881e-01 6.202067080899999890e-02 4.274069998030000095e-02 1.745341970070000137e-01 8.806240000000000734e+00 2.103509999999999991e+01 2.794040000000000035e+01 3.577369999999999806e+01 2.402168954905524734e-01 6.677457584121826439e-01
-8.669109999999999872e-01 -2.027159999999999851e+00 -1.943529999999999980e+00 -7.119980000000000198e-01 -8.779649999999999954e-01 -8.999160000000000492e-01 1.900249357471259781e-01 3.637415720036935030e-01 3.155860000000000110e+00 1.297579459682650649e-01 7.213771338079735251e-01 nan 1.203483443853409218e-01 6.366063074630000373e-02 4.842438812129999659e-02 1.685983262069999933e-01 8.416510000000000602e+00 2.331820000000000093e+01 3.275820000000000221e+01 4.549190000000000111e+01 2.402168954905524734e-01 6.677457584121826439e-01
-8.663859999999999895e-01 -1.575590000000000046e+00 -1.615070000000000006e+00 -8.134010000000000407e-01 -8.672370000000000356e-01 -8.996140000000000247e-01 2.135373477442603640e-01 3.820580809067899430e-01 1.625990000000000046e+00 1.487697369770375477e-01 7.650170243639383694e-01 nan 1.130837471166653563e-01 6.366063074630000373e-02 4.842438812129999659e-02 1.685983262069999933e-01 8.416510000000000602e+00 2.331820000000000093e+01 3.275820000000000221e+01 4.549190000000000111e+01 2.214055804331486188e-01 6.564588373827671131e-01
-8.659970000000000168e-01 -1.403690000000000104e+00 -1.460620000000000029e+00 -4.737939999999999929e-01 -6.281430000000000069e-01 -8.984330000000000371e-01 2.384235202807898357e-01 4.021733734027395091e-01 2.543909999999999894e+00 1.693034910420087025e-01 8.061540627875003473e-01 nan 1.055344199702502594e-01 8.493444660120000322e-02 5.733472771970000298e-02 1.795855318569999914e-01 1.107879999999999932e+01 2.571869999999999834e+01 4.106219999999999715e+01 5.370759999999999934e+01 2.214055804331486188e-01 6.564588373827671131e-01
-8.669329999999999536e-01 -2.029770000000000074e+00 -2.020560000000000134e+00 -2.812100000000000155e-01 -7.518839999999999968e-01 -8.968270000000000408e-01 2.645942367533076212e-01 4.239439062805483438e-01 5.603670000000000151e+00 1.913200827097362167e-01 8.443221499957936915e-01 nan 9.778589983922270079e-02 8.493444660120000322e-02 5.733472771970000298e-02 1.795855318569999914e-01 1.107879999999999932e+01 2.571869999999999834e+01 4.106219999999999715e+01 5.370759999999999934e+01 1.981933941959898027e-01 7.004327725842542929e-01
-8.663149999999999462e-01 -1.554990000000000094e+00 -1.472369999999999957e+00 -3.271970000000000156e-01 -7.958089999999999886e-01 -8.950139999999999763e-01 2.919454540626840178e-01 4.472073817942952001e-01 3.155860000000000110e+00 2.147635853842265741e-01 8.790888263095550936e-01 nan 8.992598055281864067e-02 1.488917521710000080e-01 8.984711600170000589e-02 1.797509005190000009e-01 1.583880000000000088e+01 4.155619999999999692e+01 5.803970000000000340e+01 7.391240000000000521e+01 1.981933941959898027e-01 7.004327725842542929e-01
-8.642689999999999539e-01 -1.090060000000000029e+00 -1.145250000000000101e+00 -5.052680000000000504e-01 -7.820350000000000357e-01 -8.940409999999999746e-01 3.203597635826889167e-01 4.717845865614445078e-01 -5.158439999999999692e-01 2.395619049976148718e-01 9.100601713940901227e-01 nan 8.204371813721755835e-02 1.488917521710000080e-01 8.984711600170000589e-02 1.797509005190000009e-01 1.583880000000000088e+01 4.155619999999999692e+01 5.803970000000000340e+01 7.391240000000000521e+01 1.617914436784857468e-01 7.015724449189923995e-01
-8.608240000000000336e-01 -8.354599999999999804e-01 -8.548040000000000083e-01 -2.905969999999999942e-01 -6.597779999999999756e-01 -8.817439999999999722e-01 3.497068969731552679e-01 4.974814221220797972e-01 4.020830000000000237e-01 2.656275968647613395e-01 9.368852675340696434e-01 nan 7.422842177518051976e-02 2.457053942390000079e-01 1.267975991839999927e-01 1.704670686729999884e-01 1.881569999999999965e+01 6.017990000000000350e+01 8.528499999999999659e+01 8.744360000000000355e+01 1.617914436784857468e-01 7.015724449189923995e-01
-8.604559999999999986e-01 -8.115970000000000129e-01 -8.468130000000000379e-01 -2.219289999999999874e-01 -6.404969999999999830e-01 -8.285799999999999832e-01 3.798463946030892213e-01 5.240911041520128766e-01 9.610779999999999323e-02 2.928588564664745819e-01 9.592601756714630445e-01 nan 6.656864189732325521e-02 2.457053942390000079e-01 1.267975991839999927e-01 1.704670686729999884e-01 1.881569999999999965e+01 6.017990000000000350e+01 8.528499999999999659e+01 8.744360000000000355e+01 1.574419695344070336e-01 6.555539148312641284e-01
-8.547909999999999675e-01 -6.847879999999999523e-01 -5.521110000000000184e-01 -1.855239999999999945e-01 -7.061060000000000114e-01 -6.938539999999999708e-01 4.106289885825419317e-01 5.513965054118029618e-01 -2.098679999999999990e-01 3.211406729353933898e-01 9.769313791565140681e-01 nan 5.915116687035459897e-02 3.318783140200000092e-01 1.748122962249999968e-01 1.564641396299999987e-01 2.923829999999999885e+01 7.003600000000000136e+01 8.763219999999999743e+01 9.333339999999999748e+01 1.574419695344070336e-01 6.555539148312641284e-01
-7.927220000000000377e-01 -9.518039999999999834e-02 1.027680000000000086e-02 2.994290000000000007e-01 4.588649999999999674e-02 -3.755879999999999774e-01 4.418971356798081507e-01 5.791726158851402406e-01 4.020830000000000237e-01 3.503461321750702684e-01 9.896986561926827131e-01 nan 5.206003965020289392e-02 3.318783140200000092e-01 1.748122962249999968e-01 1.564641396299999987e-01 2.923829999999999885e+01 7.003600000000000136e+01 8.763219999999999743e+01 9.333339999999999748e+01 1.523022659668102907e-01 6.038332367830192560e-01
-5.176520000000000010e-01 4.263359999999999927e-01 5.045929999999999582e-01 4.167420000000000013e-01 5.323879999999999724e-01 2.745629999999999946e-02 4.734866612266339647e-01 6.071890922322394912e-01 4.020830000000000237e-01 3.803378548473955734e-01 9.974173484296037229e-01 nan 4.537560554174302485e-02 3.660786267819999829e-01 1.974085767169999894e-01 1.389222108740000017e-01 2.327029999999999887e+01 6.416670000000000584e+01 8.249129999999999541e+01 8.168389999999999418e+01 1.523022659668102907e-01 6.038332367830192560e-01
-6.841490000000000071e-02 7.052709999999999813e-01 7.720869999999999678e-01 2.439830000000000054e-01 2.903729999999999922e-01 3.866330000000000044e-01 5.052307423021697996e-01 6.352128676719202005e-01 9.610779999999999323e-02 4.109695529353929455e-01 1.000000000000000000e+00 nan 3.917360185438822917e-02 3.660786267819999829e-01 1.974085767169999894e-01 1.389222108740000017e-01 2.327029999999999887e+01 6.416670000000000584e+01 8.249129999999999541e+01 8.168389999999999418e+01 1.527327161405965805e-01 5.200275641680960348e-01
3.139739999999999753e-01 8.372779999999999667e-01 8.853689999999999616e-01 7.233749999999999902e-01 6.564910000000000467e-01 6.471409999999999663e-01 5.369609061085127699e-01 6.630107927213662045e-01 4.020830000000000237e-01 4.420876872449057693e-01 9.974173484296037229e-01 nan 3.352429976811122092e-02 3.897065402939999812e-01 2.163814503900000075e-01 1.255597449009999977e-01 2.944750000000000156e+01 7.159659999999999513e+01 8.818389999999999418e+01 8.795210000000000150e+01 1.527327161405965805e-01 5.200275641680960348e-01
5.446879999999999500e-01 8.974919999999999565e-01 9.428309999999999746e-01 9.576320000000000388e-01 8.908549999999999525e-01 9.528309999999999835e-01 5.685075746786302231e-01 6.903522768729284387e-01 4.020830000000000237e-01 4.735332070650168923e-01 9.896986561926828241e-01 nan 2.849170813289592097e-02 3.897065402939999812e-01 2.163814503900000075e-01 1.255597449009999977e-01 2.944750000000000156e+01 7.159659999999999513e+01 8.818389999999999418e+01 8.795210000000000150e+01 1.559450308703446142e-01 5.216745989375679571e-01
6.670939999999999648e-01 9.256490000000000551e-01 9.848980000000000512e-01 1.002790000000000070e+00 7.065690000000000026e-01 1.063739999999999908e+00 5.997035915249131488e-01 7.170119012767149913e-01 9.610779999999999323e-02 5.051433522761578088e-01 9.769313791565144012e-01 nan 2.413284822289107900e-02 4.912229496559999964e-01 1.268717063850000049e-01 1.364109107600000037e-01 2.939359999999999928e+01 8.433549999999999613e+01 9.626179999999999382e+01 8.985349999999999682e+01 1.559450308703446142e-01 5.216745989375679571e-01
7.010239999999999805e-01 9.329429999999999668e-01 9.974330000000000140e-01 8.702910000000000368e-01 9.251270000000000326e-01 1.070999999999999952e+00 6.303854636053231042e-01 7.427719728262336396e-01 9.610779999999999323e-02 5.367534974872988363e-01 9.592601756714631556e-01 nan 2.049710766258905359e-02 4.912229496559999964e-01 1.268717063850000049e-01 1.364109107600000037e-01 2.939359999999999928e+01 8.433549999999999613e+01 9.626179999999999382e+01 8.985349999999999682e+01 1.852156426878079909e-01 6.483902601557678391e-01
9.628470000000000084e-01 9.845739999999999492e-01 1.037619999999999987e+00 1.145650000000000057e+00 9.614260000000000028e-01 1.075290000000000079e+00 6.603953688864039329e-01 7.674249907082745237e-01 4.020830000000000237e-01 5.681990173074098482e-01 9.368852675340696434e-01 nan 1.762568084530602430e-02 6.020102124120000342e-01 5.609818030890000029e-02 1.353206242190000130e-01 3.476919999999999789e+01 6.630549999999999500e+01 7.811709999999999354e+01 7.545820000000000505e+01 1.852156426878079909e-01 6.483902601557678391e-01
9.208950000000000191e-01 9.766479999999999606e-01 1.004699999999999926e+00 1.171100000000000030e+00 9.294050000000000367e-01 1.050110000000000099e+00 6.895832868669220517e-01 7.907759974700356853e-01 4.020830000000000237e-01 5.993171516169226720e-01 9.100601713940901227e-01 nan 1.555110218424626822e-02 6.020102124120000342e-01 5.609818030890000029e-02 1.353206242190000130e-01 3.476919999999999789e+01 6.630549999999999500e+01 7.811709999999999354e+01 7.545820000000000505e+01 2.361693789310702618e-01 7.482800792091204301e-01
1.089220000000000077e+00 1.007030000000000092e+00 9.894589999999999774e-01 1.284999999999999920e+00 1.321460000000000079e+00 9.950689999999999813e-01 7.178085854032573154e-01 8.141981242082098058e-01 9.610779999999999323e-02 6.299488497049201552e-01 8.790888263095550936e-01 nan 1.160594087032151833e-02 6.573261879459999513e-01 2.830339297359999937e-02 1.294124166030000134e-01 1.010459999999999958e+01 4.377279999999999660e+01 5.187469999999999715e+01 5.567719999999999914e+01 2.361693789310702618e-01 7.482800792091204301e-01
1.237020000000000008e+00 1.031959999999999988e+00 9.888299999999999867e-01 1.533619999999999983e+00 1.289630000000000054e+00 1.092079999999999940e+00 7.449424187805138153e-01 8.361210788683007822e-01 7.080589999999999939e-01 6.599405723772454602e-01 8.443221499957940246e-01 nan 8.241631288361528362e-03 6.573261879459999513e-01 2.830339297359999937e-02 1.294124166030000134e-01 1.010459999999999958e+01 4.377279999999999660e+01 5.187469999999999715e+01 5.567719999999999914e+01 2.541197936409017588e-01 7.953171204531427341e-01
1.454539999999999944e+00 1.065639999999999921e+00 1.002269999999999994e+00 1.734320000000000084e+00 1.494890000000000052e+00 1.163370000000000015e+00 7.708685912906099169e-01 8.564958883704651971e-01 1.625990000000000046e+00 6.891460316169222278e-01 8.061540627875005693e-01 nan 5.296981577626924675e-03 7.130934951820000478e-01 2.504201179440000008e-02 1.115004892369999973e-01 1.704060000000000130e+01 2.921209999999999951e+01 3.831530000000000058e+01 4.340390000000000015e+01 2.541197936409017588e-01 7.953171204531427341e-01
1.588289999999999980e+00 1.083900000000000086e+00 1.012029999999999985e+00 1.853879999999999972e+00 1.527390000000000025e+00 1.334170000000000078e+00 7.954833556147878904e-01 8.752911207381065539e-01 1.625990000000000046e+00 7.174278480858411466e-01 7.650170243639384804e-01 nan 2.606044963349485322e-03 7.130934951820000478e-01 2.504201179440000008e-02 1.115004892369999973e-01 1.704060000000000130e+01 2.921209999999999951e+01 3.831530000000000058e+01 4.340390000000000015e+01 2.543639295603626893e-01 8.162552866029813003e-01
1.683130000000000015e+00 1.096459999999999990e+00 1.032559999999999922e+00 1.575569999999999915e+00 1.540969999999999951e+00 1.597509999999999986e+00 8.186975874763465777e-01 8.924932412347291733e-01 7.080589999999999939e-01 7.446591076875543891e-01 7.213771338079736362e-01 nan 0.000000000000000000e+00 7.676136152610000263e-01 2.276787014879999918e-02 9.226749958200000656e-02 6.397649999999999615e+00 2.328040000000000020e+01 3.051190000000000069e+01 3.861910000000000309e+01 2.543639295603626893e-01 8.162552866029813003e-01
1.657419999999999893e+00 1.093010000000000037e+00 1.045609999999999928e+00 1.295709999999999917e+00 1.433880000000000043e+00 1.637240000000000029e+00 8.404392011222581171e-01 9.081067657179116015e-01 7.080589999999999939e-01 7.707247995547008568e-01 6.757288485172203707e-01 nan 0.000000000000000000e+00 7.676136152610000263e-01 2.276787014879999918e-02 9.226749958200000656e-02 6.397649999999999615e+00 2.328040000000000020e+01 3.051190000000000069e+01 3.861910000000000309e+01 2.559122652601010239e-01 8.271976555311970625e-01
1.638039999999999941e+00 1.090400000000000036e+00 1.056389999999999940e+00 1.749949999999999894e+00 1.618840000000000057e+00 1.587059999999999915e+00 8.606524521502914027e-01 9.221542094728347738e-01 1.625990000000000046e+00 7.955231191680891545e-01 6.285893818041523584e-01 nan 0.000000000000000000e+00 7.973844722039999944e-01 1.748359701969999860e-02 8.273542674519999973e-02 5.631280000000000285e+00 1.344410000000000061e+01 1.975529999999999831e+01 2.542079999999999984e+01 2.559122652601010239e-01 8.271976555311970625e-01
1.584589999999999943e+00 1.083120000000000083e+00 1.063269999999999937e+00 1.505679999999999907e+00 1.108270000000000088e+00 1.638490000000000002e+00 8.792982400779498775e-01 9.346758321051058527e-01 1.014029999999999987e+00 8.189666218425795119e-01 5.804928426626034810e-01 nan 0.000000000000000000e+00 7.973844722039999944e-01 1.748359701969999860e-02 8.273542674519999973e-02 5.631280000000000285e+00 1.344410000000000061e+01 1.975529999999999831e+01 2.542079999999999984e+01 2.481448882435705050e-01 8.359515506737698054e-01
1.581429999999999891e+00 1.082680000000000087e+00 1.070389999999999953e+00 1.630870000000000042e+00 1.035220000000000029e+00 1.589909999999999934e+00 8.963566915833625082e-01 9.457291813833378358e-01 9.610779999999999323e-02 8.409832135103070261e-01 5.319841840994496973e-01 nan 0.000000000000000000e+00 7.932881396880000491e-01 1.786220636530000058e-02 8.127478690040000620e-02 7.129240000000000244e+00 8.935579999999999856e+00 1.174949999999999939e+01 1.837320000000000064e+01 2.481448882435705050e-01 8.359515506737698054e-01
1.569530000000000092e+00 1.081010000000000026e+00 1.069690000000000030e+00 1.270540000000000003e+00 1.209410000000000096e+00 1.468779999999999974e+00 9.118262956345892789e-01 9.553884411999381543e-01 9.610779999999999323e-02 8.615169675752782918e-01 4.836130285992880085e-01 nan 0.000000000000000000e+00 7.932881396880000491e-01 1.786220636530000058e-02 8.127478690040000620e-02 7.129240000000000244e+00 8.935579999999999856e+00 1.174949999999999939e+01 1.837320000000000064e+01 2.354562450610661051e-01 8.511724237157860529e-01
1.684779999999999944e+00 1.096559999999999979e+00 1.083059999999999912e+00 1.952800000000000091e+00 1.614740000000000064e+00 1.509449999999999958e+00 9.257224520237719023e-01 9.637435910379638093e-01 9.610779999999999323e-02 8.805287585840506637e-01 4.359274406820682346e-01 nan 0.000000000000000000e+00 7.955941189309999606e-01 1.829912342830000010e-02 8.209477090439999680e-02 3.177840000000000220e+00 1.078219999999999956e+01 1.213349999999999973e+01 1.398150000000000048e+01 2.354562450610661051e-01 8.511724237157860529e-01
1.832969999999999988e+00 1.115609999999999991e+00 1.092459999999999987e+00 1.969359999999999999e+00 1.621660000000000101e+00 1.700690000000000035e+00 9.380786813187094175e-01 9.708993864676249697e-01 9.610779999999999323e-02 8.979967055327543468e-01 3.894677171130866977e-01 nan 0.000000000000000000e+00 7.955941189309999606e-01 1.829912342830000010e-02 8.209477090439999680e-02 3.177840000000000220e+00 1.078219999999999956e+01 1.213349999999999973e+01 1.398150000000000048e+01 2.350386441461987941e-01 8.501614851331447120e-01
1.948360000000000092e+00 1.129739999999999966e+00 1.100279999999999925e+00 1.620679999999999898e+00 1.531800000000000050e+00 1.777530000000000054e+00 9.489471999784659939e-01 9.769741722238166615e-01 9.610779999999999323e-02 9.139164197876084028e-01 3.447602651247435590e-01 nan 0.000000000000000000e+00 7.782985205689999519e-01 2.014685748320000150e-02 8.764328385040000280e-02 5.898950000000000138e+00 9.659800000000000608e+00 1.366740000000000066e+01 1.938980000000000103e+01 2.350386441461987941e-01 8.501614851331447120e-01
1.949179999999999913e+00 1.129809999999999981e+00 1.092929999999999957e+00 1.489230000000000054e+00 1.454350000000000032e+00 1.778000000000000025e+00 9.583963952223532035e-01 9.820985413129835750e-01 4.020830000000000237e-01 9.283010548098958870e-01 3.023116380122581326e-01 nan 0.000000000000000000e+00 7.782985205689999519e-01 2.014685748320000150e-02 8.764328385040000280e-02 5.898950000000000138e+00 9.659800000000000608e+00 1.366740000000000066e+01 1.938980000000000103e+01 2.386749844202735726e-01 8.443911840097534371e-01
2.027989999999999959e+00 1.139129999999999976e+00 1.100710000000000077e+00 1.416719999999999979e+00 1.581290000000000084e+00 1.829979999999999940e+00 9.665099448734193466e-01 9.864138553421751832e-01 4.020830000000000237e-01 9.411811571219911299e-01 2.626027956824255050e-01 nan 0.000000000000000000e+00 7.541384159020000366e-01 2.895538876239999934e-02 8.855088137689999528e-02 4.185209999999999653e+00 9.039910000000000778e+00 1.595960000000000001e+01 2.523470000000000013e+01 2.386749844202735726e-01 8.443911840097534371e-01
1.957740000000000036e+00 1.130819999999999936e+00 1.100000000000000089e+00 1.662910000000000110e+00 1.476239999999999997e+00 1.894579999999999931e+00 9.733872718306570970e-01 9.900706428355523503e-01 9.610779999999999323e-02 9.526043202030560764e-01 2.260836551856911791e-01 nan 0.000000000000000000e+00 7.541384159020000366e-01 2.895538876239999934e-02 8.855088137689999528e-02 4.185209999999999653e+00 9.039910000000000778e+00 1.595960000000000001e+01 2.523470000000000013e+01 2.326872297640234510e-01 8.257285762425646825e-01
1.770710000000000006e+00 1.107760000000000078e+00 1.085809999999999942e+00 1.794839999999999991e+00 1.555439999999999934e+00 1.821560000000000068e+00 9.791421218939397875e-01 9.932268936860604303e-01 9.610779999999999323e-02 9.626346452359033634e-01 1.931679929761912495e-01 nan 0.000000000000000000e+00 7.368554132289999448e-01 3.772127682780000019e-02 9.201312453420000537e-02 4.704019999999999868e+00 1.448249999999999993e+01 2.485300000000000153e+01 3.351189999999999714e+01 2.326872297640234510e-01 8.257285762425646825e-01
1.699659999999999949e+00 1.098549999999999915e+00 1.088959999999999928e+00 1.521949999999999914e+00 1.421829999999999927e+00 1.738899999999999890e+00 9.839019246676772301e-01 9.960462690668133723e-01 4.020830000000000237e-01 9.713520148149815681e-01 1.642287566591907888e-01 nan 0.000000000000000000e+00 7.368554132289999448e-01 3.772127682780000019e-02 9.201312453420000537e-02 4.704019999999999868e+00 1.448249999999999993e+01 2.485300000000000153e+01 3.351189999999999714e+01 2.317685077513154113e-01 7.614601436517220989e-01
1.569150000000000045e+00 1.081099999999999950e+00 1.081790000000000029e+00 1.236410000000000009e+00 1.085099999999999953e+00 1.713829999999999965e+00 9.878058385921112405e-01 9.986962470846053597e-01 4.020830000000000237e-01 9.788511878446612968e-01 1.395938393456931381e-01 nan 0.000000000000000000e+00 7.010889552360000110e-01 4.745348539420000261e-02 1.048090250430000064e-01 9.728930000000000078e+00 2.636649999999999849e+01 3.572780000000000200e+01 4.275909999999999656e+01 2.317685077513154113e-01 7.614601436517220989e-01
1.469950000000000090e+00 1.067190000000000083e+00 1.077469999999999928e+00 1.087769999999999904e+00 7.712879999999999736e-01 1.625620000000000065e+00 9.910018848195124574e-01 1.000000000000000000e+00 9.610779999999999323e-02 9.852407258829845027e-01 1.195423644924741291e-01 nan 0.000000000000000000e+00 7.010889552360000110e-01 4.745348539420000261e-02 1.048090250430000064e-01 9.728930000000000078e+00 2.636649999999999849e+01 3.572780000000000200e+01 4.275909999999999656e+01 2.280293734058888022e-01 7.282279041766529515e-01
1.435939999999999994e+00 1.062270000000000048e+00 1.075550000000000006e+00 1.074540000000000051e+00 9.384970000000000256e-01 1.456900000000000084e+00 9.936468121223634986e-01 1.000000000000000000e+00 9.610779999999999323e-02 9.906417630958324061e-01 1.043015233217834403e-01 nan 0.000000000000000000e+00 6.670023413569999837e-01 5.666806761539999737e-02 1.231382634549999938e-01 1.116430000000000078e+01 3.221289999999999765e+01 4.337599999999999767e+01 4.766940000000000310e+01 2.280293734058888022e-01 7.282279041766529515e-01
1.439510000000000067e+00 1.062950000000000061e+00 1.071630000000000082e+00 1.089159999999999906e+00 1.201710000000000056e+00 1.373850000000000016e+00 9.959007516404346783e-01 1.000000000000000000e+00 9.610779999999999323e-02 9.951866337584239774e-01 8.017129445554560530e-02 nan 0.000000000000000000e+00 6.670023413569999837e-01 5.666806761539999737e-02 1.231382634549999938e-01 1.116430000000000078e+01 3.221289999999999765e+01 4.337599999999999767e+01 4.766940000000000310e+01 2.248620310823573609e-01 6.909935595261083030e-01
1.528690000000000104e+00 1.075369999999999937e+00 1.075309999999999988e+00 1.072200000000000042e+00 1.319120000000000070e+00 1.425610000000000044e+00 9.979223054760653078e-01 1.000000000000000000e+00 9.610779999999999323e-02 9.990173728550993948e-01 5.983262741921790973e-02 nan 0.000000000000000000e+00 6.080143027450000126e-01 7.797131453370000076e-02 1.563843319550000110e-01 1.260839999999999961e+01 3.851850000000000307e+01 4.946430000000000149e+01 5.242459999999999809e+01 2.248620310823573609e-01 6.909935595261083030e-01
1.600300000000000056e+00 1.085329999999999906e+00 1.077080000000000037e+00 1.131189999999999918e+00 1.264750000000000041e+00 1.504860000000000086e+00 9.995769397519518318e-01 1.000000000000000000e+00 9.610779999999999323e-02 9.997536453897316600e-01 5.592351182769284001e-02 nan 0.000000000000000000e+00 6.080143027450000126e-01 7.797131453370000076e-02 1.563843319550000110e-01 1.260839999999999961e+01 3.851850000000000307e+01 4.946430000000000149e+01 5.242459999999999809e+01 2.204354613847645528e-01 5.830162318116245412e-01
1.676180000000000003e+00 1.095650000000000013e+00 1.078819999999999890e+00 1.095820000000000016e+00 1.295500000000000096e+00 1.503160000000000052e+00 1.000000000000000000e+00 1.000000000000000000e+00 9.610779999999999323e-02 1.000000000000000000e+00 5.461553332415558515e-02 nan 0.000000000000000000e+00 5.456116727659999777e-01 1.071463957630000019e-01 1.802562270430000113e-01 1.717129999999999868e+01 4.691310000000000002e+01 6.119539999999999935e+01 6.064900000000000091e+01 2.204354613847645528e-01 5.830162318116245412e-01
1.641760000000000108e+00 1.090959999999999930e+00 1.069350000000000023e+00 9.140700000000000491e-01 1.166870000000000074e+00 1.470679999999999987e+00 9.994965200157857055e-01 1.000000000000000000e+00 4.020830000000000237e-01 9.997536453897316600e-01 5.592351182769284001e-02 nan 0.000000000000000000e+00 5.456116727659999777e-01 1.071463957630000019e-01 1.802562270430000113e-01 1.717129999999999868e+01 4.691310000000000002e+01 6.119539999999999935e+01 6.064900000000000091e+01 2.158547005801439989e-01 4.025201525116333112e-01
1.649850000000000039e+00 1.091920000000000002e+00 1.068920000000000092e+00 1.128349999999999964e+00 1.347620000000000040e+00 1.463589999999999947e+00 9.990331074260607735e-01 1.000000000000000000e+00 4.020830000000000237e-01 9.990173728550993948e-01 5.983262741921790973e-02 nan 0.000000000000000000e+00 5.203756784009999636e-01 1.131464185879999945e-01 2.009088647199999966e-01 1.380369999999999919e+01 4.518529999999999802e+01 5.834720000000000084e+01 5.955219999999999914e+01 2.158547005801439989e-01 4.025201525116333112e-01
1.474239999999999995e+00 1.067560000000000064e+00 1.051369999999999916e+00 1.213359999999999994e+00 1.222329999999999917e+00 1.473090000000000011e+00 9.986190599378768074e-01 1.000000000000000000e+00 9.610779999999999323e-02 9.951866337584239774e-01 8.017129445554560530e-02 nan 0.000000000000000000e+00 5.203756784009999636e-01 1.131464185879999945e-01 2.009088647199999966e-01 1.380369999999999919e+01 4.518529999999999802e+01 5.834720000000000084e+01 5.955219999999999914e+01 2.113638845879564077e-01 3.430943807717210525e-01
1.416530000000000067e+00 1.059320000000000039e+00 1.048389999999999933e+00 1.074089999999999989e+00 1.304880000000000040e+00 1.428590000000000027e+00 9.982527298596884924e-01 1.000000000000000000e+00 9.610779999999999323e-02 9.906417630958322951e-01 1.043015233217832183e-01 nan 0.000000000000000000e+00 5.633055011649999999e-01 9.783228275569999521e-02 1.902066787599999975e-01 1.142500000000000071e+01 2.947759999999999891e+01 4.226069999999999993e+01 4.745669999999999789e+01 2.113638845879564077e-01 3.430943807717210525e-01
1.327339999999999964e+00 1.046110000000000095e+00 1.042920000000000069e+00 7.767199999999999660e-01 1.147659999999999902e+00 1.361690000000000067e+00 9.979411227160841502e-01 1.000000000000000000e+00 4.020830000000000237e-01 9.852407258829843917e-01 1.195423644924741291e-01 nan 0.000000000000000000e+00 5.633055011649999999e-01 9.783228275569999521e-02 1.902066787599999975e-01 1.142500000000000071e+01 2.947759999999999891e+01 4.226069999999999993e+01 4.745669999999999789e+01 2.124689208549896957e-01 3.757473183623551982e-01
1.165589999999999904e+00 1.020159999999999956e+00 1.028610000000000024e+00 5.096939999999999804e-01 6.121130000000000182e-01 1.305430000000000090e+00 9.976987779548482926e-01 1.000000000000000000e+00 4.020830000000000237e-01 9.788511878446612968e-01 1.395938393456931381e-01 nan 0.000000000000000000e+00 5.903865936080000543e-01 8.808240964359999314e-02 1.787010422070000049e-01 8.132250000000000867e+00 2.240729999999999933e+01 3.036049999999999827e+01 3.790240000000000009e+01 2.124689208549896957e-01 3.757473183623551982e-01
1.084549999999999903e+00 1.006199999999999983e+00 1.023239999999999927e+00 5.264309999999999823e-01 2.947170000000000067e-01 1.205070000000000086e+00 9.975273938253063077e-01 1.000000000000000000e+00 9.610779999999999323e-02 9.738824761914431916e-01 1.642287566591905668e-01 nan 0.000000000000000000e+00 5.903865936080000543e-01 8.808240964359999314e-02 1.787010422070000049e-01 8.132250000000000867e+00 2.240729999999999933e+01 3.036049999999999827e+01 3.790240000000000009e+01 2.145312269114879600e-01 3.953905744175744141e-01
1.040599999999999969e+00 9.984910000000000174e-01 1.016669999999999963e+00 5.137410000000000032e-01 5.367509999999999781e-01 1.027630000000000043e+00 9.974141293210432302e-01 1.000000000000000000e+00 9.610779999999999323e-02 9.677779975120610612e-01 1.931679929761912495e-01 nan 0.000000000000000000e+00 5.815916547530000091e-01 7.838801663300000444e-02 1.912968793419999869e-01 7.480690000000000062e+00 1.792810000000000059e+01 2.213400000000000034e+01 2.843649999999999878e+01 2.145312269114879600e-01 3.953905744175744141e-01
1.009109999999999951e+00 9.931100000000000483e-01 1.005179999999999962e+00 3.789399999999999991e-01 7.434560000000000057e-01 8.871269999999999989e-01 9.973541030298387344e-01 1.000000000000000000e+00 9.610779999999999323e-02 9.606069179891785215e-01 2.260836551856911791e-01 nan 0.000000000000000000e+00 5.815916547530000091e-01 7.838801663300000444e-02 1.912968793419999869e-01 7.480690000000000062e+00 1.792810000000000059e+01 2.213400000000000034e+01 2.843649999999999878e+01 2.163044246423088124e-01 3.651154249539019236e-01
9.658900000000000263e-01 9.855129999999999724e-01 9.900679999999999481e-01 7.998349999999999627e-01 1.061730000000000063e+00 8.747880000000000100e-01 9.973489020395617244e-01 1.000000000000000000e+00 9.610779999999999323e-02 9.524504888192074636e-01 2.626027956824253939e-01 nan 0.000000000000000000e+00 5.882469828049999849e-01 6.388445739499999665e-02 2.117839338389999881e-01 7.243780000000000108e+00 1.101999999999999957e+01 1.281850000000000023e+01 2.058729999999999905e+01 2.163044246423088124e-01 3.651154249539019236e-01
9.678020000000000511e-01 9.855789999999999829e-01 9.788510000000000266e-01 8.122430000000000483e-01 9.298450000000000326e-01 8.680980000000000363e-01 9.973877331180359684e-01 1.000000000000000000e+00 9.610779999999999323e-02 9.434011256037877491e-01 3.023116380122579105e-01 nan 0.000000000000000000e+00 5.882469828049999849e-01 6.388445739499999665e-02 2.117839338389999881e-01 7.243780000000000108e+00 1.101999999999999957e+01 1.281850000000000023e+01 2.058729999999999905e+01 2.146789933890561608e-01 3.470510505052799566e-01
9.831590000000000051e-01 9.882079999999999753e-01 9.680180000000000451e-01 7.592759999999999510e-01 1.021770000000000067e+00 8.229429999999999801e-01 9.974553868189180994e-01 1.000000000000000000e+00 4.020830000000000237e-01 9.335613612440918363e-01 3.447602651247433370e-01 nan 0.000000000000000000e+00 6.034173542690000058e-01 6.065989194279999830e-02 1.862127751310000134e-01 4.192560000000000286e+00 1.098150000000000048e+01 1.287470000000000070e+01 2.270860000000000056e+01 2.146789933890561608e-01 3.470510505052799566e-01
9.727569999999999828e-01 9.862710000000000088e-01 9.627139999999999587e-01 8.865819999999999812e-01 1.127070000000000016e+00 8.367919999999999803e-01 9.975480237747458290e-01 1.000000000000000000e+00 4.020830000000000237e-01 9.230426842020856837e-01 3.894677171130864757e-01 nan 0.000000000000000000e+00 6.034173542690000058e-01 6.065989194279999830e-02 1.862127751310000134e-01 4.192560000000000286e+00 1.098150000000000048e+01 1.287470000000000070e+01 2.270860000000000056e+01 2.169340383293394403e-01 3.617001942365141165e-01
9.610469999999999846e-01 9.841180000000000483e-01 9.551490000000000258e-01 8.460109999999999575e-01 1.081909999999999927e+00 8.879850000000000243e-01 9.976614117728601627e-01 1.000000000000000000e+00 9.610779999999999323e-02 9.119642752917052064e-01 4.359274406820680126e-01 nan 0.000000000000000000e+00 6.401853112159999748e-01 5.345890177760000139e-02 1.422718465560000034e-01 8.195410000000000750e+00 1.615149999999999864e+01 2.410450000000000159e+01 3.420539999999999736e+01 2.169340383293394403e-01 3.617001942365141165e-01
8.796310000000000517e-01 9.687599999999999545e-01 9.503300000000000081e-01 7.556230000000000446e-01 1.123250000000000082e+00 8.229919999999999458e-01 9.977836288366486173e-01 1.000000000000000000e+00 9.610779999999999323e-02 9.004516573126124523e-01 4.836130285992877864e-01 nan 0.000000000000000000e+00 6.401853112159999748e-01 5.345890177760000139e-02 1.422718465560000034e-01 8.195410000000000750e+00 1.615149999999999864e+01 2.410450000000000159e+01 3.420539999999999736e+01 2.211807184020661010e-01 4.176236506620322197e-01
7.718800000000000106e-01 9.473420000000000174e-01 9.397590000000000110e-01 6.972390000000000532e-01 1.064699999999999980e+00 7.364819999999999700e-01 9.979056414964587729e-01 1.000000000000000000e+00 4.020830000000000237e-01 8.886352728267195022e-01 5.319841840994494753e-01 nan 0.000000000000000000e+00 6.374301660040000428e-01 4.957966958820000242e-02 1.317195425140000042e-01 7.695129999999999804e+00 2.361100000000000065e+01 3.206569999999999965e+01 4.528609999999999758e+01 2.211807184020661010e-01 4.176236506620322197e-01
6.503700000000000037e-01 9.216189999999999660e-01 9.286029999999999562e-01 2.108579999999999899e-01 5.176309999999999523e-01 7.030840000000000423e-01 9.980264731755015273e-01 1.000000000000000000e+00 4.020830000000000237e-01 8.766490061918392751e-01 5.804928426626032589e-01 nan 0.000000000000000000e+00 6.374301660040000428e-01 4.957966958820000242e-02 1.317195425140000042e-01 7.695129999999999804e+00 2.361100000000000065e+01 3.206569999999999965e+01 4.528609999999999758e+01 2.217332365355827450e-01 4.741491266929435122e-01
5.863410000000000011e-01 9.068519999999999914e-01 9.266069999999999585e-01 1.980049999999999866e-01 4.336900000000000199e-01 6.086380000000000123e-01 9.981503557284714390e-01 1.000000000000000000e+00 9.610779999999999323e-02 8.646286665984138642e-01 6.285893818041519143e-01 nan 0.000000000000000000e+00 5.562086847980000082e-01 7.400290614700000269e-02 1.455284071709999905e-01 1.394319999999999915e+01 3.308239999999999981e+01 5.040679999999999694e+01 5.456750000000000256e+01 2.217332365355827450e-01 4.741491266929435122e-01
5.706919999999999771e-01 9.032940000000000413e-01 9.250239999999999574e-01 2.013739999999999974e-01 5.479760000000000186e-01 4.845479999999999787e-01 9.982790101983518571e-01 1.000000000000000000e+00 9.610779999999999323e-02 8.501799879206590749e-01 6.757288485172201487e-01 nan 2.606044963349485322e-03 5.562086847980000082e-01 7.400290614700000269e-02 1.455284071709999905e-01 1.394319999999999915e+01 3.308239999999999981e+01 5.040679999999999694e+01 5.456750000000000256e+01 2.260698614207424795e-01 4.063556610667484748e-01
5.286530000000000395e-01 8.931350000000000122e-01 9.053790000000000449e-01 5.076549999999999674e-01 8.329950000000000410e-01 4.562069999999999736e-01 9.984103948161670017e-01 1.000000000000000000e+00 9.610779999999999323e-02 8.358860401761039061e-01 7.213771338079735251e-01 nan 5.296981577626924675e-03 5.283751895539999799e-01 8.786172745770000347e-02 1.568194461840000109e-01 1.703529999999999944e+01 6.184239999999999782e+01 7.192640000000000100e+01 6.792189999999999372e+01 2.260698614207424795e-01 4.063556610667484748e-01
5.219920000000000115e-01 8.917040000000000521e-01 8.962799999999999656e-01 4.647620000000000084e-01 6.806560000000000388e-01 4.505580000000000140e-01 9.985461965435218357e-01 1.000000000000000000e+00 9.610779999999999323e-02 8.217152493192801943e-01 7.650170243639383694e-01 nan 8.241631288361528362e-03 5.283751895539999799e-01 8.786172745770000347e-02 1.568194461840000109e-01 1.703529999999999944e+01 6.184239999999999782e+01 7.192640000000000100e+01 6.792189999999999372e+01 2.325137647686170705e-01 4.513935428664462846e-01
5.401939999999999520e-01 8.959200000000000497e-01 8.870930000000000204e-01 4.744519999999999849e-01 8.118079999999999741e-01 4.470700000000000229e-01 9.986890278817263100e-01 1.000000000000000000e+00 4.020830000000000237e-01 8.076346458879709589e-01 8.061540627875003473e-01 nan 1.160594087032151833e-02 4.854175866339999756e-01 1.041153328359999963e-01 1.702863498299999889e-01 2.776559999999999917e+01 6.617650000000000432e+01 7.734940000000000282e+01 6.882569999999999766e+01 2.325137647686170705e-01 4.513935428664462846e-01
4.961180000000000034e-01 8.854290000000000216e-01 8.764210000000000056e-01 5.893159999999999510e-01 8.739749999999999464e-01 4.768499999999999961e-01 9.988180104752605315e-01 1.000000000000000000e+00 4.020830000000000237e-01 7.936102385603911458e-01 8.443221499957936915e-01 nan 1.555110218424626822e-02 4.854175866339999756e-01 1.041153328359999963e-01 1.702863498299999889e-01 2.776559999999999917e+01 6.617650000000000432e+01 7.734940000000000282e+01 6.882569999999999766e+01 2.171267772131242335e-01 7.380684636383944008e-01
3.231020000000000003e-01 8.394740000000000535e-01 8.615359999999999685e-01 5.518290000000000139e-01 8.705800000000000205e-01 5.456760000000000499e-01 9.989100775365081786e-01 1.000000000000000000e+00 9.610779999999999323e-02 7.796073992904454242e-01 8.790888263095550936e-01 nan 2.023172580865573167e-02 4.495986750739999760e-01 1.266089377669999960e-01 1.854558835600000066e-01 1.830300000000000082e+01 5.852150000000000318e+01 6.866639999999999588e+01 6.153090000000000259e+01 2.171267772131242335e-01 7.380684636383944008e-01
3.610050000000000203e-01 8.499980000000000313e-01 9.038019999999999943e-01 8.099950000000000205e-01 8.699829999999999508e-01 6.294920000000000515e-01 9.989542865103825386e-01 9.986962470846053597e-01 9.610779999999999323e-02 7.655912556573275518e-01 9.100601713940901227e-01 nan 2.579408924021575622e-02 4.495986750739999760e-01 1.266089377669999960e-01 1.854558835600000066e-01 1.830300000000000082e+01 5.852150000000000318e+01 6.866639999999999588e+01 6.153090000000000259e+01 1.799153233837238464e-01 7.361828927988609550e-01
4.764249999999999874e-01 8.803400000000000114e-01 9.409680000000000266e-01 8.045219999999999594e-01 8.859460000000000113e-01 7.153439999999999799e-01 9.985392728479952629e-01 9.960462690668133723e-01 9.610779999999999323e-02 7.515270859839822126e-01 9.368852675340696434e-01 nan 3.237447951125260737e-02 4.411508078020000001e-01 1.659298498369999875e-01 1.810468626060000030e-01 2.154530000000000101e+01 5.741779999999999973e+01 6.808310000000000173e+01 6.316899999999999693e+01 1.799153233837238464e-01 7.361828927988609550e-01
4.846940000000000137e-01 8.827409999999999979e-01 9.468140000000000445e-01 6.087529999999999886e-01 8.164679999999999715e-01 7.099910000000000387e-01 9.968862002008110901e-01 9.932268936860604303e-01 9.610779999999999323e-02 7.373807127475796586e-01 9.592601756714630445e-01 nan 4.009764900321732828e-02 4.411508078020000001e-01 1.659298498369999875e-01 1.810468626060000030e-01 2.154530000000000101e+01 5.741779999999999973e+01 6.808310000000000173e+01 6.316899999999999693e+01 1.700920649401546081e-01 8.145741752520720969e-01
4.169970000000000065e-01 8.654570000000000318e-01 9.348659999999999748e-01 6.215000000000000524e-01 5.857909999999999506e-01 6.483950000000000546e-01 9.943421159035589207e-01 9.900706428355523503e-01 4.020830000000000237e-01 7.231188898245067831e-01 9.769313791565140681e-01 nan 4.907540195235737812e-02 3.957748167280000229e-01 1.883557446690000137e-01 2.017914998529999893e-01 1.696839999999999904e+01 4.950000000000000000e+01 6.344310000000000116e+01 6.159729999999999706e+01 1.700920649401546081e-01 8.145741752520720969e-01
3.477399999999999936e-01 8.463570000000000260e-01 9.216290000000000315e-01 4.194479999999999875e-01 3.606699999999999906e-01 5.607410000000000450e-01 9.915475171711382041e-01 9.864138553421751832e-01 4.020830000000000237e-01 7.087096791822318220e-01 9.896986561926827131e-01 nan 5.940532766304396084e-02 3.957748167280000229e-01 1.883557446690000137e-01 2.017914998529999893e-01 1.696839999999999904e+01 4.950000000000000000e+01 6.344310000000000116e+01 6.159729999999999706e+01 1.682481962852792057e-01 6.487651025515785985e-01
2.748110000000000275e-01 8.255400000000000515e-01 9.052529999999999744e-01 6.734290000000000553e-01 5.770260000000000389e-01 4.639030000000000098e-01 9.883429202694739013e-01 9.820985413129835750e-01 9.610779999999999323e-02 6.941228127499746714e-01 9.974173484296037229e-01 nan 7.116969478195878107e-02 4.118038545630000047e-01 1.925244146879999951e-01 2.123702173249999992e-01 1.143909999999999982e+01 3.168319999999999936e+01 4.087489999999999668e+01 5.035029999999999717e+01 1.682481962852792057e-01 6.487651025515785985e-01
2.255089999999999872e-01 8.106259999999999577e-01 8.924229999999999663e-01 6.022279999999999855e-01 6.075890000000000457e-01 3.885000000000000120e-01 9.845747538739815230e-01 9.769741722238166615e-01 9.610779999999999323e-02 6.793300353680433723e-01 1.000000000000000000e+00 nan 8.443451916145550129e-02 4.118038545630000047e-01 1.925244146879999951e-01 2.123702173249999992e-01 1.143909999999999982e+01 3.168319999999999936e+01 4.087489999999999668e+01 5.035029999999999717e+01 1.613866920225376367e-01 3.883745849283066764e-01
1.943149999999999877e-01 8.010180000000000078e-01 8.812609999999999610e-01 7.873109999999999831e-01 6.237190000000000234e-01 3.504689999999999750e-01 9.800955196065816999e-01 9.708993864676249697e-01 9.610779999999999323e-02 6.643054249300837100e-01 9.974173484296037229e-01 nan 9.924881587357203827e-02 4.190103874430000097e-01 2.258521868760000051e-01 2.032534931739999884e-01 1.003989999999999938e+01 1.748250000000000171e+01 2.872439999999999927e+01 4.239139999999999731e+01 1.613866920225376367e-01 3.883745849283066764e-01
1.590149999999999897e-01 7.896300000000000541e-01 8.676420000000000243e-01 5.880260000000000487e-01 6.068179999999999685e-01 3.183279999999999998e-01 9.747661085110072010e-01 9.637435910379638093e-01 9.610779999999999323e-02 6.490256860909020542e-01 9.896986561926828241e-01 nan 1.156440438496805223e-01 4.190103874430000097e-01 2.258521868760000051e-01 2.032534931739999884e-01 1.003989999999999938e+01 1.748250000000000171e+01 2.872439999999999927e+01 4.239139999999999731e+01 1.618878131203782544e-01 5.385538656095354426e-01
1.274810000000000110e-01 7.789019999999999833e-01 8.491389999999999771e-01 4.460879999999999845e-01 5.145889999999999631e-01 2.609110000000000040e-01 9.684572295623506966e-01 9.553884411999381543e-01 4.020830000000000237e-01 6.334704142120343162e-01 9.769313791565144012e-01 nan 1.336337494382244806e-01 3.839137483139999918e-01 2.542311411939999766e-01 2.013065134710000093e-01 6.053619999999999557e+00 1.297049999999999947e+01 2.074040000000000106e+01 3.796620000000000061e+01 1.618878131203782544e-01 5.385538656095354426e-01
1.160019999999999940e-01 7.750019999999999687e-01 8.403279999999999639e-01 5.691439999999999833e-01 6.320270000000000055e-01 1.974289999999999934e-01 9.610505214161422227e-01 9.457291813833379468e-01 4.020830000000000237e-01 6.176223265544540375e-01 9.592601756714631556e-01 nan 1.532134129191765615e-01 3.839137483139999918e-01 2.542311411939999766e-01 2.013065134710000093e-01 6.053619999999999557e+00 1.297049999999999947e+01 2.074040000000000106e+01 3.796620000000000061e+01 1.629671508695736959e-01 7.414534040611712173e-01
7.630869999999999320e-02 7.610970000000000235e-01 8.265240000000000364e-01 4.752109999999999945e-01 5.898799999999999599e-01 1.173870000000000052e-01 9.524399862847905407e-01 9.346758321051058527e-01 9.610779999999999323e-02 6.014674580989105568e-01 9.368852675340696434e-01 nan 1.743604997142741420e-01 4.740372074909999789e-01 2.342984416649999957e-01 1.325973911449999931e-01 4.415770000000000195e+00 9.436899999999999622e+00 2.438520000000000110e+01 4.193339999999999890e+01 1.629671508695736959e-01 7.414534040611712173e-01
3.088569999999999857e-02 7.444690000000000474e-01 8.090680000000000094e-01 5.303579999999999961e-01 6.455889999999999684e-01 1.167349999999999985e-02 9.425323429503049688e-01 9.221542094728347738e-01 9.610779999999999323e-02 5.849953197751776024e-01 9.100601713940901227e-01 nan 1.970347157127946280e-01 4.740372074909999789e-01 2.342984416649999957e-01 1.325973911449999931e-01 4.415770000000000195e+00 9.436899999999999622e+00 2.438520000000000110e+01 4.193339999999999890e+01 1.610526112906438545e-01 7.287087626036021781e-01
-9.080920000000000658e-02 6.953519999999999701e-01 7.698129999999999695e-01 3.401640000000000219e-01 5.622629999999999573e-01 -8.393680000000000585e-02 9.312486317851172979e-01 9.081067657179116015e-01 4.020830000000000237e-01 5.681990173074100703e-01 8.790888263095550936e-01 nan 2.211784638199308928e-01 5.311524062650000433e-01 1.646800886710000078e-01 1.092372375690000008e-01 9.422579999999999956e+00 1.905720000000000169e+01 3.229930000000000234e+01 4.822070000000000078e+01 1.610526112906438545e-01 7.287087626036021781e-01
-1.811750000000000027e-01 6.537849999999999495e-01 7.364140000000000130e-01 2.552569999999999839e-02 1.911499999999999866e-01 -1.871510000000000118e-01 9.185266537060299274e-01 8.924932412347292843e-01 4.020830000000000237e-01 5.510753293290440169e-01 8.443221499957940246e-01 nan 2.467174965548897259e-01 5.311524062650000433e-01 1.646800886710000078e-01 1.092372375690000008e-01 9.422579999999999956e+00 1.905720000000000169e+01 3.229930000000000234e+01 4.822070000000000078e+01 1.578402965608959319e-01 7.724782383164654487e-01
-2.595580000000000109e-01 6.144709999999999894e-01 7.049870000000000303e-01 2.614319999999999977e-01 3.030660000000000021e-01 -3.347800000000000220e-01 9.043207246956197487e-01 8.752911207381066649e-01 9.610779999999999323e-02 5.336247438821676292e-01 8.061540627875005693e-01 nan 2.735617573045173723e-01 5.711208756810000065e-01 1.006120343330000055e-01 9.368516177289999691e-02 1.610989999999999966e+01 3.350800000000000267e+01 4.136930000000000263e+01 4.859089999999999776e+01 1.578402965608959319e-01 7.724782383164654487e-01
-3.690229999999999899e-01 5.481589999999999518e-01 6.430989999999999762e-01 3.272840000000000193e-01 3.459960000000000258e-01 -4.713559999999999972e-01 8.886007612303852277e-01 8.564958883704653081e-01 9.610779999999999323e-02 5.158514528878084260e-01 7.650170243639384804e-01 nan 3.016064007007113190e-01 5.711208756810000065e-01 1.006120343330000055e-01 9.368516177289999691e-02 1.610989999999999966e+01 3.350800000000000267e+01 4.136930000000000263e+01 4.859089999999999776e+01 1.598961779879344292e-01 7.612367527289661817e-01
-4.513650000000000162e-01 4.869620000000000060e-01 5.862610000000000321e-01 9.697849999999999526e-02 2.813390000000000057e-01 -5.744080000000000297e-01 8.713541145270847776e-01 8.361210788683007822e-01 9.610779999999999323e-02 4.977633046497939029e-01 7.213771338079736362e-01 nan 3.307329805603345108e-01 5.828506863190000553e-01 6.200522796170000045e-02 8.977169021349999667e-02 1.764730000000000132e+01 4.275719999999999743e+01 4.909150000000000347e+01 4.952219999999999800e+01 1.598961779879344292e-01 7.612367527289661817e-01
-5.608220000000000427e-01 3.826039999999999996e-01 4.900340000000000251e-01 2.212469999999999992e-01 2.758320000000000216e-01 -6.618880000000000319e-01 8.525860866013064143e-01 8.141981242082099168e-01 9.610779999999999323e-02 4.793717149303323710e-01 6.757288485172203707e-01 nan 3.608107919277999676e-01 5.828506863190000553e-01 6.200522796170000045e-02 8.977169021349999667e-02 1.764730000000000132e+01 4.275719999999999743e+01 4.909150000000000347e+01 4.952219999999999800e+01 1.764781466228935169e-01 7.101786748753364797e-01
-6.393689999999999651e-01 2.819670000000000232e-01 3.622029999999999972e-01 9.665930000000000355e-01 7.501179999999999515e-01 -7.413520000000000110e-01 8.323177176495504259e-01 7.907759974700357963e-01 4.020830000000000237e-01 4.606915376048662525e-01 6.285893818041523584e-01 nan 3.916983520144435849e-01 5.015001457429999476e-01 6.171510825229999803e-02 8.812713140760000674e-02 2.755150000000000077e+01 3.991649999999999920e+01 4.736610000000000298e+01 5.147740000000000293e+01 1.764781466228935169e-01 7.101786748753364797e-01
-7.070520000000000138e-01 1.640359999999999874e-01 2.337569999999999926e-01 3.403160000000000074e-01 2.248479999999999923e-01 -8.047029999999999461e-01 8.105865932462809065e-01 7.659206579523055725e-01 4.020830000000000237e-01 4.417408963617277529e-01 5.804928426626034810e-01 nan 4.232450032550536534e-01 5.015001457429999476e-01 6.171510825229999803e-02 8.812713140760000674e-02 2.755150000000000077e+01 3.991649999999999920e+01 4.736610000000000298e+01 5.147740000000000293e+01 1.982255173432871942e-01 7.281786824479101750e-01
-7.804699999999999971e-01 -4.323989999999999778e-02 3.038570000000000160e-02 8.261390000000000400e-02 -8.957379999999999509e-02 -8.487919999999999909e-01 7.874479304026297255e-01 7.397143038270209692e-01 7.080589999999999939e-01 4.225409793535080949e-01 5.319841840994496973e-01 nan 4.552926203182852127e-01 3.905198457519999944e-01 6.596288753319999587e-02 9.316813053370000264e-02 8.624109999999999943e+00 3.706410000000000338e+01 4.624289999999999878e+01 5.473720000000000141e+01 1.982255173432871942e-01 7.281786824479101750e-01
-8.259349999999999747e-01 -2.905539999999999790e-01 -1.951080000000000036e-01 9.841479999999999673e-02 -2.333290000000000017e-02 -8.771219999999999573e-01 7.629726175539683908e-01 7.122544408015257789e-01 1.320009999999999906e+00 4.031157991268223828e-01 4.836130285992880085e-01 nan 4.876774017298465269e-01 3.905198457519999944e-01 6.596288753319999587e-02 9.316813053370000264e-02 8.624109999999999943e+00 3.706410000000000338e+01 4.624289999999999878e+01 5.473720000000000141e+01 1.909335629067593354e-01 7.062977308783049413e-01
-8.437750000000000528e-01 -4.469400000000000039e-01 -3.942189999999999861e-01 -3.051299999999999846e-02 -2.429409999999999903e-01 -8.850519999999999499e-01 7.372454306736014873e-01 6.836527773398797247e-01 2.237940000000000040e+00 3.834919205505616935e-01 4.359274406820682346e-01 nan 5.202317258086555096e-01 2.673262073889999813e-01 6.569957332180000054e-02 1.046747405389999996e-01 1.915850000000000009e+01 2.982710000000000150e+01 4.545810000000000173e+01 5.279390000000000072e+01 1.909335629067593354e-01 7.062977308783049413e-01
-8.472819999999999796e-01 -4.557860000000000245e-01 -4.849849999999999994e-01 -1.623749999999999916e-01 -5.122470000000000079e-01 -8.839630000000000543e-01 7.103660122015913458e-01 6.540339589613244353e-01 1.625990000000000046e+00 3.636981598253136161e-01 3.894677171130866977e-01 nan 5.527860498874648254e-01 2.673262073889999813e-01 6.569957332180000054e-02 1.046747405389999996e-01 1.915850000000000009e+01 2.982710000000000150e+01 4.545810000000000173e+01 5.279390000000000072e+01 1.596520420684737207e-01 6.896077785476559807e-01
-8.518590000000000328e-01 -5.191480000000000539e-01 -5.998520000000000518e-01 -3.665120000000000045e-01 -4.157799999999999829e-01 -8.889359999999999484e-01 6.824479202004019029e-01 6.235341559567444403e-01 -5.158439999999999692e-01 3.437652579842952472e-01 3.447602651247435590e-01 nan 5.851708312990260286e-01 1.904916627150000097e-01 5.774737171719999951e-02 1.036300048120000067e-01 8.091920000000000002e+00 2.942770000000000152e+01 3.692900000000000205e+01 4.494579999999999842e+01 1.596520420684737207e-01 6.896077785476559807e-01
-8.584410000000000096e-01 -7.188759999999999595e-01 -7.614840000000000497e-01 -4.805800000000000072e-01 -4.981610000000000205e-01 -8.944079999999999808e-01 6.536159667640197846e-01 5.922995205248612338e-01 -5.158439999999999692e-01 3.237255325851630117e-01 3.023116380122581326e-01 nan 6.172184483622574769e-01 1.904916627150000097e-01 5.774737171719999951e-02 1.036300048120000067e-01 8.091920000000000002e+00 2.942770000000000152e+01 3.692900000000000205e+01 4.494579999999999842e+01 2.862879133445977997e-01 6.696123978175843039e-01
-8.623189999999999467e-01 -9.303580000000000183e-01 -9.407900000000000151e-01 -5.267830000000000013e-01 -4.585670000000000024e-01 -8.909399999999999542e-01 6.240050845789375522e-01 5.604845308094211775e-01 9.610779999999999323e-02 3.036125115391716811e-01 2.626027956824255050e-01 nan 6.487650996028677675e-01 1.641359324109999962e-01 4.525731221030000057e-02 1.074786538229999949e-01 1.474750000000000050e+01 2.320449999999999946e+01 3.169600000000000151e+01 3.870420000000000016e+01 2.862879133445977997e-01 6.696123978175843039e-01
-8.653279999999999861e-01 -1.310929999999999929e+00 -1.200280000000000014e+00 -6.078559999999999519e-01 -4.863779999999999770e-01 -8.877789999999999848e-01 5.937581151478973363e-01 5.282502406001015061e-01 4.020830000000000237e-01 2.834605532265422889e-01 2.260836551856911791e-01 nan 6.796526596895112737e-01 1.641359324109999962e-01 4.525731221030000057e-02 1.074786538229999949e-01 1.474750000000000050e+01 2.320449999999999946e+01 3.169600000000000151e+01 3.870420000000000016e+01 5.775163667435481152e-01 6.737243053110245627e-01
-8.629050000000000331e-01 -9.540629999999999944e-01 -1.007929999999999993e+00 -8.376350000000000184e-01 -7.276629999999999487e-01 -8.708000000000000185e-01 5.630246588942211527e-01 4.957624545287192541e-01 -2.098679999999999990e-01 2.633044572022852359e-01 1.931679929761912495e-01 nan 7.097304710569767305e-01 1.414390976730000027e-01 4.159863011570000269e-02 1.397524805300000006e-01 9.071049999999999613e+00 2.027459999999999951e+01 2.363139999999999930e+01 2.919519999999999982e+01 5.775163667435481152e-01 6.737243053110245627e-01
-8.512720000000000287e-01 -4.936749999999999750e-01 -6.016399999999999526e-01 -5.537990000000000412e-01 -6.649760000000000115e-01 -8.524869999999999948e-01 5.319606837272197186e-01 4.631898494364997676e-01 -1.127799999999999914e+00 2.431790699033373748e-01 1.642287566591907888e-01 nan 7.388570509165999223e-01 1.414390976730000027e-01 4.159863011570000269e-02 1.397524805300000006e-01 9.071049999999999613e+00 2.027459999999999951e+01 2.363139999999999930e+01 2.919519999999999982e+01 7.850768706914829087e-01 6.615892560325014049e-01
-8.448360000000000314e-01 -3.728000000000000203e-01 -5.079679999999999751e-01 -5.434179999999999566e-01 -6.553719999999999546e-01 -8.519449999999999523e-01 5.007252206726273691e-01 4.307020631980671421e-01 -1.127799999999999914e+00 2.231188898245067831e-01 1.395938393456931381e-01 nan 7.669016943127939800e-01 1.192627255010000054e-01 3.421878784389999900e-02 1.405511909399999870e-01 1.147739999999999938e+01 1.960040000000000049e+01 2.194669999999999987e+01 2.444059999999999988e+01 7.850768706914829087e-01 6.615892560325014049e-01
-8.352399999999999824e-01 -2.585379999999999900e-01 -3.770629999999999815e-01 -5.561730000000000285e-01 -4.831509999999999971e-01 -8.556930000000000369e-01 4.694822003210454842e-01 3.984677726565397649e-01 -1.127799999999999914e+00 2.031576766367424458e-01 1.195423644924741291e-01 nan 7.937459550624216265e-01 1.192627255010000054e-01 3.421878784389999900e-02 1.405511909399999870e-01 1.147739999999999938e+01 1.960040000000000049e+01 2.194669999999999987e+01 2.444059999999999988e+01 9.880887369820945398e-01 6.982859479537012470e-01
-8.411220000000000363e-01 -3.310429999999999762e-01 -4.331980000000000275e-01 -7.493870000000000253e-01 -5.966709999999999514e-01 -8.550569999999999560e-01 4.384019737671666084e-01 3.666527824474985486e-01 -1.127799999999999914e+00 1.833280686765721423e-01 1.043015233217834403e-01 nan 8.192849877973804595e-01 9.730832179420000061e-02 2.986825872789999892e-02 1.603849716880000054e-01 8.157899999999999707e+00 2.106309999999999860e+01 2.306050000000000111e+01 2.477949999999999875e+01 9.880887369820945398e-01 6.982859479537012470e-01
-8.591050000000000075e-01 -7.171819999999999862e-01 -8.379360000000000142e-01 -5.637849999999999806e-01 -6.104840000000000266e-01 -8.587740000000000373e-01 4.076469726192889498e-01 3.354181463662131435e-01 -1.127799999999999914e+00 1.662741040404049908e-01 8.017129445554560530e-02 nan 8.434287359045167243e-01 9.730832179420000061e-02 2.986825872789999892e-02 1.603849716880000054e-01 8.157899999999999707e+00 2.106309999999999860e+01 2.306050000000000111e+01 2.477949999999999875e+01 1.000000000000000000e+00 7.263423333371195056e-01
-8.579830000000000512e-01 -6.734679999999999556e-01 -7.913850000000000051e-01 -8.637150000000000105e-01 -6.794229999999999992e-01 -8.639569999999999750e-01 3.773700597872962081e-01 3.049183425637883582e-01 -1.127799999999999914e+00 1.496585495855252690e-01 5.983262741921790973e-02 nan 8.661029519030373214e-01 7.099065817690000668e-02 2.979201269800000121e-02 1.591861905539999900e-01 1.302389999999999937e+01 2.027939999999999898e+01 2.143959999999999866e+01 2.144579999999999842e+01 1.000000000000000000e+00 7.263423333371195056e-01
-8.439720000000000555e-01 -3.671329999999999871e-01 -4.786159999999999859e-01 -7.633360000000000145e-01 -6.708319999999999839e-01 -8.611539999999999750e-01 3.477237422262996480e-01 2.752995232479853449e-01 -1.127799999999999914e+00 1.336696661831456856e-01 4.248845136408518908e-02 nan 8.872500386981349019e-01 7.099065817690000668e-02 2.979201269800000121e-02 1.591861905539999900e-01 1.302389999999999937e+01 2.027939999999999898e+01 2.143959999999999866e+01 2.144579999999999842e+01 9.797624172025878320e-01 6.426010275982446673e-01
-8.415439999999999587e-01 -3.364719999999999933e-01 -4.365189999999999904e-01 -7.972470000000000390e-01 -7.325469999999999482e-01 -8.607350000000000279e-01 3.188515961002579280e-01 2.466978587203080275e-01 -1.127799999999999914e+00 1.184886142710487311e-01 2.730776666207790360e-02 nan 9.068297021790868717e-01 5.529991271830000249e-02 2.104436066159999855e-02 1.158285488720000034e-01 7.670749999999999957e+00 1.676289999999999836e+01 1.817920000000000158e+01 1.905150000000000077e+01 9.797624172025878320e-01 6.426010275982446673e-01
-8.548740000000000228e-01 -5.771199999999999664e-01 -6.906790000000000429e-01 -8.628440000000000554e-01 -6.821059999999999901e-01 -8.674840000000000328e-01 2.908838045495458768e-01 2.192379945120767060e-01 -1.127799999999999914e+00 1.042874012334390477e-01 1.343506046360765094e-02 nan 9.248194077676307190e-01 5.529991271830000249e-02 2.104436066159999855e-02 1.158285488720000034e-01 7.670749999999999957e+00 1.676289999999999836e+01 1.817920000000000158e+01 1.905150000000000077e+01 9.132482284084265656e-01 6.979678998602860673e-01
-8.571649999999999547e-01 -6.472360000000000335e-01 -7.571459999999999857e-01 -8.740809999999999969e-01 -7.821789999999999576e-01 -8.739559999999999551e-01 2.639466142280729732e-01 1.930316391007519394e-01 -1.127799999999999914e+00 9.122693248854951698e-02 0.000000000000000000e+00 nan 9.412146357437394251e-01 4.825726090899999654e-02 1.728126996129999982e-02 9.622019476239999924e-02 1.117660000000000053e+01 1.998710000000000164e+01 2.020479999999999876e+01 1.887000000000000099e+01 9.132482284084265656e-01 6.979678998602860673e-01
-8.555970000000000519e-01 -5.953920000000000323e-01 -7.176129999999999454e-01 -8.156449999999999534e-01 -7.109720000000000484e-01 -8.786199999999999566e-01 2.381582139434758050e-01 1.681762982082487534e-01 -1.127799999999999914e+00 7.945518836595821810e-02 0.000000000000000000e+00 nan 9.560289324558559620e-01 4.825726090899999654e-02 1.728126996129999982e-02 9.622019476239999924e-02 1.117660000000000053e+01 1.998710000000000164e+01 2.020479999999999876e+01 1.887000000000000099e+01 9.300871822217653406e-01 7.760335616464290043e-01
-8.556890000000000329e-01 -5.989449999999999497e-01 -7.154169999999999696e-01 -8.653659999999999686e-01 -7.547300000000000120e-01 -8.891609999999999792e-01 2.136188113921775322e-01 1.447541700221457450e-01 -1.127799999999999914e+00 6.910554743032470970e-02 0.000000000000000000e+00 nan 9.692937568353524602e-01 6.838898306969999619e-02 1.802407075110000131e-02 1.252881339459999965e-01 1.144219999999999970e+01 2.136820000000000164e+01 2.061499999999999844e+01 2.373829999999999885e+01 9.300871822217653406e-01 7.760335616464290043e-01
-8.585030000000000161e-01 -6.945569999999999800e-01 -8.020369999999999999e-01 -9.505639999999999645e-01 -9.017450000000000188e-01 -8.900289999999999591e-01 1.904146525347640839e-01 1.228312138573754986e-01 -1.127799999999999914e+00 5.768238434925976321e-02 0.000000000000000000e+00 nan 9.784520789909179062e-01 6.838898306969999619e-02 1.802407075110000131e-02 1.252881339459999965e-01 1.144219999999999970e+01 2.136820000000000164e+01 2.061499999999999844e+01 2.373829999999999885e+01 9.177518936595332466e-01 8.475110843546841410e-01
-8.616519999999999735e-01 -8.645389999999999464e-01 -9.083710000000000395e-01 -9.327330000000000343e-01 -8.754790000000000072e-01 -8.849080000000000279e-01 1.686161227731401979e-01 1.024564028108300162e-01 -1.127799999999999914e+00 4.765205931641258719e-02 0.000000000000000000e+00 nan 9.860910680873270495e-01 1.171054892750000020e-01 2.268119031340000077e-02 2.129026531269999911e-01 9.495029999999999859e+00 2.214849999999999852e+01 2.417749999999999844e+01 2.266000000000000014e+01 9.177518936595332466e-01 8.475110843546841410e-01
-8.661879999999999580e-01 -1.561809999999999921e+00 -1.323439999999999950e+00 -8.309999999999999609e-01 -9.216550000000000020e-01 -8.784840000000000426e-01 1.482763827266861956e-01 8.366116887660424162e-02 -8.218189999999999662e-01 3.893468973733416050e-02 0.000000000000000000e+00 nan 9.921241713257324957e-01 1.171054892750000020e-01 2.268119031340000077e-02 2.129026531269999911e-01 9.495029999999999859e+00 2.214849999999999852e+01 2.417749999999999844e+01 2.266000000000000014e+01 9.154004792773576815e-01 7.592830287265580624e-01
-8.564420000000000366e-01 -6.298340000000000050e-01 -7.196110000000000007e-01 -1.026699999999999946e+00 -7.941840000000000011e-01 -8.602279999999999927e-01 1.294317793720440868e-01 6.645904680894398897e-02 -8.218189999999999662e-01 3.143551670765443173e-02 0.000000000000000000e+00 nan 9.964830312357373376e-01 1.124670831020000011e-01 2.938308881329999844e-02 2.078157415150000131e-01 1.290099999999999980e+01 2.471740000000000137e+01 2.208289999999999864e+01 2.726589999999999847e+01 9.154004792773576815e-01 7.592830287265580624e-01
-8.413960000000000328e-01 -3.273190000000000266e-01 -4.518150000000000222e-01 -1.062850000000000072e+00 -9.604549999999999477e-01 -8.550630000000000175e-01 1.121013528698715511e-01 5.234985352404031289e-02 -1.127799999999999914e+00 2.504597866933122585e-02 0.000000000000000000e+00 nan 9.991182601928493279e-01 1.124670831020000011e-01 2.938308881329999844e-02 2.078157415150000131e-01 1.290099999999999980e+01 2.471740000000000137e+01 2.208289999999999864e+01 2.726589999999999847e+01 7.987035097750737611e-01 7.102998360537804423e-01
-8.326090000000000435e-01 -2.279809999999999892e-01 -3.590320000000000178e-01 -1.072289999999999965e+00 -9.595900000000000540e-01 -8.626099999999999879e-01 9.628972218647569026e-02 3.985574448566697736e-02 -1.127799999999999914e+00 1.964494145648343348e-02 0.000000000000000000e+00 nan 1.000000000000000000e+00 7.563100351469999316e-02 2.983570618220000165e-02 1.162289934199999958e-01 1.806449999999999889e+01 3.204789999999999850e+01 2.988939999999999841e+01 2.855089999999999861e+01 7.987035097750737611e-01 7.102998360537804423e-01
-8.448600000000000554e-01 -3.816450000000000120e-01 -4.841380000000000128e-01 -9.620229999999999615e-01 -9.026009999999999867e-01 -8.739770000000000039e-01 8.198806366221611519e-02 2.903391185097281557e-02 -1.127799999999999914e+00 1.510007079389186213e-02 0.000000000000000000e+00 nan 9.991182601928493279e-01 7.563100351469999316e-02 2.983570618220000165e-02 1.162289934199999958e-01 1.806449999999999889e+01 3.204789999999999850e+01 2.988939999999999841e+01 2.855089999999999861e+01 6.789612659089886426e-01 7.429603462180673912e-01
-8.614230000000000498e-01 -8.336489999999999734e-01 -9.388630000000000031e-01 -1.056899999999999951e+00 -1.028920000000000057e+00 -8.859050000000000535e-01 6.917046146490191116e-02 1.992260021724623353e-02 -1.127799999999999914e+00 1.126933169721633377e-02 0.000000000000000000e+00 nan 9.964830312357373376e-01 5.386705839699999776e-02 3.888340981079999731e-02 8.862663728809999641e-02 1.961520000000000152e+01 3.956250000000000000e+01 3.646640000000000015e+01 3.464999999999999858e+01 6.789612659089886426e-01 7.429603462180673912e-01
-8.635490000000000110e-01 -9.913650000000000517e-01 -1.079120000000000079e+00 -1.298459999999999948e+00 -1.226630000000000109e+00 -8.889289999999999692e-01 5.779418292368632137e-02 1.254067329534436226e-02 -1.127799999999999914e+00 8.002597786122445100e-03 0.000000000000000000e+00 nan 9.921241713257324957e-01 5.386705839699999776e-02 3.888340981079999731e-02 8.862663728809999641e-02 1.961520000000000152e+01 3.956250000000000000e+01 3.646640000000000015e+01 3.464999999999999858e+01 6.796487012611548417e-01 7.573368772978028574e-01
-8.619400000000000395e-01 -8.735460000000000447e-01 -9.431119999999999504e-01 -1.132929999999999993e+00 -1.181489999999999929e+00 -8.875250000000000083e-01 4.780296329257560650e-02 6.887400176312397093e-03 -1.127799999999999914e+00 5.143352276157919789e-03 0.000000000000000000e+00 nan 9.860910680873270495e-01 6.299594710910000339e-02 3.545722987910000096e-02 8.354927437169999693e-02 2.941250000000000142e+01 4.454180000000000206e+01 4.127490000000000236e+01 3.590339999999999776e+01 6.796487012611548417e-01 7.573368772978028574e-01
-8.638369999999999660e-01 -1.013759999999999994e+00 -1.122349999999999959e+00 -1.130810000000000093e+00 -1.206909999999999927e+00 -8.902809999999999890e-01 3.911958906781298762e-02 2.942463612874202106e-03 -1.127799999999999914e+00 2.530461376461623502e-03 0.000000000000000000e+00 nan 9.784520789909179062e-01 6.299594710910000339e-02 3.545722987910000096e-02 8.354927437169999693e-02 2.941250000000000142e+01 4.454180000000000206e+01 4.127490000000000236e+01 3.590339999999999776e+01 6.615633693326736786e-01 8.374319888228812792e-01
-8.618470000000000297e-01 -8.610139999999999461e-01 -9.535430000000000295e-01 -1.180090000000000083e+00 -1.135429999999999939e+00 -8.910759999999999792e-01 3.164464068413064268e-02 6.661902219623483390e-04 -1.127799999999999914e+00 0.000000000000000000e+00 0.000000000000000000e+00 nan 9.692937568353524602e-01 8.724125095099999339e-02 3.850724799280000332e-02 8.752211519689999386e-02 1.658200000000000074e+01 4.809360000000000213e+01 4.684680000000000177e+01 3.775359999999999872e+01 6.615633693326736786e-01 8.374319888228812792e-01
-8.580449999999999466e-01 -6.893690000000000095e-01 -7.546429999999999527e-01 -1.378710000000000102e+00 -1.323990000000000000e+00 -8.809040000000000203e-01 2.526736622332825810e-02 0.000000000000000000e+00 -1.127799999999999914e+00 0.000000000000000000e+00 0.000000000000000000e+00 nan 9.560289324558559620e-01 8.724125095099999339e-02 3.850724799280000332e-02 8.752211519689999386e-02 1.658200000000000074e+01 4.809360000000000213e+01 4.684680000000000177e+01 3.775359999999999872e+01 8.071133497375538868e-01 8.789599827345320193e-01
-8.656779999999999475e-01 -1.307360000000000078e+00 -1.338230000000000031e+00 -1.339990000000000014e+00 -1.236010000000000053e+00 -8.727310000000000345e-01 1.986900914672562468e-02 8.670700577502188366e-04 9.610779999999999323e-02 0.000000000000000000e+00 0.000000000000000000e+00 nan 9.412146357437394251e-01 1.148236718269999984e-01 3.910827001069999698e-02 1.167737881970000030e-01 2.492000000000000171e+01 4.496569999999999823e+01 4.226639999999999731e+01 3.775780000000000314e+01 8.071133497375538868e-01 8.789599827345320193e-01
-8.650879999999999681e-01 -1.210080000000000044e+00 -1.191519999999999913e+00 -1.051860000000000017e+00 -1.062119999999999953e+00 -8.769090000000000495e-01 1.531521924002565704e-02 3.173205054346595055e-03 9.610779999999999323e-02 0.000000000000000000e+00 0.000000000000000000e+00 nan 9.248194077676307190e-01 1.148236718269999984e-01 3.910827001069999698e-02 1.167737881970000030e-01 2.492000000000000171e+01 4.496569999999999823e+01 4.226639999999999731e+01 3.775780000000000314e+01 9.187541358552144821e-01 9.153272677018374770e-01
-8.380509999999999904e-01 -2.964060000000000028e-01 -3.880299999999999860e-01 -1.053970000000000073e+00 -1.038019999999999943e+00 -8.819449999999999790e-01 1.146093086061106270e-02 6.807904468145276056e-03 -1.127799999999999914e+00 0.000000000000000000e+00 0.000000000000000000e+00 nan 9.068297021790868717e-01 1.121631770820000068e-01 3.095271432030000103e-02 1.278293858990000031e-01 1.135079999999999956e+01 3.426879999999999882e+01 3.859539999999999793e+01 3.283689999999999998e+01 9.187541358552144821e-01 9.153272677018374770e-01
-8.321800000000000308e-01 -2.304390000000000049e-01 -3.388630000000000253e-01 -1.047539999999999916e+00 -1.031029999999999891e+00 -8.854849999999999666e-01 8.176844919207115758e-03 1.164561461178725832e-02 -1.127799999999999914e+00 0.000000000000000000e+00 0.000000000000000000e+00 nan 8.872500386981349019e-01 1.121631770820000068e-01 3.095271432030000103e-02 1.278293858990000031e-01 1.135079999999999956e+01 3.426879999999999882e+01 3.859539999999999793e+01 3.283689999999999998e+01 8.145530706516501684e-01 9.440954750086137937e-01
-8.604159999999999586e-01 -7.982890000000000263e-01 -8.361239999999999783e-01 -1.172290000000000054e+00 -1.045749999999999957e+00 -8.947370000000000045e-01 5.331531089469043749e-03 1.754715120564598330e-02 -2.098679999999999990e-01 0.000000000000000000e+00 0.000000000000000000e+00 nan 8.661029519030373214e-01 1.117243276839999938e-01 3.527336859849999895e-02 1.313089902419999899e-01 1.795700000000000074e+01 3.476109999999999900e+01 3.761310000000000286e+01 3.670400000000000063e+01 8.145530706516501684e-01 9.440954750086137937e-01
-8.658569999999999878e-01 -1.413459999999999939e+00 -1.269060000000000077e+00 -1.205680000000000085e+00 -1.190469999999999917e+00 -8.986760000000000304e-01 2.777323209967375028e-03 2.570749892599377695e-02 1.014029999999999987e+00 0.000000000000000000e+00 0.000000000000000000e+00 nan 8.434287359045167243e-01 1.117243276839999938e-01 3.527336859849999895e-02 1.313089902419999899e-01 1.795700000000000074e+01 3.476109999999999900e+01 3.761310000000000286e+01 3.670400000000000063e+01 8.118354523902834297e-01 9.611640560218998042e-01
-8.668620000000000214e-01 -1.978429999999999911e+00 -1.711759999999999948e+00 -1.273649999999999949e+00 -1.369199999999999973e+00 -8.974750000000000227e-01 7.773666746533347549e-04 3.609201023246877416e-02 4.020830000000000237e-01 0.000000000000000000e+00 0.000000000000000000e+00 nan 8.192849877973804595e-01 8.703617926560000551e-02 3.142365427319999960e-02 1.188188707980000064e-01 1.202909999999999968e+01 3.170560000000000045e+01 3.993310000000000315e+01 3.512339999999999662e+01 8.118354523902834297e-01 9.611640560218998042e-01
-8.654570000000000318e-01 -1.265700000000000047e+00 -1.275900000000000034e+00 -1.375269999999999992e+00 -1.320869999999999989e+00 -8.949730000000000185e-01 0.000000000000000000e+00 4.739432064517523635e-02 -8.218189999999999662e-01 0.000000000000000000e+00 0.000000000000000000e+00 nan 7.937459550624216265e-01 8.703617926560000551e-02 3.142365427319999960e-02 1.188188707980000064e-01 1.202909999999999968e+01 3.170560000000000045e+01 3.993310000000000315e+01 3.512339999999999662e+01 7.509749375204786137e-01 8.850104690830747911e-01
-8.663939999999999975e-01 -1.643489999999999895e+00 -1.390099999999999891e+00 -1.235170000000000101e+00 -1.359769999999999923e+00 -8.920350000000000223e-01 0.000000000000000000e+00 5.960142213673880196e-02 -8.218189999999999662e-01 0.000000000000000000e+00 0.000000000000000000e+00 nan 7.669016943127939800e-01 7.391327616170000059e-02 3.181482367070000150e-02 1.325261809490000109e-01 1.199559999999999960e+01 2.590419999999999945e+01 3.028819999999999979e+01 2.929360000000000142e+01 7.509749375204786137e-01 8.850104690830747911e-01
-8.616179999999999950e-01 -8.526460000000000150e-01 -9.236750000000000238e-01 -1.316940000000000000e+00 -1.368370000000000086e+00 -8.860789999999999500e-01 0.000000000000000000e+00 7.269005503532521839e-02 -1.127799999999999914e+00 0.000000000000000000e+00 0.000000000000000000e+00 nan 7.388570509166001443e-01 7.391327616170000059e-02 3.181482367070000150e-02 1.325261809490000109e-01 1.199559999999999960e+01 2.590419999999999945e+01 3.028819999999999979e+01 2.929360000000000142e+01 7.837662462817457376e-01 8.526717932990295346e-01
-8.537350000000000216e-01 -5.510180000000000078e-01 -6.490390000000000326e-01 -1.239889999999999937e+00 -1.164560000000000040e+00 -8.830040000000000111e-01 0.000000000000000000e+00 8.662697156601628645e-02 -1.127799999999999914e+00 0.000000000000000000e+00 0.000000000000000000e+00 nan 7.097304710569767305e-01 6.670791348910000418e-02 3.477732226300000312e-02 1.599705380249999975e-01 1.609329999999999927e+01 2.350179999999999936e+01 2.898829999999999885e+01 2.743130000000000024e+01 7.837662462817457376e-01 8.526717932990295346e-01
-8.574220000000000175e-01 -6.571960000000000024e-01 -7.569479999999999542e-01 -1.085309999999999997e+00 -1.092750000000000110e+00 -8.827920000000000211e-01 0.000000000000000000e+00 1.013693125613858159e-01 -1.127799999999999914e+00 0.000000000000000000e+00 0.000000000000000000e+00 nan 6.796526596895113848e-01 6.670791348910000418e-02 3.477732226300000312e-02 1.599705380249999975e-01 1.609329999999999927e+01 2.350179999999999936e+01 2.898829999999999885e+01 2.743130000000000024e+01 7.878523106179851077e-01 9.289238236953401007e-01
-8.628449999999999731e-01 -9.302319999999999478e-01 -1.021900000000000031e+00 -1.162670000000000092e+00 -1.147710000000000008e+00 -8.863069999999999560e-01 0.000000000000000000e+00 1.168650930729911996e-01 -1.127799999999999914e+00 0.000000000000000000e+00 0.000000000000000000e+00 nan 6.487650996028677675e-01 6.445745015140000311e-02 3.575522448449999779e-02 1.591311413640000005e-01 1.480460000000000065e+01 3.121399999999999864e+01 3.262129999999999797e+01 2.923580000000000112e+01 7.878523106179851077e-01 9.289238236953401007e-01
-8.644159999999999622e-01 -1.074340000000000073e+00 -1.190609999999999946e+00 -1.302589999999999915e+00 -1.377950000000000008e+00 -8.946899999999999853e-01 0.000000000000000000e+00 1.330537913816114415e-01 -1.127799999999999914e+00 0.000000000000000000e+00 0.000000000000000000e+00 nan 6.172184483622575879e-01 6.445745015140000311e-02 3.575522448449999779e-02 1.591311413640000005e-01 1.480460000000000065e+01 3.121399999999999864e+01 3.262129999999999797e+01 2.923580000000000112e+01 7.439399682623304422e-01 9.636175698853890470e-01
-8.595150000000000290e-01 -7.403929999999999678e-01 -8.295609999999999928e-01 -1.307490000000000041e+00 -1.319080000000000030e+00 -8.910019999999999607e-01 0.000000000000000000e+00 1.498670347325101737e-01 -1.127799999999999914e+00 0.000000000000000000e+00 0.000000000000000000e+00 nan 5.851708312990262506e-01 6.737546218539999798e-02 3.007140203470000037e-02 1.906362756599999930e-01 1.740709999999999980e+01 2.385729999999999862e+01 2.796470000000000056e+01 -1.000000000000000000e+00 7.439399682623304422e-01 9.636175698853890470e-01
-8.595150000000000290e-01 -7.512649999999999606e-01 -8.050490000000000146e-01 -1.221200000000000063e+00 -1.370190000000000019e+00 -8.850310000000000121e-01 0.000000000000000000e+00 1.672293740260657469e-01 -8.218189999999999662e-01 0.000000000000000000e+00 0.000000000000000000e+00 nan 5.527860498874648254e-01 6.737546218539999798e-02 3.007140203470000037e-02 1.906362756599999930e-01 1.740709999999999980e+01 2.385729999999999862e+01 2.796470000000000056e+01 -1.000000000000000000e+00 7.604255674553969113e-01 1.000000000000000000e+00
-8.654209999999999958e-01 -1.351159999999999917e+00 -1.133960000000000079e+00 -1.178819999999999979e+00 -1.197689999999999921e+00 -8.837699999999999445e-01 0.000000000000000000e+00 1.850591386862189269e-01 -8.218189999999999662e-01 0.000000000000000000e+00 0.000000000000000000e+00 nan 5.202317258086557317e-01 8.454533711570000332e-02 2.941855935590000082e-02 1.973284876789999920e-01 8.855940000000000367e+00 1.835470000000000113e+01 -1.000000000000000000e+00 -1.000000000000000000e+00 7.604255674553969113e-01 1.000000000000000000e+00
-8.563079999999999581e-01 -6.237359999999999571e-01 -7.144490000000000007e-01 -1.245160000000000045e+00 -1.211519999999999930e+00 -8.804440000000000044e-01 0.000000000000000000e+00 2.032693620207333129e-01 -1.127799999999999914e+00 0.000000000000000000e+00 0.000000000000000000e+00 nan 4.876774017298466379e-01 8.454533711570000332e-02 2.941855935590000082e-02 1.973284876789999920e-01 8.855940000000000367e+00 1.835470000000000113e+01 -1.000000000000000000e+00 -1.000000000000000000e+00 7.553565348118547185e-01 9.495477280385898888e-01
-8.448259999999999659e-01 -3.771490000000000120e-01 -4.923020000000000174e-01 -1.154910000000000103e+00 -1.134589999999999987e+00 -8.828169999999999629e-01 0.000000000000000000e+00 2.217687665885682557e-01 -1.127799999999999914e+00 0.000000000000000000e+00 0.000000000000000000e+00 nan 4.552926203182853238e-01 9.372863199870000439e-02 2.258347261719999971e-02 1.700426939820000038e-01 1.201389999999999958e+01 -1.000000000000000000e+00 -1.000000000000000000e+00 -1.000000000000000000e+00 7.553565348118547185e-01 9.495477280385898888e-01
-8.436029999999999918e-01 -3.653899999999999926e-01 -4.606390000000000207e-01 -1.355879999999999974e+00 -1.197449999999999903e+00 -8.810499999999999998e-01 0.000000000000000000e+00 2.404627984097584825e-01 -1.127799999999999914e+00 0.000000000000000000e+00 0.000000000000000000e+00 nan 4.232450032550537644e-01 9.372863199870000439e-02 2.258347261719999971e-02 1.700426939820000038e-01 1.201389999999999958e+01 -1.000000000000000000e+00 -1.000000000000000000e+00 -1.000000000000000000e+00 0.000000000000000000e+00 0.000000000000000000e+00
