-5.733150000000000190e-01 -1.021409999999999929e+00 -9.885310000000000485e-01 5.163910000000000444e-01 2.356949999999999878e-01 -5.773439999999999683e-01 2.905978829387256823e-04 1.930435818563140948e-01 1.090370000000000061e+00 9.788558031527117009e-03 0.000000000000000000e+00 nan 9.782922296307605681e-02 7.845192324730000666e-02 2.838660390080000040e-02 5.997841390039999887e-02 -1.000000000000000000e+00 -1.000000000000000000e+00 -1.000000000000000000e+00 -1.000000000000000000e+00 0.000000000000000000e+00 0.000000000000000000e+00
-5.731610000000000316e-01 -9.548769999999999758e-01 -1.078209999999999891e+00 7.138769999999999838e-01 2.390420000000000045e-01 -5.729969999999999786e-01 3.429297246638762786e-04 1.820017025849808290e-01 1.521689999999999987e+00 1.378433731681782959e-02 0.000000000000000000e+00 nan 9.834033162103184011e-02 7.990540513379999765e-02 2.578692988069999914e-02 7.023787609319999403e-02 2.020349999999999824e+01 -1.000000000000000000e+00 -1.000000000000000000e+00 -1.000000000000000000e+00 0.000000000000000000e+00 0.000000000000000000e+00
-5.713759999999999950e-01 -5.614569999999999839e-01 -5.048240000000000505e-01 5.303999999999999826e-01 2.703119999999999967e-01 -5.709469999999999823e-01 1.332037689545817472e-03 1.711989161359610545e-01 4.074470000000000036e-01 1.846999226957246609e-02 0.000000000000000000e+00 nan 9.834033162103184011e-02 7.990540513379999765e-02 2.578692988069999914e-02 7.023787609319999403e-02 2.020349999999999824e+01 -1.000000000000000000e+00 -1.000000000000000000e+00 -1.000000000000000000e+00 0.000000000000000000e+00 0.000000000000000000e+00
-5.704529999999999879e-01 -4.511560000000000015e-01 -5.048110000000000097e-01 6.978419999999999623e-01 4.294899999999999829e-01 -5.729170000000000096e-01 3.794874916314250335e-03 1.608716063143553754e-01 -1.317049999999999887e-01 2.402915335895161597e-02 0.000000000000000000e+00 nan 9.782922296307605681e-02 7.457741426889999414e-02 2.243759520029999996e-02 6.842275846589999933e-02 8.842380000000000351e+00 2.989570000000000149e+01 -1.000000000000000000e+00 -1.000000000000000000e+00 0.000000000000000000e+00 0.000000000000000000e+00
-5.614249999999999519e-01 -7.537929999999999631e-02 -6.968630000000000657e-02 7.012690000000000312e-01 2.837979999999999947e-01 -5.747020000000000461e-01 6.869041234230044424e-03 1.512507695850846545e-01 -4.192529999999999868e-01 3.063555388055216877e-02 0.000000000000000000e+00 nan 9.681279671248788077e-02 7.457741426889999414e-02 2.243759520029999996e-02 6.842275846589999933e-02 8.842380000000000351e+00 2.989570000000000149e+01 -1.000000000000000000e+00 -1.000000000000000000e+00 4.895720999257977546e-01 7.021334175274007716e-01
-5.694270000000000165e-01 -3.920139999999999736e-01 -4.231739999999999946e-01 8.798110000000000097e-01 6.298439999999999594e-01 -5.756989999999999608e-01 1.017959548207270082e-02 1.425593977906409737e-01 4.074470000000000036e-01 3.845106148874877228e-02 0.000000000000000000e+00 nan 9.530256938482961626e-02 6.845529622590000585e-02 1.915968027829999948e-02 6.387220811150000344e-02 2.463919999999999888e+01 3.750600000000000023e+01 4.255720000000000169e+01 -1.000000000000000000e+00 4.895720999257977546e-01 7.021334175274007716e-01
-5.711159999999999570e-01 -6.059639999999999471e-01 -8.443169999999999842e-01 1.051409999999999956e+00 7.926530000000000520e-01 -5.772429999999999506e-01 1.391937424192057904e-02 1.350099515644102022e-01 1.198199999999999932e+00 4.762384417148957105e-02 0.000000000000000000e+00 nan 9.331565245917994300e-02 6.845529622590000585e-02 1.915968027829999948e-02 6.387220811150000344e-02 2.463919999999999888e+01 3.750600000000000023e+01 4.255720000000000169e+01 -1.000000000000000000e+00 5.078654464506555666e-01 6.709304947904921601e-01
-5.703920000000000101e-01 -5.253060000000000507e-01 -6.553590000000000249e-01 9.227539999999999631e-01 7.814680000000000515e-01 -5.772000000000000464e-01 1.827777194898205781e-02 1.288019530667993129e-01 1.557639999999999914e+00 5.828669144778919620e-02 0.000000000000000000e+00 nan 9.087455849823833365e-02 6.902679295869999787e-02 1.812146815770000058e-02 4.762133701420000198e-02 1.207850000000000001e+01 3.481029999999999802e+01 3.719489999999999696e+01 3.562800000000000011e+01 5.078654464506555666e-01 6.709304947904921601e-01
-5.707640000000000491e-01 -5.438209999999999988e-01 -6.742280000000000495e-01 1.112510000000000110e+00 7.506380000000000274e-01 -5.769680000000000364e-01 2.343557940542551066e-02 1.241197253194351591e-01 1.054429999999999978e+00 7.055550980941760475e-02 0.000000000000000000e+00 nan 8.800694607199377462e-02 6.902679295869999787e-02 1.812146815770000058e-02 4.762133701420000198e-02 1.207850000000000001e+01 3.481029999999999802e+01 3.719489999999999696e+01 3.562800000000000011e+01 4.764630225080386250e-01 5.301038894652172484e-01
-5.710969999999999658e-01 -5.203400000000000247e-01 -5.516990000000000505e-01 7.783499999999999863e-01 3.443499999999999894e-01 -5.749739999999999851e-01 2.955175213788674426e-02 1.211303037516772152e-01 -2.754789999999999739e-01 8.452800945403382560e-02 0.000000000000000000e+00 nan 8.474530637507526887e-02 7.395955509969999453e-02 1.515955603650000032e-02 3.570714203570000272e-02 1.949830000000000041e+01 2.727189999999999870e+01 3.059730000000000061e+01 3.059159999999999968e+01 4.764630225080386250e-01 5.301038894652172484e-01
-5.712249999999999828e-01 -5.243670000000000275e-01 -5.514550000000000285e-01 6.366349999999999509e-01 3.267639999999999989e-01 -5.754169999999999563e-01 3.676100045775121394e-02 1.199815436224586085e-01 -2.754789999999999739e-01 1.002825971896049717e-01 0.000000000000000000e+00 nan 8.112659508853425905e-02 7.395955509969999453e-02 1.515955603650000032e-02 3.570714203570000272e-02 1.949830000000000041e+01 2.727189999999999870e+01 3.059730000000000061e+01 3.059159999999999968e+01 4.853673015087806020e-01 5.158871198111647516e-01
-5.720990000000000242e-01 -6.917879999999999585e-01 -7.517490000000000006e-01 9.399600000000000177e-01 4.428690000000000127e-01 -5.774139999999999828e-01 4.517276519574031646e-02 1.208004447611230603e-01 1.377920000000000034e+00 1.178774880539406045e-01 0.000000000000000000e+00 nan 7.719181365721083932e-02 8.008237776670000529e-02 1.543894181899999919e-02 3.475094179749999707e-02 1.217590000000000039e+01 2.649950000000000117e+01 3.062310000000000088e+01 3.119200000000000017e+01 4.853673015087806020e-01 5.158871198111647516e-01
-5.714810000000000167e-01 -6.030510000000000037e-01 -6.425349999999999673e-01 1.008420000000000094e+00 4.840809999999999835e-01 -5.781859999999999777e-01 5.489684706226483080e-02 1.236917126086117813e-01 1.557639999999999914e+00 1.373500457150541587e-01 0.000000000000000000e+00 nan 7.298554472698060014e-02 8.008237776670000529e-02 1.543894181899999919e-02 3.475094179749999707e-02 1.217590000000000039e+01 2.649950000000000117e+01 3.062310000000000088e+01 3.119200000000000017e+01 5.000692555033390274e-01 7.509810112308872299e-01
-5.721260000000000234e-01 -6.641949999999999799e-01 -7.228539999999999965e-01 8.004219999999999668e-01 4.271710000000000229e-01 -5.777309999999999945e-01 6.603295908869377673e-02 1.287365718629793765e-01 1.234150000000000080e+00 1.587163591258740070e-01 0.000000000000000000e+00 nan 6.855544700556315263e-02 7.255421617820000113e-02 1.145749134999999967e-02 3.624596783020000296e-02 1.157039999999999935e+01 2.857649999999999935e+01 3.473179999999999978e+01 3.416649999999999920e+01 5.000692555033390274e-01 7.509810112308872299e-01
-5.690979999999999928e-01 -4.510129999999999972e-01 -1.061509999999999954e+00 1.523670000000000080e+00 7.165270000000000250e-01 -5.772399999999999753e-01 7.865478303733319798e-02 1.359918461711084881e-01 2.995379999999999932e+00 1.819710602299773328e-01 0.000000000000000000e+00 nan 6.395171527031928704e-02 7.255421617820000113e-02 1.145749134999999967e-02 3.624596783020000296e-02 1.157039999999999935e+01 2.857649999999999935e+01 3.473179999999999978e+01 3.416649999999999920e+01 5.544397724462033494e-01 7.876866176536918562e-01
-5.575769999999999893e-01 -8.911380000000000690e-02 -1.074580000000000091e+00 1.981209999999999916e+00 1.048880000000000035e+00 -5.761509999999999687e-01 9.282557016540415873e-02 1.454893142940859585e-01 4.001789999999999736e+00 2.070873847838156090e-01 0.000000000000000000e+00 nan 5.922651164136683022e-02 6.616210796620000667e-02 7.286033709489999656e-03 4.195156623599999995e-02 1.493769999999999953e+01 3.041410000000000124e+01 3.952420000000000044e+01 4.051189999999999714e+01 5.544397724462033494e-01 7.876866176536918562e-01
-5.573270000000000168e-01 -8.509120000000000572e-02 -1.094649999999999901e+00 1.982709999999999972e+00 1.124610000000000110e+00 -5.753850000000000353e-01 1.085968931620754363e-01 1.572353500411414196e-01 4.001789999999999736e+00 2.340174756062872730e-01 0.000000000000000000e+00 nan 5.443337456391794671e-02 6.616210796620000667e-02 7.286033709489999656e-03 4.195156623599999995e-02 1.493769999999999953e+01 3.041410000000000124e+01 3.952420000000000044e+01 4.051189999999999714e+01 4.613405886717782955e-01 7.759926630884187437e-01
-5.592930000000000401e-01 -1.233520000000000033e-01 -1.696530000000000094e+00 1.942430000000000101e+00 1.051840000000000108e+00 -5.756679999999999575e-01 1.259962516763362128e-01 1.712108500518411125e-01 4.073680000000000412e+00 2.626929248197236166e-01 0.000000000000000000e+00 nan 4.962661219630015719e-02 9.052940205510000282e-02 9.602503198469999196e-03 6.275454691899999549e-02 1.405949999999999989e+01 3.564690000000000225e+01 4.710779999999999745e+01 4.832169999999999987e+01 4.613405886717782955e-01 7.759926630884187437e-01
-5.616389999999999993e-01 -1.665099999999999913e-01 -7.628479999999999706e-01 1.844530000000000003e+00 1.167920000000000069e+00 -5.729889999999999706e-01 1.450265429869186384e-01 1.873714502447960673e-01 3.103209999999999802e+00 2.930255489384758771e-01 0.000000000000000000e+00 nan 4.486068707682333567e-02 9.052940205510000282e-02 9.602503198469999196e-03 6.275454691899999549e-02 1.405949999999999989e+01 3.564690000000000225e+01 4.710779999999999745e+01 4.832169999999999987e+01 4.544941874845411789e-01 6.893028430532377460e-01
-5.616579999999999906e-01 -1.384549999999999947e-01 -3.959050000000000069e-01 1.727870000000000017e+00 1.131879999999999997e+00 -5.717149999999999732e-01 1.656744984212312755e-01 2.056480284804301784e-01 1.988960000000000061e+00 3.249083880230448917e-01 0.000000000000000000e+00 nan 4.018959904145857909e-02 1.237853139809999975e-01 1.343276565450000036e-02 8.906409669039999644e-02 2.118100000000000094e+01 4.338499999999999801e+01 4.758840000000000003e+01 5.079030000000000200e+01 4.544941874845411789e-01 6.893028430532377460e-01
-5.643329999999999735e-01 -2.024829999999999963e-01 -4.176730000000000165e-01 1.567639999999999922e+00 1.308119999999999949e+00 -5.710469999999999713e-01 1.879080457600499354e-01 2.259474877424422212e-01 2.276510000000000034e+00 3.582169175789339244e-01 0.000000000000000000e+00 nan 3.566627338411820780e-02 1.237853139809999975e-01 1.343276565450000036e-02 8.906409669039999644e-02 2.118100000000000094e+01 4.338499999999999801e+01 4.758840000000000003e+01 5.079030000000000200e+01 3.582587187731882672e-01 5.763204185647918809e-01
-5.600570000000000270e-01 -1.044130000000000058e-01 -3.960350000000000259e-01 1.778980000000000006e+00 1.248660000000000103e+00 -5.732800000000000118e-01 2.116759563864877292e-01 2.481538109641994172e-01 2.743770000000000042e+00 3.928104594689296736e-01 0.000000000000000000e+00 nan 3.134196119192933505e-02 1.603316783250000044e-01 1.680963627609999983e-02 9.075966790080000623e-02 1.547100000000000009e+01 3.980619999999999692e+01 4.901500000000000057e+01 6.250330000000000297e+01 3.582587187731882672e-01 5.763204185647918809e-01
-5.475680000000000547e-01 6.482590000000000574e-02 -3.524039999999999950e-01 1.755989999999999940e+00 1.623350000000000071e+00 -5.750950000000000228e-01 2.369115616656154444e-01 2.721293755484615051e-01 1.701410000000000089e+00 4.285337758526084340e-01 0.000000000000000000e+00 nan 2.726565864993690802e-02 1.603316783250000044e-01 1.680963627609999983e-02 9.075966790080000623e-02 1.547100000000000009e+01 3.980619999999999692e+01 4.901500000000000057e+01 6.250330000000000297e+01 3.098046005441503770e-01 5.829958053312885857e-01
-5.248239999999999572e-01 2.430440000000000100e-01 -3.909090000000000065e-01 1.518659999999999899e+00 1.521640000000000104e+00 -5.727160000000000029e-01 2.635340589255706911e-01 2.977165126863973166e-01 7.309379999999999766e-01 4.652188280930978914e-01 0.000000000000000000e+00 nan 2.348355189474959914e-02 1.736570592710000027e-01 2.036774431719999903e-02 9.047708923120000024e-02 3.608160000000000167e+01 5.496940000000000026e+01 6.954590000000000316e+01 7.909950000000000614e+01 3.098046005441503770e-01 5.829958053312885857e-01
-5.676010000000000222e-01 -3.518129999999999868e-01 -4.840039999999999898e-01 1.285300000000000109e+00 1.075479999999999992e+00 -5.735529999999999795e-01 2.914455415935153226e-01 3.247392938081915537e-01 1.485749999999999904e+00 5.026866807019777506e-01 0.000000000000000000e+00 nan 2.003849370715693468e-02 1.736570592710000027e-01 2.036774431719999903e-02 9.047708923120000024e-02 3.608160000000000167e+01 5.496940000000000026e+01 6.954590000000000316e+01 7.909950000000000614e+01 2.591194657432599469e-01 5.620134409814622201e-01
-5.688680000000000403e-01 -4.367449999999999943e-01 -7.147369999999999557e-01 1.316070000000000073e+00 9.357060000000000377e-01 -5.601850000000000440e-01 3.205316903889310343e-01 3.530055239240370568e-01 1.665470000000000006e+00 5.407495287498631509e-01 0.000000000000000000e+00 nan 1.696951797299939280e-02 2.812893027169999782e-01 3.026586109189999957e-02 1.197209665450000016e-01 1.680750000000000099e+01 6.256219999999999715e+01 7.797719999999999629e+01 8.396399999999999864e+01 2.591194657432599469e-01 5.620134409814622201e-01
-5.371169999999999556e-01 1.684090000000000031e-01 2.716069999999999873e-01 1.342589999999999950e+00 1.339320000000000066e+00 -3.546119999999999828e-01 3.506632847773335504e-01 3.823089192701673023e-01 6.949950000000000294e-01 5.792128257712969575e-01 0.000000000000000000e+00 nan 1.431139741364584328e-02 2.812893027169999782e-01 3.026586109189999957e-02 1.197209665450000016e-01 1.680750000000000099e+01 6.256219999999999715e+01 7.797719999999999629e+01 8.396399999999999864e+01 2.358941380163245283e-01 6.112188594710807887e-01
-5.163339999999999597e-01 3.124810000000000088e-01 2.406179999999999986e-01 1.338670000000000027e+00 1.491440000000000099e+00 -2.156710000000000016e-01 3.816978945268466594e-01 4.124314445863264122e-01 -5.981829999999999786e-02 6.178774880539404935e-01 0.000000000000000000e+00 nan 1.209424959716465242e-02 4.651919055270000158e-01 3.476141897300000227e-02 1.610473916140000017e-01 4.675900000000000034e+01 7.859560000000000457e+01 8.743729999999999336e+01 8.520839999999999748e+01 2.358941380163245283e-01 6.112188594710807887e-01
-4.346769999999999801e-01 5.561479999999999757e-01 6.714120000000000088e-01 6.785940000000000305e-01 6.327220000000000066e-01 1.702289999999999914e-01 4.134821749832852111e-01 4.431457835423905367e-01 -2.754789999999999739e-01 6.565421503365841405e-01 0.000000000000000000e+00 nan 1.034319569424380081e-02 4.651919055270000158e-01 3.476141897300000227e-02 1.610473916140000017e-01 4.675900000000000034e+01 7.859560000000000457e+01 8.743729999999999336e+01 8.520839999999999748e+01 1.535542913677961918e-01 6.629470930494789638e-01
7.914820000000000189e-01 1.237230000000000052e+00 1.245549999999999935e+00 4.215269999999999850e-01 7.931340000000000057e-01 7.110760000000000414e-01 4.458524949000530757e-01 4.742179143232184702e-01 -4.551970000000000183e-01 6.950054473580178360e-01 0.000000000000000000e+00 nan 9.078075845289301782e-03 5.978476508890000485e-01 3.076482259089999977e-02 1.774835049500000095e-01 1.920019999999999882e+01 6.858450000000000557e+01 8.093569999999999709e+01 7.750169999999999959e+01 1.535542913677961918e-01 6.629470930494789638e-01
9.331509999999999527e-01 1.267700000000000049e+00 1.241859999999999964e+00 6.977109999999999701e-01 8.922080000000000011e-01 1.349369999999999958e+00 4.786379569416946422e-01 5.054097611893284547e-01 -4.192529999999999868e-01 7.299731044826526238e-01 0.000000000000000000e+00 nan 8.313224363705851161e-03 5.978476508890000485e-01 3.076482259089999977e-02 1.774835049500000095e-01 1.920019999999999882e+01 6.858450000000000557e+01 8.093569999999999709e+01 7.750169999999999959e+01 1.646599060103883794e-01 6.578593658382572151e-01
1.094359999999999999e+00 1.297209999999999974e+00 1.312699999999999978e+00 5.172470000000000123e-01 9.662079999999999558e-01 1.375029999999999974e+00 5.116624047328196534e-01 5.376117322021847222e-01 -4.192529999999999868e-01 7.642449406372158194e-01 0.000000000000000000e+00 nan 5.342995186816135167e-03 6.783884173549999952e-01 2.606832777049999939e-02 1.643874025250000037e-01 2.018870000000000076e+01 4.425000000000000000e+01 6.011880000000000024e+01 6.722050000000000125e+01 1.646599060103883794e-01 6.578593658382572151e-01
1.473249999999999948e+00 1.358810000000000073e+00 1.386239999999999917e+00 8.060009999999999675e-01 1.089020000000000099e+00 1.841099999999999959e+00 5.447440897268125415e-01 5.695624375946658491e-01 -4.911400000000000210e-01 7.974326422237455469e-01 0.000000000000000000e+00 nan 2.628683051233315915e-03 6.783884173549999952e-01 2.606832777049999939e-02 1.643874025250000037e-01 2.018870000000000076e+01 4.425000000000000000e+01 6.011880000000000024e+01 6.722050000000000125e+01 1.760722235963393389e-01 6.612030730834572712e-01
1.693060000000000009e+00 1.389299999999999979e+00 1.407019999999999937e+00 1.105709999999999971e+00 9.019120000000000470e-01 1.851490000000000080e+00 5.776987019653011535e-01 6.010975314189528351e-01 -4.911400000000000210e-01 8.291601793221335948e-01 0.000000000000000000e+00 nan 0.000000000000000000e+00 7.174976374739999718e-01 2.472368057150000145e-02 1.475740033340000035e-01 9.469030000000000058e+00 2.984479999999999933e+01 4.190259999999999962e+01 5.643260000000000076e+01 1.760722235963393389e-01 6.612030730834572712e-01
1.347909999999999942e+00 1.340300000000000047e+00 1.335650000000000004e+00 1.010999999999999899e+00 1.055949999999999944e+00 1.864300000000000068e+00 6.103400097243509848e-01 6.320573767723647318e-01 -4.551970000000000183e-01 8.590680662593747074e-01 0.000000000000000000e+00 nan 0.000000000000000000e+00 7.174976374739999718e-01 2.472368057150000145e-02 1.475740033340000035e-01 9.469030000000000058e+00 2.984479999999999933e+01 4.190259999999999962e+01 5.643260000000000076e+01 1.739549839228295980e-01 6.806849788763098541e-01
1.887469999999999981e+00 1.414549999999999974e+00 1.430490000000000039e+00 1.080449999999999910e+00 1.427799999999999958e+00 2.140289999999999804e+00 6.424855964820908039e-01 6.622888545472525035e-01 -4.551970000000000183e-01 8.868174347258847012e-01 0.000000000000000000e+00 nan 0.000000000000000000e+00 7.212594151110000018e-01 2.602987387760000160e-02 1.400837055370000028e-01 7.011359999999999815e+00 1.924899999999999878e+01 3.176679999999999993e+01 4.474880000000000280e+01 1.739549839228295980e-01 6.806849788763098541e-01
2.263220000000000010e+00 1.457449999999999912e+00 1.443929999999999936e+00 9.699609999999999621e-01 1.258440000000000003e+00 2.500929999999999875e+00 6.739601468223648251e-01 6.916470983316732601e-01 -4.911400000000000210e-01 9.120938732888529410e-01 0.000000000000000000e+00 nan 0.000000000000000000e+00 7.212594151110000018e-01 2.602987387760000160e-02 1.400837055370000028e-01 7.011359999999999815e+00 1.924899999999999878e+01 3.176679999999999993e+01 4.474880000000000280e+01 1.798417017066534784e-01 6.721152255949963683e-01
2.367239999999999789e+00 1.467649999999999899e+00 1.441640000000000033e+00 9.338180000000000369e-01 1.356829999999999981e+00 2.572630000000000194e+00 7.045942648751795101e-01 7.199971358037222657e-01 -4.911400000000000210e-01 9.346109897994089311e-01 0.000000000000000000e+00 nan 0.000000000000000000e+00 7.164682157730000167e-01 2.883714267970000078e-02 1.329942360730000106e-01 3.170290000000000052e+00 1.001740000000000030e+01 1.917780000000000129e+01 3.306410000000000338e+01 1.798417017066534784e-01 6.721152255949963683e-01
2.366420000000000190e+00 1.467459999999999987e+00 1.447699999999999987e+00 7.152340000000000364e-01 1.080589999999999939e+00 2.687500000000000000e+00 7.342254582973963828e-01 7.472154180218735231e-01 -4.551970000000000183e-01 9.541136563301042539e-01 0.000000000000000000e+00 nan 0.000000000000000000e+00 7.164682157730000167e-01 2.883714267970000078e-02 1.329942360730000106e-01 3.170290000000000052e+00 1.001740000000000030e+01 1.917780000000000129e+01 3.306410000000000338e+01 1.853277269354438594e-01 6.727015771352968798e-01
2.475159999999999805e+00 1.478399999999999936e+00 1.464970000000000105e+00 1.017989999999999950e+00 1.065860000000000030e+00 2.788030000000000008e+00 7.627037116752211077e-01 7.731912192838531483e-01 -4.911400000000000210e-01 9.703808998762765148e-01 0.000000000000000000e+00 nan 0.000000000000000000e+00 7.382961538819999836e-01 2.663109234189999994e-02 1.221594969260000052e-01 2.875220000000000109e+00 6.876509999999999678e+00 1.414480000000000004e+01 2.389999999999999858e+01 1.853277269354438594e-01 6.727015771352968798e-01
2.403389999999999915e+00 1.471240000000000103e+00 1.465289999999999981e+00 8.769369999999999665e-01 1.097180000000000044e+00 2.543460000000000054e+00 7.898759437826279317e-01 7.978278916930916509e-01 -4.911400000000000210e-01 9.832284060684862714e-01 0.000000000000000000e+00 nan 0.000000000000000000e+00 7.382961538819999836e-01 2.663109234189999994e-02 1.221594969260000052e-01 2.875220000000000109e+00 6.876509999999999678e+00 1.414480000000000004e+01 2.389999999999999858e+01 1.954489240662873328e-01 6.693488490971689631e-01
2.439690000000000136e+00 1.474849999999999994e+00 1.465959999999999930e+00 8.380030000000000534e-01 9.709980000000000278e-01 2.389629999999999921e+00 8.156273621628538084e-01 8.210439602180094054e-01 -4.911400000000000210e-01 9.925106075279732654e-01 0.000000000000000000e+00 nan 0.000000000000000000e+00 7.227951634179999862e-01 3.184185994100000028e-02 1.281414854050000052e-01 2.912259999999999849e+00 8.107849999999999113e+00 1.371860000000000035e+01 2.052619999999999933e+01 1.954489240662873328e-01 6.693488490971689631e-01
2.618139999999999912e+00 1.492189999999999905e+00 1.481619999999999937e+00 8.162650000000000183e-01 7.879190000000000360e-01 2.354299999999999837e+00 8.398564586207829530e-01 8.427740458366808074e-01 -4.911400000000000210e-01 9.981223332032221895e-01 0.000000000000000000e+00 nan 0.000000000000000000e+00 7.227951634179999862e-01 3.184185994100000028e-02 1.281414854050000052e-01 2.912259999999999849e+00 8.107849999999999113e+00 1.371860000000000035e+01 2.052619999999999933e+01 2.027751669552313452e-01 6.729210830965375312e-01
2.807479999999999976e+00 1.509470000000000089e+00 1.476590000000000069e+00 8.255460000000000020e-01 1.105169999999999986e+00 2.359519999999999840e+00 8.624519545024377232e-01 8.629696063072767043e-01 -4.551970000000000183e-01 1.000000000000000000e+00 0.000000000000000000e+00 nan 0.000000000000000000e+00 7.265198707490000407e-01 3.356662917799999729e-02 1.241990246309999935e-01 3.933650000000000091e+00 9.374240000000000350e+00 1.639280000000000115e+01 2.077580000000000027e+01 2.027751669552313452e-01 6.729210830965375312e-01
2.855230000000000157e+00 1.513660000000000005e+00 1.462269999999999959e+00 8.176080000000000014e-01 1.317280000000000006e+00 2.453629999999999978e+00 8.833362072361123918e-01 8.815994861710607644e-01 -4.551970000000000183e-01 9.981223332032220785e-01 0.000000000000000000e+00 nan 0.000000000000000000e+00 7.265198707490000407e-01 3.356662917799999729e-02 1.241990246309999935e-01 3.933650000000000091e+00 9.374240000000000350e+00 1.639280000000000115e+01 2.077580000000000027e+01 2.029285184269107312e-01 6.740637168673793145e-01
2.804040000000000088e+00 1.509190000000000031e+00 1.455819999999999892e+00 9.278300000000000436e-01 1.168909999999999894e+00 2.357000000000000206e+00 9.024480044193672335e-01 8.986502697561860042e-01 -4.911400000000000210e-01 9.925106075279732654e-01 0.000000000000000000e+00 nan 0.000000000000000000e+00 6.943660083779999992e-01 3.918937057440000094e-02 1.335005901569999986e-01 4.473180000000000156e+00 1.235249999999999915e+01 1.925629999999999953e+01 2.499080000000000013e+01 2.029285184269107312e-01 6.740637168673793145e-01
2.561459999999999848e+00 1.486809999999999965e+00 1.438339999999999952e+00 8.715410000000000101e-01 1.349310000000000009e+00 2.235189999999999788e+00 9.197472264546782128e-01 9.141264331826175482e-01 -4.551970000000000183e-01 9.832284060684862714e-01 0.000000000000000000e+00 nan 0.000000000000000000e+00 6.943660083779999992e-01 3.918937057440000094e-02 1.335005901569999986e-01 4.473180000000000156e+00 1.235249999999999915e+01 1.925629999999999953e+01 2.499080000000000013e+01 2.028295819935691524e-01 6.586381609610151289e-01
2.239819999999999922e+00 1.454269999999999952e+00 1.432129999999999903e+00 7.377510000000000456e-01 8.837530000000000108e-01 2.178339999999999943e+00 9.352194352757342566e-01 9.280502936459046337e-01 -4.551970000000000183e-01 9.703808998762765148e-01 0.000000000000000000e+00 nan 0.000000000000000000e+00 6.843655057340000125e-01 4.393638456249999991e-02 1.267263439780000056e-01 6.000309999999999810e+00 1.452059999999999995e+01 2.228059999999999974e+01 2.819910000000000139e+01 2.028295819935691524e-01 6.586381609610151289e-01
1.845930000000000071e+00 1.408930000000000016e+00 1.412730000000000041e+00 3.141050000000000231e-01 8.017309999999999715e-01 1.933480000000000087e+00 9.488736473649196368e-01 9.404617565544380886e-01 -4.911400000000000210e-01 9.541136563301042539e-01 2.006529766363962519e-02 nan 0.000000000000000000e+00 6.843655057340000125e-01 4.393638456249999991e-02 1.267263439780000056e-01 6.000309999999999810e+00 1.452059999999999995e+01 2.228059999999999974e+01 2.819910000000000139e+01 2.052782587187732544e-01 6.157863876234721534e-01
1.618780000000000108e+00 1.379340000000000011e+00 1.402840000000000087e+00 5.106180000000000163e-01 1.005560000000000009e+00 1.588610000000000078e+00 9.607364138302439960e-01 9.514178633852273803e-01 -4.911400000000000210e-01 9.346109897994089311e-01 4.078422036789797200e-02 nan 0.000000000000000000e+00 6.624004712669999684e-01 4.985282510899999991e-02 1.326163767259999904e-01 5.620289999999999786e+00 1.538410000000000011e+01 2.393449999999999989e+01 3.077400000000000091e+01 2.052782587187732544e-01 6.157863876234721534e-01
1.458930000000000060e+00 1.356749999999999901e+00 1.388209999999999944e+00 4.328859999999999930e-01 1.050289999999999946e+00 1.482799999999999896e+00 9.708532873582939038e-01 9.609921453811730574e-01 -4.911400000000000210e-01 9.120938732888532741e-01 6.345661236112654091e-02 nan 0.000000000000000000e+00 6.624004712669999684e-01 4.985282510899999991e-02 1.326163767259999904e-01 5.620289999999999786e+00 1.538410000000000011e+01 2.393449999999999989e+01 3.077400000000000091e+01 2.068958694039080282e-01 5.549651947739538960e-01
1.417440000000000033e+00 1.350419999999999954e+00 1.380919999999999925e+00 6.316770000000000440e-01 1.042070000000000052e+00 1.384560000000000013e+00 9.792938924333116635e-01 9.692737904127044501e-01 -4.911400000000000210e-01 8.868174347258848123e-01 8.936018430406655888e-02 nan 0.000000000000000000e+00 6.451812273460000302e-01 4.940858169770000197e-02 1.455981905179999925e-01 4.780350000000000321e+00 1.493060000000000009e+01 2.236919999999999931e+01 3.237440000000000140e+01 2.068958694039080282e-01 5.549651947739538960e-01
1.323280000000000012e+00 1.335839999999999916e+00 1.363560000000000105e+00 5.937550000000000328e-01 1.061220000000000052e+00 1.211899999999999977e+00 9.861398103319377606e-01 9.763666324435688049e-01 -4.911400000000000210e-01 8.590680662593748185e-01 9.967073863387498900e-02 nan 2.628683051233315915e-03 6.451812273460000302e-01 4.940858169770000197e-02 1.455981905179999925e-01 4.780350000000000321e+00 1.493060000000000009e+01 2.236919999999999931e+01 3.237440000000000140e+01 2.259955478604995793e-01 5.349630899222708180e-01
1.228849999999999998e+00 1.320449999999999902e+00 1.344649999999999901e+00 3.582989999999999786e-01 8.430410000000000403e-01 1.130079999999999973e+00 9.914646251446544989e-01 9.823879750505324360e-01 -4.551970000000000183e-01 8.291601793221335948e-01 1.149903753543648488e-01 nan 5.342995186816135167e-03 6.248379322970000205e-01 5.713532118019999662e-02 1.569931877999999892e-01 4.452130000000000365e+00 1.222729999999999961e+01 2.369969999999999999e+01 3.515879999999999939e+01 2.259955478604995793e-01 5.349630899222708180e-01
1.164509999999999934e+00 1.309569999999999901e+00 1.331609999999999960e+00 2.163390000000000035e-01 7.622269999999999879e-01 1.006469999999999976e+00 9.953942378693961812e-01 9.874672623269841187e-01 -3.833099999999999841e-01 7.974326422237456580e-01 1.351455168600769197e-01 nan 8.313224363705851161e-03 6.248379322970000205e-01 5.713532118019999662e-02 1.569931877999999892e-01 4.452130000000000365e+00 1.222729999999999961e+01 2.369969999999999999e+01 3.515879999999999939e+01 2.763541924313629439e-01 5.123178927427720630e-01
1.040040000000000076e+00 1.287260000000000071e+00 1.308419999999999916e+00 2.858450000000000157e-01 7.448559999999999626e-01 8.192439999999999722e-01 9.980765340931631036e-01 9.917446122296335043e-01 -4.192529999999999868e-01 7.642449406372159304e-01 1.599077973441652700e-01 nan 1.170675889652272872e-02 5.786494231250000064e-01 7.191257000520000220e-02 1.790336566409999886e-01 4.964590000000000281e+00 1.688060000000000116e+01 2.672749999999999915e+01 3.732050000000000267e+01 2.763541924313629439e-01 5.123178927427720630e-01
8.443289999999999962e-01 1.248469999999999969e+00 1.271379999999999955e+00 2.564629999999999965e-01 7.316989999999999883e-01 5.985200000000000520e-01 9.995267031223785681e-01 9.953692289860730513e-01 -4.911400000000000210e-01 7.299731044826526238e-01 1.889966502742403964e-01 nan 1.568619088106004700e-02 5.786494231250000064e-01 7.191257000520000220e-02 1.790336566409999886e-01 4.964590000000000281e+00 1.688060000000000116e+01 2.672749999999999915e+01 3.732050000000000267e+01 2.920999257976749641e-01 4.631455504938883916e-01
6.513830000000000453e-01 1.204660000000000064e+00 1.228820000000000023e+00 2.697840000000000238e-01 8.025689999999999769e-01 3.991839999999999833e-01 1.000000000000000000e+00 9.984977125512611851e-01 -4.911400000000000210e-01 6.950054473580180581e-01 2.220824873232882801e-01 nan 2.040747396087050358e-02 5.410148481830000522e-01 8.344003859540000123e-02 2.030773175159999999e-01 9.139160000000000394e+00 2.197159999999999869e+01 3.145710000000000051e+01 3.987519999999999953e+01 2.920999257976749641e-01 4.631455504938883916e-01
4.908100000000000240e-01 1.162379999999999969e+00 1.184120000000000061e+00 2.736859999999999848e-01 7.786950000000000260e-01 2.196009999999999907e-01 9.997707590395460420e-01 9.999999999999998890e-01 -4.192529999999999868e-01 6.565421503365841405e-01 2.587904327371136626e-01 nan 2.601815631016846098e-02 5.410148481830000522e-01 8.344003859540000123e-02 2.030773175159999999e-01 9.139160000000000394e+00 2.197159999999999869e+01 3.145710000000000051e+01 3.987519999999999953e+01 2.888894385357407835e-01 4.343902695713620643e-01
3.198110000000000119e-01 1.109890000000000043e+00 1.135569999999999968e+00 4.610179999999999834e-02 6.181910000000000460e-01 9.024069999999999314e-02 9.989049538189537225e-01 1.000000000000000000e+00 -3.473660000000000081e-01 6.178774880539406045e-01 2.987045708264270960e-01 nan 3.265570885405943979e-02 5.067528444100000140e-01 9.747670129980000320e-02 2.331317042989999866e-01 6.483360000000000234e+00 2.283999999999999986e+01 3.237330000000000041e+01 3.794219999999999970e+01 2.888894385357407835e-01 4.343902695713620643e-01
1.897060000000000135e-01 1.062559999999999949e+00 1.097010000000000041e+00 3.038710000000000022e-02 5.655970000000000164e-01 -3.049479999999999812e-04 9.973573001287615591e-01 9.984977125512612961e-01 -3.473660000000000081e-01 5.792128257712971795e-01 3.413726584577964074e-01 nan 4.044596766802721621e-02 5.067528444100000140e-01 9.747670129980000320e-02 2.331317042989999866e-01 6.483360000000000234e+00 2.283999999999999986e+01 3.237330000000000041e+01 3.794219999999999970e+01 2.693544397724462192e-01 4.080315126366274026e-01
6.493809999999999860e-02 1.009540000000000104e+00 1.055109999999999992e+00 -2.501369999999999982e-02 3.675050000000000261e-01 -2.874029999999999987e-02 9.944492632540753441e-01 9.953692289860730513e-01 -3.473660000000000081e-01 5.407495287498633729e-01 3.863112491490553468e-01 nan 4.950170820491806012e-02 4.675304433679999816e-01 1.123675818059999970e-01 2.707064901260000100e-01 1.052020000000000088e+01 2.265970000000000084e+01 3.100939999999999941e+01 3.635099999999999909e+01 2.693544397724462192e-01 4.080315126366274026e-01
2.825530000000000055e-02 9.914290000000000047e-01 1.048899999999999944e+00 -3.991430000000000256e-01 2.918170000000000139e-02 -5.885930000000000328e-02 9.896055763626855351e-01 9.917446122296336153e-01 -4.551970000000000183e-01 5.026866807019778616e-01 4.330111707111221619e-01 nan 5.992136750399634781e-02 4.675304433679999816e-01 1.123675818059999970e-01 2.707064901260000100e-01 1.052020000000000088e+01 2.265970000000000084e+01 3.100939999999999941e+01 3.635099999999999909e+01 2.669651249072471089e-01 4.073489393050983010e-01
-1.255489999999999948e-03 9.759299999999999642e-01 1.048149999999999915e+00 -3.990920000000000023e-01 2.118530000000000066e-02 -6.897430000000000228e-02 9.831595033423708996e-01 9.874672623269842298e-01 -5.270839999999999970e-01 4.652188280930978914e-01 4.809432943723567222e-01 nan 7.178792885995655126e-02 4.465545475659999930e-01 1.244230265619999942e-01 2.850144195109999834e-01 8.243029999999999191e+00 2.526610000000000156e+01 3.534329999999999927e+01 3.890670000000000073e+01 2.669651249072471089e-01 4.073489393050983010e-01
-4.250879999999999936e-02 9.538849999999999829e-01 1.033900000000000041e+00 -3.613149999999999973e-01 1.106609999999999955e-01 -7.574549999999999339e-02 9.759567936235160612e-01 9.823879750505325470e-01 -5.270839999999999970e-01 4.285337758526085450e-01 5.295645300189727456e-01 nan 8.516798158903637894e-02 4.465545475659999930e-01 1.244230265619999942e-01 2.850144195109999834e-01 8.243029999999999191e+00 2.526610000000000156e+01 3.534329999999999927e+01 3.890670000000000073e+01 2.657333663121443923e-01 4.021499556477681203e-01
-1.140530000000000016e-01 9.100310000000000343e-01 1.002820000000000045e+00 -3.149700000000000277e-01 1.259220000000000061e-01 -8.289870000000000572e-02 9.684065357839253263e-01 9.763666324435688049e-01 -4.911400000000000210e-01 3.928104594689298956e-01 5.783239796230337237e-01 nan 1.001109665454549269e-01 3.802807085170000212e-01 1.379607583409999949e-01 3.521927557610000092e-01 8.803229999999999222e+00 2.772139999999999915e+01 3.876870000000000260e+01 4.116599999999999682e+01 2.657333663121443923e-01 4.021499556477681203e-01
-1.217609999999999942e-01 9.053529999999999633e-01 1.004860000000000086e+00 -3.468240000000000212e-01 1.252330000000000110e-01 -1.019319999999999948e-01 9.603683319065218216e-01 9.692737904127045612e-01 -4.911400000000000210e-01 3.582169175789340354e-01 6.266691791372385190e-01 nan 1.166486159367799980e-01 3.802807085170000212e-01 1.379607583409999949e-01 3.521927557610000092e-01 8.803229999999999222e+00 2.772139999999999915e+01 3.876870000000000260e+01 4.116599999999999682e+01 2.569774919614148390e-01 3.499887240088404017e-01
-1.567089999999999872e-01 8.810900000000000398e-01 9.920459999999999834e-01 -2.759519999999999751e-01 6.486899999999999611e-02 -1.119480000000000058e-01 9.517045126835013136e-01 9.609921453811731684e-01 -4.911400000000000210e-01 3.249083880230448917e-01 6.740523581333291991e-01 nan 1.347945937853365361e-01 3.462060478149999732e-01 1.437036176320000136e-01 3.966944923699999848e-01 9.487489999999999313e+00 2.394160000000000110e+01 3.313819999999999766e+01 4.154849999999999710e+01 2.569774919614148390e-01 3.499887240088404017e-01
-2.129900000000000126e-01 8.377459999999999907e-01 9.566249999999999476e-01 -3.098179999999999823e-01 5.732260000000000133e-02 -1.252969999999999917e-01 9.422844424219319892e-01 9.514178633852273803e-01 -5.270839999999999970e-01 2.930255489384759882e-01 7.199366462599225969e-01 nan 1.545443411093728736e-01 3.462060478149999732e-01 1.437036176320000136e-01 3.966944923699999848e-01 9.487489999999999313e+00 2.394160000000000110e+01 3.313819999999999766e+01 4.154849999999999710e+01 1.524610437793717521e-01 2.724820711740560952e-01
-2.546740000000000115e-01 8.022719999999999851e-01 9.230690000000000284e-01 -3.320379999999999998e-01 1.089590000000000003e-02 -1.465229999999999866e-01 9.319974918478176606e-01 9.404617565544381996e-01 -5.270839999999999970e-01 2.626929248197236166e-01 7.638021561981132024e-01 nan 1.758751275781469392e-01 3.933440733660000244e-01 1.552297476620000116e-01 3.379025272930000212e-01 5.140489999999999782e+00 1.925039999999999907e+01 3.386110000000000042e+01 3.724640000000000128e+01 1.524610437793717521e-01 2.724820711740560952e-01
-2.606049999999999756e-01 7.953700000000000214e-01 9.193470000000000253e-01 -4.702660000000000173e-01 -9.381680000000000574e-02 -1.825140000000000096e-01 9.207557066082208141e-01 9.280502936459047447e-01 -4.911400000000000210e-01 2.340174756062872730e-01 8.051518741925326461e-01 nan 1.987463090556556011e-01 3.933440733660000244e-01 1.552297476620000116e-01 3.379025272930000212e-01 5.140489999999999782e+00 1.925039999999999907e+01 3.386110000000000042e+01 3.724640000000000128e+01 1.546129112045510068e-01 2.962428397456137175e-01
-3.053790000000000115e-01 7.485579999999999457e-01 8.910500000000000087e-01 -4.933609999999999940e-01 -1.862739999999999951e-01 -2.252639999999999920e-01 9.084951784511176021e-01 9.141264331826175482e-01 -4.911400000000000210e-01 2.070873847838156090e-01 8.435172914157954560e-01 nan 2.230997881149360262e-01 3.816070409519999873e-01 1.916236035860000020e-01 3.070614949039999764e-01 9.372680000000000788e+00 2.284240000000000137e+01 3.014939999999999998e+01 3.685199999999999676e+01 1.546129112045510068e-01 2.962428397456137175e-01
-3.263070000000000137e-01 7.248970000000000136e-01 8.654760000000000231e-01 -4.432929999999999926e-01 -1.439519999999999966e-01 -2.682749999999999857e-01 8.951498873486594121e-01 8.986502697561861153e-01 -4.911400000000000210e-01 1.819710602299773328e-01 8.784637123607189624e-01 nan 2.488606723051276504e-01 3.816070409519999873e-01 1.916236035860000020e-01 3.070614949039999764e-01 9.372680000000000788e+00 2.284240000000000137e+01 3.014939999999999998e+01 3.685199999999999676e+01 1.410833539450903062e-01 2.817404116488505528e-01
-3.169839999999999880e-01 7.352800000000000447e-01 8.766939999999999733e-01 -4.501539999999999986e-01 -1.821699999999999986e-01 -3.248840000000000061e-01 8.806610392497459250e-01 8.815994861710608754e-01 -4.911400000000000210e-01 1.587163591258740070e-01 9.095951801141161086e-01 nan 2.759381227128664404e-01 3.713299517159999730e-01 2.162039827439999895e-01 2.818783952510000024e-01 9.788539999999999353e+00 2.799690000000000012e+01 3.794850000000000279e+01 3.971940000000000026e+01 1.410833539450903062e-01 2.817404116488505528e-01
-3.520249999999999768e-01 6.913169999999999593e-01 8.382570000000000299e-01 -2.667349999999999999e-01 -2.250369999999999870e-01 -3.380589999999999984e-01 8.649927163316470935e-01 8.629696063072767043e-01 -4.911400000000000210e-01 1.373500457150543808e-01 9.365589627068373613e-01 nan 3.042263832034701743e-01 3.713299517159999730e-01 2.162039827439999895e-01 2.818783952510000024e-01 9.788539999999999353e+00 2.799690000000000012e+01 3.794850000000000279e+01 3.971940000000000026e+01 1.326193420727181937e-01 2.894020717754424155e-01
-3.639820000000000277e-01 6.745400000000000285e-01 8.237520000000000397e-01 -5.274429999999999952e-01 -3.446310000000000207e-01 -3.565240000000000076e-01 8.481159800148948547e-01 8.427740458366808074e-01 -4.911400000000000210e-01 1.178774880539406045e-01 9.590495497079263298e-01 nan 3.336059786802029192e-01 3.155668957039999833e-01 2.862716291499999843e-01 2.389775792100000129e-01 1.303100000000000058e+01 3.417980000000000018e+01 4.282059999999999889e+01 4.692530000000000001e+01 1.326193420727181937e-01 2.894020717754424155e-01
-3.891399999999999859e-01 6.366979999999999862e-01 7.813179999999999570e-01 -6.301790000000000447e-01 -4.303560000000000163e-01 -3.841060000000000030e-01 8.300093467032179095e-01 8.210439602180094054e-01 -4.911400000000000210e-01 1.002825971896049717e-01 9.768121137798783105e-01 nan 3.639450687848601040e-01 3.155668957039999833e-01 2.862716291499999843e-01 2.389775792100000129e-01 1.303100000000000058e+01 3.417980000000000018e+01 4.282059999999999889e+01 4.692530000000000001e+01 1.223942616868661792e-01 2.934103107663164067e-01
-4.349000000000000088e-01 5.520620000000000527e-01 7.137289999999999468e-01 -7.006649999999999823e-01 -4.178410000000000180e-01 -4.282759999999999900e-01 8.106708752345483937e-01 7.978278916930916509e-01 -4.911400000000000210e-01 8.452800945403393662e-02 9.896453979741973717e-01 nan 3.951009417017086189e-01 3.063212881360000139e-01 3.047588518770000254e-01 1.744581941149999926e-01 1.570190000000000019e+01 4.151209999999999667e+01 5.317739999999999867e+01 5.358400000000000318e+01 1.223942616868661792e-01 2.934103107663164067e-01
-4.136130000000000084e-01 5.936789999999999567e-01 7.534960000000000546e-01 -8.220260000000000344e-01 -5.142430000000000057e-01 -4.632290000000000019e-01 7.901188587589373924e-01 7.731912192838532594e-01 -4.911400000000000210e-01 7.055550980941760475e-02 9.974039960530418636e-01 nan 4.269216311393828622e-01 3.063212881360000139e-01 3.047588518770000254e-01 1.744581941149999926e-01 1.570190000000000019e+01 4.151209999999999667e+01 5.317739999999999867e+01 5.358400000000000318e+01 1.077665100173138546e-01 3.007351946236073159e-01
-4.582590000000000274e-01 4.968980000000000063e-01 6.700739999999999474e-01 -8.482779999999999765e-01 -6.353339999999999543e-01 -4.920950000000000046e-01 7.683833370405157570e-01 7.472154180218735231e-01 -4.911400000000000210e-01 5.828669144778941824e-02 1.000000000000000000e+00 nan 4.592476381696897203e-01 2.761576293229999757e-01 2.670066857089999912e-01 1.287213737410000114e-01 1.822459999999999880e+01 4.770029999999999859e+01 5.579319999999999879e+01 5.708500000000000085e+01 1.077665100173138546e-01 3.007351946236073159e-01
-4.957050000000000067e-01 3.794429999999999747e-01 5.617640000000000411e-01 -8.024759999999999671e-01 -7.215219999999999967e-01 -5.248270000000000435e-01 7.455085302329909069e-01 7.199971358037224878e-01 -5.270839999999999970e-01 4.762384417148957105e-02 9.974039960530419746e-01 nan 4.919137384141963887e-01 2.761576293229999757e-01 2.670066857089999912e-01 1.287213737410000114e-01 1.822459999999999880e+01 4.770029999999999859e+01 5.579319999999999879e+01 5.708500000000000085e+01 1.064852832055404042e-01 3.082525220633559604e-01
-5.242189999999999905e-01 2.425499999999999878e-01 4.415439999999999920e-01 -1.027220000000000022e+00 -8.743260000000000476e-01 -5.501449999999999951e-01 7.215531313509282452e-01 6.916470983316733712e-01 -5.630270000000000552e-01 3.845106148874877228e-02 9.896453979741974827e-01 nan 5.247508541024589190e-01 2.497532653279999904e-01 1.707292237290000125e-01 1.113814760649999985e-01 1.771590000000000131e+01 4.598610000000000042e+01 5.784740000000000038e+01 5.539130000000000109e+01 1.064852832055404042e-01 3.082525220633559604e-01
-5.462169999999999526e-01 7.229019999999999890e-02 2.670170000000000043e-01 -8.296149999999999913e-01 -8.385380000000000056e-01 -5.648370000000000335e-01 6.965864777222343651e-01 6.622888545472525035e-01 -5.270839999999999970e-01 3.063555388055216877e-02 9.768121137798784215e-01 nan 5.575879697907215604e-01 2.497532653279999904e-01 1.707292237290000125e-01 1.113814760649999985e-01 1.771590000000000131e+01 4.598610000000000042e+01 5.784740000000000038e+01 5.539130000000000109e+01 4.509077417759089768e-01 7.589373505931171771e-01
-5.658619999999999761e-01 -2.893910000000000093e-01 -8.407499999999999696e-02 -9.709740000000000038e-01 -8.438189999999999857e-01 -5.737600000000000477e-01 6.706870397494164582e-01 6.320573767723647318e-01 -4.911400000000000210e-01 2.402915335895161597e-02 9.590495497079265519e-01 nan 5.902540700352281178e-01 1.936126123019999978e-01 1.329223410790000004e-01 1.129606495959999957e-01 2.372400000000000020e+01 5.521990000000000265e+01 6.364750000000000085e+01 6.433249999999999602e+01 4.509077417759089768e-01 7.589373505931171771e-01
-5.711610000000000298e-01 -6.089719999999999578e-01 -3.608890000000000153e-01 -9.978190000000000115e-01 -9.492580000000000462e-01 -5.777560000000000473e-01 6.439453320541695946e-01 6.010975314189530572e-01 -3.473660000000000081e-01 1.846999226957246609e-02 9.365589627068373613e-01 nan 6.225800770655349758e-01 1.936126123019999978e-01 1.329223410790000004e-01 1.129606495959999957e-01 2.372400000000000020e+01 5.521990000000000265e+01 6.364750000000000085e+01 6.433249999999999602e+01 4.849270343804106265e-01 7.949182866507298328e-01
-5.726050000000000306e-01 -8.030760000000000121e-01 -5.726710000000000411e-01 -8.523249999999999993e-01 -9.273550000000000404e-01 -5.776679999999999593e-01 6.164633517638599125e-01 5.695624375946659601e-01 -3.114230000000000054e-01 1.378433731681782959e-02 9.095951801141161086e-01 nan 6.544007665032094412e-01 1.122015604809999956e-01 1.013821008339999968e-01 1.167820858869999950e-01 2.222729999999999961e+01 5.880539999999999878e+01 6.891740000000000066e+01 6.623260000000000502e+01 4.849270343804106265e-01 7.949182866507298328e-01
-5.731519999999999948e-01 -8.775939999999999852e-01 -8.092709999999999626e-01 -9.437740000000000018e-01 -9.318800000000000416e-01 -5.771119999999999584e-01 5.883532504277968478e-01 5.376117322021848333e-01 -5.270839999999999970e-01 9.788558031527117009e-03 8.784637123607190734e-01 nan 6.855566394200578451e-01 1.122015604809999956e-01 1.013821008339999968e-01 1.167820858869999950e-01 2.222729999999999961e+01 5.880539999999999878e+01 6.891740000000000066e+01 6.623260000000000502e+01 4.940093989611674674e-01 6.668771518349796423e-01
-5.729570000000000496e-01 -8.313000000000000389e-01 -7.002789999999999848e-01 -9.651199999999999779e-01 -9.222890000000000255e-01 -5.760340000000000460e-01 5.597358532034326650e-01 5.054097611893285658e-01 -5.270839999999999970e-01 6.291207377567498149e-03 8.435172914157955670e-01 nan 7.158957295247150299e-01 7.938700605529999677e-02 9.178070423499999630e-02 1.395070674289999868e-01 1.997409999999999997e+01 4.192770000000000152e+01 5.115559999999999974e+01 5.479630000000000223e+01 4.940093989611674674e-01 6.668771518349796423e-01
-5.732730000000000325e-01 -9.242559999999999665e-01 -8.046659999999999924e-01 -8.663720000000000310e-01 -9.609849999999999781e-01 -5.756419999999999870e-01 5.307385819646908143e-01 4.731237174437957771e-01 -5.270839999999999970e-01 3.095190923250723536e-03 8.051518741925327571e-01 nan 7.452753250014476638e-01 7.938700605529999677e-02 9.178070423499999630e-02 1.395070674289999868e-01 1.997409999999999997e+01 4.192770000000000152e+01 5.115559999999999974e+01 5.479630000000000223e+01 5.480633193173386486e-01 7.066438139912498695e-01
-5.698579999999999757e-01 -4.007080000000000086e-01 -3.656789999999999763e-01 -8.981449999999999712e-01 -9.488750000000000240e-01 -5.734660000000000313e-01 5.014950951709968852e-01 4.409217464309395096e-01 -6.349139999999999784e-01 0.000000000000000000e+00 7.638021561981132024e-01 nan 7.735635854920516197e-01 6.797349041300000672e-02 9.159960250349999389e-02 1.528411532460000055e-01 1.327239999999999931e+01 3.503359999999999985e+01 4.129489999999999839e+01 4.462440000000000140e+01 5.480633193173386486e-01 7.066438139912498695e-01
-5.691950000000000065e-01 -3.620670000000000277e-01 -3.180580000000000074e-01 -1.060540000000000038e+00 -1.052229999999999999e+00 -5.742720000000000047e-01 4.721425675484023365e-01 4.089710410384583827e-01 -6.349139999999999784e-01 0.000000000000000000e+00 7.199366462599227079e-01 nan 8.006410358997904098e-01 6.797349041300000672e-02 9.159960250349999389e-02 1.528411532460000055e-01 1.327239999999999931e+01 3.503359999999999985e+01 4.129489999999999839e+01 4.462440000000000140e+01 4.945139747712095080e-01 6.554478071955858187e-01
-5.725970000000000226e-01 -7.103289999999999882e-01 -6.835250000000000492e-01 -8.517970000000000264e-01 -9.751800000000000468e-01 -5.771939999999999849e-01 4.428199764385928328e-01 3.774359472141712857e-01 -6.349139999999999784e-01 0.000000000000000000e+00 6.740523581333294212e-01 nan 8.264019200899820339e-01 6.096464036779999929e-02 9.926692382940000003e-02 8.756255293579999488e-02 1.801460000000000150e+01 3.341040000000000276e+01 3.712449999999999761e+01 3.706040000000000134e+01 4.945139747712095080e-01 6.554478071955858187e-01
-5.729180000000000383e-01 -7.971850000000000325e-01 -7.221750000000000114e-01 -1.043570000000000109e+00 -1.117329999999999934e+00 -5.784150000000000125e-01 4.136688372623750221e-01 3.464761018607595000e-01 -6.349139999999999784e-01 0.000000000000000000e+00 6.266691791372387410e-01 nan 8.507553991492624590e-01 6.096464036779999929e-02 9.926692382940000003e-02 8.756255293579999488e-02 1.801460000000000150e+01 3.341040000000000276e+01 3.712449999999999761e+01 3.706040000000000134e+01 4.260845906505069669e-01 6.463879241652007446e-01
-5.732880000000000198e-01 -9.234299999999999731e-01 -8.179830000000000156e-01 -1.005570000000000075e+00 -1.155380000000000074e+00 -5.783920000000000172e-01 3.848306538457474391e-01 3.162446240858718394e-01 -5.270839999999999970e-01 0.000000000000000000e+00 5.783239796230339458e-01 nan 8.736265806267711209e-01 7.031601256380000387e-02 9.465622691899999719e-02 5.453517731399999680e-02 1.302529999999999966e+01 3.131080000000000041e+01 3.350319999999999965e+01 3.607730000000000103e+01 4.260845906505069669e-01 6.463879241652007446e-01
-5.737510000000000110e-01 -1.239989999999999926e+00 -1.032240000000000046e+00 -9.457229999999999803e-01 -1.121240000000000014e+00 -5.785839999999999872e-01 3.564468039916519615e-01 2.868863803014509717e-01 -5.270839999999999970e-01 0.000000000000000000e+00 5.295645300189729676e-01 nan 8.949573670955451865e-01 7.031601256380000387e-02 9.465622691899999719e-02 5.453517731399999680e-02 1.302529999999999966e+01 3.131080000000000041e+01 3.350319999999999965e+01 3.607730000000000103e+01 3.958891911946573750e-01 6.092583404747944353e-01
-5.737389999999999990e-01 -1.257090000000000041e+00 -9.669459999999999722e-01 -1.034610000000000030e+00 -1.225030000000000063e+00 -5.781469999999999665e-01 3.286532768248704439e-01 2.585363428294018551e-01 -5.270839999999999970e-01 0.000000000000000000e+00 4.809432943723569442e-01 nan 9.147071144195815240e-01 7.841287102959999811e-02 7.671427269970000629e-02 4.915818890240000044e-02 1.417420000000000080e+01 2.436329999999999885e+01 2.580379999999999896e+01 2.410810000000000031e+01 3.958891911946573750e-01 6.092583404747944353e-01
-5.736430000000000140e-01 -1.110740000000000061e+00 -9.879339999999999788e-01 -1.061320000000000041e+00 -1.259039999999999937e+00 -5.774839999999999973e-01 3.015777181995700218e-01 2.313180606112507087e-01 -4.551970000000000183e-01 0.000000000000000000e+00 4.330111707111222730e-01 nan 9.302244092169045242e-01 7.841287102959999811e-02 7.671427269970000629e-02 4.915818890240000044e-02 1.417420000000000080e+01 2.436329999999999885e+01 2.580379999999999896e+01 2.410810000000000031e+01 5.521493940143458179e-01 7.812397576413633304e-01
-5.737860000000000182e-01 -1.278380000000000072e+00 -1.041830000000000034e+00 -1.167829999999999924e+00 -1.326310000000000100e+00 -5.766459999999999919e-01 2.753410278100599795e-01 2.053422593492710835e-01 -5.270839999999999970e-01 0.000000000000000000e+00 3.863112491490554579e-01 nan 9.440477464726469981e-01 1.002192242019999957e-01 6.413749064149999735e-02 4.617912548229999997e-02 6.902230000000000310e+00 1.626699999999999946e+01 1.957469999999999999e+01 2.184179999999999922e+01 5.521493940143458179e-01 7.812397576413633304e-01
-5.726809999999999956e-01 -7.407430000000000403e-01 -6.630650000000000155e-01 -1.087800000000000100e+00 -1.198499999999999899e+00 -5.758330000000000393e-01 2.500569522844353632e-01 1.807055869400325809e-01 -5.989710000000000312e-01 0.000000000000000000e+00 3.413726584577964074e-01 nan 9.560205022521758300e-01 1.002192242019999957e-01 6.413749064149999735e-02 4.617912548229999997e-02 6.902230000000000310e+00 1.626699999999999946e+01 1.957469999999999999e+01 2.184179999999999922e+01 6.111501360375959369e-01 7.653571482266624537e-01
-5.700889999999999569e-01 -4.143370000000000108e-01 -3.849679999999999769e-01 -1.062149999999999928e+00 -1.102870000000000017e+00 -5.752369999999999983e-01 2.258270219122072708e-01 1.574895184151148264e-01 -6.349139999999999784e-01 0.000000000000000000e+00 2.987045708264273181e-01 nan 9.660070204484386691e-01 9.499067043969999791e-02 4.933996667840000183e-02 4.101646090279999907e-02 1.196930000000000049e+01 1.889249999999999829e+01 1.785960000000000036e+01 1.799980000000000047e+01 6.111501360375959369e-01 7.653571482266624537e-01
-5.709260000000000446e-01 -4.853810000000000069e-01 -4.499170000000000114e-01 -1.136749999999999927e+00 -1.283689999999999998e+00 -5.762709999999999777e-01 2.027570629480461850e-01 1.357594327964435355e-01 -6.349139999999999784e-01 0.000000000000000000e+00 2.587904327371137736e-01 nan 9.765228328710949812e-01 9.499067043969999791e-02 4.933996667840000183e-02 4.101646090279999907e-02 1.196930000000000049e+01 1.889249999999999829e+01 1.785960000000000036e+01 1.799980000000000047e+01 1.000000000000000000e+00 1.000000000000000000e+00
-5.731300000000000283e-01 -8.689289999999999514e-01 -7.625520000000000076e-01 -1.103280000000000038e+00 -1.187910000000000021e+00 -5.764580000000000259e-01 1.809160749218419184e-01 1.155638723258475276e-01 -3.473660000000000081e-01 0.000000000000000000e+00 2.220824873232882801e-01 nan 9.849355212259456316e-01 6.134785240780000343e-02 4.871735521819999665e-02 4.131982350149999983e-02 1.032740000000000080e+01 1.788520000000000110e+01 2.054479999999999862e+01 2.179449999999999932e+01 1.000000000000000000e+00 1.000000000000000000e+00
-5.739849999999999675e-01 -1.642919999999999936e+00 -1.535749999999999948e+00 -1.200639999999999930e+00 -1.308820000000000094e+00 -5.774029999999999996e-01 1.603610215938163774e-01 9.693399246206346742e-02 -2.754789999999999739e-01 0.000000000000000000e+00 1.889966502742405074e-01 nan 9.913508085904281231e-01 6.134785240780000343e-02 4.871735521819999665e-02 4.131982350149999983e-02 1.032740000000000080e+01 1.788520000000000110e+01 2.054479999999999862e+01 2.179449999999999932e+01 7.453227801137769504e-01 7.638657104626163097e-01
-5.737849999999999895e-01 -1.212509999999999977e+00 -1.160269999999999913e+00 -1.206609999999999960e+00 -1.280319999999999903e+00 -5.778269999999999795e-01 1.411613502334608805e-01 7.988320887693811656e-02 -5.989710000000000312e-01 0.000000000000000000e+00 1.599077973441653810e-01 nan 9.958970493933217982e-01 3.980023397339999686e-02 4.959094091550000222e-02 3.911734922329999919e-02 1.228059999999999974e+01 2.071389999999999887e+01 1.914600000000000080e+01 1.712890000000000157e+01 7.453227801137769504e-01 7.638657104626163097e-01
-5.713449999999999918e-01 -5.410840000000000094e-01 -4.641100000000000225e-01 -1.204839999999999911e+00 -1.309579999999999966e+00 -5.778710000000000235e-01 1.233564630892576286e-01 6.440704545050668361e-02 -6.349139999999999784e-01 0.000000000000000000e+00 1.351455168600770307e-01 nan 9.987237751077824299e-01 3.980023397339999686e-02 4.959094091550000222e-02 3.911734922329999919e-02 1.228059999999999974e+01 2.071389999999999887e+01 1.914600000000000080e+01 1.712890000000000157e+01 5.951471679445955454e-01 7.329424323064663849e-01
-5.730330000000000146e-01 -8.211570000000000258e-01 -7.603879999999999528e-01 -1.227170000000000094e+00 -1.351699999999999902e+00 -5.778100000000000458e-01 1.069729564771720876e-01 5.048318498721959813e-02 -4.192529999999999868e-01 0.000000000000000000e+00 1.149903753543649598e-01 nan 1.000000000000000000e+00 3.373906168420000296e-02 3.916658949139999873e-02 3.837812751909999709e-02 1.593820000000000014e+01 2.678269999999999840e+01 2.520840000000000103e+01 2.565469999999999828e+01 5.951471679445955454e-01 7.329424323064663849e-01
-5.740079999999999627e-01 -1.807940000000000103e+00 -1.620270000000000099e+00 -1.106800000000000006e+00 -1.323039999999999994e+00 -5.787069999999999714e-01 9.202039411416362835e-02 3.916591895810883628e-02 5.512209999999999610e-01 0.000000000000000000e+00 9.967073863387498900e-02 nan 9.972836230787968104e-01 3.373906168420000296e-02 3.916658949139999873e-02 3.837812751909999709e-02 1.593820000000000014e+01 2.678269999999999840e+01 2.520840000000000103e+01 2.565469999999999828e+01 6.385951026465496172e-01 7.533053688752574528e-01
-5.740119999999999667e-01 -1.812810000000000032e+00 -1.582379999999999898e+00 -1.242450000000000054e+00 -1.494399999999999951e+00 -5.787870000000000514e-01 7.848683951984414264e-02 2.933965235934798965e-02 4.074470000000000036e-01 0.000000000000000000e+00 8.936018430406666990e-02 nan 9.933197341156820848e-01 2.938331252629999835e-02 3.330144361480000259e-02 3.319627258200000264e-02 2.636949999999999861e+01 2.899320000000000164e+01 2.387170000000000059e+01 2.295260000000000034e+01 6.385951026465496172e-01 7.533053688752574528e-01
-5.736289999999999445e-01 -1.096109999999999918e+00 -9.799649999999999750e-01 -1.150849999999999929e+00 -1.444229999999999903e+00 -5.786660000000000137e-01 6.634110353514421909e-02 2.100173679981920394e-02 -5.630270000000000552e-01 0.000000000000000000e+00 6.345661236112654091e-02 nan 9.881532455564974171e-01 2.938331252629999835e-02 3.330144361480000259e-02 3.319627258200000264e-02 2.636949999999999861e+01 2.899320000000000164e+01 2.387170000000000059e+01 2.295260000000000034e+01 6.987583477615632033e-01 7.554252552132666443e-01
-5.739649999999999475e-01 -1.597480000000000011e+00 -1.404269999999999907e+00 -1.256010000000000071e+00 -1.269560000000000022e+00 -5.787750000000000394e-01 5.553892769055424061e-02 1.413266027641590927e-02 -5.981829999999999786e-02 0.000000000000000000e+00 4.078422036789797200e-02 nan 9.818426957810425515e-01 3.927143941979999858e-02 3.079531356630000119e-02 4.308681022429999841e-02 1.282199999999999918e+01 2.792289999999999850e+01 2.484509999999999863e+01 2.762569999999999837e+01 6.987583477615632033e-01 7.554252552132666443e-01
-5.739309999999999690e-01 -1.493919999999999915e+00 -1.309369999999999923e+00 -1.078419999999999934e+00 -1.218920000000000003e+00 -5.788499999999999757e-01 4.602189369330667024e-02 8.696268252832983769e-03 1.206860000000000051e-02 0.000000000000000000e+00 2.006529766363962519e-02 nan 9.744595858398410471e-01 3.927143941979999858e-02 3.079531356630000119e-02 4.308681022429999841e-02 1.282199999999999918e+01 2.792289999999999850e+01 2.484509999999999863e+01 2.762569999999999837e+01 7.255107593371258323e-01 9.206080014433267733e-01
-5.735310000000000130e-01 -1.059309999999999974e+00 -8.760809999999999986e-01 -1.241710000000000091e+00 -1.381189999999999918e+00 -5.787609999999999699e-01 3.771245877339790553e-02 4.640173304911621166e-03 -5.270839999999999970e-01 0.000000000000000000e+00 0.000000000000000000e+00 nan 9.660875693186677937e-01 7.507476604399999920e-02 4.030306825970000201e-02 5.603202943010000131e-02 3.027430000000000021e+01 4.343979999999999819e+01 3.788530000000000086e+01 3.345559999999999690e+01 7.255107593371258323e-01 9.206080014433267733e-01
-5.738919999999999577e-01 -1.404579999999999940e+00 -1.226280000000000037e+00 -1.215270000000000072e+00 -1.403419999999999890e+00 -5.786759999999999682e-01 3.052632675428557096e-02 1.896348691086457983e-03 -5.270839999999999970e-01 0.000000000000000000e+00 0.000000000000000000e+00 nan 9.541071923744129935e-01 7.507476604399999920e-02 4.030306825970000201e-02 5.603202943010000131e-02 3.027430000000000021e+01 4.343979999999999819e+01 3.788530000000000086e+01 3.345559999999999690e+01 6.273509769972792638e-01 6.895313698074060360e-01
-5.739790000000000170e-01 -1.694590000000000041e+00 -1.349639999999999951e+00 -1.144700000000000051e+00 -1.428409999999999958e+00 -5.786639999999999562e-01 2.439360156512615507e-02 3.818991225504886344e-04 -2.754789999999999739e-01 0.000000000000000000e+00 0.000000000000000000e+00 nan 9.410818383181664970e-01 9.093920021170000256e-02 5.033071175579999917e-02 7.504120214930000421e-02 2.123160000000000025e+01 3.854330000000000211e+01 3.354840000000000089e+01 3.858550000000000324e+01 6.273509769972792638e-01 6.895313698074060360e-01
-5.738720000000000487e-01 -1.419340000000000046e+00 -1.116160000000000041e+00 -1.169960000000000111e+00 -1.354119999999999990e+00 -5.784359999999999502e-01 1.919818499179892779e-02 0.000000000000000000e+00 -3.473660000000000081e-01 0.000000000000000000e+00 0.000000000000000000e+00 nan 9.269580474180152407e-01 9.093920021170000256e-02 5.033071175579999917e-02 7.504120214930000421e-02 2.123160000000000025e+01 3.854330000000000211e+01 3.354840000000000089e+01 3.858550000000000324e+01 8.191689339599307340e-01 7.827221746124817248e-01
-5.729999999999999538e-01 -8.215170000000000528e-01 -7.292779999999999818e-01 -1.143550000000000066e+00 -1.352919999999999900e+00 -5.782950000000000035e-01 1.480663087558031776e-02 6.409944750341844966e-04 -5.270839999999999970e-01 0.000000000000000000e+00 0.000000000000000000e+00 nan 9.116948056704003989e-01 8.924309117110000578e-02 5.413855443079999830e-02 6.908514277209999721e-02 1.801989999999999981e+01 3.826769999999999783e+01 3.566290000000000049e+01 3.412169999999999703e+01 8.191689339599307340e-01 7.827221746124817248e-01
-5.738360000000000127e-01 -1.386980000000000102e+00 -1.040270000000000028e+00 -1.105269999999999975e+00 -1.322189999999999976e+00 -5.775740000000000318e-01 1.111675196844330582e-02 2.183635906064296250e-03 -5.270839999999999970e-01 0.000000000000000000e+00 0.000000000000000000e+00 nan 8.952640095051667135e-01 8.924309117110000578e-02 5.413855443079999830e-02 6.908514277209999721e-02 1.801989999999999981e+01 3.826769999999999783e+01 3.566290000000000049e+01 3.412169999999999703e+01 7.088498639624041253e-01 7.341421977658502129e-01
-5.731129999999999836e-01 -8.653349999999999653e-01 -7.411229999999999762e-01 -1.239170000000000105e+00 -1.397790000000000088e+00 -5.773300000000000098e-01 7.995994406006179389e-03 4.496461631209980325e-03 -5.989710000000000312e-01 0.000000000000000000e+00 0.000000000000000000e+00 nan 8.776507842102418966e-01 1.034066094329999935e-01 4.852844532100000080e-02 8.080205919879999976e-02 2.699330000000000140e+01 4.482030000000000314e+01 4.104410000000000025e+01 4.355579999999999785e+01 7.088498639624041253e-01 7.341421977658502129e-01
-5.736830000000000540e-01 -1.194050000000000056e+00 -9.351749999999999785e-01 -1.204020000000000090e+00 -1.372719999999999940e+00 -5.769950000000000356e-01 5.300737359431151319e-03 8.773662789468783529e-03 -5.989710000000000312e-01 0.000000000000000000e+00 0.000000000000000000e+00 nan 8.588536524680671080e-01 1.034066094329999935e-01 4.852844532100000080e-02 8.080205919879999976e-02 2.699330000000000140e+01 4.482030000000000314e+01 4.104410000000000025e+01 4.355579999999999785e+01 7.139995053178331830e-01 7.360636266594500210e-01
-5.718569999999999487e-01 -5.933610000000000273e-01 -5.427020000000000177e-01 -1.121050000000000102e+00 -1.284310000000000063e+00 -5.748339999999999561e-01 2.896379771936907765e-03 1.499372324936476542e-02 -6.349139999999999784e-01 0.000000000000000000e+00 0.000000000000000000e+00 nan 8.388845510941962402e-01 1.271886718609999967e-01 4.845903617100000282e-02 8.663750705330000579e-02 1.441319999999999979e+01 3.103989999999999938e+01 3.842219999999999658e+01 5.473590000000000089e+01 7.139995053178331830e-01 7.360636266594500210e-01
-5.717010000000000147e-01 -5.623329999999999718e-01 -5.601159999999999473e-01 -6.305150000000000476e-01 -8.502880000000000438e-01 -5.756719999999999615e-01 8.748306095907043556e-04 2.187756736609347552e-02 -6.349139999999999784e-01 0.000000000000000000e+00 0.000000000000000000e+00 nan 8.177686957884054975e-01 1.271886718609999967e-01 4.845903617100000282e-02 8.663750705330000579e-02 1.441319999999999979e+01 3.103989999999999938e+01 3.842219999999999658e+01 5.473590000000000089e+01 7.004551075933712623e-01 7.046742742020356554e-01
-5.727360000000000229e-01 -7.300940000000000207e-01 -7.354309999999999459e-01 -9.679940000000000211e-01 -1.041220000000000034e+00 -5.775080000000000213e-01 0.000000000000000000e+00 2.943088282824113389e-02 -6.349139999999999784e-01 0.000000000000000000e+00 0.000000000000000000e+00 nan 7.955442954307394565e-01 1.450412796420000039e-01 4.702052969949999800e-02 7.622199343940000427e-02 2.470009999999999906e+01 3.833970000000000056e+01 5.150480000000000302e+01 6.213430000000000319e+01 7.004551075933712623e-01 7.046742742020356554e-01
-5.723380000000000134e-01 -6.699920000000000320e-01 -6.060680000000000511e-01 -1.203570000000000029e+00 -1.291630000000000056e+00 -5.776040000000000063e-01 0.000000000000000000e+00 3.765177194654356629e-02 -5.989710000000000312e-01 0.000000000000000000e+00 0.000000000000000000e+00 nan 7.722621191596324985e-01 1.450412796420000039e-01 4.702052969949999800e-02 7.622199343940000427e-02 2.470009999999999906e+01 3.833970000000000056e+01 5.150480000000000302e+01 6.213430000000000319e+01 6.397724462033143045e-01 7.197810954249543869e-01
-5.738109999999999600e-01 -1.301590000000000025e+00 -1.075630000000000086e+00 -1.164760000000000018e+00 -1.335490000000000066e+00 -5.775209999999999511e-01 0.000000000000000000e+00 4.653077315546327863e-02 8.395560000000000522e-02 0.000000000000000000e+00 0.000000000000000000e+00 nan 7.479849211372842088e-01 1.859889346099999896e-01 3.668356053760000318e-02 8.525955745350000115e-02 2.302489999999999881e+01 5.131510000000000105e+01 5.822860000000000014e+01 7.412999999999999545e+01 6.397724462033143045e-01 7.197810954249543869e-01
-5.731270000000000531e-01 -8.733290000000000219e-01 -7.402760000000000451e-01 -1.159810000000000008e+00 -1.375709999999999988e+00 -5.777529999999999610e-01 0.000000000000000000e+00 5.605096821650801253e-02 1.206860000000000051e-02 0.000000000000000000e+00 0.000000000000000000e+00 nan 7.227867295199261743e-01 1.859889346099999896e-01 3.668356053760000318e-02 8.525955745350000115e-02 2.302489999999999881e+01 5.131510000000000105e+01 5.822860000000000014e+01 7.412999999999999545e+01 6.877368290873113743e-01 7.055823673567572785e-01
-5.728299999999999503e-01 -7.965740000000000043e-01 -7.539080000000000226e-01 -1.046529999999999960e+00 -7.648580000000000378e-01 -5.773009999999999531e-01 0.000000000000000000e+00 6.618817390863240835e-02 -2.395359999999999989e-01 0.000000000000000000e+00 0.000000000000000000e+00 nan 6.967520076892316228e-01 1.836222258240000071e-01 3.610977655429999794e-02 7.499467583499999646e-02 4.420669999999999789e+01 6.890670000000000073e+01 7.093980000000000530e+01 6.591200000000000614e+01 6.877368290873113743e-01 7.055823673567572785e-01
-5.730119999999999658e-01 -8.579360000000000319e-01 -7.239520000000000399e-01 -7.718979999999999730e-01 -6.630770000000000275e-01 -5.772110000000000296e-01 0.000000000000000000e+00 7.691121603379691418e-02 -2.395359999999999989e-01 0.000000000000000000e+00 0.000000000000000000e+00 nan 6.699746972484518226e-01 1.836222258240000071e-01 3.610977655429999794e-02 7.499467583499999646e-02 4.420669999999999789e+01 6.890670000000000073e+01 7.093980000000000530e+01 6.591200000000000614e+01 7.236359139253030204e-01 5.979161968337016742e-01
-5.623110000000000053e-01 -1.719179999999999875e-01 -5.243719999999999493e-01 1.561960000000000015e+00 1.336780000000000079e+00 -5.771920000000000384e-01 0.000000000000000000e+00 8.818228263308647286e-02 1.558430000000000093e-01 0.000000000000000000e+00 0.000000000000000000e+00 nan 6.425571536265132222e-01 1.893512822529999917e-01 3.539479265210000031e-02 5.513725404710000111e-02 2.744050000000000011e+01 6.945940000000000225e+01 6.756730000000000302e+01 6.077309999999999945e+01 7.236359139253030204e-01 5.979161968337016742e-01
-5.117129999999999734e-01 3.096180000000000043e-01 -7.952219999999999844e-01 2.341140000000000221e+00 1.974280000000000035e+00 -5.772509999999999586e-01 0.000000000000000000e+00 9.995735241131475934e-02 1.126319999999999988e+00 0.000000000000000000e+00 0.000000000000000000e+00 nan 6.146089863501090766e-01 1.893512822529999917e-01 3.539479265210000031e-02 5.513725404710000111e-02 2.744050000000000011e+01 6.945940000000000225e+01 6.756730000000000302e+01 6.077309999999999945e+01 7.738708879544893282e-01 5.752529580683474197e-01
-5.525020000000000486e-01 8.882360000000000385e-04 -4.805090000000000194e-01 1.649350000000000094e+00 1.547579999999999956e+00 -5.780750000000000055e-01 0.000000000000000000e+00 1.121866935158893908e-01 1.126319999999999988e+00 0.000000000000000000e+00 0.000000000000000000e+00 nan 5.862458171239647298e-01 1.722992731359999918e-01 4.408256461389999797e-02 4.173556171980000173e-02 3.733350000000000080e+01 7.202070000000000505e+01 7.086109999999999332e+01 -1.000000000000000000e+00 7.738708879544893282e-01 5.752529580683474197e-01
-5.720290000000000097e-01 -7.089490000000000514e-01 -9.115820000000000034e-01 7.205789999999999695e-01 7.056369999999999587e-01 -5.786510000000000264e-01 0.000000000000000000e+00 1.248154270185719561e-01 7.668819999999999526e-01 0.000000000000000000e+00 0.000000000000000000e+00 nan 5.575879697907216714e-01 1.722992731359999918e-01 4.408256461389999797e-02 4.173556171980000173e-02 3.733350000000000080e+01 7.202070000000000505e+01 7.086109999999999332e+01 -1.000000000000000000e+00 7.428988374969082153e-01 8.350217250763007915e-01
-5.732589999999999630e-01 -9.989350000000000174e-01 -9.410859999999999781e-01 8.728549999999999634e-04 -2.274090000000000139e-02 -5.787679999999999492e-01 0.000000000000000000e+00 1.377841487156648004e-01 5.512209999999999610e-01 0.000000000000000000e+00 0.000000000000000000e+00 nan 5.287591070137227511e-01 1.369730945750000095e-01 5.458374975119999889e-02 3.331170082800000154e-02 2.654599999999999937e+01 5.357789999999999964e+01 -1.000000000000000000e+00 -1.000000000000000000e+00 7.428988374969082153e-01 8.350217250763007915e-01
-5.737959999999999727e-01 -1.325120000000000076e+00 -1.164039999999999964e+00 -9.226389999999999592e-02 -3.641010000000000080e-01 -5.785230000000000095e-01 0.000000000000000000e+00 1.510296022013751793e-01 5.871640000000000192e-01 0.000000000000000000e+00 0.000000000000000000e+00 nan 4.998848291296223989e-01 1.369730945750000095e-01 5.458374975119999889e-02 3.331170082800000154e-02 2.654599999999999937e+01 5.357789999999999964e+01 -1.000000000000000000e+00 -1.000000000000000000e+00 8.310264654959189645e-01 8.982785320162975928e-01
-5.736830000000000540e-01 -1.183140000000000081e+00 -9.987909999999999844e-01 -4.437519999999999798e-01 -7.919009999999999661e-01 -5.786069999999999824e-01 0.000000000000000000e+00 1.644853955881688812e-01 8.395560000000000522e-02 0.000000000000000000e+00 0.000000000000000000e+00 nan 4.710912510463861613e-01 1.030423924840000033e-01 6.849408252270000608e-02 2.896781304860000100e-02 1.204269999999999996e+01 -1.000000000000000000e+00 -1.000000000000000000e+00 -1.000000000000000000e+00 8.310264654959189645e-01 8.982785320162975928e-01
-5.734609999999999985e-01 -9.878209999999999491e-01 -9.153780000000000250e-01 -8.561769999999999659e-01 -9.333719999999999795e-01 -5.774399999999999533e-01 0.000000000000000000e+00 1.780827537533850036e-01 -5.630270000000000552e-01 0.000000000000000000e+00 0.000000000000000000e+00 nan 4.425035733109891067e-01 1.030423924840000033e-01 6.849408252270000608e-02 2.896781304860000100e-02 1.204269999999999996e+01 -1.000000000000000000e+00 -1.000000000000000000e+00 -1.000000000000000000e+00 0.000000000000000000e+00 0.000000000000000000e+00
