-3.870089999999999919e-01 -1.471940000000000026e+00 -1.465149999999999952e+00 -7.101420000000000510e-01 -8.304740000000000455e-01 -3.959770000000000234e-01 0.000000000000000000e+00 1.404731507452405825e-01 3.439200000000000035e-01 1.122782024618385055e-02 nan nan 6.908270739934904148e-01 3.114020472979999940e-02 2.947158475530000168e-02 4.037519228059999882e-02 -1.000000000000000000e+00 -1.000000000000000000e+00 -1.000000000000000000e+00 -1.000000000000000000e+00 0.000000000000000000e+00 0.000000000000000000e+00
-3.857760000000000078e-01 -7.051269999999999483e-01 -7.378869999999999596e-01 -9.062059999999999560e-01 -1.010890000000000066e+00 -3.955069999999999975e-01 0.000000000000000000e+00 1.354059965785383568e-01 -6.050699999999999967e-01 1.581111958549108465e-02 nan nan 7.322172013722243467e-01 3.497844070140000011e-02 3.797661428230000163e-02 4.996766091689999745e-02 3.250129999999999963e+00 -1.000000000000000000e+00 -1.000000000000000000e+00 -1.000000000000000000e+00 0.000000000000000000e+00 0.000000000000000000e+00
-3.867559999999999887e-01 -1.117399999999999949e+00 -1.181519999999999904e+00 -7.689529999999999976e-01 -8.872409999999999464e-01 -3.955980000000000052e-01 8.161477374948322705e-04 1.306149353117712630e-01 1.541220000000000090e-01 2.118573057269923510e-02 nan nan 7.720462616943051248e-01 3.497844070140000011e-02 3.797661428230000163e-02 4.996766091689999745e-02 3.250129999999999963e+00 -1.000000000000000000e+00 -1.000000000000000000e+00 -1.000000000000000000e+00 0.000000000000000000e+00 0.000000000000000000e+00
-3.870179999999999731e-01 -1.535879999999999912e+00 -1.402870000000000061e+00 -6.642649999999999944e-01 -8.309999999999999609e-01 -3.960299999999999931e-01 3.581560498441715978e-03 1.263729317385950957e-01 1.541220000000000090e-01 2.756228381272640693e-02 nan nan 8.098629757913984317e-01 3.329092368750000142e-02 3.731737589220000123e-02 5.034949681530000165e-02 5.527890000000000192e+00 9.667279999999999873e+00 -1.000000000000000000e+00 -1.000000000000000000e+00 0.000000000000000000e+00 0.000000000000000000e+00
-3.864879999999999982e-01 -9.458820000000000006e-01 -1.007230000000000070e+00 -7.595610000000000417e-01 -8.438639999999999475e-01 -3.952849999999999975e-01 7.894341771900847959e-03 1.229467296096045104e-01 -7.948680000000000190e-01 3.514005750441018261e-02 nan nan 8.452388651819916499e-01 3.329092368750000142e-02 3.731737589220000123e-02 5.034949681530000165e-02 5.527890000000000192e+00 9.667279999999999873e+00 -1.000000000000000000e+00 -1.000000000000000000e+00 6.305749335115640175e-01 8.525603361483321541e-01
-3.868829999999999769e-01 -1.282620000000000093e+00 -1.230879999999999974e+00 -8.474739999999999496e-01 -9.923220000000000374e-01 -3.947220000000000173e-01 1.284823967120118926e-02 1.205938293190543797e-01 1.541220000000000090e-01 4.410471953888783769e-02 nan nan 8.777731069038015033e-01 3.762764657249999950e-02 4.097984306949999794e-02 4.517223645219999723e-02 4.488970000000000127e+00 1.115220000000000056e+01 1.047109999999999985e+01 -1.000000000000000000e+00 6.305749335115640175e-01 8.525603361483321541e-01
-3.870379999999999932e-01 -1.513039999999999941e+00 -1.578819999999999890e+00 -7.011290000000000022e-01 -8.108849999999999669e-01 -3.928340000000000165e-01 1.841087909069760720e-02 1.195595703224998640e-01 1.541220000000000090e-01 5.462622380819992518e-02 nan nan 9.070970749980964420e-01 3.762764657249999950e-02 4.097984306949999794e-02 4.517223645219999723e-02 4.488970000000000127e+00 1.115220000000000056e+01 1.047109999999999985e+01 -1.000000000000000000e+00 7.458076314335972956e-01 8.016045175490136288e-01
-3.853360000000000118e-01 -6.079649999999999777e-01 -6.474360000000000115e-01 -8.355489999999999862e-01 -9.174409999999999510e-01 -3.914279999999999982e-01 2.488426340360749833e-02 1.200743513427332543e-01 -7.948680000000000190e-01 6.685688455978422429e-02 nan nan 9.328785171891049721e-01 3.395441355099999836e-02 4.376845040249999902e-02 3.423152016940000236e-02 8.947369999999999379e+00 1.135249999999999915e+01 1.098160000000000025e+01 1.066060000000000052e+01 7.458076314335972956e-01 8.016045175490136288e-01
-3.850489999999999746e-01 -5.424719999999999542e-01 -6.371569999999999734e-01 -7.228879999999999750e-01 -7.826589999999999936e-01 -3.925370000000000248e-01 3.254501241989382621e-02 1.223510198601913679e-01 -7.948680000000000190e-01 8.092965061518986314e-02 nan nan 9.548253194350615480e-01 3.395441355099999836e-02 4.376845040249999902e-02 3.423152016940000236e-02 8.947369999999999379e+00 1.135249999999999915e+01 1.098160000000000025e+01 1.066060000000000052e+01 6.964135696747751902e-01 7.946998834406292511e-01
-3.834310000000000218e-01 -3.596039999999999792e-01 -4.016669999999999963e-01 -7.492609999999999548e-01 -8.238529999999999465e-01 -3.941439999999999944e-01 4.161960575287815267e-02 1.265824604659533392e-01 -7.948680000000000190e-01 9.695659900680531074e-02 nan nan 9.726888156970220356e-01 4.473674177240000160e-02 5.075041138059999818e-02 3.583268292570000041e-02 4.963470000000000049e+00 1.119449999999999967e+01 1.042500000000000071e+01 1.104289999999999949e+01 6.964135696747751902e-01 7.946998834406292511e-01
-3.860919999999999908e-01 -7.883639999999999537e-01 -8.433239999999999625e-01 -8.360149999999999526e-01 -9.218750000000000000e-01 -3.942649999999999766e-01 5.234887349118255706e-02 1.329394094022497974e-01 -2.254740000000000077e-01 1.150276651002989370e-01 nan nan 9.862666054244475511e-01 4.473674177240000160e-02 5.075041138059999818e-02 3.583268292570000041e-02 4.963470000000000049e+00 1.119449999999999967e+01 1.042500000000000071e+01 1.104289999999999949e+01 6.124176726958797667e-01 7.795312852338015519e-01
-3.870540000000000092e-01 -1.661829999999999918e+00 -1.458080000000000043e+00 -7.999500000000000499e-01 -9.294249999999999456e-01 -3.953130000000000255e-01 6.496433277923441274e-02 1.415685200526172194e-01 1.541220000000000090e-01 1.352096235909882038e-01 nan nan 9.954048468343168476e-01 6.319479121439999791e-02 4.477778103800000159e-02 5.895219182360000171e-02 7.245989999999999931e+00 1.057620000000000005e+01 9.221140000000000114e+00 1.102810000000000024e+01 6.124176726958797667e-01 7.795312852338015519e-01
-3.870759999999999756e-01 -1.730699999999999905e+00 -1.531619999999999981e+00 -6.946569999999999689e-01 -8.624319999999999764e-01 -3.952399999999999802e-01 7.962190098622212719e-02 1.525907013004612622e-01 7.235150000000000192e-01 1.575453319198607538e-01 nan nan 1.000000000000000000e+00 6.319479121439999791e-02 4.477778103800000159e-02 5.895219182360000171e-02 7.245989999999999931e+00 1.057620000000000005e+01 9.221140000000000114e+00 1.102810000000000024e+01 6.267921708416298587e-01 8.467387196254855253e-01
-3.856570000000000276e-01 -6.804959999999999898e-01 -7.009530000000000483e-01 -6.642249999999999543e-01 -8.276210000000000511e-01 -3.940600000000000214e-01 9.648953681985472652e-02 1.660997475830959802e-01 3.439200000000000035e-01 1.820532446816431893e-01 nan nan 1.000000000000000000e+00 5.821025623860000275e-02 4.178605444789999790e-02 7.780633052150000284e-02 1.150760000000000005e+01 1.131380000000000052e+01 1.151340000000000074e+01 1.603460000000000107e+01 6.267921708416298587e-01 8.467387196254855253e-01
-3.853449999999999931e-01 -6.245760000000000201e-01 -6.159160000000000190e-01 -7.435920000000000307e-01 -8.440119999999999845e-01 -3.943309999999999871e-01 1.157149785005321396e-01 1.821612761632903643e-01 -6.050699999999999967e-01 2.087272045268677712e-01 nan nan 9.954048468343168476e-01 5.821025623860000275e-02 4.178605444789999790e-02 7.780633052150000284e-02 1.150760000000000005e+01 1.131380000000000052e+01 1.151340000000000074e+01 1.603460000000000107e+01 7.900868410914778650e-01 8.637112884733262330e-01
-3.864569999999999950e-01 -9.655230000000000201e-01 -9.164999999999999813e-01 -8.109140000000000237e-01 -9.130279999999999507e-01 -3.954900000000000082e-01 1.374009281436848751e-01 2.008119836594618457e-01 -6.050699999999999967e-01 2.375365119271031222e-01 nan nan 9.862666054244475511e-01 4.157772352139999655e-02 4.382366193199999788e-02 9.561051529649999825e-02 7.105439999999999756e+00 1.443919999999999959e+01 1.684280000000000044e+01 2.652120000000000033e+01 7.900868410914778650e-01 8.637112884733262330e-01
-3.843230000000000257e-01 -4.578130000000000255e-01 -4.879899999999999793e-01 -7.658179999999999987e-01 -8.573349999999999582e-01 -3.947609999999999730e-01 1.616414033996873556e-01 2.220592302583264122e-01 -6.050699999999999967e-01 2.684262730128782470e-01 nan nan 9.726888156970220356e-01 4.157772352139999655e-02 4.382366193199999788e-02 9.561051529649999825e-02 7.105439999999999756e+00 1.443919999999999959e+01 1.684280000000000044e+01 2.652120000000000033e+01 6.781124246348356754e-01 7.079409644255719725e-01
-3.867410000000000014e-01 -1.198579999999999979e+00 -1.011679999999999913e+00 -7.852489999999999748e-01 -8.030159999999999521e-01 -3.954269999999999730e-01 1.885067923154345459e-01 2.458809563210422322e-01 1.482709999999999972e+00 3.013180215431575659e-01 nan nan 9.548253194350615480e-01 5.602625022180000164e-02 6.523873957310000193e-02 9.002533524570000001e-02 1.025089999999999968e+01 1.981680000000000064e+01 2.853729999999999833e+01 4.594819999999999993e+01 6.781124246348356754e-01 7.079409644255719725e-01
-3.871220000000000216e-01 -1.917569999999999997e+00 -1.847320000000000073e+00 -8.103139999999999787e-01 -9.427950000000000497e-01 -3.961819999999999786e-01 2.180299330030657234e-01 2.722259323277321785e-01 1.292910000000000004e+00 3.361106079592057760e-01 nan nan 9.328785171891053052e-01 5.602625022180000164e-02 6.523873957310000193e-02 9.002533524570000001e-02 1.025089999999999968e+01 1.981680000000000064e+01 2.853729999999999833e+01 4.594819999999999993e+01 6.548728017043318195e-01 7.504930747218614417e-01
-3.865500000000000047e-01 -9.865850000000000453e-01 -1.023970000000000047e+00 -6.280729999999999924e-01 -7.646279999999999744e-01 -3.950290000000000190e-01 2.502141264280379751e-01 3.010143393284143709e-01 -7.948680000000000190e-01 3.726813454495055966e-01 nan nan 9.070970749980967751e-01 7.990428105709999895e-02 6.368120372219999992e-02 8.656929119709999565e-02 2.012280000000000157e+01 3.535770000000000124e+01 5.418979999999999819e+01 6.749169999999999447e+01 6.548728017043318195e-01 7.504930747218614417e-01
-3.867619999999999947e-01 -1.150590000000000002e+00 -1.127580000000000027e+00 -7.031349999999999545e-01 -7.922900000000000498e-01 -3.927519999999999900e-01 2.850361747709408977e-01 3.321386733235998090e-01 -6.050699999999999967e-01 4.108874000403550664e-01 nan nan 8.777731069038015033e-01 7.990428105709999895e-02 6.368120372219999992e-02 8.656929119709999565e-02 2.012280000000000157e+01 3.535770000000000124e+01 5.418979999999999819e+01 6.749169999999999447e+01 6.844804619147740743e-01 7.953255563566145048e-01
-3.869790000000000174e-01 -1.476769999999999916e+00 -1.291819999999999968e+00 -8.325879999999999947e-01 -9.393850000000000255e-01 -3.910210000000000075e-01 3.223793960069445408e-01 3.654649633275619536e-01 -4.152719999999999745e-01 4.505674089618638689e-01 nan nan 8.452388651819916499e-01 1.493070001930000001e-01 5.681549308250000152e-02 1.102798486199999956e-01 1.408290000000000042e+01 5.706340000000000146e+01 7.037659999999999627e+01 9.062900000000000489e+01 6.844804619147740743e-01 7.953255563566145048e-01
-3.855199999999999738e-01 -6.332130000000000258e-01 -7.136519999999999531e-01 -7.875760000000000538e-01 -9.001869999999999594e-01 -3.905870000000000175e-01 3.610881623397361739e-01 4.008342893131386919e-01 -6.050699999999999967e-01 4.915433089526128896e-01 nan nan 8.098629757913984317e-01 1.493070001930000001e-01 5.681549308250000152e-02 1.102798486199999956e-01 1.408290000000000042e+01 5.706340000000000146e+01 7.037659999999999627e+01 9.062900000000000489e+01 6.785301530278345927e-01 8.333836200736197686e-01
-3.826649999999999774e-01 -2.892700000000000271e-01 -3.513350000000000084e-01 -8.357329999999999481e-01 -9.144689999999999763e-01 -3.839259999999999895e-01 3.999616975727778856e-01 4.380645828391398489e-01 -7.948680000000000190e-01 5.336223537875566247e-01 nan nan 7.720462616943051248e-01 2.296918426900000088e-01 5.336104268499999859e-02 1.283710221209999891e-01 4.186290000000000333e+01 7.724379999999999313e+01 1.062229999999999990e+02 1.139779999999999944e+02 6.785301530278345927e-01 8.333836200736197686e-01
-3.827090000000000214e-01 -2.998680000000000234e-01 -3.361919999999999908e-01 -7.978939999999999921e-01 -8.980489999999999862e-01 -3.837289999999999868e-01 4.397592922833559737e-01 4.769526899585376789e-01 -7.948680000000000190e-01 5.730490053480953305e-01 nan nan 7.360869614410108230e-01 2.296918426900000088e-01 5.336104268499999859e-02 1.283710221209999891e-01 4.186290000000000333e+01 7.724379999999999313e+01 1.062229999999999990e+02 1.139779999999999944e+02 6.867037052508457862e-01 9.020837766506489830e-01
-3.861530000000000240e-01 -8.300269999999999593e-01 -8.210490000000000288e-01 -5.139070000000000027e-01 -5.163790000000000324e-01 -3.650019999999999931e-01 4.811468448106893669e-01 5.172766730338624885e-01 -2.254740000000000077e-01 6.130424871689797994e-01 nan nan 6.986926511736522016e-01 3.122674421509999965e-01 5.552465112269999725e-02 1.443607284810000113e-01 3.389939999999999998e+01 1.347779999999999916e+02 1.559149999999999920e+02 1.438180000000000121e+02 6.867037052508457862e-01 9.020837766506489830e-01
-3.511059999999999737e-01 3.705709999999999837e-01 4.848979999999999957e-01 6.902289999999999814e-01 8.378229999999999844e-01 -1.737839999999999940e-01 5.236554176470165078e-01 5.570212795106035397e-01 -2.254740000000000077e-01 6.531496571205948065e-01 nan nan 6.605829833826011299e-01 3.122674421509999965e-01 5.552465112269999725e-02 1.443607284810000113e-01 3.389939999999999998e+01 1.347779999999999916e+02 1.559149999999999920e+02 1.438180000000000121e+02 1.104845185216127845e-01 6.226874716144583655e-01
-3.535960000000000214e-01 2.808120000000000061e-01 4.994720000000000271e-01 9.467370000000000507e-01 1.244499999999999940e+00 5.607909999999999805e-03 5.668033716765377150e-01 5.958768497355946270e-01 -4.152719999999999745e-01 6.929160849413765755e-01 nan nan 6.224857158448162675e-01 4.233214922829999782e-01 5.500165506819999772e-02 1.519840824719999872e-01 7.778520000000000323e+01 1.561889999999999930e+02 1.726090000000000089e+02 1.576839999999999975e+02 1.104845185216127845e-01 6.226874716144583655e-01
-2.939689999999999803e-01 6.650530000000000053e-01 8.407790000000000541e-01 1.286170000000000035e+00 1.149820000000000064e+00 6.707729999999999526e-01 6.101018233390513856e-01 6.351849260393643837e-01 3.439200000000000035e-01 7.318912011142574281e-01 nan nan 5.851284658374309444e-01 4.233214922829999782e-01 5.500165506819999772e-02 1.519840824719999872e-01 7.778520000000000323e+01 1.561889999999999930e+02 1.726090000000000089e+02 1.576839999999999975e+02 1.498995131143507908e-01 8.207208895353822475e-01
1.749339999999999895e+00 1.709870000000000001e+00 1.844479999999999897e+00 1.800200000000000022e+00 1.971070000000000100e+00 1.005179999999999962e+00 6.530601838760371480e-01 6.744469950496660982e-01 7.235150000000000192e-01 7.696334019993321673e-01 nan nan 5.492304659432634129e-01 5.158644794810000045e-01 5.284313315729999988e-02 1.440877704609999921e-01 3.162750000000000128e+01 1.113829999999999956e+02 1.333799999999999955e+02 1.288290000000000077e+02 1.498995131143507908e-01 8.207208895353822475e-01
1.222089999999999899e+00 1.607480000000000020e+00 1.641250000000000098e+00 1.863560000000000105e+00 1.816619999999999902e+00 1.752839999999999954e+00 6.965519776134692087e-01 7.131650646752725198e-01 1.541220000000000090e-01 8.057150533795549574e-01 nan nan 5.154944148582625285e-01 5.158644794810000045e-01 5.284313315729999988e-02 1.440877704609999921e-01 3.162750000000000128e+01 1.113829999999999956e+02 1.333799999999999955e+02 1.288290000000000077e+02 1.563557374994777316e-01 8.779207332759535465e-01
2.726360000000000117e+00 1.836750000000000105e+00 2.056649999999999867e+00 2.217670000000000030e+00 2.102770000000000028e+00 2.350260000000000016e+00 7.387838880424156818e-01 7.515647223138312016e-01 3.439200000000000035e-01 8.397273357272909688e-01 nan nan 4.806026984231229759e-01 6.100064649130000349e-01 5.267627396690000019e-02 1.361859342610000079e-01 2.956019999999999825e+01 7.177450000000000330e+01 9.273139999999999361e+01 1.104350000000000023e+02 1.563557374994777316e-01 8.779207332759535465e-01
3.042899999999999938e+00 1.870549999999999935e+00 1.744669999999999943e+00 1.977800000000000002e+00 1.825669999999999904e+00 3.203570000000000029e+00 7.780211839578378141e-01 7.885161012366030953e-01 5.337169999999999970e-01 8.712848762929225055e-01 nan nan 4.488204137958636819e-01 6.100064649130000349e-01 5.267627396690000019e-02 1.361859342610000079e-01 2.956019999999999825e+01 7.177450000000000330e+01 9.273139999999999361e+01 1.104350000000000023e+02 1.659124348459742881e-01 9.025570013434499606e-01
3.208709999999999951e+00 1.888009999999999966e+00 1.926670000000000105e+00 2.138490000000000002e+00 1.790720000000000089e+00 4.059989999999999988e+00 8.152238611573174865e-01 8.236005275553714977e-01 3.439200000000000035e-01 9.000301155320872271e-01 nan nan 4.205076669608678319e-01 6.713565428219999687e-01 5.866370510669999955e-02 1.269328976409999921e-01 1.968039999999999878e+01 5.195859999999999701e+01 6.860729999999999507e+01 9.051359999999999673e+01 1.659124348459742881e-01 9.025570013434499606e-01
3.090949999999999864e+00 1.875459999999999905e+00 1.779889999999999972e+00 1.906330000000000080e+00 1.826419999999999932e+00 3.850260000000000016e+00 8.499703984427491310e-01 8.564204807009192510e-01 5.337169999999999970e-01 9.256373583981905018e-01 nan nan 3.959852526529757943e-01 6.713565428219999687e-01 5.866370510669999955e-02 1.269328976409999921e-01 1.968039999999999878e+01 5.195859999999999701e+01 6.860729999999999507e+01 9.051359999999999673e+01 1.704795986094285176e-01 8.808458335583002619e-01
3.152620000000000200e+00 1.878560000000000008e+00 1.819010000000000016e+00 1.787809999999999899e+00 1.900500000000000078e+00 4.043190000000000062e+00 8.818671036626771764e-01 8.866040974899194183e-01 5.337169999999999970e-01 9.478164645974245239e-01 nan nan 3.755310196249557197e-01 7.000692886399999537e-01 5.769381238020000052e-02 1.026152930040000050e-01 9.245639999999999858e+00 2.616900000000000048e+01 4.100930000000000319e+01 6.561579999999999302e+01 1.704795986094285176e-01 8.808458335583002619e-01
3.408079999999999998e+00 1.902539999999999898e+00 1.828789999999999916e+00 1.916390000000000038e+00 1.922919999999999963e+00 3.320250000000000146e+00 9.105525744016825795e-01 9.138093854833913010e-01 7.235150000000000192e-01 9.663161359942308293e-01 nan nan 3.593767225101115459e-01 7.000692886399999537e-01 5.769381238020000052e-02 1.026152930040000050e-01 9.245639999999999858e+00 2.616900000000000048e+01 4.100930000000000319e+01 6.561579999999999302e+01 1.682609966999456530e-01 8.869755225321649394e-01
3.759100000000000108e+00 1.933270000000000044e+00 1.906910000000000105e+00 1.738790000000000058e+00 1.991610000000000102e+00 3.135089999999999932e+00 9.357017928141605490e-01 9.377280978976874071e-01 5.337169999999999970e-01 9.809267639195897726e-01 nan nan 3.477053959496843039e-01 7.043055288509999512e-01 5.367063607010000292e-02 8.454033379660000347e-02 7.324930000000000163e+00 1.565179999999999971e+01 2.411210000000000164e+01 4.378580000000000183e+01 1.682609966999456530e-01 8.869755225321649394e-01
3.529959999999999987e+00 1.914630000000000054e+00 1.864419999999999966e+00 1.855339999999999989e+00 2.017749999999999932e+00 3.313070000000000181e+00 9.570298082063795064e-01 9.580892261637212748e-01 5.337169999999999970e-01 9.914828041209964304e-01 nan nan 3.406492807372288878e-01 7.043055288509999512e-01 5.367063607010000292e-02 8.454033379660000347e-02 7.324930000000000163e+00 1.565179999999999971e+01 2.411210000000000164e+01 4.378580000000000183e+01 1.653276150957758706e-01 8.723595491343798525e-01
3.265880000000000116e+00 1.889769999999999950e+00 1.867580000000000018e+00 1.907049999999999912e+00 2.175120000000000164e+00 3.112680000000000113e+00 9.742949656417029258e-01 9.746620705623445513e-01 5.337169999999999970e-01 9.978646524449891198e-01 nan nan 3.382883254775832516e-01 7.119394729660000198e-01 4.681870994520000162e-02 7.401112527519999873e-02 7.543020000000000280e+00 1.955079999999999885e+01 2.209069999999999823e+01 2.989140000000000086e+01 1.653276150957758706e-01 8.723595491343798525e-01
3.036220000000000141e+00 1.867059999999999942e+00 1.852470000000000061e+00 2.009949999999999903e+00 2.109480000000000022e+00 2.339910000000000156e+00 9.873016439875821337e-01 9.872588541443482191e-01 7.235150000000000192e-01 1.000000000000000000e+00 nan nan 3.406492807372288878e-01 7.119394729660000198e-01 4.681870994520000162e-02 7.401112527519999873e-02 7.543020000000000280e+00 1.955079999999999885e+01 2.209069999999999823e+01 2.989140000000000086e+01 1.636520600971914652e-01 8.840377182312193494e-01
2.472100000000000186e+00 1.805139999999999967e+00 1.771579999999999933e+00 2.008879999999999999e+00 2.169610000000000039e+00 1.565110000000000001e+00 9.959024723811530366e-01 9.957368503183288144e-01 5.337169999999999970e-01 9.978646524449891198e-01 nan nan 3.477053959496841928e-01 7.439088668700000184e-01 3.951449836660000242e-02 6.266376961120000144e-02 8.923019999999999285e+00 1.856980000000000075e+01 2.058399999999999963e+01 1.971229999999999905e+01 1.636520600971914652e-01 8.840377182312193494e-01
1.296959999999999891e+00 1.623199999999999976e+00 1.586940000000000017e+00 2.403579999999999828e+00 2.011950000000000127e+00 7.564520000000000133e-01 1.000000000000000000e+00 9.999999999999998890e-01 1.292910000000000004e+00 9.914828041209964304e-01 nan nan 3.593767225101115459e-01 7.439088668700000184e-01 3.951449836660000242e-02 6.266376961120000144e-02 8.923019999999999285e+00 1.856980000000000075e+01 2.058399999999999963e+01 1.971229999999999905e+01 1.598692974272573064e-01 8.518362070882070647e-01
6.553449999999999553e-01 1.458020000000000094e+00 1.472320000000000073e+00 2.357769999999999921e+00 1.950660000000000061e+00 2.330659999999999954e-01 9.995478002189125410e-01 1.000000000000000000e+00 1.672500000000000098e+00 9.809267639195897726e-01 nan nan 3.755310196249557197e-01 7.296309888659999743e-01 4.612154714510000031e-02 6.676047777549999618e-02 6.602769999999999584e+00 1.849470000000000169e+01 2.163250000000000028e+01 2.350600000000000023e+01 1.598692974272573064e-01 8.518362070882070647e-01
2.040420000000000011e-01 1.262869999999999937e+00 1.279420000000000002e+00 2.102590000000000181e+00 1.594689999999999941e+00 1.801399999999999876e-02 9.945509966421000048e-01 9.957368503183288144e-01 1.103110000000000035e+00 9.663161359942308293e-01 nan nan 3.921154925841894290e-01 7.296309888659999743e-01 4.612154714510000031e-02 6.676047777549999618e-02 6.602769999999999584e+00 1.849470000000000169e+01 2.163250000000000028e+01 2.350600000000000023e+01 1.547126724870155901e-01 8.919809058600461915e-01
1.425819999999999865e-01 1.226860000000000062e+00 1.425329999999999986e+00 2.274220000000000130e+00 1.689570000000000016e+00 -1.584270000000000123e-01 9.850662050507094092e-01 9.872588541443482191e-01 2.052099999999999813e+00 9.478164645974245239e-01 nan nan 4.126420897807062671e-01 7.156248066699999466e-01 6.004846546670000035e-02 6.780736759250000079e-02 9.004009999999999181e+00 1.584820000000000029e+01 2.303190000000000026e+01 2.981599999999999895e+01 1.547126724870155901e-01 8.919809058600461915e-01
-2.086939999999999976e-02 1.098170000000000091e+00 1.198590000000000044e+00 1.780129999999999990e+00 1.302319999999999922e+00 -1.849200000000000010e-01 9.712008919234013105e-01 9.746620705623445513e-01 2.241899999999999782e+00 9.256373583981905018e-01 nan nan 4.365822766532223564e-01 7.156248066699999466e-01 6.004846546670000035e-02 6.780736759250000079e-02 9.004009999999999181e+00 1.584820000000000029e+01 2.303190000000000026e+01 2.981599999999999895e+01 1.641208441826679243e-01 8.722706210041891728e-01
-1.825930000000000053e-01 9.191810000000000258e-01 1.075120000000000076e+00 1.293449999999999989e+00 1.198430000000000106e+00 -2.476609999999999923e-01 9.531121567982063780e-01 9.580892261637212748e-01 7.235150000000000192e-01 9.000301155320872271e-01 nan nan 4.633688413054239952e-01 6.761855943640000532e-01 7.002041114029999846e-02 6.624078797179999700e-02 9.402850000000000819e+00 1.863569999999999993e+01 2.477299999999999969e+01 3.751760000000000161e+01 1.641208441826679243e-01 8.722706210041891728e-01
8.199510000000000132e-02 1.183680000000000065e+00 1.125019999999999909e+00 1.627070000000000016e+00 1.021770000000000067e+00 -2.332660000000000011e-01 9.310049522719848758e-01 9.377280978976875181e-01 1.541220000000000090e-01 8.712848762929226165e-01 nan nan 4.924023212433988883e-01 6.761855943640000532e-01 7.002041114029999846e-02 6.624078797179999700e-02 9.402850000000000819e+00 1.863569999999999993e+01 2.477299999999999969e+01 3.751760000000000161e+01 1.483028623677773439e-01 8.796707118379220036e-01
-1.821460000000000024e-01 9.157170000000000032e-01 1.051600000000000090e+00 1.031639999999999890e+00 8.085459999999999869e-01 -2.414910000000000112e-01 9.051297618056093341e-01 9.138093854833914120e-01 3.439200000000000035e-01 8.397273357272911909e-01 nan nan 5.230577955252249112e-01 5.789104543799999947e-01 8.159598171620000007e-02 6.492085962389999854e-02 1.310210000000000008e+01 2.809029999999999916e+01 4.246320000000000050e+01 5.006009999999999849e+01 1.483028623677773439e-01 8.796707118379220036e-01
-7.083230000000000082e-02 1.052820000000000089e+00 1.164690000000000003e+00 7.090699999999999781e-01 7.902599999999999625e-01 -2.884399999999999742e-01 8.789668008178574965e-01 8.866040974899195293e-01 5.337169999999999970e-01 8.057150533795549574e-01 nan nan 5.546919653649480253e-01 5.789104543799999947e-01 8.159598171620000007e-02 6.492085962389999854e-02 1.310210000000000008e+01 2.809029999999999916e+01 4.246320000000000050e+01 5.006009999999999849e+01 1.474952541413128149e-01 8.926605708550756635e-01
-2.210119999999999862e-01 8.537400000000000544e-01 9.910689999999999777e-01 1.277849999999999930e+00 1.095809999999999951e+00 -3.602899999999999991e-01 8.510630257404295795e-01 8.564204807009192510e-01 3.439200000000000035e-01 7.696334019993322784e-01 nan nan 5.866504429648763397e-01 4.245285672269999977e-01 7.382839199950000375e-02 7.208413913769999570e-02 1.569759999999999955e+01 4.685520000000000351e+01 5.239050000000000296e+01 5.650860000000000127e+01 1.474952541413128149e-01 8.926605708550756635e-01
-2.099739999999999940e-01 8.502439999999999998e-01 9.197999999999999510e-01 1.268150000000000110e+00 7.637479999999999825e-01 -3.703000000000000180e-01 8.175506552038567243e-01 8.236005275553716087e-01 3.439200000000000035e-01 7.318912011142575391e-01 nan nan 6.182751659908083397e-01 4.245285672269999977e-01 7.382839199950000375e-02 7.208413913769999570e-02 1.569759999999999955e+01 4.685520000000000351e+01 5.239050000000000296e+01 5.650860000000000127e+01 1.508788541246036674e-01 8.656645313328737990e-01
-3.788020000000000276e-01 -1.758359999999999923e-01 -4.226840000000000042e-01 2.367110000000000047e-01 -2.990929999999999978e-02 -3.871829999999999994e-01 7.809018479561264936e-01 7.885161012366032063e-01 5.337169999999999970e-01 6.929160849413766865e-01 nan nan 6.489118536812270577e-01 2.363520070160000097e-01 5.811582823389999791e-02 7.946109987310000233e-02 2.975430000000000064e+01 5.723409999999999798e+01 6.672180000000000177e+01 6.340890000000000271e+01 1.508788541246036674e-01 8.656645313328737990e-01
-3.845279999999999809e-01 -4.663939999999999753e-01 -6.392170000000000352e-01 -2.625239999999999796e-01 -3.642960000000000087e-01 -3.866350000000000064e-01 7.428717605482717534e-01 7.515647223138313127e-01 -2.254740000000000077e-01 6.531496571205949175e-01 nan nan 6.779174201097660779e-01 2.363520070160000097e-01 5.811582823389999791e-02 7.946109987310000233e-02 2.975430000000000064e+01 5.723409999999999798e+01 6.672180000000000177e+01 6.340890000000000271e+01 1.507442527535263199e-01 7.948459796545142009e-01
-3.762340000000000129e-01 2.957169999999999851e-03 -3.765269999999999728e-02 -3.508950000000000125e-01 -3.911290000000000044e-01 -3.904159999999999853e-01 7.038912890666755295e-01 7.131650646752726308e-01 -7.948680000000000190e-01 6.130424871689799105e-01 nan nan 7.046672606057186039e-01 1.953332576930000009e-01 6.001633160420000168e-02 9.864150076529999700e-02 2.690480000000000160e+01 6.082950000000000301e+01 7.095390000000000441e+01 7.026090000000000657e+01 1.507442527535263199e-01 7.948459796545142009e-01
-3.807929999999999926e-01 -1.868059999999999998e-01 -2.264180000000000081e-01 -4.986400000000000277e-01 -4.100440000000000196e-01 -3.927050000000000263e-01 6.644020978290303692e-01 6.737522117856968862e-01 -7.948680000000000190e-01 5.730490053480954415e-01 nan nan 7.364279059546985362e-01 1.953332576930000009e-01 6.001633160420000168e-02 9.864150076529999700e-02 2.690480000000000160e+01 6.082950000000000301e+01 7.095390000000000441e+01 7.026090000000000657e+01 1.634292716209254648e-01 7.643055189432796936e-01
-3.862619999999999942e-01 -9.338400000000000034e-01 -8.011319999999999553e-01 -5.394949999999999468e-01 -4.178629999999999844e-01 -3.940859999999999919e-01 6.248516151511390726e-01 6.337727270169197791e-01 -3.567630000000000107e-02 5.336223537875566247e-01 nan nan 7.652698781868649824e-01 1.571454650399999875e-01 6.381695836480000272e-02 9.626246031690000038e-02 1.736779999999999902e+01 5.133379999999999654e+01 6.666450000000000387e+01 6.782019999999999982e+01 1.634292716209254648e-01 7.643055189432796936e-01
-3.867389999999999994e-01 -1.189570000000000016e+00 -1.145229999999999970e+00 -2.240340000000000109e-01 -3.236490000000000200e-01 -3.896669999999999856e-01 5.856879638053131831e-01 5.936795939063632677e-01 1.292910000000000004e+00 4.915433089526130006e-01 nan nan 7.911623462451953248e-01 1.571454650399999875e-01 6.381695836480000272e-02 9.626246031690000038e-02 1.736779999999999902e+01 5.133379999999999654e+01 6.666450000000000387e+01 6.782019999999999982e+01 5.460081410622368292e-01 7.797980696243739240e-01
-3.869779999999999887e-01 -1.395629999999999926e+00 -1.523970000000000047e+00 -5.047660000000000480e-01 -4.487329999999999930e-01 -3.820410000000000195e-01 5.473548836103019344e-01 5.539270836725729286e-01 9.133130000000000415e-01 4.505674089618640910e-01 nan nan 8.141078981335181375e-01 1.085097873410000024e-01 6.553367263720000224e-02 8.088028136750000097e-02 1.682130000000000081e+01 3.635499999999999687e+01 4.981660000000000110e+01 6.020089999999999719e+01 5.460081410622368292e-01 7.797980696243739240e-01
-3.834500000000000131e-01 -3.623020000000000129e-01 -4.021540000000000115e-01 -6.953139999999999876e-01 -6.856379999999999697e-01 -3.743879999999999986e-01 5.102867036818363733e-01 5.131306795127057452e-01 -4.152719999999999745e-01 4.108874000403552884e-01 nan nan 8.341425115933962520e-01 1.085097873410000024e-01 6.553367263720000224e-02 8.088028136750000097e-02 1.682130000000000081e+01 3.635499999999999687e+01 4.981660000000000110e+01 6.020089999999999719e+01 6.170080435922784545e-01 7.723344586976474968e-01
-3.727329999999999810e-01 1.080509999999999943e-01 7.255979999999999375e-02 -7.173969999999999514e-01 -7.402910000000000323e-01 -3.669890000000000096e-01 4.749034213101992474e-01 4.715588212069400376e-01 -7.948680000000000190e-01 3.726813454495055966e-01 nan nan 8.513351464619387521e-01 7.812336248310000619e-02 5.989095370730000006e-02 7.686883473040000136e-02 9.349180000000000490e+00 2.577789999999999893e+01 3.879500000000000171e+01 5.305539999999999878e+01 6.170080435922784545e-01 7.723344586976474968e-01
-3.754649999999999932e-01 4.097819999999999935e-02 -1.625609999999999902e-02 -6.092349999999999710e-01 -6.024410000000000043e-01 -3.645430000000000059e-01 4.407632095556608398e-01 4.311877630737592781e-01 -7.948680000000000190e-01 3.361106079592058871e-01 nan nan 8.657869633292915035e-01 7.812336248310000619e-02 5.989095370730000006e-02 7.686883473040000136e-02 9.349180000000000490e+00 2.577789999999999893e+01 3.879500000000000171e+01 5.305539999999999878e+01 7.137214494246950647e-01 7.282578661695160438e-01
-3.801860000000000239e-01 -1.321360000000000035e-01 -2.125879999999999992e-01 -6.589009999999999589e-01 -8.211150000000000393e-01 -3.701280000000000125e-01 4.070213090863692429e-01 3.922031080171624051e-01 -7.948680000000000190e-01 3.013180215431576769e-01 nan nan 8.776301773487292790e-01 5.585375515160000137e-02 5.072188247179999776e-02 8.032840279469999345e-02 1.235159999999999947e+01 2.178729999999999833e+01 3.044699999999999918e+01 4.874179999999999779e+01 7.137214494246950647e-01 7.282578661695160438e-01
-3.817019999999999857e-01 -2.147429999999999894e-01 -3.045329999999999981e-01 -7.125059999999999727e-01 -7.687669999999999781e-01 -3.782269999999999799e-01 3.743221844374197138e-01 3.547747504403123697e-01 -7.948680000000000190e-01 2.684262730128782470e-01 nan nan 8.870265601861384575e-01 5.585375515160000137e-02 5.072188247179999776e-02 8.032840279469999345e-02 1.235159999999999947e+01 2.178729999999999833e+01 3.044699999999999918e+01 4.874179999999999779e+01 7.111733062274019357e-01 7.413366533168603834e-01
-3.791889999999999983e-01 -9.101969999999999505e-02 -1.514429999999999943e-01 -8.126750000000000362e-01 -8.639620000000000077e-01 -3.853900000000000103e-01 3.438389247995552456e-01 3.190549512740614713e-01 -7.948680000000000190e-01 2.375365119271031222e-01 nan nan 8.941656070824022251e-01 3.885799299210000030e-02 4.700463578410000315e-02 6.187253857979999744e-02 6.622209999999999930e+00 1.841540000000000177e+01 2.948770000000000024e+01 4.426180000000000092e+01 7.111733062274019357e-01 7.413366533168603834e-01
-3.797420000000000240e-01 -1.159909999999999969e-01 -1.768629999999999924e-01 -8.995910000000000295e-01 -8.957669999999999799e-01 -3.887590000000000212e-01 3.158850806332375027e-01 2.851766127997643618e-01 -7.948680000000000190e-01 2.087272045268677712e-01 nan nan 8.992623897966021129e-01 3.885799299210000030e-02 4.700463578410000315e-02 6.187253857979999744e-02 6.622209999999999930e+00 1.841540000000000177e+01 2.948770000000000024e+01 4.426180000000000092e+01 7.839926479802831194e-01 9.435655733799994671e-01
-3.847409999999999997e-01 -5.205779999999999852e-01 -5.256300000000000416e-01 -7.533410000000000384e-01 -8.553349999999999564e-01 -3.924190000000000178e-01 2.904132957295296746e-01 2.532517728133261148e-01 3.439200000000000035e-01 1.820532446816431893e-01 nan nan 9.025551197570501616e-01 4.313132057550000259e-02 4.307053664519999714e-02 5.735523896519999915e-02 1.382729999999999926e+01 2.552169999999999916e+01 3.335560000000000258e+01 4.802909999999999968e+01 7.839926479802831194e-01 9.435655733799994671e-01
-3.871330000000000049e-01 -1.949559999999999960e+00 -2.048029999999999795e+00 -8.101019999999999888e-01 -1.044130000000000003e+00 -3.946310000000000096e-01 2.673617794563887262e-01 2.233703351922052827e-01 1.862300000000000066e+00 1.575453319198608648e-01 nan nan 9.043024490306212915e-01 4.313132057550000259e-02 4.307053664519999714e-02 5.735523896519999915e-02 1.382729999999999926e+01 2.552169999999999916e+01 3.335560000000000258e+01 4.802909999999999968e+01 6.714659017595647761e-01 7.796964374755844807e-01
-3.865250000000000075e-01 -9.797709999999999475e-01 -9.893729999999999469e-01 -7.243290000000000006e-01 -9.306499999999999773e-01 -3.940899999999999959e-01 2.466783031668515758e-01 1.955990512485599186e-01 7.235150000000000192e-01 1.352096235909882038e-01 nan nan 9.047805396914830878e-01 6.622589279349999636e-02 2.748908970669999841e-02 6.128482430889999749e-02 1.524300000000000033e+01 3.401180000000000092e+01 4.714150000000000063e+01 5.383209999999999695e+01 6.714659017595647761e-01 7.796964374755844807e-01
-3.863130000000000175e-01 -8.559550000000000214e-01 -9.530520000000000103e-01 -7.469679999999999653e-01 -8.550919999999999632e-01 -3.934779999999999944e-01 2.282539608066584957e-01 1.699807634102068477e-01 -7.948680000000000190e-01 1.150276651002989370e-01 nan nan 9.042799347944477928e-01 6.622589279349999636e-02 2.748908970669999841e-02 6.128482430889999749e-02 1.524300000000000033e+01 3.401180000000000092e+01 4.714150000000000063e+01 5.383209999999999695e+01 6.754853771855315880e-01 7.468089093282431756e-01
-3.865279999999999827e-01 -9.437560000000000393e-01 -1.092279999999999918e+00 -7.603560000000000318e-01 -8.670710000000000361e-01 -3.950710000000000055e-01 2.119440280980464664e-01 1.465339197987970410e-01 -7.948680000000000190e-01 9.695659900680542176e-02 nan nan 9.031022664060652794e-01 1.070283582490000052e-01 2.173721216900000031e-02 6.401284083130000246e-02 1.691090000000000160e+01 5.528479999999999706e+01 6.900920000000000698e+01 6.817109999999999559e+01 6.754853771855315880e-01 7.468089093282431756e-01
-3.856189999999999896e-01 -6.558119999999999505e-01 -7.328689999999999927e-01 -7.554269999999999596e-01 -8.899430000000000396e-01 -3.947209999999999885e-01 1.976347297415448345e-01 1.252523652052249803e-01 -7.948680000000000190e-01 8.092965061518986314e-02 nan nan 9.015568379927828557e-01 1.070283582490000052e-01 2.173721216900000031e-02 6.401284083130000246e-02 1.691090000000000160e+01 5.528479999999999706e+01 6.900920000000000698e+01 6.817109999999999559e+01 6.106214406059845556e-01 7.265904637284388290e-01
-3.858409999999999895e-01 -7.383539999999999548e-01 -7.216249999999999609e-01 -7.897859999999999880e-01 -8.772389999999999910e-01 -3.952039999999999997e-01 1.851557418319627057e-01 1.061054108306070942e-01 -6.050699999999999967e-01 6.685688455978433531e-02 nan nan 8.999571198890801149e-01 2.850908515289999889e-01 2.622172905089999867e-02 8.991738145300000318e-02 3.695239999999999725e+01 7.089600000000000080e+01 8.123550000000000182e+01 7.663160000000000593e+01 6.106214406059845556e-01 7.265904637284388290e-01
-3.868219999999999992e-01 -1.204919999999999991e+00 -1.185499999999999998e+00 -8.037229999999999652e-01 -9.128349999999999520e-01 -3.885370000000000212e-01 1.743110988961658059e-01 8.903818200263646787e-02 -6.050699999999999967e-01 5.462622380819992518e-02 nan nan 8.947474374845353351e-01 2.850908515289999889e-01 2.622172905089999867e-02 8.991738145300000318e-02 3.695239999999999725e+01 7.089600000000000080e+01 8.123550000000000182e+01 7.663160000000000593e+01 3.942659815921021327e-01 6.852261791711262706e-01
-3.862499999999999822e-01 -8.376430000000000264e-01 -9.136950000000000349e-01 -7.679099999999999815e-01 -8.783640000000000336e-01 -3.865999999999999992e-01 1.649048784700691828e-01 7.397223992754620170e-02 -7.948680000000000190e-01 4.410471953888783769e-02 nan nan 8.899826356738508304e-01 2.962033611439999770e-01 2.514104651320000008e-02 9.873557598240000066e-02 1.689199999999999946e+01 6.982659999999999911e+01 8.609699999999999420e+01 8.035670000000000357e+01 3.942659815921021327e-01 6.852261791711262706e-01
-3.577569999999999917e-01 2.335379999999999956e-01 -7.878809999999999980e-02 1.237209999999999921e+00 1.828149999999999942e+00 -3.667259999999999964e-01 1.567057521728895120e-01 6.080647043298603727e-02 1.292910000000000004e+00 3.514005750441018261e-02 nan nan 8.857167015654596742e-01 2.962033611439999770e-01 2.514104651320000008e-02 9.873557598240000066e-02 1.689199999999999946e+01 6.982659999999999911e+01 8.609699999999999420e+01 8.035670000000000357e+01 4.932304793201238713e-01 6.892946411273546126e-01
-2.697729999999999850e-01 7.156959999999999988e-01 3.945770000000000111e-01 1.768429999999999946e+00 2.306999999999999940e+00 -3.528120000000000145e-01 1.494625516178013092e-01 4.941822963199737906e-02 3.950079999999999814e+00 2.756228381272640693e-02 nan nan 8.819979698973906546e-01 2.985166507820000148e-01 2.553604654489999987e-02 8.413390313969999756e-02 4.615310000000000201e+01 7.949330000000000496e+01 8.598269999999999413e+01 8.186939999999999884e+01 4.932304793201238713e-01 6.892946411273546126e-01
-2.964490000000000181e-01 6.203809999999999603e-01 5.702099999999999946e-01 1.476110000000000033e+00 1.877720000000000056e+00 -3.523299999999999765e-01 1.429202161235684221e-01 3.966473352725952140e-02 2.241899999999999782e+00 2.118573057269923510e-02 nan nan 8.788685753853728855e-01 2.985166507820000148e-01 2.553604654489999987e-02 8.413390313969999756e-02 4.615310000000000201e+01 7.949330000000000496e+01 8.598269999999999413e+01 8.186939999999999884e+01 2.268033102654432032e-01 7.037518142926562081e-01
-3.057389999999999830e-01 6.869790000000000063e-01 6.577340000000000408e-01 7.761320000000000441e-01 1.047579999999999956e+00 -3.216109999999999802e-01 1.368144970493745394e-01 3.138467581083215219e-02 -2.254740000000000077e-01 1.581111958549108465e-02 nan nan 8.763639753196702520e-01 2.797936298679999934e-01 3.728284974269999857e-02 7.141826299160000668e-02 2.079720000000000013e+01 7.160880000000000223e+01 8.069660000000000366e+01 7.622249999999999659e+01 2.268033102654432032e-01 7.037518142926562081e-01
-3.387580000000000036e-01 5.222630000000000328e-01 4.852540000000000187e-01 7.386200000000000543e-01 8.017079999999999762e-01 -3.232269999999999865e-01 1.308717597792647958e-01 2.440005552907920094e-02 -7.948680000000000190e-01 1.122782024618385055e-02 nan nan 8.745125478198144675e-01 2.797936298679999934e-01 3.728284974269999857e-02 7.141826299160000668e-02 2.079720000000000013e+01 7.160880000000000223e+01 8.069660000000000366e+01 7.622249999999999659e+01 2.301961931019117502e-01 6.980477099418473941e-01
-3.730339999999999767e-01 1.029589999999999950e-01 -1.124389999999999938e-02 6.125990000000000046e-01 7.956569999999999476e-01 -3.725430000000000130e-01 1.248813628865619307e-01 1.851819390459941150e-02 -7.948680000000000190e-01 7.216236072696946557e-03 nan nan 8.733352702991719063e-01 2.248353963589999893e-01 5.333921773929999749e-02 5.820733234000000089e-02 3.413000000000000256e+01 5.731269999999999953e+01 6.416030000000000655e+01 6.589019999999999300e+01 2.301961931019117502e-01 6.980477099418473941e-01
-3.710649999999999782e-01 1.321060000000000012e-01 7.933379999999999599e-02 6.681840000000000002e-01 7.093509999999999538e-01 -3.869799999999999907e-01 1.196798619393935059e-01 1.353391746376453320e-02 -4.152719999999999745e-01 3.550292821674849719e-03 nan nan 8.728454817824673473e-01 2.248353963589999893e-01 5.333921773929999749e-02 5.820733234000000089e-02 3.413000000000000256e+01 5.731269999999999953e+01 6.416030000000000655e+01 6.589019999999999300e+01 2.526931877781953828e-01 6.985336386532469133e-01
-3.817099999999999937e-01 -2.533170000000000144e-01 -3.341859999999999831e-01 4.664989999999999970e-01 5.609659999999999647e-01 -3.921600000000000086e-01 1.161931226705662512e-01 9.231882734158869397e-03 1.672500000000000098e+00 0.000000000000000000e+00 nan nan 8.730487317693048643e-01 1.820192794480000043e-01 6.367682086970000155e-02 5.862405975769999916e-02 1.838139999999999930e+01 5.093520000000000181e+01 6.407850000000000534e+01 6.567860000000000298e+01 2.526931877781953828e-01 6.985336386532469133e-01
-3.839199999999999835e-01 -5.062060000000000448e-01 -4.118970000000000131e-01 3.606739999999999946e-01 5.354870000000000463e-01 -3.950239999999999863e-01 1.133655007443029605e-01 5.389016172168248353e-03 1.862300000000000066e+00 0.000000000000000000e+00 nan nan 8.738166603135300026e-01 1.820192794480000043e-01 6.367682086970000155e-02 5.862405975769999916e-02 1.838139999999999930e+01 5.093520000000000181e+01 6.407850000000000534e+01 6.567860000000000298e+01 2.192470677787523581e-01 6.962882033659296699e-01
-3.849929999999999741e-01 -6.499500000000000277e-01 -6.226380000000000248e-01 8.513790000000000247e-02 2.847109999999999919e-01 -3.935540000000000149e-01 1.101474458885927099e-01 1.777041675365409468e-03 1.292910000000000004e+00 0.000000000000000000e+00 nan nan 8.750145094352991260e-01 1.521246679530000034e-01 6.594987408899999348e-02 6.134823555249999810e-02 2.108170000000000144e+01 4.653730000000000189e+01 5.863199999999999790e+01 6.026209999999999667e+01 2.192470677787523581e-01 6.962882033659296699e-01
-3.853869999999999796e-01 -6.708749999999999991e-01 -7.922169999999999490e-01 7.678490000000000038e-01 5.899560000000000359e-01 -3.925620000000000220e-01 1.065754199508202049e-01 0.000000000000000000e+00 3.950079999999999814e+00 0.000000000000000000e+00 nan nan 8.727589469566402469e-01 1.521246679530000034e-01 6.594987408899999348e-02 6.134823555249999810e-02 2.108170000000000144e+01 4.653730000000000189e+01 5.863199999999999790e+01 6.026209999999999667e+01 2.578590955716147937e-01 7.090271580157592179e-01
-3.863900000000000112e-01 -1.002000000000000002e+00 -1.145699999999999941e+00 1.899589999999999890e-01 2.391149999999999942e-01 -3.913809999999999789e-01 1.026898954121694407e-01 0.000000000000000000e+00 3.760279999999999845e+00 0.000000000000000000e+00 nan nan 8.707753864000536970e-01 1.261310126059999870e-01 6.641122045979999666e-02 5.452968117780000040e-02 2.212950000000000017e+01 3.945739999999999981e+01 4.795080000000000098e+01 5.112160000000000082e+01 2.578590955716147937e-01 7.090271580157592179e-01
-3.816919999999999757e-01 -2.554660000000000264e-01 -2.414429999999999910e-01 1.692700000000000038e-01 2.844690000000000274e-01 -3.862780000000000102e-01 9.853489681824023627e-02 0.000000000000000000e+00 5.337169999999999970e-01 0.000000000000000000e+00 nan nan 8.687903422862013336e-01 1.261310126059999870e-01 6.641122045979999666e-02 5.452968117780000040e-02 2.212950000000000017e+01 3.945739999999999981e+01 4.795080000000000098e+01 5.112160000000000082e+01 4.573661760678762178e-01 6.961389311473951125e-01
-3.826209999999999889e-01 -2.981159999999999921e-01 -3.516050000000000009e-01 -2.308769999999999989e-01 -8.968230000000000646e-02 -3.808400000000000118e-01 9.415750196335503919e-02 0.000000000000000000e+00 -4.152719999999999745e-01 0.000000000000000000e+00 nan nan 8.665303459450419687e-01 9.095159003720000579e-02 5.530312431000000001e-02 6.107537364800000312e-02 1.354870000000000019e+01 3.185549999999999926e+01 3.908769999999999811e+01 4.329019999999999868e+01 4.573661760678762178e-01 6.961389311473951125e-01
-3.829489999999999839e-01 -3.247789999999999844e-01 -3.637400000000000078e-01 -4.166750000000000176e-01 -2.726790000000000047e-01 -3.798500000000000210e-01 8.820273844160608778e-02 0.000000000000000000e+00 -4.152719999999999745e-01 0.000000000000000000e+00 nan nan 8.637250440251345029e-01 9.095159003720000579e-02 5.530312431000000001e-02 6.107537364800000312e-02 1.354870000000000019e+01 3.185549999999999926e+01 3.908769999999999811e+01 4.329019999999999868e+01 4.957368496781169309e-01 7.235033872089589035e-01
-3.830230000000000024e-01 -3.188449999999999895e-01 -3.963380000000000236e-01 -4.977269999999999750e-01 -2.714960000000000151e-01 -3.781479999999999841e-01 8.199430288796150101e-02 0.000000000000000000e+00 -7.948680000000000190e-01 0.000000000000000000e+00 nan nan 8.601102617051381571e-01 6.606073046429999929e-02 6.457163185200000266e-02 5.980037480599999927e-02 1.774239999999999995e+01 3.563150000000000261e+01 3.677429999999999666e+01 4.210679999999999978e+01 4.957368496781169309e-01 7.235033872089589035e-01
-3.821359999999999757e-01 -2.536149999999999793e-01 -3.200000000000000067e-01 -4.415310000000000068e-01 -1.251919999999999977e-01 -3.803819999999999979e-01 7.690307646545635478e-02 0.000000000000000000e+00 -7.948680000000000190e-01 0.000000000000000000e+00 nan nan 8.554309959000980790e-01 6.606073046429999929e-02 6.457163185200000266e-02 5.980037480599999927e-02 1.774239999999999995e+01 3.563150000000000261e+01 3.677429999999999666e+01 4.210679999999999978e+01 5.465279808401910522e-01 7.152838871756108663e-01
-3.788469999999999893e-01 -8.035939999999999750e-02 -1.328350000000000086e-01 -4.007560000000000011e-01 -3.674439999999999928e-01 -3.811740000000000128e-01 7.162648508766100708e-02 0.000000000000000000e+00 -7.948680000000000190e-01 0.000000000000000000e+00 nan nan 8.494443045482896748e-01 6.952355626419999546e-02 7.783858529909999657e-02 9.160086679050000180e-02 1.891900000000000048e+01 3.186890000000000001e+01 3.967980000000000018e+01 4.166629999999999967e+01 5.465279808401910522e-01 7.152838871756108663e-01
-3.824540000000000162e-01 -2.670139999999999736e-01 -3.600110000000000254e-01 -4.791759999999999908e-01 -4.403070000000000039e-01 -3.836089999999999778e-01 6.622431464330480466e-02 0.000000000000000000e+00 -7.948680000000000190e-01 0.000000000000000000e+00 nan nan 8.419220592418549254e-01 6.952355626419999546e-02 7.783858529909999657e-02 9.160086679050000180e-02 1.891900000000000048e+01 3.186890000000000001e+01 3.967980000000000018e+01 4.166629999999999967e+01 5.117822613958626921e-01 7.091827822435932127e-01
-3.843460000000000210e-01 -4.445879999999999832e-01 -5.476790000000000269e-01 -6.043060000000000098e-01 -4.224829999999999974e-01 -3.893880000000000119e-01 6.075777388211989205e-02 0.000000000000000000e+00 -7.948680000000000190e-01 0.000000000000000000e+00 nan nan 8.326535300128171668e-01 5.910384972899999922e-02 8.718707810020000226e-02 1.284158626670000025e-01 1.062920000000000087e+01 3.339639999999999986e+01 3.673460000000000036e+01 4.132730000000000103e+01 5.117822613958626921e-01 7.091827822435932127e-01
-3.850779999999999759e-01 -5.445370000000000488e-01 -6.755510000000000126e-01 -6.123140000000000249e-01 -4.969149999999999956e-01 -3.930040000000000200e-01 5.528880089524945696e-02 0.000000000000000000e+00 -7.948680000000000190e-01 0.000000000000000000e+00 nan nan 8.214477729878233436e-01 5.910384972899999922e-02 8.718707810020000226e-02 1.284158626670000025e-01 1.062920000000000087e+01 3.339639999999999986e+01 3.673460000000000036e+01 4.132730000000000103e+01 5.072615118982970461e-01 7.251771416593354447e-01
-3.835239999999999760e-01 -3.771950000000000025e-01 -3.964860000000000051e-01 -7.015740000000000309e-01 -6.042260000000000408e-01 -3.941350000000000131e-01 4.987936133192560906e-02 0.000000000000000000e+00 -7.948680000000000190e-01 0.000000000000000000e+00 nan nan 8.081357938585247425e-01 5.823608107440000209e-02 6.938025780069999315e-02 1.523979365719999868e-01 1.650329999999999941e+01 2.683650000000000091e+01 3.756119999999999948e+01 4.100520000000000209e+01 5.072615118982970461e-01 7.251771416593354447e-01
-3.865370000000000195e-01 -9.981050000000000200e-01 -1.016550000000000065e+00 -5.977630000000000443e-01 -5.071480000000000432e-01 -3.953490000000000060e-01 4.459074630390291727e-02 0.000000000000000000e+00 -6.050699999999999967e-01 0.000000000000000000e+00 nan nan 7.925724626546186702e-01 5.823608107440000209e-02 6.938025780069999315e-02 1.523979365719999868e-01 1.650329999999999941e+01 2.683650000000000091e+01 3.756119999999999948e+01 4.100520000000000209e+01 5.841467433430338474e-01 7.948332756359154372e-01
-3.869449999999999834e-01 -1.431499999999999995e+00 -1.260440000000000005e+00 -6.106810000000000294e-01 -5.393829999999999458e-01 -3.960520000000000151e-01 3.948287793267246659e-02 0.000000000000000000e+00 9.133130000000000415e-01 0.000000000000000000e+00 nan nan 7.746381581244021763e-01 7.271316483539999598e-02 7.966485568650000237e-02 1.529826353329999944e-01 8.768029999999999546e+00 2.343080000000000140e+01 3.091440000000000055e+01 3.937700000000000244e+01 5.841467433430338474e-01 7.948332756359154372e-01
-3.854639999999999733e-01 -6.758229999999999515e-01 -5.882690000000000419e-01 -7.627469999999999528e-01 -7.169830000000000370e-01 -3.949500000000000233e-01 3.461363040788068002e-02 0.000000000000000000e+00 1.482709999999999972e+00 0.000000000000000000e+00 nan nan 7.542401230913521326e-01 7.271316483539999598e-02 7.966485568650000237e-02 1.529826353329999944e-01 8.768029999999999546e+00 2.343080000000000140e+01 3.091440000000000055e+01 3.937700000000000244e+01 6.207351091431462242e-01 8.390781964104794266e-01
-3.868469999999999964e-01 -1.313299999999999912e+00 -1.115730000000000111e+00 -6.551240000000000396e-01 -6.337679999999999980e-01 -3.877059999999999951e-01 3.003817424963628469e-02 0.000000000000000000e+00 1.541220000000000090e-01 0.000000000000000000e+00 nan nan 7.313135154299992280e-01 1.058526327719999938e-01 7.683576887010000467e-02 1.272732536379999890e-01 1.427059999999999995e+01 1.956490000000000151e+01 3.261760000000000304e+01 4.460410000000000252e+01 6.207351091431462242e-01 8.390781964104794266e-01
-3.868989999999999929e-01 -1.308030000000000026e+00 -1.289349999999999996e+00 -6.933300000000000018e-01 -6.640129999999999644e-01 -3.686740000000000017e-01 2.580835120447166897e-02 6.947832639693229950e-04 -4.152719999999999745e-01 0.000000000000000000e+00 nan nan 7.058221427531199410e-01 1.058526327719999938e-01 7.683576887010000467e-02 1.272732536379999890e-01 1.427059999999999995e+01 1.956490000000000151e+01 3.261760000000000304e+01 4.460410000000000252e+01 6.270428078774291647e-01 7.945410832081457597e-01
-3.848460000000000214e-01 -5.403430000000000177e-01 -5.330819999999999448e-01 -7.120919999999999472e-01 -6.561200000000000365e-01 -3.296350000000000113e-01 2.197208685763996083e-02 1.412199022444604601e-03 -6.050699999999999967e-01 0.000000000000000000e+00 nan nan 6.777588724859433533e-01 1.602562670930000044e-01 7.629797546659999874e-02 1.430161563929999990e-01 1.042200000000000060e+01 2.358249999999999957e+01 3.696509999999999962e+01 4.136209999999999809e+01 6.270428078774291647e-01 7.945410832081457597e-01
-3.662050000000000027e-01 2.371520000000000017e-01 2.034410000000000107e-01 -4.476209999999999911e-01 -4.291050000000000142e-01 -2.520530000000000270e-01 1.857284761708422050e-02 2.197255829231581359e-03 -7.948680000000000190e-01 0.000000000000000000e+00 nan nan 6.511415297924511014e-01 1.602562670930000044e-01 7.629797546659999874e-02 1.430161563929999990e-01 1.042200000000000060e+01 2.358249999999999957e+01 3.696509999999999962e+01 4.136209999999999809e+01 6.551977015655532366e-01 8.328849873436213747e-01
-3.362040000000000028e-01 5.426860000000000017e-01 5.207530000000000214e-01 -4.562899999999999734e-01 -3.767730000000000246e-01 -5.356330000000000119e-02 1.564914822166718622e-02 3.094195838030611156e-03 -7.948680000000000190e-01 0.000000000000000000e+00 nan nan 6.224019397323248270e-01 2.559587934509999774e-01 7.957709558259999649e-02 1.447009899189999893e-01 1.240959999999999930e+01 3.008830000000000027e+01 3.553900000000000148e+01 3.735329999999999728e+01 6.551977015655532366e-01 8.328849873436213747e-01
-3.342490000000000183e-01 5.621599999999999930e-01 5.165689999999999449e-01 -5.089970000000000327e-01 -4.326260000000000105e-01 -3.131280000000000174e-02 1.323411535378982151e-02 4.145993521156965400e-03 -7.948680000000000190e-01 0.000000000000000000e+00 nan nan 5.918657333447031599e-01 2.559587934509999774e-01 7.957709558259999649e-02 1.447009899189999893e-01 1.240959999999999930e+01 3.008830000000000027e+01 3.553900000000000148e+01 3.735329999999999728e+01 7.559259413973478114e-01 9.222704622039565869e-01
-3.150129999999999875e-01 6.763350000000000195e-01 6.049090000000000300e-01 -2.055539999999999867e-01 4.883529999999999816e-02 -1.452529999999999932e-01 1.135511230084329526e-02 5.393868751597752365e-03 -7.948680000000000190e-01 0.000000000000000000e+00 nan nan 5.598788980496067769e-01 2.939947796729999729e-01 8.051871362170000268e-02 1.624782122719999888e-01 1.778740000000000165e+01 2.993390000000000128e+01 3.085800000000000054e+01 3.106360000000000099e+01 7.559259413973478114e-01 9.222704622039565869e-01
-7.328719999999999679e-02 1.166840000000000099e+00 1.172630000000000061e+00 -2.972130000000000050e-01 -1.164069999999999966e-01 -7.455349999999999477e-02 1.003342891822911476e-02 6.876819765380681737e-03 -7.948680000000000190e-01 0.000000000000000000e+00 nan nan 5.268038574722199163e-01 2.939947796729999729e-01 8.051871362170000268e-02 1.624782122719999888e-01 1.778740000000000165e+01 2.993390000000000128e+01 3.085800000000000054e+01 3.106360000000000099e+01 7.202797851947773111e-01 9.015756159067016551e-01
-1.750829999999999886e-01 9.995349999999999513e-01 1.104319999999999968e+00 -7.351219999999999977e-02 1.601559999999999928e-01 -1.457849999999999979e-01 9.284040406790206035e-03 8.631181295976286805e-03 -6.050699999999999967e-01 0.000000000000000000e+00 nan nan 4.930153650384002662e-01 2.359485152870000046e-01 9.265581778959999792e-02 1.684038719650000071e-01 1.356020000000000003e+01 3.301800000000000068e+01 3.303430000000000177e+01 2.965569999999999951e+01 7.202797851947773111e-01 9.015756159067016551e-01
-1.398780000000000023e-01 1.051770000000000094e+00 1.160460000000000047e+00 -2.463589999999999947e-01 -4.144860000000000211e-02 -2.608550000000000035e-01 5.824580987749961025e-03 1.069021288724958385e-02 -6.050699999999999967e-01 0.000000000000000000e+00 nan nan 4.588962578686194282e-01 2.359485152870000046e-01 9.265581778959999792e-02 1.684038719650000071e-01 1.356020000000000003e+01 3.301800000000000068e+01 3.303430000000000177e+01 2.965569999999999951e+01 7.462624912393072130e-01 8.699299055773818123e-01
-2.659320000000000017e-01 8.344120000000000426e-01 8.460259999999999447e-01 -2.609739999999999838e-01 8.652180000000000634e-03 -1.301579999999999959e-01 1.297640415590217700e-03 1.308372204953844875e-02 -7.948680000000000190e-01 0.000000000000000000e+00 nan nan 4.248331190804143231e-01 1.610641453030000059e-01 9.839872943419999962e-02 2.136534281080000042e-01 1.742370000000000019e+01 3.420270000000000010e+01 3.215840000000000032e+01 3.302120000000000033e+01 7.462624912393072130e-01 8.699299055773818123e-01
-3.568540000000000045e-01 3.682360000000000078e-01 3.235299999999999843e-01 -4.154570000000000207e-01 -3.084919999999999884e-01 -2.333840000000000081e-01 0.000000000000000000e+00 1.583772652865012009e-02 -7.948680000000000190e-01 0.000000000000000000e+00 nan nan 3.912118976471952170e-01 1.610641453030000059e-01 9.839872943419999962e-02 2.136534281080000042e-01 1.742370000000000019e+01 3.420270000000000010e+01 3.215840000000000032e+01 3.302120000000000033e+01 7.569238481139561880e-01 5.563756705339816255e-01
-3.361930000000000196e-01 5.492230000000000167e-01 5.034629999999999939e-01 -5.558520000000000127e-01 -4.315709999999999824e-01 -1.996600000000000041e-01 0.000000000000000000e+00 1.897415951440628579e-02 -7.948680000000000190e-01 0.000000000000000000e+00 nan nan 3.584135354421588149e-01 1.515880943179999940e-01 1.126140961249999933e-01 1.429391957679999881e-01 1.658950000000000102e+01 2.643779999999999930e+01 2.597759999999999891e+01 2.537369999999999948e+01 7.569238481139561880e-01 5.563756705339816255e-01
-3.411049999999999915e-01 5.040759999999999685e-01 4.944430000000000214e-01 -4.893640000000000212e-01 -4.170940000000000203e-01 -2.528170000000000139e-01 0.000000000000000000e+00 2.251062112883706057e-02 -7.948680000000000190e-01 0.000000000000000000e+00 nan nan 3.268096510146488720e-01 1.515880943179999940e-01 1.126140961249999933e-01 1.429391957679999881e-01 1.658950000000000102e+01 2.643779999999999930e+01 2.597759999999999891e+01 2.537369999999999948e+01 7.212823333379747570e-01 9.706759490695894277e-01
-3.492779999999999774e-01 4.474179999999999824e-01 3.964670000000000138e-01 -3.307959999999999789e-01 -1.985169999999999990e-01 -2.614670000000000050e-01 0.000000000000000000e+00 2.646017900976660453e-02 -7.948680000000000190e-01 0.000000000000000000e+00 nan nan 2.967583290035001875e-01 2.070049146440000043e-01 1.082023532599999949e-01 1.492562781410000095e-01 1.054059999999999953e+01 2.273019999999999996e+01 2.178969999999999985e+01 2.504090000000000060e+01 7.212823333379747570e-01 9.706759490695894277e-01
-2.455140000000000100e-01 8.826429999999999554e-01 9.144280000000000186e-01 -5.803589999999999582e-01 -6.800289999999999946e-01 -1.433079999999999909e-01 0.000000000000000000e+00 3.083122024925499804e-02 -7.948680000000000190e-01 0.000000000000000000e+00 nan nan 2.646042457836232931e-01 2.070049146440000043e-01 1.082023532599999949e-01 1.492562781410000095e-01 1.054059999999999953e+01 2.273019999999999996e+01 2.178969999999999985e+01 2.504090000000000060e+01 7.384556117168172840e-01 8.864228977231222162e-01
-3.748429999999999818e-01 1.326150000000000072e-02 1.021409999999999957e-01 -4.423230000000000217e-01 -2.092569999999999986e-01 -1.622419999999999973e-01 0.000000000000000000e+00 3.562735636449332333e-02 -3.567630000000000107e-02 0.000000000000000000e+00 nan nan 2.342855200217703882e-01 2.381741671110000069e-01 9.744955017320000579e-02 1.648481010989999995e-01 1.866420000000000101e+01 2.870739999999999981e+01 2.574099999999999966e+01 2.303379999999999939e+01 7.384556117168172840e-01 8.864228977231222162e-01
-3.621030000000000082e-01 2.683599999999999874e-01 3.349039999999999795e-01 -2.692869999999999986e-01 2.233720000000000150e-02 -2.903390000000000137e-01 0.000000000000000000e+00 4.084738237787099990e-02 -3.567630000000000107e-02 0.000000000000000000e+00 nan nan 2.058497149825365691e-01 2.381741671110000069e-01 9.744955017320000579e-02 1.648481010989999995e-01 1.866420000000000101e+01 2.870739999999999981e+01 2.574099999999999966e+01 2.303379999999999939e+01 9.069765283057399374e-01 9.403196966280357172e-01
-1.166920000000000041e-01 1.106670000000000043e+00 1.141650000000000054e+00 -5.322149999999999936e-01 -3.610900000000000221e-01 -2.871650000000000036e-01 0.000000000000000000e+00 4.648529046985416802e-02 -7.948680000000000190e-01 0.000000000000000000e+00 nan nan 1.793230596863527593e-01 2.838164989849999986e-01 8.657692968350000351e-02 1.507477918150000040e-01 8.504739999999999966e+00 2.353859999999999886e+01 2.280239999999999867e+01 2.170619999999999905e+01 9.069765283057399374e-01 9.403196966280357172e-01
-2.876619999999999733e-01 7.633210000000000273e-01 7.830409999999999870e-01 -2.664549999999999974e-01 3.637540000000000218e-02 -3.203969999999999874e-01 0.000000000000000000e+00 5.253033804998086254e-02 -6.050699999999999967e-01 0.000000000000000000e+00 nan nan 1.547101517242033264e-01 2.838164989849999986e-01 8.657692968350000351e-02 1.507477918150000040e-01 8.504739999999999966e+00 2.353859999999999886e+01 2.280239999999999867e+01 2.170619999999999905e+01 1.000000000000000000e+00 7.181518193742635336e-01
-3.803819999999999979e-01 -2.491700000000000026e-01 -2.674270000000000119e-02 -5.732570000000000165e-01 -4.079820000000000113e-01 -3.852970000000000006e-01 0.000000000000000000e+00 5.896716947470359571e-02 -6.050699999999999967e-01 0.000000000000000000e+00 nan nan 1.319939051650835804e-01 2.249919700159999925e-01 9.704667371090000549e-02 1.562590946200000108e-01 1.428219999999999956e+01 2.042599999999999838e+01 1.948189999999999955e+01 1.879570000000000007e+01 1.000000000000000000e+00 7.181518193742635336e-01
-3.793449999999999878e-01 -1.245549999999999990e-01 -9.465540000000000065e-02 -7.603490000000000526e-01 -8.320680000000000298e-01 -3.663719999999999755e-01 0.000000000000000000e+00 6.577599003296730196e-02 -7.948680000000000190e-01 0.000000000000000000e+00 nan nan 1.111357441464253526e-01 2.249919700159999925e-01 9.704667371090000549e-02 1.562590946200000108e-01 1.428219999999999956e+01 2.042599999999999838e+01 1.948189999999999955e+01 1.879570000000000007e+01 8.195645413574315086e-01 1.000000000000000000e+00
-3.868249999999999744e-01 -1.289390000000000036e+00 -1.078549999999999898e+00 -7.117269999999999985e-01 -7.951380000000000114e-01 -3.108850000000000224e-01 0.000000000000000000e+00 7.293279022819409985e-02 -4.152719999999999745e-01 0.000000000000000000e+00 nan nan 9.207603995403323971e-02 1.938992521490000009e-01 1.065935196040000005e-01 1.309786665700000130e-01 8.701209999999999667e+00 2.392399999999999949e+01 2.424849999999999994e+01 2.187930000000000064e+01 8.195645413574315086e-01 1.000000000000000000e+00
-3.857650000000000245e-01 -8.124540000000000095e-01 -5.689859999999999918e-01 -5.731680000000000108e-01 -4.918029999999999902e-01 -2.603750000000000231e-01 0.000000000000000000e+00 8.040961781547373288e-02 -2.254740000000000077e-01 0.000000000000000000e+00 nan nan 7.473478663924359999e-02 1.938992521490000009e-01 1.065935196040000005e-01 1.309786665700000130e-01 8.701209999999999667e+00 2.392399999999999949e+01 2.424849999999999994e+01 2.187930000000000064e+01 7.899708054267559065e-01 9.455728083185912514e-01
-3.157059999999999866e-01 6.311729999999999841e-01 7.047139999999999516e-01 -3.540599999999999858e-01 -1.433730000000000004e-01 -1.981850000000000001e-01 0.000000000000000000e+00 8.817489451166771186e-02 -6.050699999999999967e-01 0.000000000000000000e+00 nan nan 5.901250751829112406e-02 1.988957697029999916e-01 9.634961933350000285e-02 1.426021413199999865e-01 1.480710000000000015e+01 2.360419999999999874e+01 2.384979999999999833e+01 -1.000000000000000000e+00 7.899708054267559065e-01 9.455728083185912514e-01
-2.116929999999999923e-01 9.688909999999999467e-01 9.596900000000000430e-01 -4.359689999999999954e-01 -4.005340000000000011e-01 -1.069900000000000018e-01 0.000000000000000000e+00 9.619377378997506778e-02 -7.948680000000000190e-01 0.000000000000000000e+00 nan nan 4.479138228288581658e-02 1.988957697029999916e-01 9.634961933350000285e-02 1.426021413199999865e-01 1.480710000000000015e+01 2.360419999999999874e+01 2.384979999999999833e+01 -1.000000000000000000e+00 5.983355844252288280e-01 8.107799949819125551e-01
-2.979120000000000101e-01 7.399719999999999631e-01 7.086249999999999494e-01 -3.756120000000000014e-01 -1.913960000000000106e-01 -1.827519999999999978e-01 0.000000000000000000e+00 1.044285357050049878e-01 -7.948680000000000190e-01 0.000000000000000000e+00 nan nan 3.193658195138293632e-02 1.860437500990000104e-01 7.222928797439999438e-02 1.705017023500000062e-01 5.028559999999999697e+00 1.578509999999999991e+01 -1.000000000000000000e+00 -1.000000000000000000e+00 5.983355844252288280e-01 8.107799949819125551e-01
-3.468649999999999789e-01 4.748890000000000056e-01 4.007660000000000111e-01 -4.678050000000000264e-01 -4.100249999999999728e-01 -3.060089999999999755e-01 0.000000000000000000e+00 1.128390142748304514e-01 -7.948680000000000190e-01 0.000000000000000000e+00 nan nan 2.029779653502128411e-02 1.860437500990000104e-01 7.222928797439999438e-02 1.705017023500000062e-01 5.028559999999999697e+00 1.578509999999999991e+01 -1.000000000000000000e+00 -1.000000000000000000e+00 4.885844113046585724e-01 7.531164545624894346e-01
-3.311250000000000027e-01 5.759969999999999812e-01 5.531179999999999986e-01 -5.858680000000000554e-01 -5.067700000000000538e-01 -3.561110000000000109e-01 0.000000000000000000e+00 1.213830525776123936e-01 -7.948680000000000190e-01 0.000000000000000000e+00 nan nan 9.710938110156108749e-03 1.704727692759999969e-01 5.023515751330000223e-02 2.135444679119999911e-01 7.132760000000000211e+00 -1.000000000000000000e+00 -1.000000000000000000e+00 -1.000000000000000000e+00 4.885844113046585724e-01 7.531164545624894346e-01
-3.601710000000000189e-01 3.201499999999999901e-01 3.040039999999999965e-01 -5.820999999999999508e-01 -4.963919999999999999e-01 -3.559300000000000241e-01 0.000000000000000000e+00 1.300169804063701084e-01 -7.948680000000000190e-01 0.000000000000000000e+00 nan nan 0.000000000000000000e+00 1.704727692759999969e-01 5.023515751330000223e-02 2.135444679119999911e-01 7.132760000000000211e+00 -1.000000000000000000e+00 -1.000000000000000000e+00 -1.000000000000000000e+00 0.000000000000000000e+00 0.000000000000000000e+00
