-7.171410000000000284e-01 -9.563779999999999504e-01 -1.111909999999999954e+00 5.992030000000000411e-01 3.091610000000000191e-01 -8.186630000000000296e-01 0.000000000000000000e+00 2.066685651308136640e-01 4.203380000000000116e+00 8.582635233055135870e-03 0.000000000000000000e+00 nan 8.101081825766162092e-01 1.100284126709999977e-01 3.898844495980000047e-02 8.288047137659999841e-02 -1.000000000000000000e+00 -1.000000000000000000e+00 -1.000000000000000000e+00 -1.000000000000000000e+00 0.000000000000000000e+00 0.000000000000000000e+00
-7.203749999999999876e-01 -1.281730000000000036e+00 -1.319779999999999953e+00 3.655820000000000181e-01 -3.155209999999999959e-01 -8.190840000000000343e-01 0.000000000000000000e+00 1.919911832163072596e-01 3.138240000000000141e+00 1.208614575697408711e-02 0.000000000000000000e+00 nan 8.456756862494017035e-01 1.469627531240000062e-01 5.790985960830000168e-02 7.353058051029999487e-02 1.549569999999999936e+01 -1.000000000000000000e+00 -1.000000000000000000e+00 -1.000000000000000000e+00 0.000000000000000000e+00 0.000000000000000000e+00
-7.193800000000000194e-01 -1.093690000000000051e+00 -1.145510000000000028e+00 -4.091220000000000273e-02 -6.941169999999999840e-01 -8.170030000000000348e-01 0.000000000000000000e+00 1.786775095947265024e-01 -1.122330000000000050e+00 1.619454120785923656e-02 0.000000000000000000e+00 nan 8.783482906079268515e-01 1.469627531240000062e-01 5.790985960830000168e-02 7.353058051029999487e-02 1.549569999999999936e+01 -1.000000000000000000e+00 -1.000000000000000000e+00 -1.000000000000000000e+00 0.000000000000000000e+00 0.000000000000000000e+00
-7.214030000000000165e-01 -1.628060000000000063e+00 -1.775660000000000016e+00 -2.126389999999999947e-01 -5.997989999999999711e-01 -8.165109999999999868e-01 7.077664784732595749e-04 1.668450459087603699e-01 7.949260000000000215e-01 2.106882929791931147e-02 0.000000000000000000e+00 nan 9.077558019894992336e-01 2.446271734759999927e-01 7.077351349119999357e-02 7.547640706210000106e-02 1.722700000000000031e+01 4.756280000000000285e+01 -1.000000000000000000e+00 -1.000000000000000000e+00 0.000000000000000000e+00 0.000000000000000000e+00
-7.204199999999999493e-01 -1.323609999999999953e+00 -1.268049999999999899e+00 -5.541580000000000394e-01 -7.824919999999999654e-01 -8.176269999999999927e-01 2.759055718333902618e-03 1.554057020546223411e-01 7.949260000000000215e-01 2.686133986972571996e-02 0.000000000000000000e+00 nan 9.335650215395203677e-01 2.446271734759999927e-01 7.077351349119999357e-02 7.547640706210000106e-02 1.722700000000000031e+01 4.756280000000000285e+01 -1.000000000000000000e+00 -1.000000000000000000e+00 1.525708301240669140e-01 5.386204831303653684e-01
-7.184610000000000163e-01 -9.846030000000000060e-01 -1.075870000000000104e+00 -8.336339999999999861e-01 -9.484089999999999465e-01 -8.157759999999999456e-01 5.536264303730109582e-03 1.445961302194533893e-01 -1.122330000000000050e+00 3.371399893822935034e-02 0.000000000000000000e+00 nan 9.554835204876475085e-01 2.637486787580000103e-01 6.380863582319999672e-02 7.849126142739999701e-02 2.426079999999999970e+01 5.808780000000000143e+01 6.334150000000000347e+01 -1.000000000000000000e+00 1.525708301240669140e-01 5.386204831303653684e-01
-7.170819999999999972e-01 -8.547510000000000385e-01 -9.517250000000000432e-01 -9.148690000000000433e-01 -1.080430000000000001e+00 -8.158999999999999586e-01 8.586522466213719618e-03 1.346458470217758441e-01 -6.962749999999999773e-01 4.175672061229873666e-02 0.000000000000000000e+00 nan 9.732629534826108264e-01 2.637486787580000103e-01 6.380863582319999672e-02 7.849126142739999701e-02 2.426079999999999970e+01 5.808780000000000143e+01 6.334150000000000347e+01 -1.000000000000000000e+00 1.967783583702282790e-01 6.437778665069541217e-01
-7.193310000000000537e-01 -1.191610000000000058e+00 -1.114119999999999999e+00 -5.036070000000000269e-01 -3.376600000000000157e-01 -8.131749999999999812e-01 1.207600868805269734e-02 1.257746329964949394e-01 -4.832460000000000089e-01 5.110593511595717953e-02 0.000000000000000000e+00 nan 9.867018724442762068e-01 1.938284109520000131e-01 7.215466099820000423e-02 9.360343941229999631e-02 2.149820000000000064e+01 5.801979999999999649e+01 6.874389999999999645e+01 6.117360000000000042e+01 1.967783583702282790e-01 6.437778665069541217e-01
-7.166409999999999725e-01 -8.749679999999999680e-01 -8.737439999999999651e-01 -5.652390000000000470e-01 -3.751419999999999755e-01 -8.143599999999999728e-01 1.613917405012799122e-02 1.181900423936179667e-01 1.007949999999999902e+00 6.186326958742027760e-02 0.000000000000000000e+00 nan 9.956480090508885716e-01 1.938284109520000131e-01 7.215466099820000423e-02 9.360343941229999631e-02 2.149820000000000064e+01 5.801979999999999649e+01 6.874389999999999645e+01 6.117360000000000042e+01 6.246737630702565713e-01 8.620316763159645568e-01
-7.195369999999999822e-01 -1.222069999999999990e+00 -1.016750000000000043e+00 -8.647329999999999739e-01 -9.206320000000000059e-01 -8.156879999999999686e-01 2.092201271045202038e-02 1.120850515056680541e-01 7.949260000000000215e-01 7.411439660301233356e-02 0.000000000000000000e+00 nan 1.000000000000000000e+00 1.502600912729999960e-01 9.835931575860000498e-02 9.668092747919999896e-02 2.527070000000000149e+01 6.941129999999999711e+01 7.602209999999999468e+01 6.784000000000000341e+01 6.246737630702565713e-01 8.620316763159645568e-01
-7.132420000000000426e-01 -6.563649999999999762e-01 -7.412290000000000267e-01 -9.746280000000000499e-01 -1.153149999999999897e+00 -8.145259999999999723e-01 2.658285477565469623e-02 1.076358721691803577e-01 -1.122330000000000050e+00 8.792806347264348066e-02 0.000000000000000000e+00 nan 9.997085354951900094e-01 1.502600912729999960e-01 9.835931575860000498e-02 9.668092747919999896e-02 2.527070000000000149e+01 6.941129999999999711e+01 7.602209999999999468e+01 6.784000000000000341e+01 7.128283841367120122e-01 8.247920409928793939e-01
-7.171729999999999494e-01 -8.498419999999999863e-01 -9.857099999999999751e-01 -9.866920000000000135e-01 -1.070719999999999894e+00 -8.165259999999999740e-01 3.326007899302751980e-02 1.049999552141831494e-01 -1.122330000000000050e+00 1.033553133053186635e-01 0.000000000000000000e+00 nan 9.947769179457611743e-01 1.144976748270000039e-01 8.438337979750000495e-02 1.005613445900000041e-01 1.976249999999999929e+01 5.704690000000000083e+01 6.469089999999999918e+01 5.923120000000000118e+01 7.128283841367120122e-01 8.247920409928793939e-01
-7.211070000000000535e-01 -1.481170000000000098e+00 -1.504459999999999908e+00 -1.021449999999999969e+00 -1.137680000000000025e+00 -8.193719999999999892e-01 4.107805159958388685e-02 1.043142064833791904e-01 1.558400000000000063e-01 1.204289066703155830e-01 0.000000000000000000e+00 nan 9.852610245491230101e-01 1.144976748270000039e-01 8.438337979750000495e-02 1.005613445900000041e-01 1.976249999999999929e+01 5.704690000000000083e+01 6.469089999999999918e+01 5.923120000000000118e+01 7.774329932896318907e-01 8.248852066280695228e-01
-7.213100000000000067e-01 -1.636770000000000058e+00 -1.502850000000000019e+00 -7.741310000000000136e-01 -1.009069999999999911e+00 -8.188349999999999795e-01 5.014607348319166658e-02 1.056934356342438264e-01 3.688679999999999737e-01 1.391629504068463419e-01 0.000000000000000000e+00 nan 9.712686741798173262e-01 9.536474671490000055e-02 4.318187846120000173e-02 1.193253412779999995e-01 1.598140000000000072e+01 3.414099999999999824e+01 4.009629999999999939e+01 4.607370000000000232e+01 7.774329932896318907e-01 8.248852066280695228e-01
-7.212720000000000242e-01 -1.563379999999999992e+00 -1.557979999999999920e+00 -1.053350000000000009e+00 -1.242669999999999941e+00 -8.179539999999999589e-01 6.056006634188015880e-02 1.092290552997295938e-01 -9.093040000000000012e-01 1.595527377879305542e-01 0.000000000000000000e+00 nan 9.529584057585880341e-01 9.536474671490000055e-02 4.318187846120000173e-02 1.193253412779999995e-01 1.598140000000000072e+01 3.414099999999999824e+01 4.009629999999999939e+01 4.607370000000000232e+01 9.069192705591604398e-01 8.480901044786051113e-01
-7.216209999999999569e-01 -1.836740000000000039e+00 -1.735460000000000003e+00 -1.120139999999999914e+00 -1.232679999999999998e+00 -8.177529999999999522e-01 7.239890240261648291e-02 1.149880453466085584e-01 -5.718890000000000085e-02 1.815748018494935945e-01 0.000000000000000000e+00 nan 9.305376819430596358e-01 7.176288987020000565e-02 2.522153939160000011e-02 1.792045145230000136e-01 1.170860000000000056e+01 3.404149999999999920e+01 3.928849999999999909e+01 4.987129999999999797e+01 9.069192705591604398e-01 8.480901044786051113e-01
-7.177820000000000311e-01 -9.323439999999999506e-01 -9.523850000000000371e-01 -8.940489999999999826e-01 -1.096349999999999936e+00 -8.162949999999999928e-01 8.572126017932979458e-02 1.230121939668179509e-01 -5.718890000000000085e-02 2.051871812804465511e-01 0.000000000000000000e+00 nan 9.042605384929288670e-01 7.176288987020000565e-02 2.522153939160000011e-02 1.792045145230000136e-01 1.170860000000000056e+01 3.404149999999999920e+01 3.928849999999999909e+01 4.987129999999999797e+01 7.414042456515594903e-01 8.208424835296466160e-01
-7.164190000000000280e-01 -8.134540000000000104e-01 -8.973160000000000025e-01 -1.196139999999999981e+00 -1.291139999999999954e+00 -8.130140000000000144e-01 1.005691245978898030e-01 1.333176242005476020e-01 -4.832460000000000089e-01 2.303298958611071923e-01 0.000000000000000000e+00 nan 8.744247059432993519e-01 6.584701126080000355e-02 2.161078389680000031e-02 1.770601009880000132e-01 2.202250000000000085e+01 3.673479999999999990e+01 4.151310000000000144e+01 5.533970000000000056e+01 7.414042456515594903e-01 8.208424835296466160e-01
-7.215620000000000367e-01 -1.822990000000000110e+00 -1.645259999999999945e+00 -9.996969999999999468e-01 -1.083639999999999937e+00 -8.166189999999999838e-01 1.169681952400206670e-01 1.458946112557520935e-01 1.220979999999999954e+00 2.569256260630564670e-01 0.000000000000000000e+00 nan 8.413682361987523395e-01 6.584701126080000355e-02 2.161078389680000031e-02 1.770601009880000132e-01 2.202250000000000085e+01 3.673479999999999990e+01 4.151310000000000144e+01 5.533970000000000056e+01 7.497215557414929066e-01 8.307978971185200345e-01
-7.190159999999999885e-01 -1.042070000000000052e+00 -1.099099999999999966e+00 -1.001069999999999904e+00 -1.110400000000000054e+00 -8.174709999999999477e-01 1.349258679740319433e-01 1.607076926939310368e-01 3.688679999999999737e-01 2.848805891102904608e-01 0.000000000000000000e+00 nan 8.054656722701885041e-01 1.040052666730000019e-01 3.122335646169999840e-02 1.388863323260000060e-01 1.343979999999999997e+01 3.626010000000000133e+01 4.297650000000000148e+01 5.948720000000000141e+01 7.497215557414929066e-01 8.307978971185200345e-01
-7.172020000000000062e-01 -8.661029999999999562e-01 -9.563719999999999999e-01 -1.040370000000000017e+00 -1.066419999999999924e+00 -8.130779999999999674e-01 1.544297098516644873e-01 1.776960702337265774e-01 -1.122330000000000050e+00 3.140856015755463249e-01 0.000000000000000000e+00 nan 7.671238045528550042e-01 1.040052666730000019e-01 3.122335646169999840e-02 1.388863323260000060e-01 1.343979999999999997e+01 3.626010000000000133e+01 4.297650000000000148e+01 5.948720000000000141e+01 8.132567172945746048e-01 7.963332667864511105e-01
-7.210130000000000150e-01 -1.440909999999999913e+00 -1.477139999999999898e+00 -1.181240000000000068e+00 -1.223209999999999908e+00 -8.133839999999999959e-01 1.754515577787608693e-01 1.967742986197457133e-01 3.688679999999999737e-01 3.444173164721605618e-01 0.000000000000000000e+00 nan 7.267770617286225532e-01 1.548993398780000030e-01 5.810466592289999926e-02 1.300501704829999938e-01 2.885820000000000007e+01 5.363040000000000163e+01 6.060459999999999781e+01 7.353079999999999927e+01 8.132567172945746048e-01 7.963332667864511105e-01
-7.210750000000000215e-01 -1.482739999999999947e+00 -1.467670000000000030e+00 -9.175389999999999935e-01 -1.137610000000000010e+00 -8.164780000000000371e-01 1.979453953594580984e-01 2.178332537514454659e-01 3.688679999999999737e-01 3.757396208247150149e-01 0.000000000000000000e+00 nan 6.848825885154298243e-01 1.548993398780000030e-01 5.810466592289999926e-02 1.300501704829999938e-01 2.885820000000000007e+01 5.363040000000000163e+01 6.060459999999999781e+01 7.353079999999999927e+01 8.267328652883906281e-01 6.410427896453050334e-01
-7.149630000000000152e-01 -7.250670000000000170e-01 -8.333960000000000257e-01 -1.074540000000000051e+00 -1.121539999999999981e+00 -8.164900000000000491e-01 2.218461260485801168e-01 2.407413691027958658e-01 -1.122330000000000050e+00 4.079051778834362763e-01 0.000000000000000000e+00 nan 6.419150660349646209e-01 2.147519618319999879e-01 5.229752438230000217e-02 1.168607996600000004e-01 3.180339999999999989e+01 7.827100000000000080e+01 8.599580000000000268e+01 9.361860000000000070e+01 8.267328652883906281e-01 6.410427896453050334e-01
-7.154230000000000311e-01 -7.647300000000000209e-01 -8.205900000000000416e-01 -9.543629999999999614e-01 -1.074829999999999952e+00 -7.633630000000000138e-01 2.470708240052397198e-01 2.653461264235918993e-01 -9.093040000000000012e-01 4.407570965084433023e-01 0.000000000000000000e+00 nan 5.983613334858812749e-01 2.147519618319999879e-01 5.229752438230000217e-02 1.168607996600000004e-01 3.180339999999999989e+01 7.827100000000000080e+01 8.599580000000000268e+01 9.361860000000000070e+01 2.454465359317770101e-01 6.719538164636986721e-01
-7.214099999999999957e-01 -1.728909999999999947e+00 -1.521209999999999951e+00 -1.102049999999999974e+00 -1.145909999999999984e+00 -5.991490000000000427e-01 2.735239475088923067e-01 2.914757838321704320e-01 -9.093040000000000012e-01 4.741307088090526145e-01 0.000000000000000000e+00 nan 5.547148720611496664e-01 3.192367666820000172e-01 4.885670731430000191e-02 1.273750390989999981e-01 5.078730000000000189e+01 1.052279999999999944e+02 1.162259999999999991e+02 1.046719999999999970e+02 2.454465359317770101e-01 6.719538164636986721e-01
-7.211830000000000185e-01 -1.538429999999999964e+00 -1.492560000000000109e+00 -9.350439999999999863e-01 -1.079649999999999999e+00 -4.961200000000000054e-01 3.010978387709786208e-01 3.189413217195550265e-01 3.688679999999999737e-01 5.078554358967786175e-01 0.000000000000000000e+00 nan 5.114702136089528395e-01 3.192367666820000172e-01 4.885670731430000191e-02 1.273750390989999981e-01 5.078730000000000189e+01 1.052279999999999944e+02 1.162259999999999991e+02 1.046719999999999970e+02 3.015675996165504413e-01 6.366739868237172306e-01
-1.677899999999999947e-01 7.231049999999999978e-01 6.839100000000000179e-01 2.591909999999999936e+00 2.373270000000000213e+00 2.138779999999999848e-02 3.296685638829378595e-01 3.475385844171532401e-01 2.073100000000000165e+00 5.417567206122986256e-01 0.000000000000000000e+00 nan 4.691173373892429943e-01 4.191693459720000070e-01 5.236800375180000050e-02 1.562625036549999957e-01 4.633019999999999783e+01 1.148250000000000028e+02 1.252439999999999998e+02 1.156370000000000005e+02 3.015675996165504413e-01 6.366739868237172306e-01
1.869049999999999878e-01 8.626219999999999999e-01 7.567390000000000505e-01 2.117290000000000116e+00 1.669259999999999966e+00 6.815050000000000274e-01 3.591033434951275138e-01 3.770505933620590389e-01 1.220979999999999954e+00 5.756580053278188558e-01 0.000000000000000000e+00 nan 4.281361184129401920e-01 4.191693459720000070e-01 5.236800375180000050e-02 1.562625036549999957e-01 4.633019999999999783e+01 1.148250000000000028e+02 1.252439999999999998e+02 1.156370000000000005e+02 3.610854061961465966e-01 5.684767418646436976e-01
1.864389999999999992e+00 1.255319999999999991e+00 1.136130000000000084e+00 1.096629999999999994e+00 1.185419999999999918e+00 1.206420000000000048e+00 3.892614488127816852e-01 4.072500055508699868e-01 7.949260000000000215e-01 6.093827324155446368e-01 0.000000000000000000e+00 nan 3.889908902663101742e-01 5.055975782170000210e-01 4.184639197960000195e-02 1.663744843080000035e-01 3.786059999999999803e+01 1.046790000000000020e+02 1.231509999999999962e+02 1.152510000000000048e+02 3.610854061961465966e-01 5.684767418646436976e-01
2.905250000000000110e+00 1.348260000000000014e+00 1.159410000000000052e+00 1.583040000000000003e+00 1.269339999999999913e+00 1.591220000000000079e+00 4.199898792261623770e-01 4.379016894267578897e-01 7.949260000000000215e-01 6.427563447161541710e-01 0.000000000000000000e+00 nan 3.521251840258937671e-01 5.055975782170000210e-01 4.184639197960000195e-02 1.663744843080000035e-01 3.786059999999999803e+01 1.046790000000000020e+02 1.231509999999999962e+02 1.152510000000000048e+02 3.797758038865830521e-01 3.497271577826578381e-01
2.708829999999999849e+00 1.329339999999999966e+00 1.156970000000000054e+00 1.682050000000000045e+00 1.571059999999999901e+00 1.741589999999999971e+00 4.511263278816560751e-01 4.699786196834071506e-01 7.949260000000000215e-01 6.756082633411611971e-01 0.000000000000000000e+00 nan 3.179567028741836499e-01 5.771092307259999554e-01 3.349049604800000135e-02 1.568612724360000099e-01 2.366920000000000002e+01 6.872530000000000427e+01 9.905039999999999623e+01 1.057309999999999945e+02 3.797758038865830521e-01 3.497271577826578381e-01
2.404689999999999994e+00 1.295930000000000026e+00 1.155920000000000059e+00 1.884300000000000086e+00 1.604910000000000059e+00 1.786629999999999940e+00 4.825078767389613388e-01 5.021392960669559535e-01 1.007949999999999902e+00 7.077738203998823474e-01 0.000000000000000000e+00 nan 2.812299762103273038e-01 5.771092307259999554e-01 3.349049604800000135e-02 1.568612724360000099e-01 2.366920000000000002e+01 6.872530000000000427e+01 9.905039999999999623e+01 1.057309999999999945e+02 3.772268614206475412e-01 3.167831237106540909e-01
2.530969999999999942e+00 1.309819999999999984e+00 1.142419999999999991e+00 2.065650000000000208e+00 1.784780000000000033e+00 1.775109999999999966e+00 5.139674688995397034e-01 5.342162260242996341e-01 1.647040000000000060e+00 7.390961247524368005e-01 0.000000000000000000e+00 nan 2.474078027308777017e-01 6.334627037910000036e-01 2.856658791369999853e-02 1.516625077440000025e-01 1.400530000000000008e+01 4.091440000000000055e+01 6.430949999999999989e+01 8.451900000000000546e+01 3.772268614206475412e-01 3.167831237106540909e-01
3.194710000000000161e+00 1.376130000000000075e+00 1.108179999999999943e+00 2.059169999999999945e+00 1.748210000000000042e+00 2.354519999999999946e+00 5.453338495798073504e-01 5.660428658828058346e-01 1.860069999999999890e+00 7.694278396490511485e-01 0.000000000000000000e+00 nan 2.164554671681488962e-01 6.334627037910000036e-01 2.856658791369999853e-02 1.516625077440000025e-01 1.400530000000000008e+01 4.091440000000000055e+01 6.430949999999999989e+01 8.451900000000000546e+01 4.549751478109571590e-01 2.987821920543022314e-01
3.231720000000000148e+00 1.379070000000000018e+00 1.106610000000000094e+00 2.344720000000000137e+00 2.047899999999999832e+00 2.488140000000000018e+00 5.764415003203622323e-01 5.974555078566725630e-01 1.647040000000000060e+00 7.986328521143071235e-01 0.000000000000000000e+00 nan 1.883057378441299612e-01 6.727860212709999566e-01 2.614506019849999890e-02 1.602142825879999954e-01 7.271180000000000199e+00 2.408759999999999835e+01 4.778000000000000114e+01 6.278970000000000340e+01 4.549751478109571590e-01 2.987821920543022314e-01
3.384240000000000137e+00 1.391890000000000072e+00 1.111199999999999966e+00 2.323550000000000004e+00 1.864740000000000064e+00 2.128639999999999866e+00 6.071302247426251242e-01 6.282951349215561976e-01 1.647040000000000060e+00 8.265878151615411173e-01 0.000000000000000000e+00 nan 1.628596284322599841e-01 6.727860212709999566e-01 2.614506019849999890e-02 1.602142825879999954e-01 7.271180000000000199e+00 2.408759999999999835e+01 4.778000000000000114e+01 6.278970000000000340e+01 4.338798783157030714e-01 3.242064284288280751e-01
2.863269999999999982e+00 1.344090000000000007e+00 1.120649999999999924e+00 1.652979999999999894e+00 1.409580000000000055e+00 1.438900000000000068e+00 6.372417768548164219e-01 6.584092225409969856e-01 1.647040000000000060e+00 8.531835453634903921e-01 0.000000000000000000e+00 nan 1.399875195120624527e-01 7.008023321580000298e-01 3.056659440419999887e-02 1.527892294779999993e-01 7.682199999999999918e+00 1.879319999999999879e+01 3.199980000000000047e+01 4.880360000000000298e+01 4.338798783157030714e-01 3.242064284288280751e-01
2.353450000000000042e+00 1.290079999999999893e+00 1.115760000000000085e+00 1.605990000000000029e+00 1.519490000000000007e+00 1.141310000000000047e+00 6.666230976936933228e-01 6.876534668303628806e-01 1.647040000000000060e+00 8.783262599441510332e-01 0.000000000000000000e+00 nan 1.195306272089712296e-01 7.008023321580000298e-01 3.056659440419999887e-02 1.527892294779999993e-01 7.682199999999999918e+00 1.879319999999999879e+01 3.199980000000000047e+01 4.880360000000000298e+01 4.604221270370759678e-01 3.767585013642110736e-01
2.030279999999999863e+00 1.250960000000000072e+00 1.082019999999999982e+00 1.506660000000000110e+00 1.095830000000000082e+00 9.389279999999999848e-01 6.951325597010986623e-01 7.158934195775232823e-01 2.073100000000000165e+00 9.019386393751037678e-01 0.000000000000000000e+00 nan 1.013028022790771754e-01 7.010388694510000240e-01 3.322369289810000320e-02 1.500191833410000064e-01 3.677960000000000118e+00 1.235030000000000072e+01 2.320599999999999952e+01 3.207430000000000092e+01 4.604221270370759678e-01 3.767585013642110736e-01
1.650490000000000013e+00 1.198690000000000033e+00 1.077110000000000012e+00 2.063860000000000028e+00 1.801639999999999908e+00 8.238250000000000295e-01 7.226388822855588367e-01 7.430060115948154964e-01 2.073100000000000165e+00 9.212468313233929118e-01 8.173471638603047040e-03 nan 8.509263925444232601e-02 7.010388694510000240e-01 3.322369289810000320e-02 1.500191833410000064e-01 3.677960000000000118e+00 1.235030000000000072e+01 2.320599999999999952e+01 3.207430000000000092e+01 4.518665462383704146e-01 3.650429227390696862e-01
1.594659999999999966e+00 1.190690000000000026e+00 1.074980000000000047e+00 1.233719999999999928e+00 1.441159999999999997e+00 6.998849999999999794e-01 7.490213688528828406e-01 7.688809471421165220e-01 1.434010000000000007e+00 9.388343424817796601e-01 1.661319328861043942e-02 nan 7.066587175152572176e-02 6.850474908850000544e-01 3.681492730190000229e-02 1.619623400949999903e-01 4.080429999999999779e+00 8.740999999999999659e+00 1.420800000000000018e+01 2.137760000000000105e+01 4.518665462383704146e-01 3.650429227390696862e-01
1.324549999999999894e+00 1.146660000000000013e+00 1.052240000000000064e+00 1.281309999999999949e+00 1.502760000000000096e+00 6.482130000000000392e-01 7.741717920948123499e-01 7.934219536216509105e-01 1.434010000000000007e+00 9.545018993212266434e-01 2.584864825381383291e-02 nan 5.776802680291615033e-02 6.850474908850000544e-01 3.681492730190000229e-02 1.619623400949999903e-01 4.080429999999999779e+00 8.740999999999999659e+00 1.420800000000000018e+01 2.137760000000000105e+01 5.039259255154682204e-01 3.697744060690756340e-01
1.073560000000000070e+00 1.102919999999999900e+00 9.974880000000000413e-01 1.582440000000000069e+00 1.568009999999999904e+00 6.011229999999999629e-01 7.979974340050932646e-01 8.165478723849918241e-01 1.434010000000000007e+00 9.680719821623047228e-01 3.640030386158465969e-02 nan 4.612730813773635585e-02 6.618816018480000452e-01 4.332637594799999825e-02 1.724601837929999881e-01 3.292569999999999997e+00 7.689280000000000115e+00 1.064610000000000056e+01 1.507419999999999938e+01 5.039259255154682204e-01 3.697744060690756340e-01
9.843690000000000495e-01 1.084940000000000015e+00 9.782089999999999952e-01 9.048420000000000352e-01 1.180870000000000086e+00 5.556520000000000348e-01 8.204181081875242532e-01 8.381935782929776924e-01 1.434010000000000007e+00 9.793908365440946451e-01 4.877371436008670624e-02 nan 3.545767574199498728e-02 6.618816018480000452e-01 4.332637594799999825e-02 1.724601837929999881e-01 3.292569999999999997e+00 7.689280000000000115e+00 1.064610000000000056e+01 1.507419999999999938e+01 5.314932924024891037e-01 3.600818526652026508e-01
8.538719999999999644e-01 1.054629999999999956e+00 9.646890000000000187e-01 1.517200000000000104e+00 1.316680000000000073e+00 5.381719999999999837e-01 8.413618083092327948e-01 8.583107176095606805e-01 1.434010000000000007e+00 9.883302153236658283e-01 6.345379278663620948e-02 nan 2.546208680624184595e-02 6.542459605579999948e-01 4.971043501110000012e-02 1.703981408259999941e-01 3.756949999999999790e+00 8.604939999999999145e+00 1.103260000000000041e+01 1.304609999999999914e+01 5.314932924024891037e-01 3.600818526652026508e-01
8.762830000000000341e-01 1.060170000000000057e+00 9.758520000000000527e-01 7.025519999999999543e-01 1.059900000000000064e+00 5.522770000000000179e-01 8.607815710398263320e-01 8.768682558689581130e-01 1.434010000000000007e+00 9.947888317674513647e-01 8.089931670922601015e-02 nan 2.147847448462469888e-02 6.542459605579999948e-01 4.971043501110000012e-02 1.703981408259999941e-01 3.756949999999999790e+00 8.604939999999999145e+00 1.103260000000000041e+01 1.304609999999999914e+01 5.059706206674904339e-01 3.607872496173554211e-01
7.014029999999999987e-01 1.019339999999999913e+00 9.500600000000000156e-01 1.211719999999999908e+00 1.287530000000000063e+00 5.601300000000000168e-01 8.786577130512047695e-01 8.938528295085499398e-01 1.434010000000000007e+00 9.986935071704110545e-01 1.015377300933634208e-01 nan 1.808737048045938600e-02 6.479101192649999730e-01 5.116812877549999777e-02 1.709602047079999965e-01 2.806039999999999868e+00 7.873090000000000366e+00 1.037969999999999970e+01 1.098269999999999946e+01 5.059706206674904339e-01 3.607872496173554211e-01
5.598870000000000235e-01 9.826540000000000274e-01 9.232150000000000079e-01 9.696230000000000127e-01 1.045320000000000027e+00 5.189129999999999576e-01 8.949786160274146862e-01 9.092688972833835592e-01 1.434010000000000007e+00 1.000000000000000000e+00 1.257603001911424823e-01 nan 1.532719735712939624e-02 6.479101192649999730e-01 5.116812877549999777e-02 1.709602047079999965e-01 2.806039999999999868e+00 7.873090000000000366e+00 1.037969999999999970e+01 1.098269999999999946e+01 4.839776801298851794e-01 3.977540427230984443e-01
5.411869999999999736e-01 9.780710000000000237e-01 9.327839999999999465e-01 1.024229999999999974e+00 1.005940000000000056e+00 4.691100000000000270e-01 9.097492324794163032e-01 9.231386897466968833e-01 1.434010000000000007e+00 9.986935071704110545e-01 1.539176843269349781e-01 nan 1.322922897903144879e-02 6.435478318420000399e-01 5.090678323850000159e-02 1.762433669000000036e-01 3.378740000000000077e+00 6.755930000000000213e+00 7.584240000000000315e+00 8.611900000000000333e+00 4.839776801298851794e-01 3.977540427230984443e-01
4.528820000000000068e-01 9.517619999999999969e-01 9.348809999999999620e-01 6.125599999999999934e-01 8.635570000000000190e-01 4.413520000000000221e-01 9.229998263936288749e-01 9.355019573688677648e-01 1.647040000000000060e+00 9.975027038807253721e-01 1.781424851711874702e-01 nan 1.181723616619478889e-02 6.435478318420000399e-01 5.090678323850000159e-02 1.762433669000000036e-01 3.378740000000000077e+00 6.755930000000000213e+00 7.584240000000000315e+00 8.611900000000000333e+00 8.740656186449602405e-02 3.415718373594196500e-01
3.930210000000000092e-01 9.328880000000000505e-01 9.243329999999999602e-01 9.682939999999999880e-01 1.123660000000000103e+00 4.127359999999999918e-01 9.347726658295549829e-01 9.464155201487012281e-01 1.434010000000000007e+00 9.938463636596371886e-01 2.065999477006026375e-01 nan 1.110721736139275162e-02 6.264224636659999623e-01 5.284248650099999944e-02 1.949858969269999964e-01 1.727190000000000003e+00 4.996050000000000324e+00 6.425839999999999996e+00 7.087600000000000122e+00 8.740656186449602405e-02 3.415718373594196500e-01
3.389519999999999755e-01 9.154369999999999452e-01 9.084229999999999805e-01 1.003919999999999924e+00 1.246720000000000050e+00 3.661780000000000035e-01 9.451238555721485080e-01 9.559526238201382364e-01 1.434010000000000007e+00 9.879734717771497809e-01 2.389676374936970937e-01 nan 5.464604216058877029e-03 6.264224636659999623e-01 5.284248650099999944e-02 1.949858969269999964e-01 1.727190000000000003e+00 4.996050000000000324e+00 6.425839999999999996e+00 7.087600000000000122e+00 2.514365507267256605e-01 3.656817728089438724e-01
3.134469999999999756e-01 9.068910000000000027e-01 9.212529999999999886e-01 7.490930000000000089e-01 1.105909999999999949e+00 3.317890000000000006e-01 9.541302993282551048e-01 9.642021099488232716e-01 1.007949999999999902e+00 9.801581279192788099e-01 2.748788156916426306e-01 nan 0.000000000000000000e+00 6.150213695499999744e-01 5.400362664789999656e-02 1.960038383669999995e-01 2.574300000000000033e+00 4.567149999999999821e+00 5.782589999999999897e+00 7.162819999999999965e+00 2.514365507267256605e-01 3.656817728089438724e-01
2.454439999999999955e-01 8.830789999999999473e-01 9.041320000000000467e-01 1.082289999999999974e+00 1.296829999999999927e+00 3.284360000000000057e-01 9.618848286366625810e-01 9.712674093216659976e-01 5.818969999999999976e-01 9.706964405290859910e-01 3.139265942960777211e-01 nan 0.000000000000000000e+00 6.150213695499999744e-01 5.400362664789999656e-02 1.960038383669999995e-01 2.574300000000000033e+00 4.567149999999999821e+00 5.782589999999999897e+00 7.162819999999999965e+00 5.623465785988573939e-01 5.326112996606109373e-01
2.081449999999999967e-01 8.695810000000000484e-01 9.021019999999999595e-01 1.008620000000000072e+00 1.232930000000000081e+00 3.065160000000000107e-01 9.684949794451132021e-01 9.772653700346969341e-01 1.558400000000000063e-01 9.599031717796989716e-01 3.556685463727132790e-01 nan 0.000000000000000000e+00 6.158791535640000259e-01 5.591661459370000226e-02 1.780887511960000114e-01 1.330489999999999950e+00 3.823069999999999968e+00 5.296599999999999753e+00 6.697350000000000136e+00 5.623465785988573939e-01 5.326112996606109373e-01
2.048949999999999938e-01 8.688550000000000439e-01 9.189640000000000031e-01 1.231649999999999912e+00 1.310880000000000045e+00 2.803930000000000033e-01 9.740812899163430183e-01 9.823249335574487651e-01 1.558400000000000063e-01 9.481081711931188538e-01 3.996317189252835966e-01 nan 0.000000000000000000e+00 6.158791535640000259e-01 5.591661459370000226e-02 1.780887511960000114e-01 1.330489999999999950e+00 3.823069999999999968e+00 5.296599999999999753e+00 6.697350000000000136e+00 5.685914876403995732e-01 7.009948758900645949e-01
2.065549999999999886e-01 8.690250000000000474e-01 9.115429999999999922e-01 8.693579999999999641e-01 1.163669999999999982e+00 2.700259999999999883e-01 9.787738169977231451e-01 9.865856737745851701e-01 1.558400000000000063e-01 9.356526383133331182e-01 4.453179916419752749e-01 nan 0.000000000000000000e+00 6.289403705580000059e-01 5.920365036389999697e-02 1.473038660500000097e-01 2.046969999999999956e+00 3.903950000000000031e+00 6.013099999999999667e+00 8.721069999999999212e+00 5.685914876403995732e-01 7.009948758900645949e-01
1.372639999999999971e-01 8.411629999999999940e-01 8.806559999999999944e-01 1.037679999999999936e+00 1.019570000000000087e+00 2.839829999999999854e-01 9.827151624500615190e-01 9.901962155580152913e-01 -2.702180000000000137e-01 9.200829805564496588e-01 4.922097207976001698e-01 nan 0.000000000000000000e+00 6.289403705580000059e-01 5.920365036389999697e-02 1.473038660500000097e-01 2.046969999999999956e+00 3.903950000000000031e+00 6.013099999999999667e+00 8.721069999999999212e+00 5.954883718352940170e-01 6.993112397684169146e-01
5.420559999999999962e-02 8.055039999999999978e-01 8.652490000000000459e-01 1.020569999999999977e+00 9.477010000000000156e-01 3.032219999999999915e-01 9.860564685782768901e-01 9.933125507877089699e-01 -2.702180000000000137e-01 9.042894804794474606e-01 5.397756043638406442e-01 nan 0.000000000000000000e+00 6.620281579960000107e-01 5.708056796049999770e-02 1.211960070619999968e-01 2.638490000000000002e+00 6.042229999999999990e+00 8.715989999999999682e+00 1.329119999999999990e+01 5.954883718352940170e-01 6.993112397684169146e-01
6.058790000000000009e-02 8.082629999999999537e-01 8.788470000000000448e-01 1.158730000000000038e+00 1.086969999999999992e+00 3.613149999999999973e-01 9.889539408345069393e-01 9.960962709013643224e-01 -2.702180000000000137e-01 8.884510847489611729e-01 5.874767018735282953e-01 nan 0.000000000000000000e+00 6.620281579960000107e-01 5.708056796049999770e-02 1.211960070619999968e-01 2.638490000000000002e+00 6.042229999999999990e+00 8.715989999999999682e+00 1.329119999999999990e+01 5.765486210775376819e-01 6.482564716843015606e-01
1.323779999999999957e-01 8.398759999999999559e-01 9.103269999999999973e-01 1.191330000000000000e+00 1.118880000000000097e+00 4.430069999999999841e-01 9.915717250565077023e-01 9.987127359988505759e-01 -2.702180000000000137e-01 8.727472487173194571e-01 6.347725408314872642e-01 nan 0.000000000000000000e+00 6.715562679140000268e-01 5.290982569469999952e-02 1.093708773050000027e-01 5.170630000000000059e+00 1.170909999999999940e+01 1.727280000000000015e+01 2.098870000000000147e+01 5.765486210775376819e-01 6.482564716843015606e-01
1.078569999999999945e-01 8.290560000000000151e-01 9.053139999999999521e-01 1.155370000000000008e+00 1.150279999999999969e+00 5.262900000000000356e-01 9.940762696806092480e-01 1.000000000000000000e+00 -2.702180000000000137e-01 8.573559031216947401e-01 6.811272404838653038e-01 nan 0.000000000000000000e+00 6.715562679140000268e-01 5.290982569469999952e-02 1.093708773050000027e-01 5.170630000000000059e+00 1.170909999999999940e+01 1.727280000000000015e+01 2.098870000000000147e+01 5.903295339314111878e-01 7.009216743195580968e-01
1.331179999999999863e-01 8.394179999999999975e-01 9.072449999999999681e-01 8.685220000000000162e-01 1.004499999999999948e+00 5.531120000000000481e-01 9.959007373780142114e-01 1.000000000000000000e+00 -2.702180000000000137e-01 8.424514380577555750e-01 7.260155835612027708e-01 nan 0.000000000000000000e+00 6.520300819369999612e-01 5.151076722009999970e-02 1.159406486670000042e-01 8.658490000000000464e+00 2.310559999999999903e+01 2.833569999999999922e+01 3.098999999999999844e+01 5.903295339314111878e-01 7.009216743195580968e-01
9.017169999999999352e-02 8.217910000000000492e-01 9.142259999999999831e-01 1.112060000000000048e+00 1.084459999999999980e+00 5.679739999999999789e-01 9.965103046991548030e-01 1.000000000000000000e+00 -5.718890000000000085e-02 8.282027270701981525e-01 7.689289671999617326e-01 nan 0.000000000000000000e+00 6.520300819369999612e-01 5.151076722009999970e-02 1.159406486670000042e-01 8.658490000000000464e+00 2.310559999999999903e+01 2.833569999999999922e+01 3.098999999999999844e+01 5.557858223387101004e-01 6.796932188726958479e-01
1.515970000000000095e-01 8.484880000000000200e-01 9.444409999999999750e-01 1.204099999999999948e+00 9.491929999999999534e-01 5.401690000000000103e-01 9.966242324092144944e-01 1.000000000000000000e+00 -2.702180000000000137e-01 8.147712137480075389e-01 8.093811656161968848e-01 nan 0.000000000000000000e+00 6.445776912259999492e-01 5.419495384760000117e-02 1.077543936820000020e-01 1.184490000000000087e+01 2.968519999999999825e+01 3.602139999999999986e+01 3.761699999999999733e+01 5.557858223387101004e-01 6.796932188726958479e-01
1.546079999999999954e-01 8.496050000000000546e-01 9.374839999999999840e-01 1.164169999999999927e+00 9.090650000000000119e-01 5.226939999999999920e-01 9.968329101097609390e-01 1.000000000000000000e+00 -2.702180000000000137e-01 7.995952103908109398e-01 8.469138392379739200e-01 nan 0.000000000000000000e+00 6.445776912259999492e-01 5.419495384760000117e-02 1.077543936820000020e-01 1.184490000000000087e+01 2.968519999999999825e+01 3.602139999999999986e+01 3.761699999999999733e+01 4.477937794721472686e-01 5.754941106009183738e-01
1.876670000000000005e-01 8.613439999999999985e-01 9.537170000000000369e-01 9.848339999999999872e-01 9.808799999999999741e-01 4.845430000000000015e-01 9.971274450202886053e-01 1.000000000000000000e+00 -2.702180000000000137e-01 7.854413859290670930e-01 8.811017278758628279e-01 nan 0.000000000000000000e+00 5.514093132430000210e-01 9.524270631389999964e-02 1.205756621199999962e-01 1.611280000000000001e+01 3.965129999999999910e+01 4.586249999999999716e+01 4.268829999999999814e+01 4.477937794721472686e-01 5.754941106009183738e-01
2.211629999999999985e-01 8.742860000000000076e-01 9.697480000000000544e-01 6.487190000000000456e-01 7.730069999999999997e-01 4.408900000000000041e-01 9.975278898303968633e-01 1.000000000000000000e+00 -2.702180000000000137e-01 7.722625513752101600e-01 9.115574690908090361e-01 nan 0.000000000000000000e+00 5.514093132430000210e-01 9.524270631389999964e-02 1.205756621199999962e-01 1.611280000000000001e+01 3.965129999999999910e+01 4.586249999999999716e+01 4.268829999999999814e+01 1.542165603683776087e-01 3.186098356292007550e-01
2.750879999999999992e-01 8.954739999999999922e-01 1.006059999999999954e+00 9.154179999999999540e-01 8.223669999999999591e-01 5.183339999999999614e-01 9.980321482593290661e-01 1.000000000000000000e+00 -2.702180000000000137e-01 7.600004707164318418e-01 9.379359871653506486e-01 nan 0.000000000000000000e+00 3.415221477579999942e-01 2.652242038150000036e-01 1.417320245350000008e-01 2.114209999999999923e+01 5.625030000000000285e+01 5.984810000000000230e+01 5.195199999999999818e+01 1.542165603683776087e-01 3.186098356292007550e-01
1.436050000000000104e-01 8.439849999999999852e-01 9.694580000000000419e-01 4.416039999999999965e-01 6.481190000000000007e-01 6.869690000000000518e-01 9.986235375683542026e-01 9.987127359988505759e-01 -2.702180000000000137e-01 7.485865207519758480e-01 9.599384029493817083e-01 nan 0.000000000000000000e+00 3.415221477579999942e-01 2.652242038150000036e-01 1.417320245350000008e-01 2.114209999999999923e+01 5.625030000000000285e+01 5.984810000000000230e+01 5.195199999999999818e+01 1.645619420725118465e-01 3.984261662341119781e-01
-4.415569999999999912e-02 7.604060000000000263e-01 8.877019999999999911e-01 3.491650000000000031e-01 6.009889999999999954e-01 8.927249999999999908e-01 9.992917249933290780e-01 9.960962709013642113e-01 -2.702180000000000137e-01 7.379424686214239859e-01 9.773154202803502333e-01 nan 0.000000000000000000e+00 2.133944676300000010e-01 4.371933261809999860e-01 1.385173373130000052e-01 2.534319999999999951e+01 5.450939999999999941e+01 5.868489999999999895e+01 5.227680000000000149e+01 1.645619420725118465e-01 3.984261662341119781e-01
8.857470000000000621e-02 8.225679999999999659e-01 9.732119999999999660e-01 4.234840000000000271e-01 6.047540000000000138e-01 1.122910000000000075e+00 1.000000000000000000e+00 9.933125507877089699e-01 -2.702180000000000137e-01 7.279813582142637962e-01 9.898701506083923407e-01 nan 0.000000000000000000e+00 2.133944676300000010e-01 4.371933261809999860e-01 1.385173373130000052e-01 2.534319999999999951e+01 5.450939999999999941e+01 5.868489999999999895e+01 5.227680000000000149e+01 1.314256900153490948e-01 4.361249750449190943e-01
5.477400000000000047e-01 9.790689999999999671e-01 1.121799999999999908e+00 2.658190000000000275e-01 5.489100000000000090e-01 1.461740000000000039e+00 9.996870513481341813e-01 9.901962155580154024e-01 -2.702180000000000137e-01 7.186084954173675987e-01 9.974603438222758856e-01 nan 0.000000000000000000e+00 2.408534671829999918e-01 4.218461381149999911e-01 1.432760042419999880e-01 9.954650000000000887e+00 3.363089999999999691e+01 4.199839999999999662e+01 4.328699999999999903e+01 1.314256900153490948e-01 4.361249750449190943e-01
7.172330000000000094e-01 1.022699999999999942e+00 1.168809999999999905e+00 3.470340000000000091e-01 5.686520000000000463e-01 1.792950000000000044e+00 9.981412176243221746e-01 9.865856737745851701e-01 -2.702180000000000137e-01 7.097225210371315152e-01 1.000000000000000000e+00 nan 0.000000000000000000e+00 2.408534671829999918e-01 4.218461381149999911e-01 1.432760042419999880e-01 9.954650000000000887e+00 3.363089999999999691e+01 4.199839999999999662e+01 4.328699999999999903e+01 1.294364066560644844e-01 4.307712783656085787e-01
7.958849999999999536e-01 1.041479999999999961e+00 1.185810000000000031e+00 2.085339999999999971e-01 4.795459999999999723e-01 1.882270000000000110e+00 9.962884294290482723e-01 9.823249335574487651e-01 -2.702180000000000137e-01 7.012165592396398806e-01 9.974603438222758856e-01 nan 0.000000000000000000e+00 3.641901650959999959e-01 3.336811652439999887e-01 1.252022800739999997e-01 1.079209999999999958e+01 2.364320000000000022e+01 2.990240000000000009e+01 3.414809999999999945e+01 1.294364066560644844e-01 4.307712783656085787e-01
8.604100000000000081e-01 1.056240000000000068e+00 1.197589999999999932e+00 6.327810000000000379e-02 3.602879999999999971e-01 1.855909999999999949e+00 9.941455458018690905e-01 9.772653700346969341e-01 -5.718890000000000085e-02 6.929794284965693496e-01 9.898701506083924517e-01 nan 0.000000000000000000e+00 3.641901650959999959e-01 3.336811652439999887e-01 1.252022800739999997e-01 1.079209999999999958e+01 2.364320000000000022e+01 2.990240000000000009e+01 3.414809999999999945e+01 1.304670660009863425e-01 4.403473747254941228e-01
9.341369999999999951e-01 1.072810000000000041e+00 1.209160000000000013e+00 9.017740000000000478e-02 4.228839999999999821e-01 1.828770000000000007e+00 9.915444197123702841e-01 9.712674093216659976e-01 -5.718890000000000085e-02 6.848969013163308528e-01 9.773154202803503443e-01 nan 0.000000000000000000e+00 4.481316606779999767e-01 2.714900112090000150e-01 1.206485601219999954e-01 6.910610000000000142e+00 1.889780000000000015e+01 2.262620000000000076e+01 2.522550000000000026e+01 1.304670660009863425e-01 4.403473747254941228e-01
9.594260000000000010e-01 1.077860000000000040e+00 1.210499999999999909e+00 2.970929999999999960e-01 6.428500000000000325e-01 1.832880000000000065e+00 9.883210926416158282e-01 9.642021099488232716e-01 -2.702180000000000137e-01 6.768529984871913818e-01 9.599384029493817083e-01 nan 0.000000000000000000e+00 4.481316606779999767e-01 2.714900112090000150e-01 1.206485601219999954e-01 6.910610000000000142e+00 1.889780000000000015e+01 2.262620000000000076e+01 2.522550000000000026e+01 1.304171953875223888e-01 4.510314766753177329e-01
1.011020000000000030e+00 1.088600000000000012e+00 1.217689999999999939e+00 5.222799999999999665e-01 7.768859999999999655e-01 1.878649999999999931e+00 9.843193321468070023e-01 9.559526238201382364e-01 -2.702180000000000137e-01 6.687313031680872655e-01 9.379359871653506486e-01 nan 0.000000000000000000e+00 5.426298108420000155e-01 1.929612455359999978e-01 1.168060108489999971e-01 4.740129999999999733e+00 1.238790000000000013e+01 1.571930000000000049e+01 1.834349999999999881e+01 1.304171953875223888e-01 4.510314766753177329e-01
1.071949999999999958e+00 1.100970000000000004e+00 1.228599999999999914e+00 7.433319999999999927e-01 9.465519999999999490e-01 1.927899999999999947e+00 9.793939016291444144e-01 9.464155201487012281e-01 -2.702180000000000137e-01 6.604162799379496018e-01 9.115574690908091471e-01 nan 0.000000000000000000e+00 5.426298108420000155e-01 1.929612455359999978e-01 1.168060108489999971e-01 4.740129999999999733e+00 1.238790000000000013e+01 1.571930000000000049e+01 1.834349999999999881e+01 1.288767475494134729e-01 4.666666666666666741e-01
1.131669999999999954e+00 1.112980000000000080e+00 1.240299999999999958e+00 7.154810000000000336e-01 8.382840000000000291e-01 2.021049999999999791e+00 9.734082258244750596e-01 9.355019573688677648e-01 -2.702180000000000137e-01 6.517945838581920004e-01 8.811017278758630500e-01 nan 0.000000000000000000e+00 6.138760244880000494e-01 1.538865516210000117e-01 1.054676427429999952e-01 3.792149999999999910e+00 9.985900000000000887e+00 1.216990000000000016e+01 1.449779999999999980e+01 1.288767475494134729e-01 4.666666666666666741e-01
1.090750000000000108e+00 1.104200000000000070e+00 1.232089999999999907e+00 8.412789999999999990e-01 9.243489999999999762e-01 2.062899999999999956e+00 9.662383093145093804e-01 9.231386897466968833e-01 -2.702180000000000137e-01 6.427563447161541710e-01 8.469138392379739200e-01 nan 0.000000000000000000e+00 6.138760244880000494e-01 1.538865516210000117e-01 1.054676427429999952e-01 3.792149999999999910e+00 9.985900000000000887e+00 1.216990000000000016e+01 1.449779999999999980e+01 1.281619354230967289e-01 4.670160377986291023e-01
9.446329999999999449e-01 1.075080000000000036e+00 1.199279999999999902e+00 4.718899999999999761e-01 6.706459999999999644e-01 2.047680000000000167e+00 9.577759593074841593e-01 9.092688972833835592e-01 -2.702180000000000137e-01 6.331964118985140555e-01 8.093811656161968848e-01 nan 0.000000000000000000e+00 6.170411850139999599e-01 1.865485108870000019e-01 8.206538999059999340e-02 4.907099999999999795e+00 1.027059999999999995e+01 1.154470000000000063e+01 1.402749999999999986e+01 1.281619354230967289e-01 4.670160377986291023e-01
8.421589999999999909e-01 1.054230000000000000e+00 1.174530000000000074e+00 1.990639999999999910e-01 3.799230000000000107e-01 1.906099999999999905e+00 9.479296116661916072e-01 8.938528295085499398e-01 -5.718890000000000085e-02 6.230155457897516014e-01 7.689289671999618436e-01 nan 0.000000000000000000e+00 6.170411850139999599e-01 1.865485108870000019e-01 8.206538999059999340e-02 4.907099999999999795e+00 1.027059999999999995e+01 1.154470000000000063e+01 1.402749999999999986e+01 1.281563942438229686e-01 4.792407000732015199e-01
8.443629999999999747e-01 1.054550000000000098e+00 1.183610000000000051e+00 1.616879999999999984e-01 4.525290000000000146e-01 1.773509999999999920e+00 9.366210483730473824e-01 8.768682558689582240e-01 -2.702180000000000137e-01 6.121215421966483827e-01 7.260155835612029929e-01 nan 0.000000000000000000e+00 6.028538648300000302e-01 2.098156297919999969e-01 6.962552681620000350e-02 6.507889999999999731e+00 1.316660000000000075e+01 1.502909999999999968e+01 1.718250000000000099e+01 1.281563942438229686e-01 4.792407000732015199e-01
7.069649999999999546e-01 1.020189999999999930e+00 1.155860000000000110e+00 3.682010000000000005e-01 5.179859999999999465e-01 1.606179999999999941e+00 9.237866947546612417e-01 8.583107176095607915e-01 -2.702180000000000137e-01 6.004302770586382731e-01 6.811272404838655259e-01 nan 0.000000000000000000e+00 6.028538648300000302e-01 2.098156297919999969e-01 6.962552681620000350e-02 6.507889999999999731e+00 1.316660000000000075e+01 1.502909999999999968e+01 1.718250000000000099e+01 1.259787107892300639e-01 5.190723364610367874e-01
6.355610000000000426e-01 1.004250000000000087e+00 1.137489999999999890e+00 3.910649999999999959e-01 5.320920000000000094e-01 1.364190000000000014e+00 9.093837458755620329e-01 8.381935782929778034e-01 -2.702180000000000137e-01 5.878666596070289962e-01 6.347725408314874862e-01 nan 0.000000000000000000e+00 5.993972424729999693e-01 1.953084755060000011e-01 6.571346824660000141e-02 8.745689999999999742e+00 1.772850000000000037e+01 1.986280000000000001e+01 2.140630000000000166e+01 1.259787107892300639e-01 5.190723364610367874e-01
6.040360000000000174e-01 9.951670000000000238e-01 1.130870000000000042e+00 3.631420000000000203e-01 4.434359999999999968e-01 1.093120000000000092e+00 8.933846383773607069e-01 8.165478723849919351e-01 -2.702180000000000137e-01 5.743654831734150701e-01 5.874767018735285173e-01 nan 0.000000000000000000e+00 5.993972424729999693e-01 1.953084755060000011e-01 6.571346824660000141e-02 8.745689999999999742e+00 1.772850000000000037e+01 1.986280000000000001e+01 2.140630000000000166e+01 1.229532269057500571e-01 5.123344646303320538e-01
4.878739999999999744e-01 9.619659999999999878e-01 1.101290000000000102e+00 2.410219999999999863e-01 4.463500000000000245e-01 7.468770000000000131e-01 8.757778147549833969e-01 7.934219536216509105e-01 -2.702180000000000137e-01 5.598721640072868988e-01 5.397756043638407553e-01 nan 0.000000000000000000e+00 5.528957747560000469e-01 1.758396655259999997e-01 7.160296769979999920e-02 7.831339999999999968e+00 1.897889999999999944e+01 2.215259999999999962e+01 2.417859999999999943e+01 1.229532269057500571e-01 5.123344646303320538e-01
2.685839999999999894e-01 8.912090000000000289e-01 1.033619999999999983e+00 8.569200000000000428e-02 2.510490000000000221e-01 3.674060000000000104e-01 8.565738404312294163e-01 7.688809471421166331e-01 -2.702180000000000137e-01 5.443433597317346440e-01 4.922097207976003919e-01 nan 0.000000000000000000e+00 5.528957747560000469e-01 1.758396655259999997e-01 7.160296769979999920e-02 7.831339999999999968e+00 1.897889999999999944e+01 2.215259999999999962e+01 2.417859999999999943e+01 1.221386735525055167e-01 5.017535103480401659e-01
1.118979999999999975e-01 8.308689999999999687e-01 9.697069999999999856e-01 -9.827980000000000049e-03 6.282440000000000246e-02 2.937700000000000033e-02 8.358042890925184709e-01 7.430060115948156074e-01 -5.718890000000000085e-02 5.277474604298968419e-01 4.453179916419756079e-01 nan 0.000000000000000000e+00 4.534368166319999727e-01 1.386355214559999993e-01 8.745754478780000396e-02 8.257400000000000517e+00 2.070520000000000138e+01 2.648290000000000077e+01 2.801239999999999952e+01 1.221386735525055167e-01 5.017535103480401659e-01
-1.502590000000000037e-01 6.997949999999999449e-01 8.446550000000000447e-01 -2.870639999999999997e-02 -1.934659999999999852e-02 -2.982310000000000239e-01 8.135145050283235646e-01 7.158934195775235043e-01 -5.718890000000000085e-02 5.100649467979494478e-01 3.996317189252837077e-01 nan 0.000000000000000000e+00 4.534368166319999727e-01 1.386355214559999993e-01 8.745754478780000396e-02 8.257400000000000517e+00 2.070520000000000138e+01 2.648290000000000077e+01 2.801239999999999952e+01 1.241722863459800985e-01 5.466061090037931391e-01
-3.655550000000000188e-01 5.321399999999999464e-01 6.741289999999999782e-01 -8.508050000000000335e-02 3.178199999999999775e-02 -5.564590000000000369e-01 7.897683866788528517e-01 6.876534668303628806e-01 -2.702180000000000137e-01 4.912886113066176064e-01 3.556685463727135010e-01 nan 0.000000000000000000e+00 3.473382704669999987e-01 8.288620350979999940e-02 9.787438992550000216e-02 8.347680000000000433e+00 2.630039999999999978e+01 3.463810000000000144e+01 3.403240000000000265e+01 1.241722863459800985e-01 5.466061090037931391e-01
-4.929310000000000080e-01 3.758259999999999934e-01 5.179789999999999672e-01 -3.030519999999999881e-01 -9.943059999999999399e-02 -7.014249999999999652e-01 7.646497768309733489e-01 6.584092225409970967e-01 -2.702180000000000137e-01 4.714236398653623983e-01 3.139265942960778322e-01 nan 0.000000000000000000e+00 3.473382704669999987e-01 8.288620350979999940e-02 9.787438992550000216e-02 8.347680000000000433e+00 2.630039999999999978e+01 3.463810000000000144e+01 3.403240000000000265e+01 1.248150631417378476e-01 5.435316430425234380e-01
-6.584090000000000220e-01 -6.132060000000000288e-02 5.919010000000000243e-02 -3.971120000000000205e-01 -1.811010000000000120e-01 -7.733659999999999979e-01 7.382534797031452545e-01 6.282951349215561976e-01 -2.702180000000000137e-01 4.504875530639542713e-01 2.748788156916427416e-01 nan 0.000000000000000000e+00 2.760978929790000036e-01 5.985636694020000231e-02 9.300456398600000230e-02 1.017869999999999919e+01 2.663269999999999982e+01 3.393130000000000024e+01 3.604520000000000124e+01 1.248150631417378476e-01 5.435316430425234380e-01
-6.998769999999999714e-01 -3.837209999999999788e-01 -3.721070000000000211e-01 -5.817630000000000301e-01 -3.591300000000000048e-01 -8.018389999999999684e-01 7.106862432619944769e-01 5.974555078566725630e-01 3.688679999999999737e-01 4.285100076571901617e-01 2.389676374936972048e-01 nan 0.000000000000000000e+00 2.760978929790000036e-01 5.985636694020000231e-02 9.300456398600000230e-02 1.017869999999999919e+01 2.663269999999999982e+01 3.393130000000000024e+01 3.604520000000000124e+01 1.009104157546809599e-01 5.391728222532774506e-01
-6.981180000000000163e-01 -3.275299999999999878e-01 -3.873050000000000104e-01 -3.604840000000000266e-01 -2.453619999999999968e-01 -7.868349999999999511e-01 6.820707501997412825e-01 5.660428658828058346e-01 -5.718890000000000085e-02 4.055324605420116413e-01 2.065999477006027485e-01 nan 0.000000000000000000e+00 2.225661958409999863e-01 5.290268865850000085e-02 7.420929487859999341e-02 1.030540000000000056e+01 2.207489999999999952e+01 2.733899999999999864e+01 3.053280000000000172e+01 1.009104157546809599e-01 5.391728222532774506e-01
-7.053449999999999998e-01 -4.871300000000000074e-01 -4.313799999999999857e-01 -3.167579999999999840e-01 -4.509699999999999820e-01 -7.797030000000000349e-01 6.525429301515722758e-01 5.342162260242997451e-01 -9.093040000000000012e-01 3.816076990342968100e-01 1.781424851711874702e-01 nan 5.464604216058877029e-03 2.225661958409999863e-01 5.290268865850000085e-02 7.420929487859999341e-02 1.030540000000000056e+01 2.207489999999999952e+01 2.733899999999999864e+01 3.053280000000000172e+01 2.201344290091816758e-01 5.914154521860650604e-01
-7.078959999999999697e-01 -4.971720000000000028e-01 -5.817839999999999678e-01 -1.580350000000000088e-01 -3.944480000000000208e-01 -7.861690000000000067e-01 6.222458648059147057e-01 5.021392960669559535e-01 -9.093040000000000012e-01 3.567992427674790967e-01 1.539176843269349781e-01 nan 1.110721736139275162e-02 1.682734909559999992e-01 4.992176325839999679e-02 6.263985216280000545e-02 9.288619999999999877e+00 2.004360000000000142e+01 2.339229999999999876e+01 3.020250000000000057e+01 2.201344290091816758e-01 5.914154521860650604e-01
-6.888140000000000374e-01 -1.792080000000000062e-01 -3.029240000000000266e-01 -5.778050000000000130e-01 -4.824439999999999840e-01 -7.883499999999999952e-01 5.913307525936211118e-01 4.699786196834072616e-01 -1.122330000000000050e+00 3.339829002124163893e-01 1.257603001911424823e-01 nan 1.728184038225366592e-02 1.682734909559999992e-01 4.992176325839999679e-02 6.263985216280000545e-02 9.288619999999999877e+00 2.004360000000000142e+01 2.339229999999999876e+01 3.020250000000000057e+01 7.415150692370350294e-01 7.906468356957476740e-01
-6.825160000000000116e-01 -1.196799999999999947e-01 -2.362470000000000125e-01 -6.852019999999999778e-01 -6.029409999999999492e-01 -7.819099999999999939e-01 5.599564776664300858e-01 4.379016894267582227e-01 -9.093040000000000012e-01 3.107033175339313225e-01 1.015377300933634208e-01 nan 2.433644634042408939e-02 1.757293289759999932e-01 4.245184764130000010e-02 6.775461440159999404e-02 1.020359999999999978e+01 2.043860000000000099e+01 2.398730000000000118e+01 2.715040000000000120e+01 7.415150692370350294e-01 7.906468356957476740e-01
-7.120170000000000110e-01 -6.671740000000000448e-01 -6.491850000000000120e-01 -4.961530000000000107e-01 -4.866110000000000158e-01 -7.913879999999999804e-01 5.282873560826817361e-01 4.060750489730323709e-01 -4.832460000000000089e-01 2.872242617058204939e-01 8.089931670922601015e-02 nan 3.260903773938306216e-02 1.757293289759999932e-01 4.245184764130000010e-02 6.775461440159999404e-02 1.020359999999999978e+01 2.043860000000000099e+01 2.398730000000000118e+01 2.715040000000000120e+01 1.019576986374239880e-01 5.529813003260797277e-01
-7.187580000000000080e-01 -1.034200000000000008e+00 -1.074840000000000018e+00 -6.562609999999999832e-01 -4.934899999999999842e-01 -7.957689999999999486e-01 4.964894532419318329e-01 3.746624061147760809e-01 -6.962749999999999773e-01 2.638117598123711494e-01 6.345379278663620948e-02 nan 4.242381682088347539e-02 1.726081677129999992e-01 4.320835423879999804e-02 7.794209712270000479e-02 1.063899999999999935e+01 1.792200000000000060e+01 1.990709999999999980e+01 2.390180000000000149e+01 1.019576986374239880e-01 5.529813003260797277e-01
-7.031129999999999880e-01 -3.845459999999999989e-01 -4.992880000000000096e-01 -5.897809999999999997e-01 -4.758430000000000160e-01 -7.967330000000000245e-01 4.647327985881483103e-01 3.438227778863530704e-01 -1.122330000000000050e+00 2.407310848551973415e-01 4.877371436008670624e-02 nan 4.862290800794888401e-02 1.726081677129999992e-01 4.320835423879999804e-02 7.794209712270000479e-02 1.063899999999999935e+01 1.792200000000000060e+01 1.990709999999999980e+01 2.390180000000000149e+01 1.438545551264220901e-01 5.261296333266786140e-01
-7.045000000000000151e-01 -4.084960000000000258e-01 -5.491740000000000510e-01 -6.424769999999999648e-01 -3.630140000000000033e-01 -7.984729999999999883e-01 4.331950900439864860e-01 3.137086888374068794e-01 -1.122330000000000050e+00 2.182437501041331052e-01 3.640030386158465969e-02 nan 5.677868626573256972e-02 1.476968638470000095e-01 4.108412029390000331e-02 7.924266409840000081e-02 1.260100000000000087e+01 1.964509999999999934e+01 2.071130000000000138e+01 2.167630000000000123e+01 1.438545551264220901e-01 5.261296333266786140e-01
-7.115059999999999718e-01 -5.882519999999999971e-01 -7.357359999999999456e-01 -6.963000000000000300e-01 -5.152280000000000193e-01 -8.022939999999999516e-01 4.020436347172541280e-01 2.844644428687661541e-01 -9.093040000000000012e-01 1.966045460473914153e-01 2.584864825381383291e-02 nan 6.679874336769009435e-02 1.476968638470000095e-01 4.108412029390000331e-02 7.924266409840000081e-02 1.260100000000000087e+01 1.964509999999999934e+01 2.071130000000000138e+01 2.167630000000000123e+01 2.930674306105824911e-01 6.026352565382311344e-01
-7.189940000000000220e-01 -1.131699999999999928e+00 -9.655500000000000194e-01 -7.279660000000000020e-01 -6.876759999999999540e-01 -8.053409999999999735e-01 3.714311408447577012e-01 2.562244882115883859e-01 -6.962749999999999773e-01 1.760586535135223452e-01 1.661319328861043942e-02 nan 7.856954806304472516e-02 1.578319319419999867e-01 5.617298727810000197e-02 1.056387711230000054e-01 9.896399999999999864e+00 2.241479999999999961e+01 2.444869999999999877e+01 2.433200000000000074e+01 2.930674306105824911e-01 6.026352565382311344e-01
-7.175960000000000116e-01 -9.975709999999999855e-01 -8.792780000000000040e-01 -6.895360000000000378e-01 -5.816860000000000364e-01 -8.107389999999999874e-01 3.415133919150071806e-01 2.291118940751776245e-01 3.688679999999999737e-01 1.568388656746566578e-01 8.173471638603047040e-03 nan 9.742233664728217057e-02 1.578319319419999867e-01 5.617298727810000197e-02 1.056387711230000054e-01 9.896399999999999864e+00 2.241479999999999961e+01 2.444869999999999877e+01 2.433200000000000074e+01 8.619858478281346992e-01 8.800326079723164163e-01
-7.125860000000000527e-01 -6.401280000000000303e-01 -6.986419999999999852e-01 -7.480670000000000375e-01 -6.284619999999999651e-01 -7.915659999999999918e-01 3.124394516489085172e-01 2.032369562236672200e-01 1.558400000000000063e-01 1.391629504068464529e-01 0.000000000000000000e+00 nan 1.179188203550796121e-01 1.922098527299999915e-01 5.738124234249999955e-02 1.103402673629999969e-01 1.445659999999999989e+01 1.889750000000000085e+01 2.342269999999999897e+01 2.372869999999999990e+01 8.619858478281346992e-01 8.800326079723164163e-01
-7.086829999999999519e-01 -5.077840000000000131e-01 -6.095260000000000122e-01 -8.069199999999999706e-01 -7.012249999999999872e-01 -8.028520000000000101e-01 2.843409666536574898e-01 1.786959472809402927e-01 -9.093040000000000012e-01 1.204289066703156941e-01 0.000000000000000000e+00 nan 1.402446998439113024e-01 1.922098527299999915e-01 5.738124234249999955e-02 1.103402673629999969e-01 1.445659999999999989e+01 1.889750000000000085e+01 2.342269999999999897e+01 2.372869999999999990e+01 8.684080746064377632e-01 8.855027616956144820e-01
-7.205580000000000318e-01 -1.274950000000000028e+00 -1.482040000000000024e+00 -7.529770000000000074e-01 -7.368829999999999547e-01 -8.078549999999999898e-01 2.573435649878825782e-01 1.555700259233325777e-01 -9.093040000000000012e-01 1.033553133053186635e-01 0.000000000000000000e+00 nan 1.645649479860629150e-01 2.167486997249999936e-01 4.902661336159999661e-02 1.027946312200000017e-01 8.858969999999999345e+00 1.643070000000000164e+01 1.973389999999999844e+01 2.037669999999999959e+01 8.684080746064377632e-01 8.855027616956144820e-01
-6.928279999999999994e-01 -2.509009999999999851e-01 -2.828229999999999911e-01 -7.296160000000000423e-01 -8.981900000000000439e-01 -8.068600000000000216e-01 2.315634055720461326e-01 1.339243173193997993e-01 -1.122330000000000050e+00 8.792806347264359168e-02 0.000000000000000000e+00 nan 1.910219406600682790e-01 2.167486997249999936e-01 4.902661336159999661e-02 1.027946312200000017e-01 8.858969999999999345e+00 1.643070000000000164e+01 1.973389999999999844e+01 2.037669999999999959e+01 1.000000000000000000e+00 1.000000000000000000e+00
-7.053739999999999455e-01 -5.427870000000000195e-01 -3.493490000000000206e-01 -9.327999999999999625e-01 -7.321220000000000505e-01 -8.085299999999999709e-01 2.070982274038208892e-01 1.138071752357359134e-01 -9.093040000000000012e-01 7.411439660301233356e-02 0.000000000000000000e+00 nan 2.197338435751158281e-01 2.197018777159999992e-01 4.735542454430000103e-02 8.910577879070000207e-02 1.726030000000000086e+01 1.603979999999999961e+01 1.761309999999999931e+01 1.986110000000000042e+01 1.000000000000000000e+00 1.000000000000000000e+00
-7.078849999999999865e-01 -5.043579999999999730e-01 -5.476490000000000524e-01 -1.073739999999999917e+00 -8.814119999999999733e-01 -8.089640000000000164e-01 1.840300818809705863e-01 9.524963416947573869e-02 -1.122330000000000050e+00 6.186326958742027760e-02 0.000000000000000000e+00 nan 2.507932734063466063e-01 2.197018777159999992e-01 4.735542454430000103e-02 8.910577879070000207e-02 1.726030000000000086e+01 1.603979999999999961e+01 1.761309999999999931e+01 1.986110000000000042e+01 8.704139815035435435e-01 8.949357822586011535e-01
-7.176679999999999726e-01 -9.008540000000000436e-01 -9.981640000000000512e-01 -9.053959999999999786e-01 -9.423740000000000450e-01 -8.142190000000000261e-01 1.624245528243216663e-01 7.826505771504221887e-02 -1.122330000000000050e+00 5.110593511595717953e-02 0.000000000000000000e+00 nan 2.842662484109170773e-01 2.295232549010000067e-01 3.806190544660000008e-02 8.758678497110000682e-02 8.773339999999999250e+00 1.470279999999999987e+01 1.894470000000000098e+01 1.961019999999999897e+01 8.704139815035435435e-01 8.949357822586011535e-01
-7.187050000000000383e-01 -1.032620000000000093e+00 -1.021120000000000028e+00 -1.078430000000000000e+00 -1.033870000000000067e+00 -8.104799999999999782e-01 1.423305049793076593e-01 6.284898714928122132e-02 -9.093040000000000012e-01 4.175672061229884768e-02 0.000000000000000000e+00 nan 3.147268361987071161e-01 2.295232549010000067e-01 3.806190544660000008e-02 8.758678497110000682e-02 8.773339999999999250e+00 1.470279999999999987e+01 1.894470000000000098e+01 1.961019999999999897e+01 8.205489092188599232e-01 8.599687229653291132e-01
-7.081920000000000437e-01 -5.362559999999999549e-01 -5.029799999999999827e-01 -1.042580000000000062e+00 -1.034790000000000099e+00 -8.068959999999999466e-01 1.237817493610969821e-01 4.897919195057709452e-02 -9.093040000000000012e-01 3.371399893822935034e-02 0.000000000000000000e+00 nan 3.474725192839815957e-01 2.592969027079999877e-01 4.887337605000000029e-02 9.050930477370000560e-02 1.106329999999999991e+01 1.723920000000000030e+01 1.845609999999999928e+01 2.071880000000000166e+01 8.205489092188599232e-01 8.599687229653291132e-01
-7.187470000000000248e-01 -1.118940000000000046e+00 -9.186100000000000376e-01 -9.067770000000000552e-01 -8.665500000000000425e-01 -7.952669999999999462e-01 1.067921883105655834e-01 3.779087825738292050e-02 -9.093040000000000012e-01 2.686133986972571996e-02 0.000000000000000000e+00 nan 3.821322759928731383e-01 2.592969027079999877e-01 4.887337605000000029e-02 9.050930477370000560e-02 1.106329999999999991e+01 1.723920000000000030e+01 1.845609999999999928e+01 2.071880000000000166e+01 8.413892844675203708e-01 7.675450855127438077e-01
-7.115669999999999495e-01 -6.078350000000000142e-01 -6.560030000000000028e-01 -9.760830000000000339e-01 -8.604089999999999794e-01 -7.981690000000000174e-01 9.135800504380464648e-02 2.809054361467611116e-02 -9.093040000000000012e-01 2.106882929791931147e-02 0.000000000000000000e+00 nan 4.183133974325341509e-01 2.108950112079999994e-01 6.067364489299999913e-02 7.884273203479999492e-02 1.785439999999999827e+01 1.848460000000000036e+01 1.824200000000000088e+01 1.927639999999999887e+01 8.413892844675203708e-01 7.675450855127438077e-01
-6.996879999999999766e-01 -3.228210000000000246e-01 -4.242850000000000232e-01 -8.558879999999999821e-01 -8.056370000000000475e-01 -7.912259999999999849e-01 7.745956606803294786e-02 1.988105683967211768e-02 -1.122330000000000050e+00 1.619454120785923656e-02 0.000000000000000000e+00 nan 4.556059370398104491e-01 2.108950112079999994e-01 6.067364489299999913e-02 7.884273203479999492e-02 1.785439999999999827e+01 1.848460000000000036e+01 1.824200000000000088e+01 1.927639999999999887e+01 9.375398272260302424e-01 9.686264723497703955e-01
-6.782770000000000188e-01 -1.105399999999999994e-01 -1.431590000000000085e-01 -1.010089999999999932e+00 -8.555129999999999679e-01 -7.834560000000000413e-01 6.505699457239322303e-02 1.314839484753194121e-02 -9.093040000000000012e-01 1.208614575697408711e-02 0.000000000000000000e+00 nan 4.935873554396088547e-01 1.566253492349999887e-01 5.943803824450000217e-02 7.401521704329999674e-02 1.078359999999999985e+01 2.020149999999999935e+01 1.829200000000000159e+01 1.947279999999999944e+01 9.375398272260302424e-01 9.686264723497703955e-01
-7.190929999999999822e-01 -1.144150000000000000e+00 -9.733450000000000157e-01 -8.890500000000000069e-01 -9.194440000000000390e-01 -7.893449999999999633e-01 5.409436459925731633e-02 7.861801538518120580e-03 -6.962749999999999773e-01 8.582635233055135870e-03 0.000000000000000000e+00 nan 5.318273079848551133e-01 1.566253492349999887e-01 5.943803824450000217e-02 7.401521704329999674e-02 1.078359999999999985e+01 2.020149999999999935e+01 1.829200000000000159e+01 1.947279999999999944e+01 6.431757606653847326e-01 8.338889998003593540e-01
-7.154230000000000311e-01 -7.959680000000000089e-01 -7.678049999999999597e-01 -8.648150000000000004e-01 -9.740429999999999922e-01 -7.897499999999999520e-01 4.450339284305737664e-02 3.974136276893247555e-03 -9.093040000000000012e-01 5.516148335971360339e-03 0.000000000000000000e+00 nan 5.698925207333017662e-01 1.461054533779999887e-01 5.565750857770000032e-02 1.026417776099999984e-01 1.658999999999999986e+01 1.924249999999999972e+01 1.853450000000000131e+01 1.820769999999999911e+01 6.431757606653847326e-01 8.338889998003593540e-01
-7.047579999999999956e-01 -4.093999999999999861e-01 -5.228570000000000162e-01 -9.872279999999999944e-01 -9.668750000000000400e-01 -7.700470000000000370e-01 3.619716441754305958e-02 1.422408013159626172e-03 -1.122330000000000050e+00 2.713872113273785303e-03 0.000000000000000000e+00 nan 6.073516996144217028e-01 1.461054533779999887e-01 5.565750857770000032e-02 1.026417776099999984e-01 1.658999999999999986e+01 1.924249999999999972e+01 1.853450000000000131e+01 1.820769999999999911e+01 6.895388076490438500e-01 7.829506887602315501e-01
-7.003810000000000313e-01 -3.316149999999999931e-01 -4.398310000000000275e-01 -8.920019999999999616e-01 -8.869160000000000377e-01 -7.884900000000000242e-01 2.907524112641080016e-02 1.284889978206971151e-04 -1.122330000000000050e+00 0.000000000000000000e+00 0.000000000000000000e+00 nan 6.437804171635629347e-01 1.030663326999999990e-01 4.009013329410000132e-02 1.266143423299999904e-01 1.239499999999999957e+01 2.168240000000000123e+01 2.168580000000000041e+01 2.034540000000000148e+01 6.895388076490438500e-01 7.829506887602315501e-01
-7.037189999999999834e-01 -3.900150000000000006e-01 -5.003990000000000382e-01 -9.475740000000000274e-01 -1.001740000000000075e+00 -7.883379999999999832e-01 2.302827649039795865e-02 0.000000000000000000e+00 -1.122330000000000050e+00 0.000000000000000000e+00 0.000000000000000000e+00 nan 6.787659214547174802e-01 1.030663326999999990e-01 4.009013329410000132e-02 1.266143423299999904e-01 1.239499999999999957e+01 2.168240000000000123e+01 2.168580000000000041e+01 2.034540000000000148e+01 6.839366754032591977e-01 7.968623145005655495e-01
-7.120830000000000215e-01 -5.959790000000000365e-01 -7.365949999999999998e-01 -9.697390000000000176e-01 -1.066419999999999924e+00 -7.723079999999999945e-01 1.793080391448964583e-02 9.313570010404115251e-04 -1.122330000000000050e+00 0.000000000000000000e+00 0.000000000000000000e+00 nan 7.119118127447677802e-01 1.021263737519999965e-01 3.771255520439999870e-02 1.100307485160000043e-01 1.033309999999999995e+01 1.977899999999999991e+01 2.254410000000000025e+01 2.321519999999999939e+01 6.839366754032591977e-01 7.968623145005655495e-01
-7.193859999999999699e-01 -1.193580000000000085e+00 -9.967799999999999994e-01 -8.812619999999999898e-01 -9.189720000000000111e-01 -7.720029999999999948e-01 1.364445531190172645e-02 2.804967503624911096e-03 5.818969999999999976e-01 0.000000000000000000e+00 0.000000000000000000e+00 nan 7.428425348409717355e-01 1.021263737519999965e-01 3.771255520439999870e-02 1.100307485160000043e-01 1.033309999999999995e+01 1.977899999999999991e+01 2.254410000000000025e+01 2.321519999999999939e+01 8.563116802517911630e-01 8.469421707592998949e-01
-6.885179999999999634e-01 -1.881760000000000099e-01 -2.646310000000000051e-01 -8.626589999999999536e-01 -8.293070000000000164e-01 -7.120419999999999527e-01 1.002589015583732479e-02 5.492562901758479832e-03 5.818969999999999976e-01 0.000000000000000000e+00 0.000000000000000000e+00 nan 7.712076303026895729e-01 1.289870172520000136e-01 3.702988118060000083e-02 8.528589588859999959e-02 1.146080000000000076e+01 2.159720000000000084e+01 2.557169999999999987e+01 2.479599999999999937e+01 8.563116802517911630e-01 8.469421707592998949e-01
-6.679049999999999709e-01 -8.109820000000000223e-03 -1.256569999999999909e-01 -6.214490000000000292e-01 -5.581080000000000485e-01 -6.878900000000000015e-01 6.916930058175396745e-03 1.018584831103297450e-02 -1.122330000000000050e+00 0.000000000000000000e+00 0.000000000000000000e+00 nan 7.966857112642232730e-01 1.289870172520000136e-01 3.702988118060000083e-02 8.528589588859999959e-02 1.146080000000000076e+01 2.159720000000000084e+01 2.557169999999999987e+01 2.479599999999999937e+01 7.342782891054875360e-01 7.269415052904770747e-01
-6.862880000000000091e-01 -1.438879999999999881e-01 -2.950760000000000050e-01 -8.109269999999999534e-01 -8.152509999999999479e-01 -7.543090000000000073e-01 4.155405720676297321e-03 1.686499453173706531e-02 -1.122330000000000050e+00 0.000000000000000000e+00 0.000000000000000000e+00 nan 8.189881008877539781e-01 1.604557710919999880e-01 3.264813906999999849e-02 6.489584958220000199e-02 1.049249999999999972e+01 1.774139999999999873e+01 2.037440000000000140e+01 2.244119999999999848e+01 7.342782891054875360e-01 7.269415052904770747e-01
-6.738399999999999945e-01 -4.710339999999999666e-02 -1.691350000000000076e-01 -6.925700000000000189e-01 -8.142160000000000508e-01 -7.545230000000000548e-01 1.603572523888097123e-03 2.425691647728844824e-02 -1.122330000000000050e+00 0.000000000000000000e+00 0.000000000000000000e+00 nan 8.378621041872642561e-01 1.604557710919999880e-01 3.264813906999999849e-02 6.489584958220000199e-02 1.049249999999999972e+01 1.774139999999999873e+01 2.037440000000000140e+01 2.244119999999999848e+01 7.682457180537162200e-01 7.239468955879416745e-01
-6.931329999999999991e-01 -2.374239999999999962e-01 -3.231390000000000096e-01 -8.028419999999999446e-01 -6.920190000000000508e-01 -7.393629999999999924e-01 1.823074716323924704e-04 3.236772162911361050e-02 -9.093040000000000012e-01 0.000000000000000000e+00 0.000000000000000000e+00 nan 8.530938711637017224e-01 1.855563371610000067e-01 3.720225189589999870e-02 7.470876830450000339e-02 7.716770000000000351e+00 2.253770000000000095e+01 2.409130000000000038e+01 2.326429999999999865e+01 7.682457180537162200e-01 7.239468955879416745e-01
-7.170349999999999779e-01 -9.459509999999999863e-01 -7.966699999999999893e-01 -8.187889999999999890e-01 -8.534699999999999509e-01 -7.731240000000000334e-01 0.000000000000000000e+00 4.119537223465985498e-02 -9.093040000000000012e-01 0.000000000000000000e+00 0.000000000000000000e+00 nan 8.645108198109180409e-01 1.855563371610000067e-01 3.720225189589999870e-02 7.470876830450000339e-02 7.716770000000000351e+00 2.253770000000000095e+01 2.409130000000000038e+01 2.326429999999999865e+01 7.284378861509306358e-01 7.588806814400744782e-01
-6.805579999999999963e-01 -1.005609999999999976e-01 -2.196029999999999927e-01 -8.930430000000000312e-01 -8.745270000000000543e-01 -7.703109999999999680e-01 0.000000000000000000e+00 5.072970839594737047e-02 -1.122330000000000050e+00 0.000000000000000000e+00 0.000000000000000000e+00 nan 8.719835915387589287e-01 1.766705076589999979e-01 3.419036921230000220e-02 9.128098035760000284e-02 1.635889999999999844e+01 2.520530000000000115e+01 2.651889999999999858e+01 2.674239999999999995e+01 7.284378861509306358e-01 7.588806814400744782e-01
-6.581310000000000215e-01 5.669609999999999927e-02 -8.286880000000000634e-02 -9.493920000000000137e-01 -9.752049999999999885e-01 -7.617450000000000054e-01 0.000000000000000000e+00 6.095256318527242367e-02 -1.122330000000000050e+00 0.000000000000000000e+00 0.000000000000000000e+00 nan 8.754275168575798016e-01 1.766705076589999979e-01 3.419036921230000220e-02 9.128098035760000284e-02 1.635889999999999844e+01 2.520530000000000115e+01 2.651889999999999858e+01 2.674239999999999995e+01 7.183584810519374475e-01 7.819824316230784556e-01
-6.952859999999999596e-01 -2.999029999999999752e-01 -2.815549999999999997e-01 -9.258070000000000466e-01 -8.594889999999999475e-01 -7.874510000000000121e-01 0.000000000000000000e+00 7.183796848375789690e-02 -9.093040000000000012e-01 0.000000000000000000e+00 0.000000000000000000e+00 nan 8.748035747173961152e-01 1.524657407699999967e-01 3.958121548150000252e-02 9.664888622799999718e-02 7.852319999999999744e+00 2.627609999999999957e+01 3.017099999999999937e+01 2.821399999999999864e+01 7.183584810519374475e-01 7.819824316230784556e-01
-7.045190000000000063e-01 -4.277119999999999811e-01 -4.667830000000000035e-01 -9.928810000000000136e-01 -1.022990000000000066e+00 -8.122709999999999653e-01 0.000000000000000000e+00 8.335244921051554456e-02 -9.093040000000000012e-01 0.000000000000000000e+00 0.000000000000000000e+00 nan 8.701188346319703726e-01 1.524657407699999967e-01 3.958121548150000252e-02 9.664888622799999718e-02 7.852319999999999744e+00 2.627609999999999957e+01 3.017099999999999937e+01 2.821399999999999864e+01 8.475732405370510758e-01 8.940740001330937936e-01
-7.077999999999999847e-01 -4.872449999999999837e-01 -5.671279999999999655e-01 -1.016429999999999945e+00 -1.087050000000000072e+00 -8.116459999999999786e-01 0.000000000000000000e+00 9.545540260868945470e-02 -2.702180000000000137e-01 0.000000000000000000e+00 0.000000000000000000e+00 nan 8.614263765783976012e-01 1.197106409509999941e-01 5.476561673310000045e-02 1.008225459669999935e-01 1.304260000000000019e+01 2.230949999999999989e+01 2.545660000000000167e+01 2.653259999999999863e+01 8.475732405370510758e-01 8.940740001330937936e-01
-7.211530000000000440e-01 -1.601350000000000051e+00 -1.398290000000000033e+00 -1.063220000000000054e+00 -1.095469999999999944e+00 -8.179689999999999461e-01 0.000000000000000000e+00 1.080995582909147767e-01 5.818969999999999976e-01 0.000000000000000000e+00 0.000000000000000000e+00 nan 8.488246895797550984e-01 1.197106409509999941e-01 5.476561673310000045e-02 1.008225459669999935e-01 1.304260000000000019e+01 2.230949999999999989e+01 2.545660000000000167e+01 2.653259999999999863e+01 9.086037890583873455e-01 9.835928661742197043e-01
-7.214159999999999462e-01 -1.730480000000000018e+00 -1.526429999999999954e+00 -9.379960000000000520e-01 -1.045279999999999987e+00 -8.193390000000000395e-01 0.000000000000000000e+00 1.212315138316947261e-01 1.558400000000000063e-01 0.000000000000000000e+00 0.000000000000000000e+00 nan 8.324565557851159037e-01 1.033713425869999952e-01 5.301515557139999807e-02 8.890840184949999614e-02 8.582539999999999836e+00 2.082359999999999900e+01 2.516189999999999927e+01 -1.000000000000000000e+00 9.086037890583873455e-01 9.835928661742197043e-01
-7.215799999999999992e-01 -1.729670000000000041e+00 -1.925300000000000011e+00 -8.131650000000000267e-01 -9.961640000000000494e-01 -8.185989999999999656e-01 0.000000000000000000e+00 1.347923398382201432e-01 1.220979999999999954e+00 0.000000000000000000e+00 0.000000000000000000e+00 nan 8.125074326907477662e-01 1.033713425869999952e-01 5.301515557139999807e-02 8.890840184949999614e-02 8.582539999999999836e+00 2.082359999999999900e+01 2.516189999999999927e+01 -1.000000000000000000e+00 4.744136047033529202e-01 7.884840620216942986e-01
-7.188020000000000520e-01 -1.052119999999999944e+00 -1.013819999999999943e+00 -8.730520000000000502e-01 -1.152679999999999927e+00 -8.169560000000000155e-01 0.000000000000000000e+00 1.487182476439371515e-01 5.818969999999999976e-01 0.000000000000000000e+00 0.000000000000000000e+00 nan 7.892033518325749508e-01 1.103806704899999991e-01 4.568492840470000232e-02 1.241345154780000015e-01 8.981500000000000483e+00 1.837699999999999889e+01 -1.000000000000000000e+00 -1.000000000000000000e+00 4.744136047033529202e-01 7.884840620216942986e-01
-7.181239999999999846e-01 -1.002380000000000049e+00 -9.154440000000000355e-01 -9.813560000000000061e-01 -1.103969999999999896e+00 -8.177799999999999514e-01 0.000000000000000000e+00 1.629413120596278075e-01 -5.718890000000000085e-02 0.000000000000000000e+00 0.000000000000000000e+00 nan 7.628083577585587083e-01 1.103806704899999991e-01 4.568492840470000232e-02 1.241345154780000015e-01 8.981500000000000483e+00 1.837699999999999889e+01 -1.000000000000000000e+00 -1.000000000000000000e+00 6.681055262180897181e-01 7.968656418446795620e-01
-7.200779999999999959e-01 -1.210139999999999993e+00 -1.232140000000000013e+00 -9.922100000000000364e-01 -9.781859999999999999e-01 -8.172599999999999865e-01 0.000000000000000000e+00 1.773902409929453139e-01 -2.702180000000000137e-01 0.000000000000000000e+00 0.000000000000000000e+00 nan 7.336215162984621729e-01 1.072708821669999951e-01 3.820213856639999989e-02 1.688171335479999868e-01 6.980669999999999931e+00 -1.000000000000000000e+00 -1.000000000000000000e+00 -1.000000000000000000e+00 6.681055262180897181e-01 7.968656418446795620e-01
-7.147989999999999622e-01 -7.335850000000000426e-01 -7.872689999999999966e-01 -8.972869999999999457e-01 -1.109299999999999953e+00 -8.159129999999999994e-01 0.000000000000000000e+00 1.919911832163072596e-01 -1.122330000000000050e+00 0.000000000000000000e+00 0.000000000000000000e+00 nan 7.019735260284984957e-01 1.072708821669999951e-01 3.820213856639999989e-02 1.688171335479999868e-01 6.980669999999999931e+00 -1.000000000000000000e+00 -1.000000000000000000e+00 -1.000000000000000000e+00 0.000000000000000000e+00 0.000000000000000000e+00
