-4.540580000000000171e-01 -1.952139999999999986e+00 -1.636500000000000066e+00 -1.550229999999999997e+00 -1.708650000000000002e+00 -5.167079999999999451e-01 0.000000000000000000e+00 1.692713457787664577e-01 -4.805630000000000179e-01 1.506618377926316477e-02 0.000000000000000000e+00 nan 4.999999999999998890e-01 2.446939829400000127e-02 5.053924095109999653e-02 2.139986580139999900e-02 -1.000000000000000000e+00 -1.000000000000000000e+00 -1.000000000000000000e+00 -1.000000000000000000e+00 0.000000000000000000e+00 0.000000000000000000e+00
-4.537669999999999759e-01 -1.541979999999999906e+00 -1.378100000000000103e+00 -1.460469999999999935e+00 -1.633359999999999923e+00 -5.157979999999999787e-01 0.000000000000000000e+00 1.586789232594122412e-01 -6.862570000000000059e-01 2.121633836379588356e-02 0.000000000000000000e+00 nan 5.130115312161740437e-01 3.824950165589999923e-02 6.289101124479999638e-02 2.987778061550000128e-02 9.356749999999999901e+00 -1.000000000000000000e+00 -1.000000000000000000e+00 -1.000000000000000000e+00 0.000000000000000000e+00 0.000000000000000000e+00
-4.536310000000000064e-01 -1.460269999999999957e+00 -1.250879999999999992e+00 -1.507139999999999924e+00 -1.673499999999999988e+00 -5.147810000000000441e-01 0.000000000000000000e+00 1.505265166681607480e-01 -6.862570000000000059e-01 2.842832386942828471e-02 0.000000000000000000e+00 nan 5.236022057316529477e-01 3.824950165589999923e-02 6.289101124479999638e-02 2.987778061550000128e-02 9.356749999999999901e+00 -1.000000000000000000e+00 -1.000000000000000000e+00 -1.000000000000000000e+00 0.000000000000000000e+00 0.000000000000000000e+00
-4.539159999999999862e-01 -1.685079999999999911e+00 -1.521220000000000017e+00 -1.601020000000000110e+00 -1.667059999999999986e+00 -5.129399999999999515e-01 0.000000000000000000e+00 1.449463435673258305e-01 -6.862570000000000059e-01 3.698477747182349340e-02 0.000000000000000000e+00 nan 5.316520269723575831e-01 5.126009854949999806e-02 6.091437899290000346e-02 3.941797409219999909e-02 1.557080000000000020e+01 3.658109999999999928e+01 -1.000000000000000000e+00 -1.000000000000000000e+00 0.000000000000000000e+00 0.000000000000000000e+00
-4.538449999999999984e-01 -1.598899999999999988e+00 -1.476709999999999967e+00 -1.527689999999999992e+00 -1.651440000000000019e+00 -5.106810000000000516e-01 4.469344419671950064e-03 1.398390377042999511e-01 -6.862570000000000059e-01 4.715310298588537563e-02 0.000000000000000000e+00 nan 5.370697872470853174e-01 5.126009854949999806e-02 6.091437899290000346e-02 3.941797409219999909e-02 1.557080000000000020e+01 3.658109999999999928e+01 -1.000000000000000000e+00 -1.000000000000000000e+00 7.502847266624040889e-01 7.632840786769743424e-01
-4.529420000000000113e-01 -1.163200000000000012e+00 -1.003020000000000023e+00 -1.495780000000000109e+00 -1.546759999999999913e+00 -5.087829999999999853e-01 1.760440620714576188e-02 1.355624027874339221e-01 -6.862570000000000059e-01 5.918244107368819673e-02 0.000000000000000000e+00 nan 5.397941011670963629e-01 8.329484473480000539e-02 5.941767766839999715e-02 5.772875958740000119e-02 2.328280000000000172e+01 4.649609999999999843e+01 5.991239999999999810e+01 -1.000000000000000000e+00 7.502847266624040889e-01 7.632840786769743424e-01
-4.512800000000000145e-01 -8.618519999999999515e-01 -6.829969999999999652e-01 -1.477470000000000061e+00 -1.536510000000000042e+00 -5.067190000000000305e-01 3.539790197059633492e-02 1.324648306913397411e-01 -6.862570000000000059e-01 7.330084638122214002e-02 0.000000000000000000e+00 nan 5.397941011670964739e-01 8.329484473480000539e-02 5.941767766839999715e-02 5.772875958740000119e-02 2.328280000000000172e+01 4.649609999999999843e+01 5.991239999999999810e+01 -1.000000000000000000e+00 6.179767423273657689e-01 6.934142283980819776e-01
-4.510430000000000272e-01 -8.301309999999999523e-01 -6.617920000000000469e-01 -1.481670000000000043e+00 -1.606940000000000035e+00 -5.048380000000000090e-01 5.096029733184703758e-02 1.308813540377402607e-01 -6.862570000000000059e-01 8.971270358812910573e-02 0.000000000000000000e+00 nan 5.370697872470853174e-01 1.323356242550000061e-01 6.260924021699999786e-02 7.879519870170000051e-02 2.831210000000000093e+01 8.392719999999999914e+01 9.267069999999999652e+01 8.637139999999999418e+01 6.179767423273657689e-01 6.934142283980819776e-01
-4.523519999999999763e-01 -1.017479999999999940e+00 -8.792200000000000015e-01 -1.479470000000000063e+00 -1.554110000000000102e+00 -5.034849999999999604e-01 6.073255746175620917e-02 1.311298501419929652e-01 -6.862570000000000059e-01 1.085964116476144659e-01 0.000000000000000000e+00 nan 5.316520269723576941e-01 1.323356242550000061e-01 6.260924021699999786e-02 7.879519870170000051e-02 2.831210000000000093e+01 8.392719999999999914e+01 9.267069999999999652e+01 8.637139999999999418e+01 6.620893941815857442e-01 6.494796220828374933e-01
-4.522599999999999953e-01 -1.003570000000000073e+00 -8.518829999999999458e-01 -1.502340000000000009e+00 -1.621799999999999908e+00 -5.106540000000000523e-01 6.903459017601709657e-02 1.335074393360897727e-01 -6.862570000000000059e-01 1.301023624550219360e-01 0.000000000000000000e+00 nan 5.236022057316530587e-01 2.078186984560000117e-01 3.787880344350000317e-02 8.454618018439999383e-02 5.756929999999999836e+01 1.105090000000000003e+02 1.164270000000000067e+02 1.000289999999999964e+02 6.620893941815857442e-01 6.494796220828374933e-01
-4.511979999999999880e-01 -8.441999999999999504e-01 -6.913470000000000448e-01 -1.470990000000000020e+00 -1.547449999999999992e+00 -5.009230000000000071e-01 8.053383410196202075e-02 1.382871184765724903e-01 -6.862570000000000059e-01 1.543512368475667973e-01 0.000000000000000000e+00 nan 5.130115312161740437e-01 2.078186984560000117e-01 3.787880344350000317e-02 8.454618018439999383e-02 5.756929999999999836e+01 1.105090000000000003e+02 1.164270000000000067e+02 1.000289999999999964e+02 6.561101342710997653e-01 4.784825230674044638e-01
-4.498969999999999914e-01 -7.108039999999999914e-01 -5.624460000000000015e-01 -1.389140000000000041e+00 -1.439219999999999944e+00 -4.927719999999999878e-01 9.509999821104531126e-02 1.457146677810633451e-01 -6.862570000000000059e-01 1.814326372422274680e-01 0.000000000000000000e+00 nan 5.000000000000000000e-01 2.756682084600000082e-01 2.728878286509999959e-02 9.782832718919999559e-02 2.972769999999999868e+01 8.873799999999999955e+01 9.925220000000000198e+01 9.054869999999999663e+01 6.561101342710997653e-01 4.784825230674044638e-01
-3.846140000000000114e-01 1.882560000000000067e-01 -3.383109999999999729e-01 6.242159999999999931e-01 8.957180000000000142e-01 -4.878179999999999739e-01 1.125680420435671847e-01 1.560058660401917319e-01 -1.514520000000000033e-01 2.114040724045590514e-01 0.000000000000000000e+00 nan 4.847150379309540513e-01 2.756682084600000082e-01 2.728878286509999959e-02 9.782832718919999559e-02 2.972769999999999868e+01 8.873799999999999955e+01 9.925220000000000198e+01 9.054869999999999663e+01 5.150255754475703274e-01 4.776617874989346202e-01
-3.349300000000000055e-01 3.923050000000000148e-01 -2.073190000000000033e-01 4.439190000000000080e-01 8.346179999999999710e-01 -4.891050000000000120e-01 1.327400456830293285e-01 1.693440457576745883e-01 2.187979999999999925e-01 2.442903058513992143e-01 0.000000000000000000e+00 nan 4.673298297368395637e-01 3.320225537800000071e-01 2.420796059929999910e-02 1.048065889430000036e-01 3.119590000000000174e+01 7.581839999999999691e+01 8.556820000000000448e+01 8.145770000000000266e+01 5.150255754475703274e-01 4.776617874989346202e-01
-4.083550000000000235e-01 8.425149999999999306e-02 2.311819999999999986e-01 2.118130000000000013e-01 4.369669999999999943e-01 -5.009259999999999824e-01 1.553874522678724279e-01 1.858780159197938042e-01 -6.917420000000000513e-02 2.800830752703278304e-01 0.000000000000000000e+00 nan 4.480413567732726143e-01 3.320225537800000071e-01 2.420796059929999910e-02 1.048065889430000036e-01 3.119590000000000174e+01 7.581839999999999691e+01 8.556820000000000448e+01 8.145770000000000266e+01 3.723375559462914763e-01 4.864310313805088049e-01
-3.714020000000000099e-01 2.564679999999999738e-01 -2.246299999999999963e-01 5.396339999999999471e-01 8.135630000000000361e-01 -4.742049999999999876e-01 1.802536576320459272e-01 2.057203759301201584e-01 5.424230000000000024e-02 3.187411861349683795e-01 0.000000000000000000e+00 nan 4.270681651462130413e-01 2.799449661089999930e-01 3.166732496900000193e-02 9.680799084659999498e-02 2.927199999999999847e+01 7.102989999999999782e+01 8.253069999999999595e+01 8.418460000000000321e+01 3.723375559462914763e-01 4.864310313805088049e-01
-4.245399999999999729e-01 -1.066689999999999999e-01 -5.774719999999999853e-01 5.795979999999999466e-01 7.364859999999999740e-01 -4.651989999999999736e-01 2.070569177327423738e-01 2.289462398132793286e-01 4.656310000000000171e-01 3.554269759198789291e-01 0.000000000000000000e+00 nan 4.046478894972576068e-01 2.799449661089999930e-01 3.166732496900000193e-02 9.680799084659999498e-02 2.927199999999999847e+01 7.102989999999999782e+01 8.253069999999999595e+01 8.418460000000000321e+01 3.503436700767263989e-01 5.153840568959149326e-01
-3.945580000000000198e-01 1.611130000000000062e-01 8.463279999999999414e-02 6.021969999999999823e-01 8.982229999999999936e-01 -4.672259999999999747e-01 2.354935409229813592e-01 2.555923851430378368e-01 7.124639999999999862e-01 3.946439694038907930e-01 0.000000000000000000e+00 nan 3.810345605081966180e-01 2.104624264409999945e-01 3.951641746730000238e-02 1.084192351920000019e-01 2.050690000000000168e+01 6.288589999999999947e+01 7.953910000000000480e+01 7.984109999999999729e+01 3.503436700767263989e-01 5.153840568959149326e-01
-3.756240000000000134e-01 2.785059999999999758e-01 4.608979999999999744e-01 8.324529999999999985e-01 9.522030000000000216e-01 -4.613169999999999771e-01 2.652413288993196172e-01 2.856568363376971176e-01 3.422140000000000182e-01 4.359478223805145491e-01 0.000000000000000000e+00 nan 3.564957266318835583e-01 2.104624264409999945e-01 3.951641746730000238e-02 1.084192351920000019e-01 2.050690000000000168e+01 6.288589999999999947e+01 7.953910000000000480e+01 7.984109999999999729e+01 3.874030930306905374e-01 5.244847516801404153e-01
-3.365190000000000126e-01 4.664869999999999850e-01 5.243309999999999915e-01 9.082609999999999850e-01 1.197869999999999990e+00 -4.554509999999999947e-01 2.959632273373717926e-01 3.190988870442237335e-01 3.833529999999999993e-01 4.788705456913429082e-01 0.000000000000000000e+00 nan 3.313094226613578774e-01 1.957974885190000014e-01 2.644469645470000005e-02 1.308259530720000119e-01 2.208210000000000051e+01 5.282309999999999661e+01 7.121320000000000050e+01 7.821999999999999886e+01 3.874030930306905374e-01 5.244847516801404153e-01
-4.148490000000000233e-01 -1.003839999999999941e-02 -5.076279999999999681e-02 8.377620000000000067e-01 1.035989999999999966e+00 -4.730489999999999973e-01 3.273111448519876454e-01 3.534547196006465608e-01 4.656310000000000171e-01 5.229258077302140206e-01 0.000000000000000000e+00 nan 3.057610194845415963e-01 1.957974885190000014e-01 2.644469645470000005e-02 1.308259530720000119e-01 2.208210000000000051e+01 5.282309999999999661e+01 7.121320000000000050e+01 7.821999999999999886e+01 4.757133152173913526e-01 5.500822313906101879e-01
-4.060900000000000065e-01 7.084129999999999594e-02 2.348510000000000042e-01 6.825139999999999540e-01 9.806970000000000409e-01 -4.671589999999999909e-01 3.589298970117337229e-01 3.885302884825015957e-01 1.776590000000000114e-01 5.676144447746380717e-01 0.000000000000000000e+00 nan 2.801399907180522897e-01 1.935087028699999934e-01 2.615748545200000108e-02 1.252583545129999920e-01 1.718319999999999936e+01 4.638210000000000122e+01 6.265010000000000190e+01 6.869429999999999836e+01 4.757133152173913526e-01 5.500822313906101879e-01
-4.110790000000000277e-01 1.357120000000000028e-02 3.661019999999999830e-01 6.894390000000000240e-01 8.485909999999999842e-01 -3.991709999999999980e-01 3.904612307204280430e-01 4.263258592966447935e-01 3.010749999999999815e-01 6.124301167102284005e-01 0.000000000000000000e+00 nan 2.547366328554578896e-01 1.935087028699999934e-01 2.615748545200000108e-02 1.252583545129999920e-01 1.718319999999999936e+01 4.638210000000000122e+01 6.265010000000000190e+01 6.869429999999999836e+01 6.657458839514065474e-01 6.644138527537256644e-01
-3.649640000000000106e-01 3.325440000000000063e-01 4.266030000000000100e-01 8.206299999999999706e-01 1.011239999999999917e+00 -1.626940000000000053e-01 4.215478833678694137e-01 4.663483419980518629e-01 5.424230000000000024e-02 6.568650440665210199e-01 0.000000000000000000e+00 nan 2.298387760920082012e-01 2.382828185860000059e-01 3.270098839599999696e-02 1.376627737929999873e-01 1.994950000000000045e+01 4.111269999999999669e+01 5.962140000000000128e+01 6.603180000000000405e+01 6.657458839514065474e-01 6.644138527537256644e-01
-3.123009999999999953e-01 5.155889999999999640e-01 7.144239999999999480e-01 9.652899999999999814e-01 1.131329999999999947e+00 -8.491250000000000533e-03 4.518376307579663465e-01 5.080794147401870298e-01 1.776590000000000114e-01 7.004157613612727040e-01 0.000000000000000000e+00 nan 2.057285230935120834e-01 2.382828185860000059e-01 3.270098839599999696e-02 1.376627737929999873e-01 1.994950000000000045e+01 4.111269999999999669e+01 5.962140000000000128e+01 6.603180000000000405e+01 3.183393941815856332e-01 4.719229518701723025e-01
-3.608910000000000173e-01 3.210049999999999848e-01 5.808529999999999527e-01 9.154409999999999492e-01 1.083309999999999995e+00 9.642899999999999805e-01 4.809872779496197071e-01 5.509813966686349929e-01 9.538119999999999932e-02 7.425888215655505054e-01 0.000000000000000000e+00 nan 1.826790526604107345e-01 3.593321493789999876e-01 3.164294660380000124e-02 1.619736709190000012e-01 1.644310000000000116e+01 5.398579999999999757e+01 7.004559999999999320e+01 7.358939999999999770e+01 3.183393941815856332e-01 4.719229518701723025e-01
2.294279999999999931e-01 1.156800000000000050e+00 1.293749999999999956e+00 9.335550000000000237e-01 1.045630000000000059e+00 1.820740000000000025e+00 5.086665477925402801e-01 5.945033400600281404e-01 -4.805630000000000179e-01 7.829063870557400051e-01 0.000000000000000000e+00 nan 1.649831907650969320e-01 3.593321493789999876e-01 3.164294660380000124e-02 1.619736709190000012e-01 1.644310000000000116e+01 5.398579999999999757e+01 7.004559999999999320e+01 7.358939999999999770e+01 3.531909367007671774e-01 4.591194770020423643e-01
-1.682879999999999932e-01 8.631050000000000111e-01 8.295200000000000351e-01 8.000850000000000461e-01 1.066750000000000087e+00 1.107240000000000002e+00 5.345618230993328668e-01 6.380872727798997390e-01 -6.039790000000000436e-01 8.209116437047555559e-01 0.000000000000000000e+00 nan 1.489867838416470969e-01 5.641066782660000278e-01 3.303579790310000319e-02 1.626764912839999966e-01 2.733109999999999928e+01 5.802080000000000126e+01 7.267470000000000141e+01 7.530679999999999552e+01 3.531909367007671774e-01 4.591194770020423643e-01
9.017300000000000315e-01 1.423559999999999937e+00 1.531009999999999982e+00 8.274960000000000093e-01 9.929339999999999833e-01 7.613280000000000047e-01 5.583797000535442034e-01 6.811745203299213181e-01 -6.862570000000000059e-01 8.561739767686339375e-01 0.000000000000000000e+00 nan 1.351794202029795722e-01 5.641066782660000278e-01 3.303579790310000319e-02 1.626764912839999966e-01 2.733109999999999928e+01 5.802080000000000126e+01 7.267470000000000141e+01 7.530679999999999552e+01 2.508491847826087584e-01 3.977947466610267657e-01
1.043420000000000014e+00 1.393440000000000012e+00 1.593709999999999960e+00 6.037139999999999729e-01 9.659020000000000383e-01 1.343029999999999946e+00 5.798503125921423695e-01 7.232120358532043713e-01 -4.805630000000000179e-01 8.882938499236480157e-01 0.000000000000000000e+00 nan 1.240258854268984079e-01 6.407719201760000427e-01 3.474190361719999703e-02 1.711234371070000093e-01 1.676389999999999958e+01 5.579970000000000141e+01 6.732949999999999591e+01 6.825709999999999411e+01 2.508491847826087584e-01 3.977947466610267657e-01
1.746080000000000076e+00 1.483630000000000004e+00 1.770210000000000061e+00 6.873569999999999958e-01 9.734519999999999840e-01 1.456320000000000059e+00 6.090676419717753198e-01 7.636586663761752991e-01 -3.160069999999999824e-01 9.169073321725011994e-01 0.000000000000000000e+00 nan 1.159608961497785584e-01 6.407719201760000427e-01 3.474190361719999703e-02 1.711234371070000093e-01 1.676389999999999958e+01 5.579970000000000141e+01 6.732949999999999591e+01 6.825709999999999411e+01 2.876088954603580605e-01 3.897799481673921429e-01
2.854610000000000092e+00 1.651909999999999989e+00 1.814619999999999900e+00 5.446520000000000250e-01 9.670419999999999572e-01 4.160330000000000084e+00 6.496211307353519926e-01 8.028668526924361837e-01 -3.571460000000000190e-01 9.416902213279467748e-01 0.000000000000000000e+00 nan 1.072211771706311767e-01 6.627827266139999507e-01 3.620043653640000331e-02 1.514617935020000083e-01 2.027039999999999864e+01 4.655789999999999651e+01 6.018169999999999931e+01 6.637369999999999948e+01 2.876088954603580605e-01 3.897799481673921429e-01
4.242280000000000051e+00 1.798799999999999955e+00 1.856659999999999977e+00 5.868999999999999773e-01 1.064699999999999980e+00 4.111089999999999911e+00 6.890595169116374707e-01 8.395444037554049554e-01 -3.571460000000000190e-01 9.623617173531132662e-01 0.000000000000000000e+00 nan 1.019374192599886708e-01 6.627827266139999507e-01 3.620043653640000331e-02 1.514617935020000083e-01 2.027039999999999864e+01 4.655789999999999651e+01 6.018169999999999931e+01 6.637369999999999948e+01 2.983335997442455589e-01 3.898493950231858296e-01
5.082790000000000141e+00 1.880730000000000013e+00 1.948069999999999968e+00 6.993089999999999584e-01 1.102230000000000043e+00 4.947239999999999860e+00 7.145812658864242328e-01 8.732757482559321272e-01 -3.571460000000000190e-01 9.786876039381252612e-01 0.000000000000000000e+00 nan 1.001694895062616997e-01 6.114426178720000493e-01 4.068886980610000176e-02 1.555562868679999933e-01 1.637800000000000011e+01 4.101789999999999736e+01 5.554480000000000217e+01 6.517499999999999716e+01 2.983335997442455589e-01 3.898493950231858296e-01
4.120280000000000165e+00 1.802789999999999893e+00 1.858800000000000008e+00 7.711860000000000381e-01 1.070580000000000087e+00 3.521349999999999980e+00 7.302202536469981631e-01 9.036786965824656903e-01 -3.571460000000000190e-01 9.904829022644808800e-01 0.000000000000000000e+00 nan 1.019374192599886708e-01 6.114426178720000493e-01 4.068886980610000176e-02 1.555562868679999933e-01 1.637800000000000011e+01 4.101789999999999736e+01 5.554480000000000217e+01 6.517499999999999716e+01 3.020849984015344658e-01 3.868821202756408395e-01
2.730080000000000062e+00 1.634630000000000027e+00 1.314899999999999958e+00 6.953639999999999821e-01 1.069020000000000081e+00 1.485950000000000104e+00 7.469023347548977565e-01 9.304087711820638873e-01 -2.337299999999999933e-01 9.976139668889806300e-01 0.000000000000000000e+00 nan 1.072211771706309547e-01 5.962452016529999899e-01 4.314575518319999775e-02 1.559081932710000007e-01 1.396940000000000026e+01 3.747469999999999857e+01 5.364220000000000255e+01 6.683820000000000050e+01 3.020849984015344658e-01 3.868821202756408395e-01
2.938200000000000145e+00 1.660490000000000022e+00 1.327979999999999938e+00 6.977889999999999926e-01 1.007400000000000073e+00 1.474960000000000049e+00 7.644384945653495134e-01 9.531631096287175309e-01 -1.925910000000000122e-01 1.000000000000000000e+00 0.000000000000000000e+00 nan 1.159608961497785584e-01 5.962452016529999899e-01 4.314575518319999775e-02 1.559081932710000007e-01 1.396940000000000026e+01 3.747469999999999857e+01 5.364220000000000255e+01 6.683820000000000050e+01 2.952016064578004695e-01 3.724529576468880165e-01
1.957710000000000061e+00 1.529169999999999918e+00 1.231980000000000075e+00 7.707410000000000094e-01 1.071690000000000031e+00 2.075849999999999973e+00 7.826300413806069889e-01 9.716838961756538717e-01 -2.748680000000000012e-01 9.976139668889806300e-01 0.000000000000000000e+00 nan 1.280575516891830912e-01 5.654025290509999691e-01 4.508353923410000214e-02 1.699466392070000109e-01 1.860910000000000153e+01 4.094120000000000203e+01 5.541510000000000247e+01 7.122280000000000655e+01 2.952016064578004695e-01 3.724529576468880165e-01
2.163349999999999884e+00 1.546200000000000019e+00 1.309930000000000039e+00 7.247839999999999838e-01 9.329880000000000395e-01 2.187260000000000204e+00 8.012708577062798154e-01 9.857612829107650354e-01 -2.337299999999999933e-01 9.904829022644808800e-01 0.000000000000000000e+00 nan 1.433740838480047630e-01 5.654025290509999691e-01 4.508353923410000214e-02 1.699466392070000109e-01 1.860910000000000153e+01 4.094120000000000203e+01 5.541510000000000247e+01 7.122280000000000655e+01 2.672234654731457937e-01 3.558235923595831629e-01
2.189470000000000027e+00 1.548750000000000071e+00 1.315379999999999994e+00 8.509069999999999689e-01 1.129080000000000084e+00 2.387789999999999857e+00 8.201497356449061193e-01 9.952357674173041291e-01 -2.337299999999999933e-01 9.786876039381252612e-01 0.000000000000000000e+00 nan 1.617369501967087508e-01 5.464770615809999565e-01 4.822755949160000000e-02 1.867555703600000117e-01 1.497429999999999950e+01 4.601069999999999993e+01 6.523609999999999332e+01 7.371880000000000166e+01 2.672234654731457937e-01 3.558235923595831629e-01
1.509220000000000006e+00 1.446120000000000072e+00 1.198730000000000073e+00 8.347989999999999577e-01 8.462469999999999715e-01 2.176439999999999930e+00 8.390527699658243410e-01 1.000000000000000000e+00 -2.748680000000000012e-01 9.623617173531134883e-01 0.000000000000000000e+00 nan 1.829380921221346323e-01 5.464770615809999565e-01 4.822755949160000000e-02 1.867555703600000117e-01 1.497429999999999950e+01 4.601069999999999993e+01 6.523609999999999332e+01 7.371880000000000166e+01 2.570082720588234837e-01 3.496333521681623813e-01
1.360829999999999984e+00 1.422360000000000069e+00 1.017090000000000050e+00 8.470050000000000079e-01 8.833750000000000213e-01 1.966839999999999922e+00 8.577657817369090942e-01 1.000000000000000000e+00 -2.748680000000000012e-01 9.416902213279468858e-01 0.000000000000000000e+00 nan 2.067372922147211467e-01 5.081730729360000032e-01 6.137505798989999900e-02 1.864287546520000116e-01 2.036329999999999885e+01 5.002279999999999660e+01 6.507009999999999650e+01 7.230849999999999511e+01 2.570082720588234837e-01 3.496333521681623813e-01
1.454930000000000057e+00 1.440509999999999957e+00 1.003360000000000030e+00 9.777909999999999657e-01 7.033770000000000300e-01 9.660229999999999650e-01 8.760767450574539206e-01 9.952357674173042401e-01 -2.337299999999999933e-01 9.169073321725011994e-01 0.000000000000000000e+00 nan 2.370278934104820268e-01 5.081730729360000032e-01 6.137505798989999900e-02 1.864287546520000116e-01 2.036329999999999885e+01 5.002279999999999660e+01 6.507009999999999650e+01 7.230849999999999511e+01 2.462735773657288574e-01 3.390742734122712543e-01
1.173100000000000032e+00 1.382509999999999906e+00 1.196390000000000065e+00 1.107140000000000013e+00 1.058110000000000106e+00 4.832580000000000209e-01 8.937781893963475666e-01 9.857612829107651464e-01 -2.337299999999999933e-01 8.882938499236480157e-01 0.000000000000000000e+00 nan 2.697433674627098821e-01 5.063000048700000422e-01 7.162741629360000473e-02 1.772047664560000013e-01 1.442190000000000083e+01 4.842869999999999919e+01 6.727500000000000568e+01 6.753260000000000218e+01 2.462735773657288574e-01 3.390742734122712543e-01
1.679000000000000048e+00 1.476129999999999942e+00 1.192450000000000010e+00 1.143580000000000041e+00 6.927659999999999929e-01 2.180149999999999866e-01 9.106695503160917582e-01 9.716838961756538717e-01 -2.748680000000000012e-01 8.561739767686340485e-01 0.000000000000000000e+00 nan 3.048213776085886284e-01 5.063000048700000422e-01 7.162741629360000473e-02 1.772047664560000013e-01 1.442190000000000083e+01 4.842869999999999919e+01 6.727500000000000568e+01 6.753260000000000218e+01 2.368775975063939221e-01 3.253427360167178151e-01
3.351509999999999767e-01 1.103480000000000016e+00 9.315219999999999612e-01 7.531639999999999446e-01 8.812720000000000553e-01 -3.795559999999999906e-02 9.265594419480205346e-01 9.531631096287177529e-01 -2.337299999999999933e-01 8.209116437047556669e-01 0.000000000000000000e+00 nan 3.421728186073391687e-01 4.740176361249999748e-01 8.644526085600000298e-02 1.888047732739999984e-01 2.083210000000000051e+01 5.407439999999999714e+01 6.629219999999999402e+01 6.899320000000000164e+01 2.368775975063939221e-01 3.253427360167178151e-01
3.504789999999999989e-02 9.306710000000000260e-01 5.241749999999999465e-01 3.982609999999999761e-01 7.234969999999999457e-01 -2.235979999999999912e-01 9.412678254706655645e-01 9.304087711820639983e-01 -3.160069999999999824e-01 7.829063870557400051e-01 0.000000000000000000e+00 nan 3.816828263382026076e-01 4.740176361249999748e-01 8.644526085600000298e-02 1.888047732739999984e-01 2.083210000000000051e+01 5.407439999999999714e+01 6.629219999999999402e+01 6.899320000000000164e+01 2.284856537723785053e-01 3.140292118728870152e-01
8.221169999999999867e-01 1.286270000000000024e+00 1.156970000000000054e+00 8.469039999999999901e-01 5.698560000000000292e-01 -3.141590000000000216e-01 9.546280490215437453e-01 9.036786965824658013e-01 -3.982850000000000001e-01 7.425888215655505054e-01 0.000000000000000000e+00 nan 4.232120792568258016e-01 4.076873849139999728e-01 1.098237951659999934e-01 2.192998410460000047e-01 1.830189999999999984e+01 4.961569999999999681e+01 6.577110000000000412e+01 7.096810000000000684e+01 2.284856537723785053e-01 3.140292118728870152e-01
-2.185650000000000093e-01 6.629899999999999682e-01 2.257329999999999892e-01 4.836199999999999943e-01 6.503440000000000332e-01 -2.128529999999999867e-01 9.664887359293488078e-01 8.732757482559323492e-01 -3.160069999999999824e-01 7.004157613612729261e-01 0.000000000000000000e+00 nan 4.625667107017441548e-01 4.076873849139999728e-01 1.098237951659999934e-01 2.192998410460000047e-01 1.830189999999999984e+01 4.961569999999999681e+01 6.577110000000000412e+01 7.096810000000000684e+01 2.150285725703324768e-01 3.145911000697625415e-01
-1.784459999999999935e-01 7.154059999999999864e-01 8.399879999999999569e-01 -1.465009999999999923e-01 5.178880000000000289e-02 -4.250309999999999921e-01 9.767154998721254699e-01 8.395444037554051775e-01 -3.160069999999999824e-01 6.568650440665212420e-01 0.000000000000000000e+00 nan 5.034638143561143142e-01 3.539214871620000036e-01 1.293320755590000037e-01 2.431400512989999874e-01 1.911710000000000065e+01 4.065220000000000056e+01 5.647339999999999804e+01 7.709640000000000271e+01 2.150285725703324768e-01 3.145911000697625415e-01
-3.431779999999999831e-01 3.687019999999999742e-01 -2.210719999999999907e-01 -3.800999999999999934e-01 -5.759790000000000187e-01 -4.535390000000000255e-01 9.851924675279943866e-01 8.028668526924364057e-01 -3.160069999999999824e-01 6.124301167102286225e-01 0.000000000000000000e+00 nan 5.454400096938791798e-01 3.539214871620000036e-01 1.293320755590000037e-01 2.431400512989999874e-01 1.911710000000000065e+01 4.065220000000000056e+01 5.647339999999999804e+01 7.709640000000000271e+01 2.052479619565216185e-01 3.058344828892417544e-01
-4.416470000000000118e-01 -4.513340000000000130e-01 -4.460720000000000240e-01 -7.690120000000000289e-01 -5.310890000000000333e-01 -4.672649999999999859e-01 9.918235914661902575e-01 7.636586663761754101e-01 -3.982850000000000001e-01 5.676144447746382937e-01 0.000000000000000000e+00 nan 5.880196896490250680e-01 3.537346845309999877e-01 1.132429494200000025e-01 2.200352577099999873e-01 1.498210000000000086e+01 4.015590000000000259e+01 6.387349999999999994e+01 8.142839999999999634e+01 2.052479619565216185e-01 3.058344828892417544e-01
-3.568529999999999758e-01 3.184799999999999853e-01 6.341670000000000362e-01 -8.011289999999999800e-01 -6.576039999999999663e-01 -4.611040000000000139e-01 9.965337384028303269e-01 7.223640892243816669e-01 -4.805630000000000179e-01 5.229258077302142427e-01 0.000000000000000000e+00 nan 6.307204094336831268e-01 3.537346845309999877e-01 1.132429494200000025e-01 2.200352577099999873e-01 1.498210000000000086e+01 4.015590000000000259e+01 6.387349999999999994e+01 8.142839999999999634e+01 1.779042119565217295e-01 2.953480076644076080e-01
-4.355859999999999732e-01 -2.974999999999999867e-01 -3.050780000000000158e-01 -7.705880000000000507e-01 -6.111649999999999583e-01 -4.615040000000000253e-01 9.992695404910438839e-01 6.794510052966610258e-01 -4.394239999999999813e-01 4.788705456913430192e-01 0.000000000000000000e+00 nan 6.730583528303515362e-01 3.478389831640000263e-01 9.032087384720000056e-02 1.875044028139999930e-01 2.405519999999999925e+01 4.775739999999999696e+01 5.847249999999999659e+01 7.472159999999999513e+01 1.779042119565217295e-01 2.953480076644076080e-01
-3.548629999999999840e-01 3.211309999999999998e-01 3.970759999999999845e-01 -7.017349999999999977e-01 -5.279770000000000296e-01 -4.760170000000000234e-01 1.000000000000000000e+00 6.354056369811127425e-01 -3.982850000000000001e-01 4.359478223805146602e-01 0.000000000000000000e+00 nan 7.145538140229621416e-01 3.478389831640000263e-01 9.032087384720000056e-02 1.875044028139999930e-01 2.405519999999999925e+01 4.775739999999999696e+01 5.847249999999999659e+01 7.472159999999999513e+01 1.938389146419436937e-01 2.953922011180943885e-01
-3.001159999999999939e-01 4.886699999999999933e-01 1.351479999999999904e-01 -6.517429999999999612e-01 -5.619560000000000111e-01 -4.617749999999999910e-01 9.987168405315856035e-01 5.907270359003879978e-01 -3.571460000000000190e-01 3.946439694038909041e-01 0.000000000000000000e+00 nan 7.547366328554576675e-01 2.454433329019999888e-01 7.291786753229999307e-02 1.430598782339999875e-01 3.104119999999999990e+01 5.767369999999999663e+01 6.733289999999999509e+01 7.269140000000000157e+01 1.938389146419436937e-01 2.953922011180943885e-01
-4.335740000000000149e-01 -2.433460000000000067e-01 -7.264399999999999746e-01 -1.061409999999999965e+00 -7.689200000000000479e-01 -4.966249999999999831e-01 9.954346007953023268e-01 5.459214284573948861e-01 -3.571460000000000190e-01 3.554269759198790402e-01 0.000000000000000000e+00 nan 7.931515219342262224e-01 2.454433329019999888e-01 7.291786753229999307e-02 1.430598782339999875e-01 3.104119999999999990e+01 5.767369999999999663e+01 6.733289999999999509e+01 7.269140000000000157e+01 1.955872362531968500e-01 3.205351195906424033e-01
-4.500549999999999828e-01 -8.637550000000000505e-01 -1.180870000000000086e+00 -1.415519999999999889e+00 -1.251789999999999958e+00 -5.141390000000000127e-01 9.901904698788781545e-01 5.014964800878747297e-01 -3.571460000000000190e-01 3.187411861349684905e-01 0.000000000000000000e+00 nan 8.293632252161944329e-01 1.460317774419999937e-01 5.881689708750000023e-02 1.386156451430000103e-01 3.302289999999999992e+01 7.509260000000000446e+01 8.106560000000000343e+01 7.769660000000000366e+01 1.955872362531968500e-01 3.205351195906424033e-01
-4.521859999999999769e-01 -1.068929999999999936e+00 -9.219100000000000072e-01 -1.521109999999999962e+00 -1.376130000000000075e+00 -5.114790000000000170e-01 9.830438658810451980e-01 4.579555432081627853e-01 -5.217009999999999703e-01 2.800830752703279414e-01 0.000000000000000000e+00 nan 8.629614496337152385e-01 1.460317774419999937e-01 5.881689708750000023e-02 1.386156451430000103e-01 3.302289999999999992e+01 7.509260000000000446e+01 8.106560000000000343e+01 7.769660000000000366e+01 1.675591432225064237e-01 4.028517404329065021e-01
-4.525540000000000118e-01 -1.062729999999999952e+00 -9.466240000000000210e-01 -1.599020000000000108e+00 -1.608300000000000063e+00 -5.090609999999999857e-01 9.740757626807368119e-01 4.157919540311817430e-01 -6.862570000000000059e-01 2.442903058513993253e-01 0.000000000000000000e+00 nan 8.935655138789688756e-01 8.908499348569999532e-02 5.189114953579999912e-02 1.099328425879999988e-01 2.413250000000000028e+01 5.855639999999999645e+01 7.608440000000000225e+01 7.668340000000000600e+01 1.675591432225064237e-01 4.028517404329065021e-01
-4.515489999999999782e-01 -8.912320000000000242e-01 -7.431649999999999645e-01 -1.565050000000000052e+00 -1.569800000000000084e+00 -5.108939999999999593e-01 9.633877724706846335e-01 3.754834428700224436e-01 -6.862570000000000059e-01 2.114040724045591624e-01 0.000000000000000000e+00 nan 9.208286616752928699e-01 8.908499348569999532e-02 5.189114953579999912e-02 1.099328425879999988e-01 2.413250000000000028e+01 5.855639999999999645e+01 7.608440000000000225e+01 7.668340000000000600e+01 1.102391703964195058e-01 6.593063521776325597e-01
-4.520629999999999926e-01 -9.694329999999999892e-01 -8.198940000000000117e-01 -1.538389999999999924e+00 -1.604079999999999950e+00 -5.145389999999999686e-01 9.511009944506729763e-01 3.374867212626044832e-01 -6.862570000000000059e-01 1.814326372422275790e-01 0.000000000000000000e+00 nan 9.444419906643541918e-01 7.918848847010000191e-02 6.096176673950000346e-02 8.464678934220000450e-02 2.054810000000000159e+01 4.013949999999999818e+01 5.437559999999999860e+01 6.659940000000000282e+01 1.102391703964195058e-01 6.593063521776325597e-01
-4.520899999999999919e-01 -9.868360000000000465e-01 -7.872660000000000213e-01 -1.593679999999999986e+00 -1.701549999999999896e+00 -5.157979999999999787e-01 9.373546427252155144e-01 2.997697703043298301e-01 -6.862570000000000059e-01 1.543512368475669083e-01 0.000000000000000000e+00 nan 9.641379523932984696e-01 7.918848847010000191e-02 6.096176673950000346e-02 8.464678934220000450e-02 2.054810000000000159e+01 4.013949999999999818e+01 5.437559999999999860e+01 6.659940000000000282e+01 1.966911764705882026e-01 6.260507782782862574e-01
-4.539489999999999914e-01 -1.744639999999999969e+00 -1.527940000000000076e+00 -1.523959999999999981e+00 -1.577939999999999898e+00 -5.167220000000000146e-01 9.223044689521254780e-01 2.624998672088341145e-01 -3.571460000000000190e-01 1.301023624550220470e-01 0.000000000000000000e+00 nan 9.796933837456301974e-01 1.092644383050000029e-01 9.745820477100000656e-02 7.882464927889999695e-02 1.605099999999999838e+01 3.167699999999999960e+01 4.507909999999999684e+01 6.025999999999999801e+01 1.966911764705882026e-01 6.260507782782862574e-01
-4.540279999999999871e-01 -1.931329999999999991e+00 -1.547250000000000014e+00 -1.469989999999999908e+00 -1.589979999999999949e+00 -5.169820000000000526e-01 9.015060647521879744e-01 2.281193496098312679e-01 -3.571460000000000190e-01 1.085964116476144659e-01 0.000000000000000000e+00 nan 9.909320354684926224e-01 1.092644383050000029e-01 9.745820477100000656e-02 7.882464927889999695e-02 1.605099999999999838e+01 3.167699999999999960e+01 4.507909999999999684e+01 6.025999999999999801e+01 9.467161524936060779e-01 1.000000000000000000e+00
-4.539839999999999987e-01 -1.775490000000000013e+00 -1.613939999999999930e+00 -1.597310000000000008e+00 -1.699670000000000014e+00 -5.158350000000000435e-01 8.705249411697632000e-01 1.966529754919726924e-01 -6.862570000000000059e-01 8.971270358812910573e-02 0.000000000000000000e+00 nan 9.977265691471280951e-01 1.347027836649999921e-01 1.215834190149999994e-01 7.238711026829999784e-02 1.808310000000000173e+01 3.938080000000000069e+01 4.392620000000000147e+01 5.786549999999999727e+01 9.467161524936060779e-01 1.000000000000000000e+00
-4.540629999999999944e-01 -1.908849999999999936e+00 -1.783470000000000111e+00 -1.599539999999999962e+00 -1.670690000000000008e+00 -5.168439999999999701e-01 8.331645090201060810e-01 1.680924844298352649e-01 -6.862570000000000059e-01 7.330084638122214002e-02 0.000000000000000000e+00 nan 1.000000000000000000e+00 1.347027836649999921e-01 1.215834190149999994e-01 7.238711026829999784e-02 1.808310000000000173e+01 3.938080000000000069e+01 4.392620000000000147e+01 5.786549999999999727e+01 7.540161445012787400e-01 8.813342635003109660e-01
-4.533190000000000275e-01 -1.306959999999999900e+00 -1.092230000000000034e+00 -1.477950000000000097e+00 -1.611420000000000075e+00 -5.168310000000000404e-01 7.965348003488674777e-01 1.423966911818431713e-01 -6.862570000000000059e-01 5.918244107368819673e-02 0.000000000000000000e+00 nan 9.977265691471280951e-01 1.256112638000000115e-01 1.203763920670000015e-01 6.562518503379999313e-02 2.551170000000000115e+01 4.016570000000000107e+01 4.901370000000000005e+01 5.407220000000000226e+01 7.540161445012787400e-01 8.813342635003109660e-01
-4.526310000000000056e-01 -1.132949999999999902e+00 -8.568930000000000158e-01 -1.399559999999999915e+00 -1.235889999999999933e+00 -5.169770000000000199e-01 7.648350027350885316e-01 1.194919523355104651e-01 -6.451179999999999692e-01 4.715310298588537563e-02 0.000000000000000000e+00 nan 9.909320354684926224e-01 1.256112638000000115e-01 1.203763920670000015e-01 6.562518503379999313e-02 2.551170000000000115e+01 4.016570000000000107e+01 4.901370000000000005e+01 5.407220000000000226e+01 2.560042359335038542e-01 5.824286828141128636e-01
-4.534650000000000070e-01 -1.472809999999999953e+00 -1.014569999999999972e+00 -1.535339999999999927e+00 -1.543760000000000021e+00 -5.174569999999999448e-01 7.344179904444823048e-01 9.927300071673239579e-02 -4.805630000000000179e-01 3.698477747182349340e-02 0.000000000000000000e+00 nan 9.796933837456301974e-01 1.179176365120000042e-01 1.152234233969999938e-01 6.165800302510000136e-02 1.926660000000000039e+01 4.697079999999999700e+01 5.232529999999999859e+01 5.779200000000000159e+01 2.560042359335038542e-01 5.824286828141128636e-01
-4.539400000000000102e-01 -1.800720000000000098e+00 -1.473289999999999988e+00 -1.427699999999999969e+00 -1.407329999999999970e+00 -5.173680000000000501e-01 7.010171087627548037e-01 8.160413810892941378e-02 -3.160069999999999824e-01 2.842832386942828471e-02 0.000000000000000000e+00 nan 9.641379523932984696e-01 1.179176365120000042e-01 1.152234233969999938e-01 6.165800302510000136e-02 1.926660000000000039e+01 4.697079999999999700e+01 5.232529999999999859e+01 5.779200000000000159e+01 1.000000000000000000e+00 8.654056801214689010e-01
-4.539159999999999862e-01 -1.826470000000000038e+00 -1.328789999999999916e+00 -1.205810000000000048e+00 -1.237069999999999892e+00 -5.168669999999999654e-01 6.650108030256751679e-01 6.632077276806380706e-02 -4.805630000000000179e-01 2.121633836379588356e-02 0.000000000000000000e+00 nan 9.444419906643541918e-01 1.031953130830000065e-01 1.109060232240000055e-01 5.127873785099999748e-02 2.853590000000000160e+01 4.489059999999999917e+01 5.579039999999999822e+01 5.707410000000000139e+01 1.000000000000000000e+00 8.654056801214689010e-01
-4.540480000000000071e-01 -2.009009999999999962e+00 -1.970369999999999955e+00 -8.203019999999999756e-01 -8.758920000000000039e-01 -5.162609999999999699e-01 6.268070390646347523e-01 5.323128431286716644e-02 -2.337299999999999933e-01 1.506618377926316477e-02 0.000000000000000000e+00 nan 9.208286616752930920e-01 1.031953130830000065e-01 1.109060232240000055e-01 5.127873785099999748e-02 2.853590000000000160e+01 4.489059999999999917e+01 5.579039999999999822e+01 5.707410000000000139e+01 8.008711636828643732e-01 7.324970248335642697e-01
-4.536370000000000124e-01 -1.483230000000000048e+00 -1.240029999999999966e+00 -1.110770000000000035e+00 -1.245349999999999957e+00 -5.145669999999999966e-01 5.868386807907614022e-01 4.211919486032811299e-02 -2.337299999999999933e-01 9.683191971545213050e-03 0.000000000000000000e+00 nan 8.935655138789690977e-01 9.747889214459999618e-02 8.328081867929999771e-02 4.341278175780000081e-02 3.376059999999999661e+01 5.522789999999999822e+01 6.722259999999999991e+01 6.714900000000000091e+01 8.008711636828643732e-01 7.324970248335642697e-01
-4.529259999999999953e-01 -1.162570000000000103e+00 -9.880740000000000078e-01 -1.578519999999999923e+00 -1.736399999999999944e+00 -5.125969999999999693e-01 5.455585856738435213e-01 3.274562180660567368e-02 -6.862570000000000059e-01 4.764002535552980255e-03 0.000000000000000000e+00 nan 8.629614496337155716e-01 9.747889214459999618e-02 8.328081867929999771e-02 4.341278175780000081e-02 3.376059999999999661e+01 5.522789999999999822e+01 6.722259999999999991e+01 6.714900000000000091e+01 7.070062739769820137e-01 7.263636047968837772e-01
-4.531780000000000252e-01 -1.235849999999999893e+00 -1.082510000000000083e+00 -1.478429999999999911e+00 -1.639359999999999928e+00 -5.144589999999999996e-01 5.034344736862452763e-01 2.485198446238545689e-02 -6.862570000000000059e-01 0.000000000000000000e+00 0.000000000000000000e+00 nan 8.293632252161946550e-01 1.739863106139999949e-01 4.720926318640000091e-02 4.960072988159999752e-02 2.929639999999999844e+01 5.004370000000000118e+01 6.780070000000000618e+01 7.320489999999999498e+01 7.070062739769820137e-01 7.263636047968837772e-01
-4.532120000000000037e-01 -1.248320000000000096e+00 -1.094179999999999930e+00 -1.416900000000000048e+00 -1.633790000000000076e+00 -5.151959999999999873e-01 4.609436278487270000e-01 1.816293387541134674e-02 -6.862570000000000059e-01 0.000000000000000000e+00 0.000000000000000000e+00 nan 7.931515219342263334e-01 1.739863106139999949e-01 4.720926318640000091e-02 4.960072988159999752e-02 2.929639999999999844e+01 5.004370000000000118e+01 6.780070000000000618e+01 7.320489999999999498e+01 5.371293558184142558e-01 6.719961867362818086e-01
-4.530529999999999835e-01 -1.199789999999999912e+00 -1.026790000000000092e+00 -1.513789999999999969e+00 -1.657790000000000097e+00 -5.151569999999999760e-01 4.185674864231082593e-01 1.238947264413947646e-02 -6.862570000000000059e-01 0.000000000000000000e+00 0.000000000000000000e+00 nan 7.547366328554576675e-01 1.915902505959999891e-01 3.563518664959999804e-02 4.696945823229999734e-02 1.234639999999999915e+01 4.872529999999999717e+01 7.250780000000000314e+01 7.307689999999999486e+01 5.371293558184142558e-01 6.719961867362818086e-01
-4.479319999999999968e-01 -7.069839999999999458e-01 -9.056300000000000461e-01 6.730390000000000539e-01 5.837440000000000406e-01 -5.152830000000000465e-01 3.767861880243883466e-01 7.232229373774989867e-03 1.310350000000000056e-02 0.000000000000000000e+00 0.000000000000000000e+00 nan 7.145538140229621416e-01 1.915902505959999891e-01 3.563518664959999804e-02 4.696945823229999734e-02 1.234639999999999915e+01 4.872529999999999717e+01 7.250780000000000314e+01 7.307689999999999486e+01 4.561271179667519826e-01 6.462029931594847065e-01
-4.379419999999999980e-01 -3.421239999999999837e-01 -8.539830000000000476e-01 1.072529999999999983e+00 9.010169999999999568e-01 -5.154809999999999670e-01 3.360731314583846885e-01 2.384850673797567211e-03 1.535239999999999938e+00 0.000000000000000000e+00 0.000000000000000000e+00 nan 6.730583528303516472e-01 2.061247979470000047e-01 2.659638336690000118e-02 4.277366391649999738e-02 2.833830000000000027e+01 5.025670000000000215e+01 6.045889999999999986e+01 6.978919999999999391e+01 4.561271179667519826e-01 6.462029931594847065e-01
-4.308629999999999960e-01 -2.161949999999999983e-01 -3.609390000000000098e-01 1.262869999999999937e+00 1.268310000000000048e+00 -5.140390000000000237e-01 2.968896119241019038e-01 0.000000000000000000e+00 2.563709999999999933e+00 0.000000000000000000e+00 0.000000000000000000e+00 nan 6.307204094336833489e-01 2.061247979470000047e-01 2.659638336690000118e-02 4.277366391649999738e-02 2.833830000000000027e+01 5.025670000000000215e+01 6.045889999999999986e+01 6.978919999999999391e+01 3.274156809462915874e-01 6.402526602880782569e-01
-4.197389999999999732e-01 -7.144989999999999675e-02 -7.603400000000000158e-01 1.525330000000000075e+00 1.189769999999999994e+00 -5.131989999999999608e-01 2.596795943548035890e-01 0.000000000000000000e+00 2.975099999999999856e+00 0.000000000000000000e+00 0.000000000000000000e+00 nan 5.880196896490252900e-01 2.129014329929999894e-01 3.060507038300000135e-02 4.616625203070000294e-02 1.365809999999999924e+01 4.142779999999999774e+01 5.601930000000000121e+01 5.659239999999999782e+01 3.274156809462915874e-01 6.402526602880782569e-01
-4.247790000000000177e-01 -1.304659999999999986e-01 -9.031470000000000331e-01 1.484050000000000091e+00 1.001659999999999995e+00 -5.119460000000000122e-01 2.248646831179182959e-01 0.000000000000000000e+00 3.016239999999999810e+00 0.000000000000000000e+00 0.000000000000000000e+00 nan 5.454400096938794018e-01 2.129014329929999894e-01 3.060507038300000135e-02 4.616625203070000294e-02 1.365809999999999924e+01 4.142779999999999774e+01 5.601930000000000121e+01 5.659239999999999782e+01 4.037873641304347005e-01 6.466922778253032522e-01
-4.305579999999999963e-01 -2.078419999999999990e-01 -1.057180000000000009e+00 1.418630000000000058e+00 9.672349999999999559e-01 -5.098989999999999911e-01 1.928393450690926159e-01 0.000000000000000000e+00 2.933959999999999901e+00 0.000000000000000000e+00 0.000000000000000000e+00 nan 5.034638143561145363e-01 1.650483896069999956e-01 3.521421542070000271e-02 3.561084360749999789e-02 1.521429999999999971e+01 3.918699999999999761e+01 4.652539999999999765e+01 5.431150000000000233e+01 4.037873641304347005e-01 6.466922778253032522e-01
-4.310229999999999895e-01 -2.223769999999999913e-01 -1.355860000000000065e+00 1.421429999999999971e+00 9.627700000000000147e-01 -5.027789999999999759e-01 1.639664400850955328e-01 0.000000000000000000e+00 2.892819999999999947e+00 0.000000000000000000e+00 0.000000000000000000e+00 nan 4.625667107017442659e-01 1.650483896069999956e-01 3.521421542070000271e-02 3.561084360749999789e-02 1.521429999999999971e+01 3.918699999999999761e+01 4.652539999999999765e+01 5.431150000000000233e+01 4.263606937340153058e-01 6.362941895078427779e-01
-4.238290000000000113e-01 -1.162610000000000032e-01 -9.433460000000000178e-01 1.485840000000000050e+00 9.881980000000000208e-01 -5.004560000000000120e-01 1.385731097164234482e-01 0.000000000000000000e+00 2.892819999999999947e+00 0.000000000000000000e+00 0.000000000000000000e+00 nan 4.232120792568259127e-01 2.011797723139999994e-01 4.119364164509999732e-02 3.979482806759999935e-02 1.717439999999999856e+01 3.145060000000000144e+01 4.149699999999999989e+01 4.493339999999999890e+01 4.263606937340153058e-01 6.362941895078427779e-01
-4.187770000000000103e-01 -5.651550000000000323e-02 -6.528669999999999751e-01 1.517940000000000067e+00 9.985650000000000359e-01 -5.008380000000000054e-01 1.169470705428131696e-01 0.000000000000000000e+00 2.687129999999999797e+00 0.000000000000000000e+00 0.000000000000000000e+00 nan 3.816828263382027187e-01 2.011797723139999994e-01 4.119364164509999732e-02 3.979482806759999935e-02 1.717439999999999856e+01 3.145060000000000144e+01 4.149699999999999989e+01 4.493339999999999890e+01 3.900155850383630884e-01 6.238063821660475572e-01
-4.078760000000000163e-01 4.160470000000000140e-02 -7.496859999999999635e-01 1.594160000000000021e+00 9.196029999999999482e-01 -5.039310000000000178e-01 9.933335422942857207e-02 0.000000000000000000e+00 2.522569999999999979e+00 0.000000000000000000e+00 0.000000000000000000e+00 nan 3.421728186073392797e-01 2.046641442480000017e-01 4.673711998659999672e-02 4.882414241000000016e-02 1.080920000000000059e+01 2.285610000000000142e+01 3.266449999999999676e+01 4.024660000000000082e+01 3.900155850383630884e-01 6.238063821660475572e-01
-4.271829999999999794e-01 -1.581329999999999958e-01 -1.007449999999999957e+00 1.419669999999999987e+00 8.674469999999999681e-01 -5.017709999999999670e-01 8.593153122018426515e-02 0.000000000000000000e+00 2.604849999999999888e+00 0.000000000000000000e+00 0.000000000000000000e+00 nan 3.048213776085887394e-01 2.046641442480000017e-01 4.673711998659999672e-02 4.882414241000000016e-02 1.080920000000000059e+01 2.285610000000000142e+01 3.266449999999999676e+01 4.024660000000000082e+01 4.468710038363170600e-01 6.195732806379009583e-01
-4.367579999999999796e-01 -3.265919999999999934e-01 -1.388379999999999947e+00 1.249579999999999913e+00 9.883220000000000338e-01 -5.067300000000000137e-01 7.689344952487175977e-02 0.000000000000000000e+00 2.604849999999999888e+00 0.000000000000000000e+00 0.000000000000000000e+00 nan 2.697433674627099931e-01 1.978351989709999925e-01 5.198531027699999918e-02 6.172344345340000094e-02 9.703630000000000422e+00 2.365170000000000172e+01 3.144310000000000116e+01 3.504679999999999751e+01 4.468710038363170600e-01 6.195732806379009583e-01
-4.349080000000000168e-01 -2.846989999999999799e-01 -7.378879999999999884e-01 1.305660000000000043e+00 9.457980000000000276e-01 -5.077800000000000091e-01 6.164752741095846922e-02 0.000000000000000000e+00 2.481430000000000025e+00 0.000000000000000000e+00 0.000000000000000000e+00 nan 2.370278934104820268e-01 1.978351989709999925e-01 5.198531027699999918e-02 6.172344345340000094e-02 9.703630000000000422e+00 2.365170000000000172e+01 3.144310000000000116e+01 3.504679999999999751e+01 4.022588315217391353e-01 6.348042387835436395e-01
-4.303179999999999783e-01 -2.115239999999999898e-01 -9.120120000000000449e-01 1.403440000000000021e+00 7.667559999999999931e-01 -4.996070000000000233e-01 3.565962583608406344e-02 0.000000000000000000e+00 2.481430000000000025e+00 0.000000000000000000e+00 0.000000000000000000e+00 nan 2.067372922147212577e-01 1.517189221440000124e-01 6.272190506020000611e-02 8.594447152409999402e-02 1.475239999999999974e+01 2.637000000000000099e+01 3.550869999999999749e+01 3.431260000000000332e+01 4.022588315217391353e-01 6.348042387835436395e-01
-4.366240000000000121e-01 -2.788559999999999928e-01 -3.449479999999999769e-01 1.182660000000000045e+00 9.084039999999999893e-01 -4.628749999999999809e-01 1.075277982728539694e-02 0.000000000000000000e+00 1.288410000000000055e+00 0.000000000000000000e+00 0.000000000000000000e+00 nan 1.789064258598499491e-01 1.517189221440000124e-01 6.272190506020000611e-02 8.594447152409999402e-02 1.475239999999999974e+01 2.637000000000000099e+01 3.550869999999999749e+01 3.431260000000000332e+01 3.306725543478260532e-01 6.407766683817935904e-01
-4.239829999999999988e-01 -5.067189999999999889e-02 9.232559999999999378e-02 1.123320000000000096e+00 8.699069999999999858e-01 -4.278799999999999826e-01 0.000000000000000000e+00 0.000000000000000000e+00 6.301860000000000239e-01 0.000000000000000000e+00 0.000000000000000000e+00 nan 1.535422865516833379e-01 1.575735178040000017e-01 8.365691545249999417e-02 8.512708984729999706e-02 8.881240000000000023e+00 2.685679999999999978e+01 2.774749999999999872e+01 2.555740000000000123e+01 3.306725543478260532e-01 6.407766683817935904e-01
-4.404259999999999842e-01 -3.136849999999999916e-01 -2.480239999999999945e-01 7.617779999999999552e-01 6.568429999999999547e-01 -4.424390000000000267e-01 0.000000000000000000e+00 2.384850673797567211e-03 3.833529999999999993e-01 0.000000000000000000e+00 0.000000000000000000e+00 nan 1.306239174929433311e-01 1.575735178040000017e-01 8.365691545249999417e-02 8.512708984729999706e-02 8.881240000000000023e+00 2.685679999999999978e+01 2.774749999999999872e+01 2.555740000000000123e+01 2.477171914961636690e-01 6.323136220007639086e-01
-4.176869999999999750e-01 7.169280000000000097e-02 1.652540000000000120e-01 8.725110000000000365e-01 7.078360000000000207e-01 -4.488610000000000100e-01 0.000000000000000000e+00 7.232229373774989867e-03 -6.451179999999999692e-01 0.000000000000000000e+00 0.000000000000000000e+00 nan 1.101026503321455019e-01 1.702432987539999887e-01 7.152076363150000615e-02 9.096412213299999439e-02 2.120820000000000149e+01 2.542760000000000176e+01 2.739989999999999881e+01 2.472380000000000067e+01 2.477171914961636690e-01 6.323136220007639086e-01
-4.130050000000000110e-01 1.076249999999999984e-01 2.208880000000000010e-01 9.428499999999999659e-01 7.475960000000000383e-01 -4.516339999999999799e-01 0.000000000000000000e+00 1.238947264413947646e-02 -1.925910000000000122e-01 0.000000000000000000e+00 1.013761985086436557e-02 nan 9.190265659546814625e-02 1.702432987539999887e-01 7.152076363150000615e-02 9.096412213299999439e-02 2.120820000000000149e+01 2.542760000000000176e+01 2.739989999999999881e+01 2.472380000000000067e+01 4.101212835677748858e-01 6.203087859742604238e-01
-4.372659999999999880e-01 -2.876380000000000048e-01 -4.146610000000000018e-01 1.099650000000000016e+00 8.881930000000000103e-01 -4.899609999999999799e-01 0.000000000000000000e+00 1.816293387541134674e-02 9.592969999999999553e-01 0.000000000000000000e+00 2.060547164235959627e-02 nan 7.592180685366112236e-02 1.346489346289999889e-01 8.633121539639999897e-02 9.050342439870000255e-02 1.505129999999999946e+01 3.640160000000000196e+01 3.693679999999999808e+01 3.231790000000000163e+01 4.101212835677748858e-01 6.203087859742604238e-01
-4.441289999999999960e-01 -4.843720000000000248e-01 -5.938930000000000042e-01 9.076140000000000319e-01 6.644719999999999516e-01 -5.108439999999999648e-01 0.000000000000000000e+00 2.485198446238545689e-02 1.370689999999999964e+00 0.000000000000000000e+00 3.206027759590568404e-02 nan 6.203282788928687896e-02 1.346489346289999889e-01 8.633121539639999897e-02 9.050342439870000255e-02 1.505129999999999946e+01 3.640160000000000196e+01 3.693679999999999808e+01 3.231790000000000163e+01 3.791759910485933416e-01 5.976785810113356412e-01
-4.363349999999999729e-01 -2.396749999999999992e-01 -8.013309999999999877e-02 7.533499999999999641e-01 6.667100000000000248e-01 -5.093980000000000175e-01 0.000000000000000000e+00 3.274562180660567368e-02 7.947410000000000307e-01 0.000000000000000000e+00 4.514757734789986987e-02 nan 5.008474475313096086e-02 1.841124592610000055e-01 8.006747281880000067e-02 1.146349807670000026e-01 2.522439999999999927e+01 4.171119999999999806e+01 4.363159999999999883e+01 3.974849999999999994e+01 3.791759910485933416e-01 5.976785810113356412e-01
-4.488820000000000032e-01 -7.652649999999999730e-01 -6.114969999999999573e-01 7.730460000000000109e-01 4.862969999999999793e-01 -5.130099999999999660e-01 0.000000000000000000e+00 3.973435310348027993e-02 1.164989999999999970e+00 0.000000000000000000e+00 6.049441372769182035e-02 nan 3.990459137070168083e-02 1.841124592610000055e-01 8.006747281880000067e-02 1.146349807670000026e-01 2.522439999999999927e+01 4.171119999999999806e+01 4.363159999999999883e+01 3.974849999999999994e+01 3.834119245524296726e-01 6.255867470145743958e-01
-4.473699999999999899e-01 -6.656969999999999832e-01 -1.008150000000000102e+00 7.106679999999999664e-01 5.938269999999999937e-01 -5.148230000000000306e-01 0.000000000000000000e+00 4.599906414651067088e-02 1.370689999999999964e+00 0.000000000000000000e+00 7.870222811177274291e-02 nan 3.129937031696994332e-02 1.980883694510000015e-01 7.279350428160000219e-02 1.720751534380000058e-01 1.589199999999999946e+01 3.393910000000000338e+01 3.759920000000000329e+01 3.541519999999999868e+01 3.834119245524296726e-01 6.255867470145743958e-01
-4.466789999999999927e-01 -6.054509999999999614e-01 -5.947609999999999841e-01 5.452380000000000004e-01 4.765420000000000211e-01 -5.111970000000000125e-01 0.000000000000000000e+00 5.393131019945784921e-02 9.592969999999999553e-01 0.000000000000000000e+00 1.003400458526568784e-01 nan 2.405823955431052319e-02 1.980883694510000015e-01 7.279350428160000219e-02 1.720751534380000058e-01 1.589199999999999946e+01 3.393910000000000338e+01 3.759920000000000329e+01 3.541519999999999868e+01 4.976972106777493021e-01 6.431820549324629432e-01
-4.513150000000000217e-01 -9.942159999999999886e-01 -9.525580000000000158e-01 4.819010000000000238e-01 4.041069999999999940e-01 -4.661440000000000028e-01 0.000000000000000000e+00 6.344121574497674221e-02 1.329550000000000010e+00 0.000000000000000000e+00 1.259380289942655384e-01 nan 1.795490135703781132e-02 1.734916127059999980e-01 4.934371338630000325e-02 2.366920196710000091e-01 1.886570000000000036e+01 3.122370000000000090e+01 3.541100000000000136e+01 4.088340000000000174e+01 4.976972106777493021e-01 6.431820549324629432e-01
-4.497680000000000011e-01 -7.890380000000000171e-01 -7.475739999999999608e-01 4.737910000000000177e-01 3.809529999999999861e-01 -3.253759999999999986e-01 0.000000000000000000e+00 7.526897638209451014e-02 1.206129999999999924e+00 0.000000000000000000e+00 1.458438494732644530e-01 nan 1.275016635506154294e-02 1.734916127059999980e-01 4.934371338630000325e-02 2.366920196710000091e-01 1.886570000000000036e+01 3.122370000000000090e+01 3.541100000000000136e+01 4.088340000000000174e+01 9.820072730179028042e-01 7.278314587943395253e-01
-4.426829999999999932e-01 -4.577069999999999750e-01 -6.401809999999999445e-02 3.602580000000000227e-01 2.656169999999999920e-01 -6.286809999999999621e-02 0.000000000000000000e+00 8.846986157757785740e-02 -2.803539999999999852e-02 0.000000000000000000e+00 1.702998181811589129e-01 nan 8.194663645025301868e-03 1.771662178479999905e-01 5.946972748729999897e-02 2.813615328610000188e-01 1.413069999999999915e+01 3.470150000000000290e+01 4.659459999999999980e+01 4.631470000000000198e+01 9.820072730179028042e-01 7.278314587943395253e-01
-3.281680000000000152e-01 5.397659999999999680e-01 6.729319999999999746e-01 3.703049999999999953e-01 2.173209999999999864e-01 1.052170000000000050e-01 0.000000000000000000e+00 1.029591511527118142e-01 -6.862570000000000059e-01 0.000000000000000000e+00 1.990288392203797274e-01 nan 4.031666262284683278e-03 1.771662178479999905e-01 5.946972748729999897e-02 2.813615328610000188e-01 1.413069999999999915e+01 3.470150000000000290e+01 4.659459999999999980e+01 4.631470000000000198e+01 9.155560661764705621e-01 7.880134726900240860e-01
-1.637010000000000132e-01 8.547630000000000505e-01 9.719759999999999511e-01 9.287700000000000122e-02 8.912989999999999802e-02 -3.260280000000000122e-02 0.000000000000000000e+00 1.186375267923400756e-01 -6.862570000000000059e-01 0.000000000000000000e+00 2.317054013030178661e-01 nan 0.000000000000000000e+00 2.385631141529999943e-01 5.646621291199999809e-02 2.448986816919999920e-01 1.218180000000000085e+01 2.944600000000000151e+01 4.334490000000000265e+01 5.066490000000000293e+01 9.155560661764705621e-01 7.880134726900240860e-01
-1.912419999999999953e-01 8.257970000000000033e-01 9.140390000000000459e-01 2.099479999999999957e-01 8.386419999999999986e-02 -1.557080000000000131e-01 0.000000000000000000e+00 1.353921973610608953e-01 -6.862570000000000059e-01 0.000000000000000000e+00 2.679592659237852725e-01 nan 0.000000000000000000e+00 2.385631141529999943e-01 5.646621291199999809e-02 2.448986816919999920e-01 1.218180000000000085e+01 2.944600000000000151e+01 4.334490000000000265e+01 5.066490000000000293e+01 9.176990089514066584e-01 7.874610545189385524e-01
-3.234000000000000208e-01 5.338380000000000347e-01 7.305340000000000167e-01 2.098979999999999943e-02 3.295320000000000193e-02 4.487209999999999810e-02 0.000000000000000000e+00 1.530981768718598923e-01 -6.451179999999999692e-01 0.000000000000000000e+00 3.073796623102197367e-01 nan 0.000000000000000000e+00 3.237364283110000240e-01 5.280727677569999751e-02 2.223049290100000130e-01 1.312599999999999945e+01 2.653200000000000003e+01 3.672590000000000288e+01 3.903580000000000183e+01 9.176990089514066584e-01 7.874610545189385524e-01
-4.404600000000000182e-01 -3.660909999999999997e-01 -5.112819999999999691e-03 -3.405090000000000200e-02 -7.669990000000000141e-02 -7.593179999999999374e-02 0.000000000000000000e+00 1.716197006272860426e-01 -5.628400000000000070e-01 0.000000000000000000e+00 3.495199416196713704e-01 nan 0.000000000000000000e+00 3.237364283110000240e-01 5.280727677569999751e-02 2.223049290100000130e-01 1.312599999999999945e+01 2.653200000000000003e+01 3.672590000000000288e+01 3.903580000000000183e+01 7.953264865728900679e-01 6.260634049793395439e-01
-3.898320000000000118e-01 2.821060000000000234e-01 4.452490000000000059e-01 -1.150489999999999985e-01 -4.042350000000000110e-02 2.956599999999999784e-01 0.000000000000000000e+00 1.908117634877206648e-01 -6.039790000000000436e-01 0.000000000000000000e+00 3.939026376491630010e-01 nan 0.000000000000000000e+00 4.075590725859999930e-01 4.127774377929999822e-02 2.077834143389999944e-01 1.243009999999999948e+01 2.582019999999999982e+01 2.727199999999999847e+01 3.136360000000000170e+01 7.953264865728900679e-01 6.260634049793395439e-01
2.136659999999999948e-01 1.156360000000000054e+00 1.296959999999999891e+00 3.350890000000000118e-02 7.000639999999999641e-02 5.930260000000000531e-01 0.000000000000000000e+00 2.105217628375524175e-01 -6.862570000000000059e-01 0.000000000000000000e+00 4.400248767182549647e-01 nan 0.000000000000000000e+00 4.075590725859999930e-01 4.127774377929999822e-02 2.077834143389999944e-01 1.243009999999999948e+01 2.582019999999999982e+01 2.727199999999999847e+01 3.136360000000000170e+01 8.540201406649616800e-01 7.945856705883095339e-01
-9.934289999999999787e-02 8.991810000000000080e-01 1.109560000000000102e+00 1.315439999999999943e-01 2.210610000000000075e-01 1.321039999999999992e+00 0.000000000000000000e+00 2.305912276337873656e-01 -6.451179999999999692e-01 0.000000000000000000e+00 4.873640754287829058e-01 nan 0.000000000000000000e+00 4.391700619810000039e-01 4.480522856889999905e-02 2.195446044980000067e-01 1.187420000000000009e+01 2.465510000000000090e+01 2.674010000000000176e+01 3.283720000000000283e+01 8.540201406649616800e-01 7.945856705883095339e-01
6.632219999999999782e-01 1.316510000000000069e+00 1.546329999999999982e+00 3.044149999999999981e-02 -4.124350000000000238e-02 6.315579999999999528e-01 0.000000000000000000e+00 2.508576139462893595e-01 -6.039790000000000436e-01 0.000000000000000000e+00 5.353838617435722202e-01 nan 0.000000000000000000e+00 4.391700619810000039e-01 4.480522856889999905e-02 2.195446044980000067e-01 1.187420000000000009e+01 2.465510000000000090e+01 2.674010000000000176e+01 3.283720000000000283e+01 8.703644501278772205e-01 9.182389540040848397e-01
3.095209999999999906e-01 1.087159999999999904e+00 1.521139999999999937e+00 6.797930000000000639e-02 1.742769999999999875e-01 8.169640000000000235e-01 0.000000000000000000e+00 2.711561466454569524e-01 -6.451179999999999692e-01 0.000000000000000000e+00 5.835401522959438037e-01 nan 0.000000000000000000e+00 4.045194509999999743e-01 6.454500245550000292e-02 1.915928800920000119e-01 1.702449999999999974e+01 2.650110000000000099e+01 3.020100000000000051e+01 3.439079999999999870e+01 8.703644501278772205e-01 9.182389540040848397e-01
9.715460000000000207e-01 1.442090000000000094e+00 1.567250000000000032e+00 -3.826800000000000340e-02 -9.488090000000000412e-02 4.667490000000000250e-01 0.000000000000000000e+00 2.913216863702825510e-01 -6.862570000000000059e-01 0.000000000000000000e+00 6.312873170716613025e-01 nan 0.000000000000000000e+00 4.045194509999999743e-01 6.454500245550000292e-02 1.915928800920000119e-01 1.702449999999999974e+01 2.650110000000000099e+01 3.020100000000000051e+01 3.439079999999999870e+01 8.304277893222506979e-01 7.593413912730556659e-01
-2.655989999999999740e-01 6.849169999999999980e-01 8.353829999999999867e-01 -2.493930000000000105e-02 1.263229999999999908e-01 -3.527000000000000274e-02 0.000000000000000000e+00 3.111906006232990629e-01 -5.628400000000000070e-01 0.000000000000000000e+00 6.780843616150173947e-01 nan 0.000000000000000000e+00 3.625294808130000157e-01 9.229794529300000550e-02 1.743167380750000051e-01 8.989020000000000010e+00 2.564770000000000039e+01 2.652299999999999969e+01 3.452669999999999817e+01 8.304277893222506979e-01 7.593413912730556659e-01
-4.160880000000000134e-01 6.509560000000000173e-03 3.832139999999999991e-01 2.489090000000000052e-02 -3.222060000000000202e-02 -3.626269999999999771e-01 0.000000000000000000e+00 3.306026177921610465e-01 -5.628400000000000070e-01 0.000000000000000000e+00 7.234010567121853530e-01 nan 0.000000000000000000e+00 3.625294808130000157e-01 9.229794529300000550e-02 1.743167380750000051e-01 8.989020000000000010e+00 2.564770000000000039e+01 2.652299999999999969e+01 3.452669999999999817e+01 8.006963315217391353e-01 7.294382065033824247e-01
-2.628249999999999753e-01 6.780190000000000383e-01 8.652100000000000346e-01 -5.233659999999999701e-02 -5.572470000000000201e-02 -3.400259999999999949e-01 0.000000000000000000e+00 3.494026430910527337e-01 -6.862570000000000059e-01 0.000000000000000000e+00 7.667239461000816547e-01 nan 0.000000000000000000e+00 3.273956848440000011e-01 1.274165628660000049e-01 1.364947453129999877e-01 2.306660000000000110e+01 2.842950000000000088e+01 3.221889999999999787e+01 3.357869999999999777e+01 8.006963315217391353e-01 7.294382065033824247e-01
-4.448429999999999884e-01 -5.218350000000000488e-01 -1.311100000000000043e-01 -2.759579999999999811e-01 -1.798589999999999911e-01 -2.827859999999999818e-01 0.000000000000000000e+00 3.674425158465850494e-01 -5.217009999999999703e-01 0.000000000000000000e+00 8.075621641309931320e-01 nan 0.000000000000000000e+00 3.273956848440000011e-01 1.274165628660000049e-01 1.364947453129999877e-01 2.306660000000000110e+01 2.842950000000000088e+01 3.221889999999999787e+01 3.357869999999999777e+01 7.354389785805626190e-01 7.882123432316147094e-01
-3.791510000000000158e-01 2.564469999999999805e-01 6.389799999999999924e-01 -2.524150000000000005e-01 -1.488190000000000068e-01 -2.474780000000000035e-01 0.000000000000000000e+00 3.845826882174265826e-01 -5.217009999999999703e-01 0.000000000000000000e+00 8.454529974765057077e-01 nan 0.000000000000000000e+00 2.992258642000000246e-01 1.527496042719999891e-01 1.736029890470000003e-01 1.395509999999999984e+01 3.544010000000000105e+01 3.721860000000000213e+01 3.680060000000000286e+01 7.354389785805626190e-01 7.882123432316147094e-01
-2.569890000000000230e-01 6.416960000000000441e-01 9.588560000000000416e-01 -1.301930000000000032e-01 -7.732999999999999596e-02 -1.603839999999999988e-01 0.000000000000000000e+00 4.006938063271066053e-01 -6.451179999999999692e-01 0.000000000000000000e+00 8.799671278544058950e-01 nan 0.000000000000000000e+00 2.992258642000000246e-01 1.527496042719999891e-01 1.736029890470000003e-01 1.395509999999999984e+01 3.544010000000000105e+01 3.721860000000000213e+01 3.680060000000000286e+01 7.192994725063939221e-01 7.768988190877840205e-01
-2.839320000000000177e-01 6.310839999999999783e-01 8.318330000000000446e-01 -1.735220000000000096e-01 -5.263629999999999698e-02 -2.366689999999999905e-01 0.000000000000000000e+00 4.156581758951224392e-01 -6.039790000000000436e-01 0.000000000000000000e+00 9.107134963763653390e-01 nan 0.000000000000000000e+00 3.115882016359999840e-01 1.724001017339999997e-01 1.803134919240000078e-01 1.364109999999999978e+01 3.617450000000000188e+01 4.286079999999999757e+01 3.852089999999999748e+01 7.192994725063939221e-01 7.768988190877840205e-01
-3.088489999999999847e-01 4.871940000000000159e-01 8.978159999999999474e-01 -3.198790000000000244e-01 -9.714250000000000662e-02 -2.066300000000000081e-01 0.000000000000000000e+00 4.293710957601658551e-01 -6.451179999999999692e-01 0.000000000000000000e+00 9.373437344014049488e-01 nan 0.000000000000000000e+00 3.115882016359999840e-01 1.724001017339999997e-01 1.803134919240000078e-01 1.364109999999999978e+01 3.617450000000000188e+01 4.286079999999999757e+01 3.852089999999999748e+01 7.438409127237850527e-01 8.296942128672397665e-01
-2.608469999999999955e-01 6.584539999999999837e-01 9.153550000000000297e-01 -2.569290000000000185e-01 -2.580669999999999908e-01 -3.192989999999999995e-01 0.000000000000000000e+00 4.417420441861175107e-01 -6.451179999999999692e-01 0.000000000000000000e+00 9.595561106917973593e-01 nan 0.000000000000000000e+00 3.299155777700000236e-01 2.035393771560000120e-01 1.608714064769999896e-01 1.881950000000000145e+01 3.119610000000000127e+01 3.741890000000000072e+01 3.641140000000000043e+01 7.438409127237850527e-01 8.296942128672397665e-01
-3.962080000000000046e-01 1.801039999999999863e-01 5.200339999999999963e-01 -2.913339999999999819e-01 -1.455529999999999879e-01 -1.391149999999999887e-01 0.000000000000000000e+00 4.526957045094871512e-01 -6.039790000000000436e-01 0.000000000000000000e+00 9.770989501485574102e-01 nan 0.000000000000000000e+00 3.299155777700000236e-01 2.035393771560000120e-01 1.608714064769999896e-01 1.881950000000000145e+01 3.119610000000000127e+01 3.741890000000000072e+01 3.641140000000000043e+01 7.940277333759589995e-01 9.001227946677441416e-01
-3.161769999999999858e-01 5.247749999999999915e-01 8.049779999999999713e-01 -2.857609999999999872e-01 -1.833639999999999992e-01 -1.194650000000000017e-01 0.000000000000000000e+00 4.621728185073069595e-01 -6.451179999999999692e-01 0.000000000000000000e+00 9.897734853908772834e-01 nan 0.000000000000000000e+00 3.332154185349999742e-01 2.068787752600000085e-01 1.342139336669999905e-01 8.892440000000000566e+00 2.607120000000000104e+01 2.968390000000000128e+01 -1.000000000000000000e+00 7.940277333759589995e-01 9.001227946677441416e-01
-4.091920000000000002e-01 6.471899999999999875e-02 4.470700000000000229e-01 -1.972399999999999987e-01 -2.799240000000000061e-02 -2.166649999999999965e-01 0.000000000000000000e+00 4.701308578164750118e-01 -5.628400000000000070e-01 0.000000000000000000e+00 9.974361088699739142e-01 nan 0.000000000000000000e+00 3.332154185349999742e-01 2.068787752600000085e-01 1.342139336669999905e-01 8.892440000000000566e+00 2.607120000000000104e+01 2.968390000000000128e+01 -1.000000000000000000e+00 7.776684382992327116e-01 8.474978613525091520e-01
3.768219999999999903e-01 1.208110000000000017e+00 1.435340000000000060e+00 -4.365260000000000251e-01 -2.214949999999999974e-01 -1.691469999999999918e-01 0.000000000000000000e+00 4.765445057971035014e-01 -5.217009999999999703e-01 0.000000000000000000e+00 1.000000000000000000e+00 nan 0.000000000000000000e+00 3.164876738649999854e-01 2.300846738700000060e-01 1.314897952390000069e-01 1.784530000000000172e+01 2.182560000000000144e+01 -1.000000000000000000e+00 -1.000000000000000000e+00 7.776684382992327116e-01 8.474978613525091520e-01
-3.169009999999999883e-01 4.422840000000000105e-01 9.030340000000000034e-01 -2.507719999999999949e-01 -2.017609999999999890e-02 -1.030849999999999961e-01 0.000000000000000000e+00 4.814059443801644855e-01 -5.217009999999999703e-01 0.000000000000000000e+00 9.974361088699739142e-01 nan 0.000000000000000000e+00 3.164876738649999854e-01 2.300846738700000060e-01 1.314897952390000069e-01 1.784530000000000172e+01 2.182560000000000144e+01 -1.000000000000000000e+00 -1.000000000000000000e+00 4.752337755754476589e-01 6.952829801539825993e-01
-4.464920000000000000e-01 -6.041410000000000391e-01 -1.892399999999999916e-01 -3.129959999999999964e-01 -2.147630000000000094e-01 -2.774449999999999972e-01 0.000000000000000000e+00 4.847249426493356328e-01 -3.982850000000000001e-01 0.000000000000000000e+00 9.897734853908772834e-01 nan 0.000000000000000000e+00 2.697205351010000252e-01 2.744715523469999918e-01 1.300713659459999949e-01 8.860020000000000451e+00 -1.000000000000000000e+00 -1.000000000000000000e+00 -1.000000000000000000e+00 4.752337755754476589e-01 6.952829801539825993e-01
-3.370400000000000063e-01 4.568139999999999978e-01 7.555309999999999526e-01 -2.386050000000000115e-01 -1.025760000000000005e-01 -2.978239999999999776e-01 0.000000000000000000e+00 4.865287461533792657e-01 -5.217009999999999703e-01 0.000000000000000000e+00 9.770989501485576323e-01 nan 0.000000000000000000e+00 2.697205351010000252e-01 2.744715523469999918e-01 1.300713659459999949e-01 8.860020000000000451e+00 -1.000000000000000000e+00 -1.000000000000000000e+00 -1.000000000000000000e+00 0.000000000000000000e+00 0.000000000000000000e+00
