-5.541249999999999787e-01 -1.811020000000000074e+00 -1.761360000000000037e+00 -1.014250000000000096e+00 -1.132300000000000084e+00 -6.698469999999999702e-01 0.000000000000000000e+00 1.703624853544349893e-01 8.287400000000000322e-01 8.334348640569810840e-03 0.000000000000000000e+00 nan 4.564524652114478886e-01 4.677962278500000237e-02 4.696635126039999664e-02 2.314878938249999990e-02 -1.000000000000000000e+00 -1.000000000000000000e+00 -1.000000000000000000e+00 -1.000000000000000000e+00 0.000000000000000000e+00 0.000000000000000000e+00
-5.544149999999999912e-01 -2.467630000000000212e+00 -2.301060000000000105e+00 -8.820740000000000247e-01 -1.069339999999999957e+00 -6.634170000000000345e-01 0.000000000000000000e+00 1.549109217312896192e-01 1.736869999999999914e+00 1.173650629720512928e-02 0.000000000000000000e+00 nan 4.778835053775348785e-01 4.102726035580000347e-02 4.761101957870000206e-02 2.430967771669999972e-02 3.937390000000000168e+00 -1.000000000000000000e+00 -1.000000000000000000e+00 -1.000000000000000000e+00 0.000000000000000000e+00 0.000000000000000000e+00
-5.538539999999999575e-01 -1.573870000000000102e+00 -1.595490000000000075e+00 -8.652710000000000123e-01 -1.027269999999999905e+00 -6.567579999999999529e-01 6.513135665181524203e-04 1.412074778225458349e-01 1.191990000000000105e+00 1.572605019732720155e-02 0.000000000000000000e+00 nan 4.976417640506407558e-01 4.102726035580000347e-02 4.761101957870000206e-02 2.430967771669999972e-02 3.937390000000000168e+00 -1.000000000000000000e+00 -1.000000000000000000e+00 -1.000000000000000000e+00 0.000000000000000000e+00 0.000000000000000000e+00
-5.518589999999999884e-01 -1.020510000000000028e+00 -1.089620000000000033e+00 -9.003489999999999549e-01 -9.942159999999999886e-01 -6.464259999999999451e-01 2.510303653361911635e-03 1.293860305705226699e-01 -9.875110000000000277e-01 2.045933026970858659e-02 0.000000000000000000e+00 nan 5.155033722649997596e-01 3.764858678320000263e-02 3.868112003080000083e-02 2.541739152400000062e-02 9.818239999999999412e+00 1.583259999999999934e+01 -1.000000000000000000e+00 -1.000000000000000000e+00 0.000000000000000000e+00 0.000000000000000000e+00
-5.466710000000000180e-01 -6.213340000000000529e-01 -6.283419999999999561e-01 -9.644970000000000487e-01 -1.058060000000000000e+00 -6.419409999999999838e-01 4.364431630581089294e-03 1.180190395740399190e-01 -9.875110000000000277e-01 2.608426961510779130e-02 0.000000000000000000e+00 nan 5.312659508624064664e-01 3.764858678320000263e-02 3.868112003080000083e-02 2.541739152400000062e-02 9.818239999999999412e+00 1.583259999999999934e+01 -1.000000000000000000e+00 -1.000000000000000000e+00 7.144196237645804581e-01 7.729137149214314606e-01
-5.491470000000000518e-01 -7.570360000000000422e-01 -7.981489999999999974e-01 -9.397229999999999750e-01 -9.775319999999999565e-01 -6.423769999999999758e-01 7.161071397598917088e-03 1.073957802387567328e-01 -9.875110000000000277e-01 3.273868847843186547e-02 0.000000000000000000e+00 nan 5.447509035289456181e-01 3.556847475549999860e-02 3.977960466779999898e-02 2.700684991689999981e-02 7.243009999999999948e+00 2.356940000000000168e+01 2.268270000000000053e+01 -1.000000000000000000e+00 7.144196237645804581e-01 7.729137149214314606e-01
-5.496600000000000374e-01 -8.036699999999999955e-01 -8.159530000000000394e-01 -8.816960000000000353e-01 -9.457480000000000331e-01 -6.478350000000000497e-01 1.171680754390636015e-02 9.779710119343110186e-02 -9.875110000000000277e-01 4.054874269028974076e-02 0.000000000000000000e+00 nan 5.558054403625913853e-01 3.556847475549999860e-02 3.977960466779999898e-02 2.700684991689999981e-02 7.243009999999999948e+00 2.356940000000000168e+01 2.268270000000000053e+01 -1.000000000000000000e+00 6.586228916580252335e-01 7.784424253285947559e-01
-5.516269999999999785e-01 -9.859400000000000386e-01 -1.066589999999999927e+00 -8.854450000000000376e-01 -8.861940000000000373e-01 -6.529570000000000096e-01 1.685022635784794165e-02 8.949224216273365951e-02 -9.875110000000000277e-01 4.962749427102364219e-02 0.000000000000000000e+00 nan 5.643043090438502052e-01 3.609270480699999784e-02 4.146409495140000040e-02 3.038114354870000144e-02 2.283589999999999876e+01 2.700150000000000006e+01 2.336520000000000152e+01 2.118280000000000030e+01 6.586228916580252335e-01 7.784424253285947559e-01
-5.511519999999999753e-01 -9.314149999999999929e-01 -9.913380000000000525e-01 -9.429790000000000116e-01 -9.907909999999999773e-01 -6.596330000000000249e-01 2.274543189634270490e-02 8.273578337358555856e-02 -9.875110000000000277e-01 6.007363039284030481e-02 0.000000000000000000e+00 nan 5.701512139945874580e-01 3.609270480699999784e-02 4.146409495140000040e-02 3.038114354870000144e-02 2.283589999999999876e+01 2.700150000000000006e+01 2.336520000000000152e+01 2.118280000000000030e+01 7.674511251325494277e-01 8.212958485640569073e-01
-5.509169999999999900e-01 -9.137880000000000447e-01 -9.438919999999999533e-01 -7.447660000000000391e-01 -7.827769999999999451e-01 -6.676199999999999912e-01 2.963916624643581077e-02 7.776476105946206197e-02 -9.875110000000000277e-01 7.197034521471701307e-02 0.000000000000000000e+00 nan 5.732799074454066890e-01 5.161778603859999703e-02 4.320780263489999717e-02 3.876933530340000156e-02 7.779849999999999710e+00 1.672899999999999920e+01 1.768580000000000041e+01 2.131240000000000023e+01 7.674511251325494277e-01 8.212958485640569073e-01
-5.522110000000000074e-01 -1.097159999999999913e+00 -1.087720000000000020e+00 -8.909970000000000390e-01 -8.450389999999999846e-01 -6.687560000000000171e-01 3.776141844363556377e-02 7.479598174515134090e-02 -9.875110000000000277e-01 8.538439725933766322e-02 0.000000000000000000e+00 nan 5.736549400493478057e-01 5.161778603859999703e-02 4.320780263489999717e-02 3.876933530340000156e-02 7.779849999999999710e+00 1.672899999999999920e+01 1.768580000000000041e+01 2.131240000000000023e+01 7.524063951819368601e-01 7.790037500549489291e-01
-5.540230000000000432e-01 -1.695160000000000000e+00 -1.724059999999999926e+00 -8.529820000000000180e-01 -8.483190000000000452e-01 -6.704700000000000104e-01 4.730708912965886359e-02 7.402356574219892682e-02 -8.058859999999999912e-01 1.003653530123550519e-01 0.000000000000000000e+00 nan 5.712720625371522365e-01 5.734258452450000099e-02 4.591483699840000210e-02 4.561154160150000109e-02 1.256060000000000088e+01 1.799030000000000129e+01 2.016850000000000165e+01 2.722429999999999950e+01 7.524063951819368601e-01 7.790037500549489291e-01
-5.540739999999999554e-01 -1.806880000000000042e+00 -1.659620000000000095e+00 -8.059229999999999450e-01 -1.007120000000000015e+00 -6.713130000000000486e-01 5.846238944849413421e-02 7.561674768820958459e-02 -8.058859999999999912e-01 1.169450253143028418e-01 0.000000000000000000e+00 nan 5.661582738631831813e-01 5.734258452450000099e-02 4.591483699840000210e-02 4.561154160150000109e-02 1.256060000000000088e+01 1.799030000000000129e+01 2.016850000000000165e+01 2.722429999999999950e+01 6.776279944461043314e-01 7.663739437119795328e-01
-5.531939999999999635e-01 -1.291740000000000110e+00 -1.357890000000000041e+00 -8.879359999999999475e-01 -9.857540000000000191e-01 -6.646360000000000046e-01 7.138272093968189846e-02 7.971795905078205013e-02 -9.875110000000000277e-01 1.351371129084009137e-01 0.000000000000000000e+00 nan 5.583715152964829898e-01 5.150156098969999735e-02 4.340816164539999800e-02 5.451672206549999788e-02 9.269729999999999137e+00 1.400629999999999953e+01 2.086510000000000176e+01 3.124320000000000164e+01 6.776279944461043314e-01 7.663739437119795328e-01
-5.534019999999999495e-01 -1.367609999999999992e+00 -1.394640000000000102e+00 -9.958510000000000417e-01 -1.094940000000000024e+00 -6.556149999999999478e-01 8.620179135853678343e-02 8.644121432206697264e-02 -9.875110000000000277e-01 1.549370452283204136e-01 0.000000000000000000e+00 nan 5.480000139230428724e-01 5.150156098969999735e-02 4.340816164539999800e-02 5.451672206549999788e-02 9.269729999999999137e+00 1.400629999999999953e+01 2.086510000000000176e+01 3.124320000000000164e+01 7.729054255936165241e-01 8.164299071109022421e-01
-5.537819999999999965e-01 -1.512459999999999916e+00 -1.619769999999999932e+00 -9.824889999999999457e-01 -1.069609999999999950e+00 -6.490759999999999863e-01 1.030383673234351871e-01 9.587081918901485533e-02 -9.875110000000000277e-01 1.763220341845266326e-01 0.000000000000000000e+00 nan 5.351612829976659658e-01 5.161028943089999987e-02 5.057947410569999663e-02 7.737115547730000209e-02 9.408060000000000755e+00 2.110389999999999944e+01 2.817709999999999937e+01 3.782240000000000180e+01 7.729054255936165241e-01 8.164299071109022421e-01
-5.513200000000000323e-01 -9.571539999999999493e-01 -9.945549999999999669e-01 -9.620910000000000295e-01 -9.947909999999999808e-01 -6.321369999999999489e-01 1.219854871218934989e-01 1.080604153162534331e-01 -9.875110000000000277e-01 1.992513323624395261e-01 0.000000000000000000e+00 nan 5.200007904718331186e-01 5.161028943089999987e-02 5.057947410569999663e-02 7.737115547730000209e-02 9.408060000000000755e+00 2.110389999999999944e+01 2.817709999999999937e+01 3.782240000000000180e+01 7.256152931320338784e-01 8.739555471394417907e-01
-5.454959999999999809e-01 -5.693340000000000067e-01 -5.711680000000000090e-01 -9.434259999999999868e-01 -1.033379999999999965e+00 -6.113070000000000448e-01 1.431103225367783560e-01 1.230323725645959820e-01 -9.875110000000000277e-01 2.236666947069222422e-01 0.000000000000000000e+00 nan 5.026903107836875328e-01 7.344459399050000392e-02 5.253511202990000101e-02 8.528836269249999436e-02 1.350270000000000081e+01 2.877720000000000056e+01 4.091460000000000008e+01 4.788159999999999883e+01 7.256152931320338784e-01 8.739555471394417907e-01
-5.478290000000000104e-01 -6.669509999999999605e-01 -7.307829999999999604e-01 -8.795570000000000332e-01 -9.938590000000000479e-01 -6.247610000000000108e-01 1.664526234283650874e-01 1.407775355315779020e-01 -9.875110000000000277e-01 2.494930384620297481e-01 0.000000000000000000e+00 nan 4.834259785850126834e-01 7.344459399050000392e-02 5.253511202990000101e-02 8.528836269249999436e-02 1.350270000000000081e+01 2.877720000000000056e+01 4.091460000000000008e+01 4.788159999999999883e+01 8.340685800657328119e-01 9.449665064975028006e-01
-5.437520000000000131e-01 -4.917909999999999782e-01 -5.295220000000000482e-01 -9.297720000000000429e-01 -9.874579999999999469e-01 -6.500540000000000207e-01 1.920263942698309245e-01 1.612553272858260334e-01 -9.875110000000000277e-01 2.766392938886349517e-01 0.000000000000000000e+00 nan 4.624260664572559243e-01 9.040612162330000090e-02 4.694643766070000224e-02 9.180575554379999392e-02 1.465150000000000041e+01 3.561529999999999774e+01 5.125059999999999860e+01 6.284420000000000073e+01 8.340685800657328119e-01 9.449665064975028006e-01
-5.374290000000000456e-01 -3.296629999999999838e-01 -3.157949999999999924e-01 -9.355459999999999887e-01 -1.003379999999999939e+00 -6.588819999999999677e-01 2.198112400746250472e-01 1.843942091199042288e-01 -9.875110000000000277e-01 3.049994361209626970e-01 0.000000000000000000e+00 nan 4.399285117959642610e-01 9.040612162330000090e-02 4.694643766070000224e-02 9.180575554379999392e-02 1.465150000000000041e+01 3.561529999999999774e+01 5.125059999999999860e+01 6.284420000000000073e+01 8.494765394777696876e-01 6.235404711746227457e-01
-5.521230000000000304e-01 -1.120859999999999967e+00 -9.957500000000000240e-01 -8.664420000000000455e-01 -9.497039999999999926e-01 -6.626819999999999933e-01 2.497685584157711691e-01 2.100924911124539829e-01 -8.058859999999999912e-01 3.344536864706846302e-01 0.000000000000000000e+00 nan 4.161882208850163911e-01 1.607290215540000122e-01 4.391658570769999687e-02 9.464277097800000149e-02 2.061710000000000065e+01 5.269599999999999795e+01 7.221370000000000289e+01 7.867730000000000246e+01 8.494765394777696876e-01 6.235404711746227457e-01
-5.523559999999999581e-01 -1.138220000000000010e+00 -1.076030000000000042e+00 -8.889789999999999637e-01 -1.091690000000000049e+00 -6.707459999999999534e-01 2.815900091096169566e-01 2.382194843156376640e-01 -6.242609999999999548e-01 3.648698695673188164e-01 0.000000000000000000e+00 nan 3.914741807065726942e-01 1.607290215540000122e-01 4.391658570769999687e-02 9.464277097800000149e-02 2.061710000000000065e+01 5.269599999999999795e+01 7.221370000000000289e+01 7.867730000000000246e+01 6.332202635171155780e-01 8.064038359443950199e-01
-5.537290000000000267e-01 -1.633299999999999974e+00 -1.324429999999999996e+00 -1.021009999999999973e+00 -1.070599999999999996e+00 -6.699429999999999552e-01 3.144921574673978926e-01 2.686169815131365102e-01 -8.058859999999999912e-01 3.961049109579918293e-01 0.000000000000000000e+00 nan 3.660664112110840751e-01 2.555232252310000174e-01 4.616373746670000139e-02 9.167138722980000543e-02 3.007669999999999888e+01 6.741049999999999898e+01 9.117040000000000077e+01 9.960360000000000014e+01 6.332202635171155780e-01 8.064038359443950199e-01
-5.533839999999999870e-01 -1.349849999999999994e+00 -1.421329999999999982e+00 -9.786089999999999511e-01 -1.118500000000000050e+00 -5.091820000000000235e-01 3.493141520730379534e-01 3.011010497711292810e-01 -9.875110000000000277e-01 4.280064581981598559e-01 0.000000000000000000e+00 nan 3.402527925793640273e-01 2.555232252310000174e-01 4.616373746670000139e-02 9.167138722980000543e-02 3.007669999999999888e+01 6.741049999999999898e+01 9.117040000000000077e+01 9.960360000000000014e+01 2.590704840911354223e-01 5.989267200714167849e-01
-5.526149999999999674e-01 -1.159030000000000005e+00 -1.191179999999999906e+00 -1.007519999999999971e+00 -1.156689999999999996e+00 -4.089519999999999822e-01 3.861235530168867225e-01 3.354641144719278101e-01 -9.875110000000000277e-01 4.604146070656817136e-01 0.000000000000000000e+00 nan 3.143258034251087407e-01 3.937936227350000151e-01 5.034382496599999757e-02 9.708515847399999676e-02 3.150609999999999999e+01 1.024339999999999975e+02 1.195460000000000065e+02 1.113040000000000020e+02 2.590704840911354223e-01 5.989267200714167849e-01
-5.493789999999999507e-01 -9.139570000000000194e-01 -7.196510000000000407e-01 4.378960000000000075e-01 5.886479999999999491e-01 1.584639999999999938e-01 4.242969210283289438e-01 3.698096694997046185e-01 -8.058859999999999912e-01 4.931637133395512240e-01 0.000000000000000000e+00 nan 2.885792068953348943e-01 3.937936227350000151e-01 5.034382496599999757e-02 9.708515847399999676e-02 3.150609999999999999e+01 1.024339999999999975e+02 1.195460000000000065e+02 1.113040000000000020e+02 2.713909930810646243e-01 6.066838220127210857e-01
2.710620000000000251e-01 1.078240000000000087e+00 1.236990000000000034e+00 1.277530000000000054e+00 1.529349999999999987e+00 6.033619999999999539e-01 4.637351282842243627e-01 4.038358241673768445e-01 -6.242609999999999548e-01 5.260842696151077913e-01 0.000000000000000000e+00 nan 2.633047222165429968e-01 5.739934823540000508e-01 4.090364819080000158e-02 1.170078946179999996e-01 5.965209999999999724e+01 1.088280000000000030e+02 1.205289999999999964e+02 1.105139999999999958e+02 2.713909930810646243e-01 6.066838220127210857e-01
1.556080000000000050e-03 8.796110000000000317e-01 1.106400000000000050e+00 2.339340000000000031e-01 5.322620000000000129e-01 1.686520000000000019e+00 5.043482507973650053e-01 4.387844193386001290e-01 -4.426359999999999739e-01 5.590048258906645806e-01 0.000000000000000000e+00 nan 2.387887193993153412e-01 5.739934823540000508e-01 4.090364819080000158e-02 1.170078946179999996e-01 5.965209999999999724e+01 1.088280000000000030e+02 1.205289999999999964e+02 1.105139999999999958e+02 3.598139327791153308e-01 6.513395710261760119e-01
2.846060000000000034e+00 1.575919999999999987e+00 1.488520000000000065e+00 9.273280000000000411e-01 1.400249999999999995e+00 2.475560000000000205e+00 5.450370711266450119e-01 4.741648726988295648e-01 6.471149999999999958e-01 5.917539321645337580e-01 0.000000000000000000e+00 nan 2.153089745516688636e-01 6.535581213169999737e-01 2.869753352979999977e-02 1.100351036579999969e-01 1.989179999999999993e+01 8.613370000000000459e+01 9.244769999999999754e+01 8.974710000000000321e+01 3.598139327791153308e-01 6.513395710261760119e-01
2.663769999999999971e+00 1.530659999999999910e+00 1.442970000000000086e+00 1.567390000000000061e+00 1.485149999999999970e+00 3.870690000000000186e+00 5.845942043742136107e-01 5.094817088076770695e-01 8.287400000000000322e-01 6.241620810320558377e-01 0.000000000000000000e+00 nan 1.931315225647572964e-01 6.535581213169999737e-01 2.869753352979999977e-02 1.100351036579999969e-01 1.989179999999999993e+01 8.613370000000000459e+01 9.244769999999999754e+01 8.974710000000000321e+01 3.896866267114259541e-01 6.842818932198059256e-01
3.564420000000000144e+00 1.621979999999999977e+00 1.430609999999999937e+00 1.868049999999999988e+00 1.939580000000000082e+00 3.533409999999999940e+00 6.236611770854296743e-01 5.455173974724110142e-01 6.471149999999999958e-01 6.560636282722239754e-01 0.000000000000000000e+00 nan 1.696981442309813959e-01 7.123573361939999904e-01 1.864931484569999978e-02 8.888888390700000475e-02 3.130320000000000036e+01 5.145859999999999701e+01 6.840739999999999554e+01 7.339960000000000662e+01 3.896866267114259541e-01 6.842818932198059256e-01
2.730519999999999836e+00 1.534030000000000005e+00 1.295830000000000037e+00 1.690779999999999950e+00 1.611299999999999955e+00 3.873819999999999819e+00 6.622560613852095379e-01 5.806267084216181207e-01 1.191990000000000105e+00 6.872986696628968772e-01 0.000000000000000000e+00 nan 1.477871233176196730e-01 7.123573361939999904e-01 1.864931484569999978e-02 8.888888390700000475e-02 3.130320000000000036e+01 5.145859999999999701e+01 6.840739999999999554e+01 7.339960000000000662e+01 4.094006128032525726e-01 6.930771077574401362e-01
2.941139999999999866e+00 1.560459999999999958e+00 1.370819999999999927e+00 1.916199999999999903e+00 1.898760000000000003e+00 3.599699999999999900e+00 7.000937119560666222e-01 6.144118391332749063e-01 1.373620000000000063e+00 7.177148527595310634e-01 0.000000000000000000e+00 nan 1.274386280293788865e-01 7.421411426920000443e-01 1.694581976530000131e-02 8.080637749199999498e-02 9.590020000000000877e+00 4.212810000000000343e+01 4.970830000000000126e+01 6.490999999999999659e+01 4.094006128032525726e-01 6.930771077574401362e-01
2.889679999999999804e+00 1.555469999999999908e+00 1.339579999999999993e+00 1.731549999999999923e+00 1.720790000000000042e+00 2.970650000000000013e+00 7.367454130978745575e-01 6.464899905765653099e-01 1.373620000000000063e+00 7.471691031092529967e-01 0.000000000000000000e+00 nan 1.086751225312804214e-01 7.421411426920000443e-01 1.694581976530000131e-02 8.080637749199999498e-02 9.590020000000000877e+00 4.212810000000000343e+01 4.970830000000000126e+01 6.490999999999999659e+01 4.221956635089136878e-01 7.198414764869187632e-01
1.825110000000000010e+00 1.412870000000000070e+00 1.268399999999999972e+00 1.694530000000000092e+00 1.673240000000000061e+00 2.238500000000000156e+00 7.723705659197901419e-01 6.764977044778577309e-01 1.191990000000000105e+00 7.755292453415808529e-01 0.000000000000000000e+00 nan 9.150111242069314255e-02 8.155417699060000247e-01 1.250539157760000020e-02 5.285557394640000295e-02 1.615429999999999922e+01 2.380529999999999902e+01 3.203110000000000213e+01 4.362339999999999662e+01 4.221956635089136878e-01 7.198414764869187632e-01
3.091800000000000104e+00 1.574419999999999931e+00 1.350249999999999950e+00 1.755649999999999933e+00 1.769719999999999960e+00 2.036329999999999973e+00 8.067630277992330345e-01 7.040949814481762825e-01 1.191990000000000105e+00 8.026755007681860565e-01 0.000000000000000000e+00 nan 7.590309367711534083e-02 8.155417699060000247e-01 1.250539157760000020e-02 5.285557394640000295e-02 1.615429999999999922e+01 2.380529999999999902e+01 3.203110000000000213e+01 4.362339999999999662e+01 4.339889039258074677e-01 7.188845192727124633e-01
1.578140000000000098e+00 1.370649999999999924e+00 1.217780000000000085e+00 1.634330000000000060e+00 1.788669999999999982e+00 1.749779999999999891e+00 8.397603887982332260e-01 7.289691333121350869e-01 1.373620000000000063e+00 8.285018445232934514e-01 0.000000000000000000e+00 nan 6.184970566812308945e-02 8.591974924309999651e-01 8.747813414619999908e-03 4.057818098220000030e-02 7.144660000000000011e+00 1.189750000000000085e+01 1.555690000000000062e+01 2.842419999999999902e+01 4.339889039258074677e-01 7.188845192727124633e-01
2.288539999999999797e+00 1.480429999999999913e+00 1.265849999999999920e+00 1.865860000000000074e+00 1.730040000000000022e+00 1.510410000000000030e+00 8.698117404579582823e-01 7.508383259899088502e-01 8.287400000000000322e-01 8.529172068677762786e-01 0.000000000000000000e+00 nan 4.929208647786620379e-02 8.591974924309999651e-01 8.747813414619999908e-03 4.057818098220000030e-02 7.144660000000000011e+00 1.189750000000000085e+01 1.555690000000000062e+01 2.842419999999999902e+01 4.426888353808929866e-01 7.124326663938944648e-01
2.968010000000000037e+00 1.560419999999999918e+00 1.309490000000000043e+00 1.833390000000000075e+00 1.760019999999999918e+00 1.634530000000000038e+00 8.969685244712737315e-01 7.694547727899720968e-01 8.287400000000000322e-01 8.758465050456890610e-01 0.000000000000000000e+00 nan 3.816442653209961566e-02 8.434998413230000436e-01 1.009010781420000002e-02 4.789909776910000055e-02 4.936160000000000103e+00 1.342459999999999987e+01 1.355100000000000016e+01 2.010750000000000171e+01 4.426888353808929866e-01 7.124326663938944648e-01
1.218280000000000030e+00 1.300359999999999960e+00 1.211850000000000094e+00 1.542249999999999899e+00 1.367879999999999985e+00 1.735379999999999923e+00 9.218657742014106926e-01 7.846075419313254251e-01 1.191990000000000105e+00 8.972314940018952800e-01 0.000000000000000000e+00 nan 2.838471424695498957e-02 8.434998413230000436e-01 1.009010781420000002e-02 4.789909776910000055e-02 4.936160000000000103e+00 1.342459999999999987e+01 1.355100000000000016e+01 2.010750000000000171e+01 4.474869793955158492e-01 7.194728957931079139e-01
3.298070000000000057e+00 1.594610000000000083e+00 1.333700000000000108e+00 1.991959999999999953e+00 1.960329999999999906e+00 1.920909999999999895e+00 9.424466757326976918e-01 7.961249464848583202e-01 1.373620000000000063e+00 9.170314263218146689e-01 0.000000000000000000e+00 nan 1.985566525295734408e-02 8.305448918669999792e-01 1.236713594040000051e-02 5.434700075249999929e-02 7.916450000000000209e+00 1.298060000000000080e+01 1.675969999999999871e+01 1.905150000000000077e+01 4.474869793955158492e-01 7.194728957931079139e-01
1.536159999999999970e+00 1.362929999999999975e+00 1.296059999999999990e+00 1.636279999999999957e+00 1.571469999999999922e+00 1.961910000000000043e+00 9.589258572252622459e-01 8.038764896548573624e-01 1.555239999999999956e+00 9.352235139159128519e-01 0.000000000000000000e+00 nan 1.246582466580248294e-02 8.305448918669999792e-01 1.236713594040000051e-02 5.434700075249999929e-02 7.916450000000000209e+00 1.298060000000000080e+01 1.675969999999999871e+01 1.905150000000000077e+01 4.489809070191164153e-01 7.186579604976177649e-01
2.257350000000000190e+00 1.475740000000000052e+00 1.244709999999999983e+00 1.890449999999999964e+00 1.793709999999999916e+00 1.577199999999999935e+00 9.721084287292180992e-01 8.077743433598474354e-01 1.918490000000000029e+00 9.518031862178607527e-01 0.000000000000000000e+00 nan 6.090829914732642791e-03 7.947389905139999877e-01 1.947013966950000147e-02 7.046750006620000617e-02 3.268889999999999851e+00 1.685519999999999996e+01 2.057010000000000005e+01 2.202969999999999828e+01 4.489809070191164153e-01 7.186579604976177649e-01
2.158549999999999969e+00 1.461819999999999897e+00 1.356710000000000083e+00 1.820799999999999974e+00 1.858719999999999928e+00 1.115089999999999915e+00 9.818450264419361639e-01 8.077743433598474354e-01 1.918490000000000029e+00 9.641487793178280530e-01 0.000000000000000000e+00 nan 3.315686464849587622e-03 7.947389905139999877e-01 1.947013966950000147e-02 7.046750006620000617e-02 3.268889999999999851e+00 1.685519999999999996e+01 2.057010000000000005e+01 2.202969999999999828e+01 4.473112232045040049e-01 7.151175569524801379e-01
1.357240000000000002e+00 1.330729999999999968e+00 1.104300000000000059e+00 1.643019999999999925e+00 1.506590000000000096e+00 1.047630000000000061e+00 9.880253308207843643e-01 8.038764896548573624e-01 1.191990000000000105e+00 9.748416220376961983e-01 0.000000000000000000e+00 nan 1.362339200060680433e-03 7.256567347040000504e-01 3.821080216400000312e-02 9.635987741489999980e-02 1.262349999999999994e+01 2.054870000000000019e+01 2.486609999999999943e+01 2.344310000000000116e+01 4.473112232045040049e-01 7.151175569524801379e-01
2.069269999999999943e+00 1.449310000000000098e+00 1.372330000000000050e+00 1.615480000000000027e+00 1.626630000000000020e+00 5.014530000000000376e-01 9.915041296407680615e-01 7.961249464848583202e-01 1.373620000000000063e+00 9.837605601968056890e-01 0.000000000000000000e+00 nan 2.529203253935907725e-04 7.256567347040000504e-01 3.821080216400000312e-02 9.635987741489999980e-02 1.262349999999999994e+01 2.054870000000000019e+01 2.486609999999999943e+01 2.344310000000000116e+01 4.447041730378286095e-01 6.986091996388584802e-01
6.105720000000000036e-01 1.150009999999999977e+00 1.030669999999999975e+00 1.312060000000000004e+00 1.054769999999999985e+00 6.871720000000000050e-01 9.930947839537108690e-01 7.846075419313254251e-01 1.010359999999999925e+00 9.908045386619870332e-01 0.000000000000000000e+00 nan 0.000000000000000000e+00 7.029042321359999512e-01 5.752451266519999912e-02 1.019762984970000036e-01 4.824469999999999814e+00 2.219409999999999883e+01 2.377280000000000015e+01 2.451099999999999923e+01 4.447041730378286095e-01 6.986091996388584802e-01
1.720299999999999940e+00 1.395089999999999941e+00 1.357639999999999958e+00 1.602319999999999967e+00 1.558060000000000000e+00 6.953219999999999956e-01 9.920687079591865576e-01 7.711224208808966640e-01 1.010359999999999925e+00 9.958937463425988623e-01 0.000000000000000000e+00 nan 3.415942512499214878e-03 7.029042321359999512e-01 5.752451266519999912e-02 1.019762984970000036e-01 4.824469999999999814e+00 2.219409999999999883e+01 2.377280000000000015e+01 2.451099999999999923e+01 4.345337481179440964e-01 7.043103652330342523e-01
1.418419999999999959e-01 9.635709999999999553e-01 8.320319999999999938e-01 1.198080000000000034e+00 8.123719999999999830e-01 8.109539999999999527e-01 9.866393783152588304e-01 7.558955873571733264e-01 1.191990000000000105e+00 9.989705204820754636e-01 0.000000000000000000e+00 nan 7.949269642029799243e-03 7.079715426699999536e-01 6.918368913309999590e-02 1.071612155350000067e-01 1.267660000000000053e+01 2.109110000000000085e+01 2.542970000000000041e+01 2.415350000000000108e+01 4.345337481179440964e-01 7.043103652330342523e-01
3.239739999999999842e-01 1.034929999999999906e+00 1.166849999999999943e+00 5.532719999999999860e-01 8.063489999999999824e-01 3.687719999999999887e-01 9.764448298010904859e-01 7.376326861126623058e-01 4.654900000000000149e-01 1.000000000000000000e+00 9.224383747518327681e-03 nan 8.226344153263842607e-03 7.079715426699999536e-01 6.918368913309999590e-02 1.071612155350000067e-01 1.267660000000000053e+01 2.109110000000000085e+01 2.542970000000000041e+01 2.415350000000000108e+01 4.343052650696287431e-01 6.627486651630378756e-01
1.336200000000000054e+00 1.324750000000000094e+00 1.278429999999999955e+00 1.094729999999999981e+00 1.324889999999999901e+00 8.992059999999999498e-01 9.643230551141313001e-01 7.167957267381031006e-01 8.287400000000000322e-01 9.989705204820754636e-01 1.874925086202805513e-02 nan 9.566299508800613083e-03 7.415433049459999593e-01 4.941018144630000136e-02 1.018176749270000014e-01 9.788460000000000605e+00 2.783370000000000033e+01 2.855039999999999978e+01 2.835490000000000066e+01 4.343052650696287431e-01 6.627486651630378756e-01
-6.378870000000000373e-02 8.226999999999999869e-01 9.191519999999999690e-01 5.646640000000000548e-01 8.751640000000000530e-01 7.569350000000000245e-01 9.514388712581336449e-01 6.938758839313912130e-01 1.010359999999999925e+00 9.958937463425987513e-01 2.917216348089657352e-02 nan 1.455535966187271324e-02 7.415433049459999593e-01 4.941018144630000136e-02 1.018176749270000014e-01 9.788460000000000605e+00 2.783370000000000033e+01 2.855039999999999978e+01 2.835490000000000066e+01 4.280366275902068862e-01 7.139238965404137716e-01
9.589290000000000314e-01 1.240469999999999962e+00 1.192339999999999955e+00 1.421059999999999990e+00 1.372230000000000061e+00 1.355089999999999906e-01 9.366421087949257096e-01 6.693879322919857877e-01 1.010359999999999925e+00 9.908045386619870332e-01 4.108050852708644562e-02 nan 2.041612992272445748e-02 7.315030094050000153e-01 3.309776732450000342e-02 1.086929422309999976e-01 1.196330000000000027e+01 2.599840000000000018e+01 2.952949999999999875e+01 2.887770000000000081e+01 4.280366275902068862e-01 7.139238965404137716e-01
9.681739999999999791e-02 9.223660000000000192e-01 1.034680000000000044e+00 7.492670000000000163e-01 1.102870000000000017e+00 2.417419999999999985e-03 9.199678017831915966e-01 6.438644137190048244e-01 1.010359999999999925e+00 9.837605601968056890e-01 5.504484238060969314e-02 nan 2.708220542245520779e-02 7.315030094050000153e-01 3.309776732450000342e-02 1.086929422309999976e-01 1.196330000000000027e+01 2.599840000000000018e+01 2.952949999999999875e+01 2.887770000000000081e+01 4.256463433924460027e-01 7.021935623493131828e-01
1.020429999999999948e+00 1.255630000000000024e+00 9.839670000000000361e-01 1.171389999999999931e+00 1.291460000000000052e+00 1.243940000000000046e-01 9.019492346260226112e-01 6.178496034987159824e-01 8.287400000000000322e-01 9.748416220376961983e-01 7.161242624676011914e-02 nan 3.447805686202443098e-02 7.465599000560000365e-01 2.512008950909999996e-02 9.569171324950000168e-02 1.385459999999999958e+01 2.152860000000000085e+01 2.623819999999999908e+01 2.808849999999999980e+01 4.256463433924460027e-01 7.021935623493131828e-01
-3.114290000000000114e-01 5.710060000000000136e-01 2.776370000000000227e-01 9.207450000000000356e-01 1.069939999999999891e+00 7.287200000000000621e-02 8.830448426781503102e-01 5.918933434480602163e-01 1.373620000000000063e+00 9.641487793178280530e-01 9.130102546798213314e-02 nan 4.251988628938974113e-02 7.465599000560000365e-01 2.512008950909999996e-02 9.569171324950000168e-02 1.385459999999999958e+01 2.152860000000000085e+01 2.623819999999999908e+01 2.808849999999999980e+01 4.350317239924775814e-01 7.305506054529653515e-01
5.562770000000000215e-01 1.125250000000000083e+00 8.806110000000000326e-01 1.503200000000000092e+00 1.615639999999999965e+00 -2.803749999999999853e-01 8.634680599878080676e-01 5.665448119871615562e-01 1.555239999999999956e+00 9.518031862178607527e-01 1.145930430356530971e-01 nan 5.111657656378676418e-02 6.895703072069999662e-01 2.896638686940000013e-02 9.499249126780000274e-02 4.746809999999999974e+00 1.949699999999999989e+01 2.262089999999999890e+01 2.719770000000000110e+01 4.350317239924775814e-01 7.305506054529653515e-01
1.096780000000000088e+00 1.274089999999999945e+00 9.420340000000000380e-01 2.010979999999999990e+00 1.770080000000000098e+00 -2.408520000000000105e-01 8.436769202259289946e-01 5.423463017283860488e-01 1.736869999999999914e+00 9.352235139159128519e-01 1.327056700239139797e-01 nan 6.017072374934373524e-02 6.895703072069999662e-01 2.896638686940000013e-02 9.499249126780000274e-02 4.746809999999999974e+00 1.949699999999999989e+01 2.262089999999999890e+01 2.719770000000000110e+01 4.232267664961830711e-01 7.218094945034135845e-01
-2.591959999999999820e-01 6.238050000000000539e-01 -5.314280000000000115e-01 1.204690000000000039e+00 1.068419999999999925e+00 -1.819079999999999864e-01 8.246016074159709941e-01 5.198270750843545507e-01 1.555239999999999956e+00 9.170314263218146689e-01 1.549585502460584241e-01 nan 6.957974074059436465e-02 6.634240976630000342e-01 4.091215535719999741e-02 8.493399462690000290e-02 1.298140000000000072e+01 1.555380000000000074e+01 2.398750000000000071e+01 2.935960000000000036e+01 4.232267664961830711e-01 7.218094945034135845e-01
-5.299350000000000449e-01 -3.130089999999999817e-01 -1.512539999999999996e+00 -3.983350000000000085e-02 -7.240660000000000152e-02 -3.108489999999999864e-01 8.066883546524440396e-01 4.994973675133250746e-01 1.373620000000000063e+00 8.972314940018952800e-01 1.810995496773700753e-01 nan 7.923701961537565897e-02 6.634240976630000342e-01 4.091215535719999741e-02 8.493399462690000290e-02 1.298140000000000072e+01 1.555380000000000074e+01 2.398750000000000071e+01 2.935960000000000036e+01 4.171397437474734238e-01 7.197772284760710626e-01
-5.314799999999999525e-01 -3.353269999999999862e-01 -2.905320000000000125e-01 4.865840000000000165e-01 3.678669999999999995e-01 -3.004359999999999808e-01 7.901344866648376541e-01 4.818426063475710341e-01 2.281740000000000101e+00 8.758465050456890610e-01 2.108324803488788035e-01 nan 8.903313954518310425e-02 6.713061916450000499e-01 3.385659783690000285e-02 7.056699207680000585e-02 4.967100000000000293e+00 2.162120000000000175e+01 2.729400000000000048e+01 3.813620000000000232e+01 4.171397437474734238e-01 7.197772284760710626e-01
1.240139999999999992e-01 9.393559999999999688e-01 8.321460000000000523e-01 1.132779999999999898e+00 1.205799999999999983e+00 -1.935409999999999908e-01 7.746664011220790735e-01 4.655959391490331889e-01 2.281740000000000101e+00 8.555525695208262560e-01 2.438204562753998328e-01 nan 9.885710657688140390e-02 6.713061916450000499e-01 3.385659783690000285e-02 7.056699207680000585e-02 4.967100000000000293e+00 2.162120000000000175e+01 2.729400000000000048e+01 3.813620000000000232e+01 4.059147816815180665e-01 7.195439067524660448e-01
4.184189999999999854e-01 1.073509999999999964e+00 8.320459999999999523e-01 1.413739999999999997e+00 1.304619999999999891e+00 -1.335379999999999900e-01 7.600805652248837641e-01 4.510146718293902568e-01 1.191990000000000105e+00 8.338584165010960447e-01 2.796897105083597790e-01 nan 1.085976112385433900e-01 6.210556556890000079e-01 3.529041514580000261e-02 7.544061318139999583e-02 1.277669999999999995e+01 2.445220000000000127e+01 3.651069999999999993e+01 4.387210000000000321e+01 4.059147816815180665e-01 7.195439067524660448e-01
-2.937009999999999899e-01 5.813880000000000159e-01 6.448950000000000168e-03 9.531180000000000208e-01 5.361190000000000122e-01 -2.395470000000000099e-01 7.479609086887519798e-01 4.399316576913860910e-01 1.373620000000000063e+00 8.110098494087558674e-01 3.180338300646718963e-01 nan 1.181442897202439335e-01 6.210556556890000079e-01 3.529041514580000261e-02 7.544061318139999583e-02 1.277669999999999995e+01 2.445220000000000127e+01 3.651069999999999993e+01 4.387210000000000321e+01 3.875951280383851394e-01 7.368570549388122615e-01
-4.033950000000000036e-01 3.680260000000000198e-01 3.969300000000000050e-01 5.018340000000000023e-01 6.348810000000000286e-01 -3.776100000000000012e-01 7.377068012138565667e-01 4.324724717137521379e-01 1.010359999999999925e+00 7.872657516387859822e-01 3.584183607482308576e-01 nan 1.273889743401264152e-01 5.623406287309999918e-01 3.923538574529999989e-02 7.558701891560000441e-02 1.404819999999999958e+01 3.952729999999999677e+01 5.312270000000000181e+01 6.306779999999999831e+01 3.875951280383851394e-01 7.368570549388122615e-01
7.019189999999999596e-01 1.173540000000000028e+00 1.124770000000000048e+00 1.843320000000000070e+00 1.816440000000000055e+00 -4.293239999999999834e-01 7.287557797382006042e-01 4.287216294541541517e-01 1.191990000000000105e+00 7.628951533065804202e-01 4.003857296895519946e-01 nan 1.362269191274591007e-01 5.623406287309999918e-01 3.923538574529999989e-02 7.558701891560000441e-02 1.404819999999999958e+01 3.952729999999999677e+01 5.312270000000000181e+01 6.306779999999999831e+01 3.771259175937805574e-01 7.259653263629877173e-01
-1.768409999999999982e-01 7.163559999999999928e-01 1.391120000000000134e-01 1.634319999999999995e+00 1.100300000000000056e+00 -5.182980000000000365e-01 7.224945138723896099e-01 4.287216294541541517e-01 1.555239999999999956e+00 7.381741830292397610e-01 4.434604298292205149e-01 nan 1.445579866363377874e-01 4.801743746330000007e-01 5.110656279080000308e-02 8.420006813399999457e-02 2.775720000000000098e+01 6.320689999999999742e+01 8.007160000000000366e+01 7.614690000000000225e+01 3.771259175937805574e-01 7.259653263629877173e-01
-5.066300000000000248e-01 -4.361319999999999780e-02 -5.451639999999999819e-01 3.547259999999999858e-01 2.071320000000000106e-01 -5.154389999999999805e-01 7.189578130020264357e-01 4.324724717137520269e-01 1.373620000000000063e+00 7.133829392780048906e-01 4.871544076028768711e-01 nan 1.522877825429612697e-01 4.801743746330000007e-01 5.110656279080000308e-02 8.420006813399999457e-02 2.775720000000000098e+01 6.320689999999999742e+01 8.007160000000000366e+01 7.614690000000000225e+01 3.398597465595725176e-01 7.247919547964521980e-01
-5.486799999999999455e-01 -8.336850000000000094e-01 -9.343310000000000226e-01 5.059749999999999664e-02 -2.215959999999999874e-01 -5.278589999999999671e-01 7.181198074840576817e-01 4.399316576913860910e-01 1.191990000000000105e+00 6.888023167506558408e-01 5.309725927831181469e-01 nan 1.593287251710377994e-01 4.977048133729999879e-01 6.483674768640000641e-02 8.624784450609999931e-02 3.103770000000000095e+01 7.269419999999999504e+01 8.584300000000000352e+01 8.576879999999999882e+01 3.398597465595725176e-01 7.247919547964521980e-01
-4.378719999999999835e-01 2.756339999999999901e-01 3.422290000000000054e-01 1.063330000000000108e+00 8.161680000000000046e-01 -5.291470000000000340e-01 7.199080482054707186e-01 4.510146718293902568e-01 2.838640000000000052e-01 6.647108237223458005e-01 5.744185078229935293e-01 nan 1.656010378271732808e-01 4.977048133729999879e-01 6.483674768640000641e-02 8.624784450609999931e-02 3.103770000000000095e+01 7.269419999999999504e+01 8.584300000000000352e+01 8.576879999999999882e+01 2.852581565518979012e-01 7.021394587612306282e-01
4.759720000000000062e-01 1.097990000000000022e+00 1.110950000000000104e+00 1.422779999999999934e+00 1.200550000000000006e+00 -5.331099999999999728e-01 7.242268234720947717e-01 4.655959391490330779e-01 2.838640000000000052e-01 6.413814264355576222e-01 6.169998931449947044e-01 nan 1.710336527026846687e-01 3.848251234999999770e-01 9.305109822649999807e-02 1.015768877610000037e-01 3.308500000000000085e+01 7.946569999999999823e+01 9.361010000000000275e+01 8.891009999999999991e+01 2.852581565518979012e-01 7.021394587612306282e-01
-3.397439999999999904e-01 5.034720000000000306e-01 2.957459999999999950e-02 1.286689999999999889e+00 5.749980000000000091e-01 -5.688229999999999675e-01 7.309770883243059680e-01 4.835102480652043733e-01 8.287400000000000322e-01 6.164430936304549080e-01 6.674586683862833159e-01 nan 1.755650161002698662e-01 3.848251234999999770e-01 9.305109822649999807e-02 1.015768877610000037e-01 3.308500000000000085e+01 7.946569999999999823e+01 9.361010000000000275e+01 8.891009999999999991e+01 2.954578741702842404e-01 6.931785519850943711e-01
-5.449929999999999497e-01 -6.349669999999999481e-01 -9.333639999999999715e-01 1.931739999999999846e-02 -1.452090000000000047e-01 -6.600880000000000081e-01 7.400556337112234040e-01 5.045546222996890595e-01 4.654900000000000149e-01 5.926980428520225441e-01 7.164037310342810105e-01 nan 1.791437858619931989e-01 2.330988721850000001e-01 1.286547580340000052e-01 1.264848912269999903e-01 4.998830000000000240e+01 1.019740000000000038e+02 1.170150000000000006e+02 1.053709999999999951e+02 2.954578741702842404e-01 6.931785519850943711e-01
-5.526290000000000369e-01 -1.286820000000000075e+00 -1.061739999999999906e+00 -3.322430000000000105e-01 -6.469589999999999508e-01 -6.659279999999999644e-01 7.512974643221080884e-01 5.284906206835054965e-01 -7.938580000000000636e-02 5.702137619583190764e-01 7.547616129119317785e-01 nan 1.817294130964505205e-01 2.330988721850000001e-01 1.286547580340000052e-01 1.264848912269999903e-01 4.998830000000000240e+01 1.019740000000000038e+02 1.170150000000000006e+02 1.053709999999999951e+02 2.327129139790615753e-01 6.961982084949396299e-01
-5.531789999999999763e-01 -1.403510000000000035e+00 -1.212229999999999919e+00 -9.440349999999999575e-01 -8.889150000000000107e-01 -5.996299999999999963e-01 7.644905189626436393e-01 5.550470387906250025e-01 2.838640000000000052e-01 5.490434537808317472e-01 7.916225710050396325e-01 nan 1.832926016139110326e-01 2.018221938270000071e-01 1.498434856789999936e-01 1.499924074589999989e-01 3.782840000000000202e+01 1.082620000000000005e+02 1.208979999999999961e+02 1.169000000000000057e+02 2.327129139790615753e-01 6.961982084949396299e-01
-5.534999999999999920e-01 -1.532620000000000093e+00 -1.397990000000000066e+00 -9.678290000000000504e-01 -8.828409999999999869e-01 -4.080679999999999863e-01 7.794186767257571535e-01 5.839229817924878052e-01 2.838640000000000052e-01 5.292254333151356072e-01 8.265689559295179567e-01 nan 1.865365065085480278e-01 2.018221938270000071e-01 1.498434856789999936e-01 1.499924074589999989e-01 3.782840000000000202e+01 1.082620000000000005e+02 1.208979999999999961e+02 1.169000000000000057e+02 1.450047161244587546e-01 7.036171630107295183e-01
-5.394039999999999946e-01 -5.017810000000000326e-01 -2.411510000000000042e-01 -6.318989999999999885e-01 -4.171090000000000075e-01 -3.336040000000000116e-01 7.958348836551852878e-01 6.147912737166414399e-01 -7.938580000000000636e-02 5.107826935966843784e-01 8.592048111803057830e-01 nan 1.888229668588764509e-01 1.839445399780000046e-01 1.567665271929999937e-01 1.562644759909999903e-01 3.505599999999999739e+01 6.805509999999999593e+01 1.041689999999999969e+02 1.119060000000000059e+02 1.450047161244587546e-01 7.036171630107295183e-01
-3.834509999999999863e-01 4.148800000000000265e-01 6.920889999999999542e-01 -8.444289999999999852e-01 -6.717079999999999718e-01 -3.292180000000000106e-01 8.134794610105959833e-01 6.473021644812415598e-01 -7.938580000000000636e-02 4.937226451805314387e-01 8.891603594767851781e-01 nan 1.903341685729448285e-01 1.839445399780000046e-01 1.567665271929999937e-01 1.562644759909999903e-01 3.505599999999999739e+01 6.805509999999999593e+01 1.041689999999999969e+02 1.119060000000000059e+02 1.337153101217990470e-01 6.202672040956416222e-01
-9.240329999999999377e-02 7.918410000000000171e-01 1.109890000000000043e+00 -6.348650000000000126e-01 -3.384409999999999918e-01 -3.841060000000000030e-01 8.320760840600101016e-01 6.810872927032325386e-01 -2.610109999999999930e-01 4.780370321767795083e-01 9.160961924871275919e-01 nan 1.912610815489278471e-01 1.414025160169999906e-01 2.001568680190000116e-01 1.720137242089999907e-01 1.684499999999999886e+01 4.536249999999999716e+01 7.627280000000000371e+01 1.047360000000000042e+02 1.337153101217990470e-01 6.202672040956416222e-01
-3.807519999999999794e-01 4.347699999999999898e-01 7.508120000000000349e-01 -8.150450000000000195e-01 -7.058780000000000054e-01 -4.632169999999999899e-01 8.513597548035414242e-01 7.140962176623733004e-01 -2.610109999999999930e-01 4.637020257931124823e-01 9.397071164603130189e-01 nan 1.918012959098728265e-01 1.414025160169999906e-01 2.001568680190000116e-01 1.720137242089999907e-01 1.684499999999999886e+01 4.536249999999999716e+01 7.627280000000000371e+01 1.047360000000000042e+02 1.220040892607108240e-01 6.660388396132945754e-01
-5.384729999999999794e-01 -4.818910000000000138e-01 -1.658519999999999994e-01 -9.109249999999999847e-01 -9.073499999999999899e-01 -5.481890000000000374e-01 8.698154269985973741e-01 7.458817103686994354e-01 2.838640000000000052e-01 4.506784943245336628e-01 9.597256101932785111e-01 nan 1.921567832286528166e-01 1.261865487930000085e-01 2.526346918010000109e-01 1.762406628540000020e-01 1.743209999999999837e+01 3.841290000000000049e+01 6.480110000000000525e+01 8.890269999999999584e+01 1.220040892607108240e-01 6.660388396132945754e-01
-5.481709999999999638e-01 -7.420419999999999794e-01 -6.344220000000000415e-01 -8.590969999999999995e-01 -8.639139999999999597e-01 -4.921039999999999859e-01 8.872941428357716820e-01 7.775505164255613888e-01 -7.938580000000000636e-02 4.389124465312191914e-01 9.759248561530456945e-01 nan 1.925316081093407794e-01 1.261865487930000085e-01 2.526346918010000109e-01 1.762406628540000020e-01 1.743209999999999837e+01 3.841290000000000049e+01 6.480110000000000525e+01 8.890269999999999584e+01 1.241541733307556239e-01 6.815057028563313857e-01
-5.247410000000000130e-01 -2.039100000000000079e-01 6.152089999999999816e-03 -5.238120000000000553e-01 -3.529869999999999952e-01 -2.568570000000000020e-01 9.053654770163208632e-01 8.084887319839675346e-01 -4.426359999999999739e-01 4.283356433808401809e-01 9.881213104100001754e-01 nan 1.931296160537075979e-01 1.584431771370000130e-01 3.075513850000000105e-01 1.397552797059999907e-01 2.661199999999999832e+01 4.168209999999999837e+01 6.527630000000000621e+01 8.557179999999999609e+01 1.241541733307556239e-01 6.815057028563313857e-01
-4.279000000000000026e-01 3.008950000000000236e-01 6.359029999999999960e-01 -3.542699999999999738e-01 -9.477320000000000189e-02 -7.671779999999999572e-03 9.227266167040200084e-01 8.380907310772024443e-01 -2.610109999999999930e-01 4.188663712240645598e-01 9.961767822639544523e-01 nan 1.941521238102320579e-01 1.584431771370000130e-01 3.075513850000000105e-01 1.397552797059999907e-01 2.661199999999999832e+01 4.168209999999999837e+01 6.527630000000000621e+01 8.557179999999999609e+01 1.254664862236439804e-01 7.937435963331292976e-01
-2.906949999999999812e-01 5.801230000000000553e-01 9.190629999999999633e-01 -2.468960000000000043e-01 -4.408129999999999687e-02 1.543760000000000132e-01 9.387057511655182429e-01 8.657660276050265225e-01 -2.610109999999999930e-01 4.104103676428563219e-01 1.000000000000000000e+00 nan 1.957956383749005491e-01 1.950969721280000069e-01 2.551958808940000267e-01 1.174585763950000000e-01 1.082540000000000013e+01 5.256439999999999912e+01 6.753610000000000468e+01 8.357699999999999818e+01 1.254664862236439804e-01 7.937435963331292976e-01
-2.242580000000000129e-01 6.641730000000000134e-01 1.007859999999999978e+00 -1.751649999999999874e-01 1.353739999999999978e-02 1.919130000000000003e-01 9.533187973165740958e-01 8.926679307549435505e-01 -2.610109999999999930e-01 4.028618894813362772e-01 9.995476450335075702e-01 nan 1.982496304884211469e-01 1.950969721280000069e-01 2.551958808940000267e-01 1.174585763950000000e-01 1.082540000000000013e+01 5.256439999999999912e+01 6.753610000000000468e+01 8.357699999999999818e+01 1.337153101217990470e-01 6.669788894562251880e-01
-2.527300000000000102e-01 6.298409999999999842e-01 9.729740000000000055e-01 -1.809050000000000102e-01 -1.649079999999999990e-02 3.785760000000000236e-01 9.660660016103550518e-01 9.184184190010903359e-01 -2.610109999999999930e-01 3.961049109579918293e-01 9.948248427269987815e-01 nan 2.016943878570227611e-01 3.139800312350000122e-01 1.239479638279999962e-01 1.214740433600000058e-01 4.602409999999999712e+01 6.418869999999999720e+01 7.603839999999999577e+01 8.069780000000000086e+01 1.337153101217990470e-01 6.669788894562251880e-01
-3.191550000000000220e-01 5.362700000000000244e-01 8.790550000000000308e-01 -2.297869999999999913e-01 -3.233040000000000219e-02 5.109770000000000145e-01 9.764358248819348107e-01 9.410580809313403572e-01 -2.610109999999999930e-01 3.900144382841422841e-01 9.858851043177430107e-01 nan 2.062989724207050513e-01 3.139800312350000122e-01 1.239479638279999962e-01 1.214740433600000058e-01 4.602409999999999712e+01 6.418869999999999720e+01 7.603839999999999577e+01 8.069780000000000086e+01 6.193296658874809513e-01 7.912548312813419971e-01
-3.012159999999999838e-01 5.690530000000000310e-01 8.691250000000000364e-01 1.366640000000000077e+00 1.474050000000000082e+00 7.942949999999999733e-01 9.849624045597865640e-01 9.603304001296741887e-01 1.022389999999999965e-01 3.844579258935101329e-01 9.728297206140550379e-01 nan 2.122193048139037197e-01 4.574580473909999889e-01 6.651886612280000222e-02 1.092391999039999950e-01 1.849010000000000176e+01 6.065050000000000097e+01 7.303140000000000498e+01 7.518000000000000682e+01 6.193296658874809513e-01 7.912548312813419971e-01
-1.960580000000000100e-01 6.949880000000000502e-01 1.013600000000000056e+00 9.919369999999999576e-01 1.056189999999999962e+00 1.260690000000000088e+00 9.923665503037929492e-01 9.760170135187465901e-01 1.022389999999999965e-01 3.792967782364493612e-01 9.558066143299641659e-01 nan 2.195963977223996944e-01 4.574580473909999889e-01 6.651886612280000222e-02 1.092391999039999950e-01 1.849010000000000176e+01 6.065050000000000097e+01 7.303140000000000498e+01 7.518000000000000682e+01 1.847138982137311869e-01 7.088821184259913588e-01
5.702390000000000236e-02 9.022700000000000164e-01 1.206860000000000044e+00 5.579370000000000163e-01 6.039039999999999964e-01 1.224069999999999991e+00 9.975443340035864415e-01 9.879401855008066446e-01 -2.610109999999999930e-01 3.743879201229026732e-01 9.350086640617577549e-01 nan 2.285547581532441086e-01 6.266968738320000121e-01 5.458359368159999836e-02 9.800878343879999843e-02 2.686289999999999978e+01 5.121309999999999718e+01 6.160660000000000025e+01 6.503700000000000614e+01 1.847138982137311869e-01 7.088821184259913588e-01
2.604890000000000261e-01 1.006990000000000052e+00 1.331890000000000018e+00 4.459089999999999998e-01 5.253280000000000172e-01 1.077010000000000023e+00 1.000000000000000000e+00 9.959648217730399100e-01 -2.610109999999999930e-01 3.695854178214750263e-01 9.106715188964135121e-01 nan 2.392009767206167981e-01 6.266968738320000121e-01 5.458359368159999836e-02 9.800878343879999843e-02 2.686289999999999978e+01 5.121309999999999718e+01 6.160660000000000025e+01 6.503700000000000614e+01 2.416120357839605104e-01 7.152629603454513374e-01
2.774130000000000207e-01 1.013929999999999998e+00 1.343599999999999905e+00 6.432290000000000507e-01 6.331959999999999811e-01 1.095520000000000049e+00 9.995583743913529773e-01 1.000000000000000000e+00 -2.610109999999999930e-01 3.647421325469226705e-01 8.830709284132843839e-01 nan 2.516225199315774708e-01 6.779262228169999904e-01 7.704271170710000338e-02 7.685059950000000528e-02 1.613599999999999923e+01 4.143289999999999651e+01 5.406479999999999819e+01 5.941980000000000217e+01 2.416120357839605104e-01 7.152629603454513374e-01
2.298939999999999872e-01 9.924269999999999481e-01 1.235510000000000108e+00 6.830650000000000333e-01 8.542640000000000233e-01 9.408840000000000536e-01 9.962244609722562538e-01 1.000000000000000000e+00 -4.426359999999999739e-01 3.597113876013829925e-01 8.525196183311809506e-01 nan 2.658867391555900239e-01 6.779262228169999904e-01 7.704271170710000338e-02 7.685059950000000528e-02 1.613599999999999923e+01 4.143289999999999651e+01 5.406479999999999819e+01 5.941980000000000217e+01 2.802432465683604157e-01 7.208119595981457017e-01
-1.948229999999999962e-01 6.962949999999999973e-01 1.038529999999999953e+00 1.688250000000000028e-01 3.655010000000000203e-01 5.680899999999999839e-01 9.894426346580690312e-01 9.959648217730399100e-01 -4.426359999999999739e-01 3.543486302799710996e-01 8.193637472010175671e-01 nan 2.820401075065942509e-01 6.686092538200000268e-01 1.158893855580000048e-01 7.312898322390000427e-02 1.409459999999999980e+01 3.460840000000000316e+01 4.895570000000000022e+01 5.499510000000000076e+01 2.802432465683604157e-01 7.208119595981457017e-01
-2.261909999999999962e-02 8.448790000000000466e-01 1.171340000000000048e+00 2.558540000000000258e-01 6.109809999999999963e-01 6.691089999999999538e-01 9.790491796225030408e-01 9.879401855008066446e-01 -2.610109999999999930e-01 3.485130697106860742e-01 7.839789842911125684e-01 nan 3.001076932840558431e-01 6.686092538200000268e-01 1.158893855580000048e-01 7.312898322390000427e-02 1.409459999999999980e+01 3.460840000000000316e+01 4.895570000000000022e+01 5.499510000000000076e+01 3.006836915830359835e-01 7.493448393630655069e-01
-3.655180000000000234e-02 8.351199999999999735e-01 1.159140000000000059e+00 1.044280000000000069e-01 4.000190000000000135e-01 4.883600000000000163e-01 9.648810203612363523e-01 9.760170135187467011e-01 -2.610109999999999930e-01 3.420692720712478208e-01 7.467662531042692509e-01 nan 3.200928759391156175e-01 6.672586472100000554e-01 1.212919411349999976e-01 6.716370839290000672e-02 9.982540000000000191e+00 3.029639999999999844e+01 4.555949999999999989e+01 5.209349999999999881e+01 3.006836915830359835e-01 7.493448393630655069e-01
-9.270599999999999674e-02 7.909410000000000052e-01 1.120319999999999983e+00 3.384820000000000051e-01 5.407220000000000359e-01 2.058399999999999952e-01 9.482601705667159653e-01 9.603304001296742998e-01 -2.610109999999999930e-01 3.348886951084205643e-01 7.081471887542876154e-01 nan 3.419773077840593256e-01 6.672586472100000554e-01 1.212919411349999976e-01 6.716370839290000672e-02 9.982540000000000191e+00 3.029639999999999844e+01 4.555949999999999989e+01 5.209349999999999881e+01 3.085341347815644397e-01 7.394066865271921030e-01
-2.221750000000000114e-01 6.663390000000000146e-01 1.001849999999999907e+00 3.770660000000000123e-01 3.574829999999999952e-01 -5.092170000000000030e-02 9.290025417504483851e-01 9.410580809313404682e-01 -4.426359999999999739e-01 3.268511445731041576e-01 6.685593606716477844e-01 nan 3.657211218789491181e-01 5.502845006340000289e-01 1.598665817119999943e-01 6.482230350350000336e-02 1.129930000000000057e+01 2.522899999999999920e+01 3.760929999999999751e+01 4.845870000000000033e+01 3.085341347815644397e-01 7.394066865271921030e-01
-3.184540000000000148e-01 5.371899999999999453e-01 8.803830000000000267e-01 -5.833159999999999734e-02 5.767869999999999941e-02 -2.317510000000000125e-01 9.063688028264057506e-01 9.184184190010904469e-01 -4.426359999999999739e-01 3.178461360692046433e-01 6.284513147670196531e-01 nan 3.912633837399839276e-01 5.502845006340000289e-01 1.598665817119999943e-01 6.482230350350000336e-02 1.129930000000000057e+01 2.522899999999999920e+01 3.760929999999999751e+01 4.845870000000000033e+01 3.578396049000825974e-01 7.259179857234157041e-01
-4.151429999999999843e-01 3.376709999999999989e-01 6.876539999999999875e-01 -5.861609999999999737e-02 3.512339999999999907e-02 -3.767769999999999730e-01 8.824115929284744864e-01 8.926679307549436615e-01 -2.610109999999999930e-01 3.077741468859882534e-01 5.882774912268646794e-01 nan 4.185227817515493332e-01 4.146558308200000154e-01 1.729444745139999962e-01 8.044290656789999938e-02 1.072889999999999944e+01 2.808149999999999835e+01 3.855230000000000246e+01 4.490059999999999718e+01 3.578396049000825974e-01 7.259179857234157041e-01
-4.836119999999999863e-01 9.652769999999999406e-02 4.003260000000000152e-01 -5.978379999999999805e-02 3.836760000000000170e-02 -4.987869999999999804e-01 8.570279403787528505e-01 8.640983795141020662e-01 -2.610109999999999930e-01 2.965477436301616754e-01 5.484930755245380762e-01 nan 4.473985484593124839e-01 4.146558308200000154e-01 1.729444745139999962e-01 8.044290656789999938e-02 1.072889999999999944e+01 2.808149999999999835e+01 3.855230000000000246e+01 4.490059999999999718e+01 3.478273605521088330e-01 7.275410933658856827e-01
-4.998779999999999890e-01 1.400140000000000065e-02 2.803749999999999853e-01 -1.840110000000000079e-01 -7.765060000000000018e-02 -5.833990000000000009e-01 8.295449157177989807e-01 8.330334697099379682e-01 -4.426359999999999739e-01 2.840925728811551920e-01 5.095488409869934898e-01 nan 4.777716023057438921e-01 2.521605641490000105e-01 1.348371844850000112e-01 9.409920976379999857e-02 1.250760000000000005e+01 3.406329999999999814e+01 4.391290000000000049e+01 4.782800000000000296e+01 3.478273605521088330e-01 7.275410933658856827e-01
-5.023499999999999632e-01 1.089110000000000078e-02 2.513250000000000206e-01 1.205320000000000003e-02 1.455880000000000021e-02 -6.210830000000000517e-01 8.002739125966806810e-01 7.998251791834405378e-01 -4.426359999999999739e-01 2.730694129698393313e-01 4.718860413528674913e-01 nan 5.066963982714769443e-01 2.521605641490000105e-01 1.348371844850000112e-01 9.409920976379999857e-02 1.250760000000000005e+01 3.406329999999999814e+01 4.391290000000000049e+01 4.782800000000000296e+01 1.249392176506084473e-01 7.177449624487284296e-01
-5.224170000000000202e-01 -1.726769999999999972e-01 6.556049999999999378e-02 -5.698629999999999668e-02 -7.270909999999999873e-02 -6.228190000000000115e-01 7.695465831768598663e-01 7.648497711356347928e-01 -2.610109999999999930e-01 2.609677980495909155e-01 4.359314111913059619e-01 nan 5.365660735051525076e-01 1.590353759710000092e-01 9.749471044929999830e-02 1.073845700459999941e-01 1.903269999999999840e+01 4.703529999999999944e+01 5.409530000000000172e+01 4.848329999999999984e+01 1.249392176506084473e-01 7.177449624487284296e-01
-5.332449999999999690e-01 -3.111849999999999894e-01 -1.291370000000000018e-01 -7.450640000000000041e-02 -1.386749999999999927e-01 -6.244809999999999528e-01 7.367561415926295876e-01 7.285035309151660643e-01 1.022389999999999965e-01 2.479248442530158636e-01 4.020923308287807085e-01 nan 5.670421926510560429e-01 1.590353759710000092e-01 9.749471044929999830e-02 1.073845700459999941e-01 1.903269999999999840e+01 4.703529999999999944e+01 5.409530000000000172e+01 4.848329999999999984e+01 5.649272662296196401e-01 7.079860277483775999e-01
-5.404910000000000547e-01 -4.437499999999999778e-01 -3.373090000000000255e-01 -3.790780000000000260e-01 -1.356110000000000093e-01 -6.208559999999999635e-01 7.013346315766965100e-01 6.911982759469531556e-01 1.022389999999999965e-01 2.340883334583295783e-01 3.707522105672095281e-01 nan 5.977794491016255041e-01 1.001650062449999934e-01 6.525086512880000356e-02 8.682684286960000442e-02 2.044109999999999872e+01 5.138770000000000238e+01 5.231649999999999778e+01 4.667210000000000036e+01 5.649272662296196401e-01 7.079860277483775999e-01
-5.475229999999999819e-01 -6.908159999999999856e-01 -6.522459999999999924e-01 -4.844280000000000252e-01 -2.753470000000000084e-01 -6.395509999999999806e-01 6.643087265423802679e-01 6.516347181175028425e-01 -6.242609999999999548e-01 2.196150388616250337e-01 3.422661464920327967e-01 nan 6.284295774592909556e-01 1.001650062449999934e-01 6.525086512880000356e-02 8.682684286960000442e-02 2.044109999999999872e+01 5.138770000000000238e+01 5.231649999999999778e+01 4.667210000000000036e+01 6.250300250159643856e-01 7.332794551768679892e-01
-5.496149999999999647e-01 -7.973059999999999592e-01 -8.755399999999999849e-01 -1.425180000000000058e-01 -2.493640000000000023e-01 -6.524940000000000184e-01 6.279052630068876484e-01 6.100792694041441422e-01 -9.875110000000000277e-01 2.046689486739179387e-01 3.169568970916758488e-01 nan 6.586452995225906548e-01 1.183454005980000001e-01 6.456684506849999505e-02 8.191579815699999434e-02 2.127509999999999835e+01 4.270920000000000272e+01 4.994330000000000069e+01 4.369959999999999667e+01 6.250300250159643856e-01 7.332794551768679892e-01
-5.454930000000000057e-01 -5.716109999999999802e-01 -6.107740000000000391e-01 -4.401189999999999825e-01 -4.299330000000000096e-01 -6.609390000000000542e-01 5.930567781319118215e-01 5.684153277409925709e-01 -9.875110000000000277e-01 1.894194080691894433e-01 2.855863591603980955e-01 nan 6.908937576872282715e-01 1.183454005980000001e-01 6.456684506849999505e-02 8.191579815699999434e-02 2.127509999999999835e+01 4.270920000000000272e+01 4.994330000000000069e+01 4.369959999999999667e+01 5.569127839194802920e-01 6.988628102079943449e-01
-5.521819999999999506e-01 -1.138009999999999966e+00 -1.146419999999999995e+00 -4.728660000000000085e-01 -4.249109999999999832e-01 -6.663289999999999491e-01 5.574678464582183413e-01 5.268598786130036515e-01 8.287400000000000322e-01 1.740392004358987110e-01 2.570288744877913256e-01 nan 7.222967898091148253e-01 1.475335751859999933e-01 7.998459693640000423e-02 9.821203051229999981e-02 2.156050000000000111e+01 4.940959999999999752e+01 5.125460000000000349e+01 4.593619999999999948e+01 5.569127839194802920e-01 6.988628102079943449e-01
-5.538039999999999630e-01 -1.613949999999999996e+00 -1.775150000000000006e+00 -2.199069999999999914e-01 -4.973650000000000015e-01 -6.721939999999999582e-01 5.204302406674367054e-01 4.856286782413574699e-01 2.463369999999999838e+00 1.587025896721497853e-01 2.309025280984693396e-01 nan 7.527066794037353681e-01 1.475335751859999933e-01 7.998459693640000423e-02 9.821203051229999981e-02 2.156050000000000111e+01 4.940959999999999752e+01 5.125460000000000349e+01 4.593619999999999948e+01 5.087321534234376941e-01 7.306892458974263427e-01
-5.536450000000000538e-01 -1.538399999999999990e+00 -1.876440000000000108e+00 -4.256119999999999903e-01 -4.574790000000000245e-01 -6.620989999999999931e-01 4.835931140609693868e-01 4.449338089792619355e-01 1.555239999999999956e+00 1.435833457060949891e-01 2.067978592488627365e-01 nan 7.819869626882485214e-01 1.606439126599999989e-01 8.318256260350000153e-02 8.300452528780000172e-02 2.737150000000000105e+01 4.041760000000000019e+01 4.256300000000000239e+01 4.236430000000000007e+01 5.087321534234376941e-01 7.306892458974263427e-01
-5.522040000000000282e-01 -1.150179999999999980e+00 -1.060289999999999955e+00 -6.158709999999999463e-01 -6.159900000000000375e-01 -6.466439999999999966e-01 4.475006091089157589e-01 4.049812763341463784e-01 1.918490000000000029e+00 1.288527756132126223e-01 1.842825007810557914e-01 nan 8.100139747706736060e-01 1.606439126599999989e-01 8.318256260350000153e-02 8.300452528780000172e-02 2.737150000000000105e+01 4.041760000000000019e+01 4.256300000000000239e+01 4.236430000000000007e+01 5.559812761071174503e-01 7.240919896256370336e-01
-5.523280000000000411e-01 -1.183389999999999942e+00 -1.064060000000000006e+00 -6.778020000000000156e-01 -5.243830000000000435e-01 -6.172990000000000421e-01 4.122212370743421062e-01 3.659686748429473724e-01 1.373620000000000063e+00 1.146777826386925492e-01 1.629060780154508725e-01 nan 8.366782508225321102e-01 1.186374479350000011e-01 9.533500972359999770e-02 7.993936979040000557e-02 1.303780000000000072e+01 2.604879999999999995e+01 2.882580000000000098e+01 3.264889999999999759e+01 5.559812761071174503e-01 7.240919896256370336e-01
-5.406579999999999719e-01 -3.998220000000000107e-01 -4.358199999999999852e-01 -5.987510000000000332e-01 -5.671549999999999647e-01 -5.650899999999999812e-01 3.779015740534525936e-01 3.280829492470499487e-01 -6.242609999999999548e-01 1.012189751169757512e-01 1.422053116758486002e-01 nan 8.618857663590933083e-01 1.186374479350000011e-01 9.533500972359999770e-02 7.993936979040000557e-02 1.303780000000000072e+01 2.604879999999999995e+01 2.882580000000000098e+01 3.264889999999999759e+01 5.502633413595326983e-01 7.315582847809987133e-01
-5.305140000000000411e-01 -1.915139999999999898e-01 -2.174870000000000136e-01 -6.428169999999999717e-01 -5.379030000000000200e-01 -5.432069999999999954e-01 3.449406231193751227e-01 2.914982763336687599e-01 -9.875110000000000277e-01 8.862884671514992263e-02 1.217092670287643896e-01 nan 8.855590025743563798e-01 6.700202957780000690e-02 9.214058972380000101e-02 6.182853363520000173e-02 1.516119999999999912e+01 2.484339999999999904e+01 2.727629999999999910e+01 3.459490000000000265e+01 5.502633413595326983e-01 7.315582847809987133e-01
-5.338159999999999572e-01 -2.420150000000000079e-01 -2.854300000000000170e-01 -6.743310000000000137e-01 -5.446090000000000098e-01 -5.459289999999999976e-01 3.134934136536969840e-01 2.563740914432512952e-01 -9.875110000000000277e-01 7.705004861876785238e-02 1.104695568766446145e-01 nan 9.076378246600982358e-01 6.700202957780000690e-02 9.214058972380000101e-02 6.182853363520000173e-02 1.516119999999999912e+01 2.484339999999999904e+01 2.727629999999999910e+01 3.459490000000000265e+01 5.339883180718374422e-01 7.400931258009867397e-01
-5.323879999999999724e-01 -2.263610000000000066e-01 -2.345500000000000085e-01 -7.103359999999999674e-01 -6.315690000000000470e-01 -5.481399999999999606e-01 2.832123967504667217e-01 2.228532820033631845e-01 -9.875110000000000277e-01 6.661377323691453078e-02 9.938914787915464899e-02 nan 9.280801631572785926e-01 3.686561409039999793e-02 6.561946333149999699e-02 4.566856021529999698e-02 9.420650000000000190e+00 2.340500000000000114e+01 2.933370000000000033e+01 3.376480000000000103e+01 5.339883180718374422e-01 7.400931258009867397e-01
-5.407060000000000199e-01 -3.981819999999999804e-01 -4.379509999999999792e-01 -8.164719999999999756e-01 -6.802059999999999773e-01 -5.438389999999999613e-01 2.541964733282587874e-01 1.922975000767509490e-01 -9.875110000000000277e-01 5.743826773979021638e-02 8.859358549774287717e-02 nan 9.441416239751267980e-01 3.686561409039999793e-02 6.561946333149999699e-02 4.566856021529999698e-02 9.420650000000000190e+00 2.340500000000000114e+01 2.933370000000000033e+01 3.376480000000000103e+01 5.791225079236749229e-01 6.879406483638736969e-01
-5.410169999999999702e-01 -4.041569999999999885e-01 -4.501439999999999886e-01 -6.769720000000000182e-01 -6.722839999999999927e-01 -5.324489999999999501e-01 2.267735055575900160e-01 1.636152475876857526e-01 -9.875110000000000277e-01 4.962749427102364219e-02 7.820518776787876991e-02 nan 9.584497229450137379e-01 2.638110671040000063e-02 5.058068734090000185e-02 3.078657837679999940e-02 1.450450000000000017e+01 2.155649999999999977e+01 2.295169999999999888e+01 3.005180000000000007e+01 5.791225079236749229e-01 6.879406483638736969e-01
-5.339460000000000317e-01 -2.466919999999999946e-01 -2.776830000000000132e-01 -8.293009999999999549e-01 -7.301600000000000312e-01 -5.124630000000000019e-01 2.010452114662911738e-01 1.369710230620655445e-01 -9.875110000000000277e-01 4.054874269028985179e-02 6.834165938683445241e-02 nan 9.708423435883841712e-01 2.638110671040000063e-02 5.058068734090000185e-02 3.078657837679999940e-02 1.450450000000000017e+01 2.155649999999999977e+01 2.295169999999999888e+01 3.005180000000000007e+01 5.753847595948233806e-01 7.440359247824865907e-01
-5.313689999999999802e-01 -1.991189999999999904e-01 -2.397189999999999876e-01 -8.702600000000000335e-01 -8.079359999999999875e-01 -4.934720000000000217e-01 1.770615184482823290e-01 1.125062333546076321e-01 -9.875110000000000277e-01 3.273868847843186547e-02 5.911475807243327107e-02 nan 9.811790725615086028e-01 3.833247394940000191e-02 4.800802868420000341e-02 3.338147139969999816e-02 1.163579999999999970e+01 2.206569999999999965e+01 2.611169999999999902e+01 3.351870000000000260e+01 5.753847595948233806e-01 7.440359247824865907e-01
-5.273179999999999534e-01 -1.407579999999999942e-01 -1.700359999999999927e-01 -8.556949999999999834e-01 -7.454680000000000195e-01 -4.879359999999999808e-01 1.548340259356798532e-01 9.033759145268138724e-02 -9.875110000000000277e-01 2.608426961510779130e-02 5.062902830345017424e-02 nan 9.893427905947748124e-01 3.833247394940000191e-02 4.800802868420000341e-02 3.338147139969999816e-02 1.163579999999999970e+01 2.206569999999999965e+01 2.611169999999999902e+01 3.351870000000000260e+01 5.453070167729991979e-01 7.421287733025845323e-01
-5.280420000000000114e-01 -1.491520000000000068e-01 -1.851260000000000128e-01 -8.607230000000000159e-01 -7.320309999999999873e-01 -4.934399999999999897e-01 1.343647971022490228e-01 7.055579407152567928e-02 -9.875110000000000277e-01 2.045933026970858659e-02 4.298061678889320003e-02 nan 9.952409995008089094e-01 6.163856745580000018e-02 4.825014425509999844e-02 3.979486264959999908e-02 1.319209999999999994e+01 3.239159999999999684e+01 3.500719999999999743e+01 3.602369999999999806e+01 5.453070167729991979e-01 7.421287733025845323e-01
-5.280010000000000536e-01 -1.491709999999999980e-01 -1.827310000000000045e-01 -7.985719999999999485e-01 -7.564089999999999980e-01 -5.174050000000000038e-01 1.156466148791627235e-01 5.322449402422424480e-02 -9.875110000000000277e-01 1.572605019732720155e-02 3.625618308737255102e-02 nan 9.988068702159011991e-01 6.163856745580000018e-02 4.825014425509999844e-02 3.979486264959999908e-02 1.319209999999999994e+01 3.239159999999999684e+01 3.500719999999999743e+01 3.602369999999999806e+01 5.560867298217246901e-01 7.420138031779095478e-01
-5.264199999999999990e-01 -1.312369999999999925e-01 -1.482819999999999971e-01 -7.963019999999999543e-01 -7.983249999999999513e-01 -5.528189999999999493e-01 9.869002951279759461e-02 3.837957900989930060e-02 -9.875110000000000277e-01 1.173650629720512928e-02 3.053191771967367352e-02 nan 1.000000000000000000e+00 1.018838533469999946e-01 6.169338051199999701e-02 4.879773468890000188e-02 1.668599999999999994e+01 4.459409999999999741e+01 4.632189999999999941e+01 4.047229999999999706e+01 5.560867298217246901e-01 7.420138031779095478e-01
-5.325509999999999966e-01 -2.247260000000000091e-01 -2.438039999999999929e-01 -7.884050000000000225e-01 -7.356840000000000046e-01 -6.066709999999999603e-01 8.348348903056190817e-02 2.602876499174000546e-02 -9.875110000000000277e-01 8.334348640569810840e-03 2.587267889971311963e-02 nan 9.988068702159011991e-01 1.018838533469999946e-01 6.169338051199999701e-02 4.879773468890000188e-02 1.668599999999999994e+01 4.459409999999999741e+01 4.632189999999999941e+01 4.047229999999999706e+01 5.603986150412147982e-01 8.132952804763821097e-01
-5.397950000000000248e-01 -3.752880000000000105e-01 -4.021290000000000142e-01 -8.847570000000000157e-01 -9.032890000000000086e-01 -6.457079999999999487e-01 6.996628803960824872e-02 1.615150877205728808e-02 -9.875110000000000277e-01 5.356571977802593310e-03 2.233125766505839049e-02 nan 9.952409995008089094e-01 1.335346336700000136e-01 6.301615779149999375e-02 5.343719234679999985e-02 1.860409999999999897e+01 4.282169999999999987e+01 4.176570000000000249e+01 3.656669999999999732e+01 5.603986150412147982e-01 8.132952804763821097e-01
-5.476170000000000204e-01 -6.632689999999999975e-01 -6.969039999999999679e-01 -9.383939999999999504e-01 -9.860489999999999533e-01 -6.417659999999999476e-01 5.806910993571701152e-02 8.699240754921566676e-03 -9.875110000000000277e-01 2.635362653049977411e-03 1.994777973337824584e-02 nan 9.893427905947747014e-01 1.335346336700000136e-01 6.301615779149999375e-02 5.343719234679999985e-02 1.860409999999999897e+01 4.282169999999999987e+01 4.176570000000000249e+01 3.656669999999999732e+01 6.697599756284748906e-01 8.053386715540240548e-01
-5.535229999999999873e-01 -1.482150000000000079e+00 -1.310789999999999900e+00 -9.228359999999999896e-01 -1.024000000000000021e+00 -6.376460000000000461e-01 4.771910003657742205e-02 3.595915259092086202e-03 -8.058859999999999912e-01 0.000000000000000000e+00 1.874925086202805513e-02 nan 9.811790725615086028e-01 1.009046382930000041e-01 3.816398792149999775e-02 4.754357621429999847e-02 1.366830000000000034e+01 3.325489999999999924e+01 3.438130000000000308e+01 3.074470000000000169e+01 6.697599756284748906e-01 8.053386715540240548e-01
-5.511439999999999673e-01 -9.491380000000000372e-01 -9.424160000000000315e-01 -1.010680000000000023e+00 -1.044070000000000054e+00 -5.843140000000000001e-01 3.879281056167116493e-02 7.388721459721248053e-04 -8.058859999999999912e-01 0.000000000000000000e+00 9.224383747518327681e-03 nan 9.708423435883841712e-01 1.009046382930000041e-01 3.816398792149999775e-02 4.754357621429999847e-02 1.366830000000000034e+01 3.325489999999999924e+01 3.438130000000000308e+01 3.074470000000000169e+01 8.361425031196723090e-01 8.025185220252326612e-01
-5.409230000000000427e-01 -4.070280000000000009e-01 -4.285709999999999797e-01 -8.458879999999999733e-01 -9.136100000000000332e-01 -5.099540000000000184e-01 3.113804838675993114e-02 0.000000000000000000e+00 -9.875110000000000277e-01 0.000000000000000000e+00 0.000000000000000000e+00 nan 9.584497229450137379e-01 4.818548064159999811e-02 2.765371035460000015e-02 2.552819192529999850e-02 1.649810000000000088e+01 3.841460000000000008e+01 3.949230000000000018e+01 3.503450000000000131e+01 8.361425031196723090e-01 8.025185220252326612e-01
-5.287749999999999950e-01 -1.603680000000000105e-01 -1.927500000000000047e-01 -8.505390000000000450e-01 -8.655859999999999665e-01 -4.450970000000000204e-01 2.462467863088269038e-02 1.227187682177999228e-03 -9.875110000000000277e-01 0.000000000000000000e+00 0.000000000000000000e+00 nan 9.441416239751269091e-01 4.818548064159999811e-02 2.765371035460000015e-02 2.552819192529999850e-02 1.649810000000000088e+01 3.841460000000000008e+01 3.949230000000000018e+01 3.503450000000000131e+01 8.612873555137646742e-01 9.199503599579343938e-01
-5.187610000000000277e-01 -3.626499999999999863e-02 -6.365830000000000100e-02 -8.173810000000000242e-01 -8.208140000000000436e-01 -4.070389999999999842e-01 1.912648419119045151e-02 4.246047810057773653e-03 -9.875110000000000277e-01 0.000000000000000000e+00 0.000000000000000000e+00 nan 9.280801631572785926e-01 3.957715303559999898e-02 2.536747715439999912e-02 1.822628423290000022e-02 1.705529999999999902e+01 3.549860000000000326e+01 3.922679999999999723e+01 3.619120000000000203e+01 8.612873555137646742e-01 9.199503599579343938e-01
-5.147800000000000153e-01 2.660519999999999986e-03 -1.975220000000000101e-02 -7.654640000000000333e-01 -7.816459999999999519e-01 -3.810640000000000138e-01 1.449123700583010432e-02 8.861892636465196205e-03 -9.875110000000000277e-01 0.000000000000000000e+00 0.000000000000000000e+00 nan 9.076378246600982358e-01 3.957715303559999898e-02 2.536747715439999912e-02 1.822628423290000022e-02 1.705529999999999902e+01 3.549860000000000326e+01 3.922679999999999723e+01 3.619120000000000203e+01 1.000000000000000000e+00 1.000000000000000000e+00
-5.123640000000000416e-01 2.432319999999999968e-02 5.069180000000000387e-03 -7.639160000000000394e-01 -7.431790000000000340e-01 -3.688139999999999752e-01 1.057075211162883388e-02 1.486193993946904879e-02 -9.875110000000000277e-01 0.000000000000000000e+00 0.000000000000000000e+00 nan 8.855590025743563798e-01 5.511337472499999723e-02 2.725170963469999985e-02 2.515556539179999995e-02 1.112930000000000064e+01 2.294979999999999976e+01 2.803879999999999839e+01 2.783790000000000120e+01 1.000000000000000000e+00 1.000000000000000000e+00
-5.143109999999999626e-01 9.283949999999999148e-03 -2.117520000000000166e-02 -7.754830000000000334e-01 -8.124200000000000310e-01 -3.746499999999999830e-01 7.208166891299994106e-03 2.201772392997902728e-02 -9.875110000000000277e-01 0.000000000000000000e+00 0.000000000000000000e+00 nan 8.618857663590933083e-01 5.511337472499999723e-02 2.725170963469999985e-02 2.515556539179999995e-02 1.112930000000000064e+01 2.294979999999999976e+01 2.803879999999999839e+01 2.783790000000000120e+01 7.854134078539583008e-01 7.731977587588637624e-01
-5.115899999999999892e-01 3.538109999999999866e-02 6.416940000000000534e-04 -8.078070000000000528e-01 -7.950420000000000265e-01 -3.939509999999999956e-01 4.244440966963081152e-03 3.008768386042703913e-02 -9.875110000000000277e-01 0.000000000000000000e+00 0.000000000000000000e+00 nan 8.366782508225321102e-01 6.589403454910000568e-02 4.025450128509999725e-02 3.686883101030000165e-02 1.311780000000000079e+01 2.270840000000000103e+01 2.296270000000000167e+01 2.436280000000000001e+01 7.854134078539583008e-01 7.731977587588637624e-01
-5.052050000000000152e-01 8.303649999999999920e-02 6.791210000000000302e-02 -8.206360000000000321e-01 -7.843489999999999629e-01 -4.263620000000000188e-01 1.503466241282280791e-03 4.054186598236431127e-02 -9.875110000000000277e-01 0.000000000000000000e+00 0.000000000000000000e+00 nan 8.100139747706736060e-01 6.589403454910000568e-02 4.025450128509999725e-02 3.686883101030000165e-02 1.311780000000000079e+01 2.270840000000000103e+01 2.296270000000000167e+01 2.436280000000000001e+01 7.445793861422101978e-01 8.667969661412981974e-01
-5.178730000000000278e-01 -2.572500000000000134e-02 -5.758080000000000143e-02 -7.804740000000000011e-01 -7.604269999999999641e-01 -4.811039999999999761e-01 8.197816147936798359e-05 5.328320878785597348e-02 -9.875110000000000277e-01 0.000000000000000000e+00 0.000000000000000000e+00 nan 7.819869626882485214e-01 8.229002181420000395e-02 4.355494427070000230e-02 5.186806463589999777e-02 9.576599999999999113e+00 2.281370000000000076e+01 2.910689999999999955e+01 2.659149999999999991e+01 7.445793861422101978e-01 8.667969661412981974e-01
-5.221419999999999950e-01 -7.633760000000000545e-02 -9.567349999999999466e-02 -9.114290000000000447e-01 -8.880679999999999685e-01 -5.176509999999999723e-01 0.000000000000000000e+00 6.659430044731329268e-02 -9.875110000000000277e-01 0.000000000000000000e+00 0.000000000000000000e+00 nan 7.527066794037353681e-01 8.229002181420000395e-02 4.355494427070000230e-02 5.186806463589999777e-02 9.576599999999999113e+00 2.281370000000000076e+01 2.910689999999999955e+01 2.659149999999999991e+01 7.227270330597395098e-01 8.917082869789570987e-01
-5.328669999999999796e-01 -2.256420000000000092e-01 -2.609529999999999905e-01 -8.753790000000000182e-01 -8.872989999999999489e-01 -5.507630000000000026e-01 0.000000000000000000e+00 8.041892173989750869e-02 -9.875110000000000277e-01 0.000000000000000000e+00 0.000000000000000000e+00 nan 7.222967898091148253e-01 9.973118461190000339e-02 5.109577744890000245e-02 6.722266607740000344e-02 1.231680000000000064e+01 2.860699999999999932e+01 2.835190000000000055e+01 -1.000000000000000000e+00 7.227270330597395098e-01 8.917082869789570987e-01
-5.421529999999999960e-01 -4.324489999999999723e-01 -4.949779999999999736e-01 -8.529630000000000267e-01 -8.715929999999999511e-01 -5.993300000000000294e-01 0.000000000000000000e+00 9.469503494882991479e-02 -9.875110000000000277e-01 0.000000000000000000e+00 0.000000000000000000e+00 nan 6.908937576872282715e-01 9.973118461190000339e-02 5.109577744890000245e-02 6.722266607740000344e-02 1.231680000000000064e+01 2.860699999999999932e+01 2.835190000000000055e+01 -1.000000000000000000e+00 9.855762752576292529e-01 9.089470427316901358e-01
-5.386269999999999669e-01 -3.467629999999999879e-01 -3.708359999999999990e-01 -8.800360000000000404e-01 -9.216269999999999740e-01 -6.372419999999999751e-01 0.000000000000000000e+00 1.093554867735129221e-01 -9.875110000000000277e-01 0.000000000000000000e+00 0.000000000000000000e+00 nan 6.586452995225906548e-01 7.933671983270000616e-02 6.362084468579999597e-02 6.356646187749999399e-02 8.801560000000000272e+00 1.848580000000000112e+01 -1.000000000000000000e+00 -1.000000000000000000e+00 9.855762752576292529e-01 9.089470427316901358e-01
-5.402240000000000375e-01 -3.904610000000000025e-01 -4.028269999999999906e-01 -9.262590000000000545e-01 -9.373930000000000318e-01 -6.561679999999999735e-01 0.000000000000000000e+00 1.243287692032580827e-01 -9.875110000000000277e-01 0.000000000000000000e+00 0.000000000000000000e+00 nan 6.257087108145967802e-01 7.933671983270000616e-02 6.362084468579999597e-02 6.356646187749999399e-02 8.801560000000000272e+00 1.848580000000000112e+01 -1.000000000000000000e+00 -1.000000000000000000e+00 8.585104076957777997e-01 7.416215521643125808e-01
-5.513649999999999940e-01 -9.895159999999999512e-01 -9.374740000000000295e-01 -9.477879999999999638e-01 -1.041169999999999929e+00 -6.636199999999999877e-01 0.000000000000000000e+00 1.395398297316212677e-01 -4.426359999999999739e-01 0.000000000000000000e+00 0.000000000000000000e+00 nan 5.922490838566600857e-01 6.915314446940000470e-02 6.990756155940000549e-02 7.092316224170000516e-02 9.124209999999999710e+00 -1.000000000000000000e+00 -1.000000000000000000e+00 -1.000000000000000000e+00 8.585104076957777997e-01 7.416215521643125808e-01
-5.543510000000000382e-01 -2.216060000000000141e+00 -2.066710000000000047e+00 -8.337569999999999704e-01 -9.789550000000000196e-01 -6.613130000000000397e-01 0.000000000000000000e+00 1.549109217312896192e-01 -4.426359999999999739e-01 0.000000000000000000e+00 0.000000000000000000e+00 nan 5.584374371745617349e-01 6.915314446940000470e-02 6.990756155940000549e-02 7.092316224170000516e-02 9.124209999999999710e+00 -1.000000000000000000e+00 -1.000000000000000000e+00 -1.000000000000000000e+00 0.000000000000000000e+00 0.000000000000000000e+00
