-5.307770000000000543e-01 -7.427909999999999791e-01 -7.769030000000000102e-01 -8.009469999999999645e-01 -9.978620000000000267e-01 -5.847350000000000048e-01 0.000000000000000000e+00 1.204106610584129156e-01 -8.300180000000000335e-01 5.788115267526772190e-02 0.000000000000000000e+00 nan nan 3.036694675789999853e-01 2.726714805140000031e-02 1.048404039640000035e-01 -1.000000000000000000e+00 -1.000000000000000000e+00 -1.000000000000000000e+00 -1.000000000000000000e+00 0.000000000000000000e+00 0.000000000000000000e+00
-5.154250000000000220e-01 -4.886719999999999953e-01 -4.740249999999999742e-01 -7.175939999999999541e-01 -8.741349999999999953e-01 -2.707129999999999814e-01 0.000000000000000000e+00 1.200881166184627480e-01 -8.300180000000000335e-01 7.831259367976772801e-02 0.000000000000000000e+00 nan nan 3.983064728099999785e-01 3.013914931090000068e-02 9.927038578730000562e-02 2.260200000000000031e+01 -1.000000000000000000e+00 -1.000000000000000000e+00 -1.000000000000000000e+00 0.000000000000000000e+00 0.000000000000000000e+00
-4.261050000000000115e-01 1.341489999999999905e-01 1.422760000000000136e-01 -9.155469999999999997e-01 -9.282380000000000075e-01 3.576579999999999759e-01 1.571238717795964135e-03 1.202509637965367695e-01 -8.300180000000000335e-01 1.001657671759038637e-01 0.000000000000000000e+00 nan nan 3.983064728099999785e-01 3.013914931090000068e-02 9.927038578730000562e-02 2.260200000000000031e+01 -1.000000000000000000e+00 -1.000000000000000000e+00 -1.000000000000000000e+00 0.000000000000000000e+00 0.000000000000000000e+00
-2.514080000000000203e-01 4.021190000000000042e-01 7.981169999999999654e-01 5.058350000000000346e-01 9.140770000000000284e-01 8.556219999999999937e-01 6.975908346104287006e-03 1.213790951432445198e-01 -3.968849999999999878e-01 1.234687083516036177e-01 0.000000000000000000e+00 nan nan 4.182819661919999765e-01 3.268636378909999668e-02 1.029614163510000069e-01 2.477969999999999828e+01 5.862149999999999750e+01 -1.000000000000000000e+00 -1.000000000000000000e+00 0.000000000000000000e+00 0.000000000000000000e+00
1.989389999999999992e+00 1.555220000000000047e+00 1.502320000000000100e+00 2.610370000000000079e+00 2.530780000000000030e+00 6.338829999999999742e-01 1.465027886325209749e-02 1.239414661538568163e-01 1.942029999999999923e+00 1.482330259476873913e-01 0.000000000000000000e+00 nan nan 4.182819661919999765e-01 3.268636378909999668e-02 1.029614163510000069e-01 2.477969999999999828e+01 5.862149999999999750e+01 -1.000000000000000000e+00 -1.000000000000000000e+00 3.152416395360272405e-01 6.846417890269759221e-01
5.814930000000000376e-01 1.139299999999999979e+00 1.292019999999999946e+00 2.440300000000000136e+00 2.021790000000000198e+00 4.554170000000000162e-01 2.272435104036418796e-02 1.283907818151595048e-01 1.508899999999999908e+00 1.744537707261956117e-01 0.000000000000000000e+00 nan nan 3.558632346130000124e-01 4.115474273869999811e-02 1.070441134019999990e-01 3.439269999999999783e+01 8.011329999999999529e+01 8.984439999999999316e+01 -1.000000000000000000e+00 3.152416395360272405e-01 6.846417890269759221e-01
1.156949999999999923e+00 1.438390000000000057e+00 1.450139999999999985e+00 2.244629999999999903e+00 1.719270000000000076e+00 7.548350000000000337e-01 3.183279698485996789e-02 1.351583672770607647e-01 -8.300180000000000335e-01 2.021094915472341214e-01 0.000000000000000000e+00 nan nan 3.558632346130000124e-01 4.115474273869999811e-02 1.070441134019999990e-01 3.439269999999999783e+01 8.011329999999999529e+01 8.984439999999999316e+01 -1.000000000000000000e+00 4.804581756823205207e-01 6.941316512294284369e-01
-3.350239999999999989e-03 8.650790000000000424e-01 8.601640000000000397e-01 1.376479999999999926e+00 1.324259999999999993e+00 -7.826969999999999761e-02 4.240552621410598189e-02 1.446492807662953517e-01 -8.300180000000000335e-01 2.311624784189583171e-01 0.000000000000000000e+00 nan nan 3.469275456979999950e-01 3.374543593059999708e-02 1.102356375380000031e-01 3.685090000000000288e+01 8.664799999999999613e+01 1.007609999999999957e+02 9.629430000000000689e+01 4.804581756823205207e-01 6.941316512294284369e-01
-4.197549999999999892e-01 8.319440000000000168e-02 1.681749999999999912e-01 1.188749999999999973e+00 1.167399999999999993e+00 -2.829869999999999886e-01 5.477759450359787063e-02 1.572377241148604776e-01 9.891400000000000192e-01 2.615591897668509969e-01 0.000000000000000000e+00 nan nan 3.469275456979999950e-01 3.374543593059999708e-02 1.102356375380000031e-01 3.685090000000000288e+01 8.664799999999999613e+01 1.007609999999999957e+02 9.629430000000000689e+01 4.185382063239838635e-01 6.859673361449001305e-01
-4.682680000000000176e-01 -2.304029999999999967e-01 -5.733530000000000015e-01 1.438739999999999908e+00 1.208110000000000017e+00 -2.564569999999999905e-01 6.936718079813497528e-02 1.732628029037380779e-01 2.548420000000000130e+00 2.932308590811547599e-01 0.000000000000000000e+00 nan nan 3.884491894279999968e-01 3.003757857590000011e-02 1.021725577300000021e-01 2.074919999999999831e+01 6.770470000000000255e+01 8.800379999999999825e+01 8.994400000000000261e+01 4.185382063239838635e-01 6.859673361449001305e-01
-4.249539999999999984e-01 4.401710000000000345e-02 -1.640089999999999881e-01 1.647489999999999899e+00 1.282969999999999944e+00 3.668839999999999879e-01 8.660046727689996171e-02 1.930246842611607061e-01 1.768780000000000019e+00 3.260942740689052322e-01 0.000000000000000000e+00 nan nan 3.884491894279999968e-01 3.003757857590000011e-02 1.021725577300000021e-01 2.074919999999999831e+01 6.770470000000000255e+01 8.800379999999999825e+01 8.994400000000000261e+01 4.308466312286167721e-01 6.712577199930095384e-01
-1.981189999999999896e-01 6.167040000000000299e-01 5.441019999999999746e-01 1.788739999999999997e+00 1.469850000000000101e+00 1.041109999999999980e+00 1.067763534244815515e-01 2.167811958491093760e-01 3.827539999999999831e-01 3.600527194824605370e-01 0.000000000000000000e+00 nan nan 4.157766075350000090e-01 3.353438297680000346e-02 1.037383764459999941e-01 2.191819999999999879e+01 4.524490000000000123e+01 6.292929999999999779e+01 7.608839999999999293e+01 4.308466312286167721e-01 6.712577199930095384e-01
9.692349999999999577e-02 9.143909999999999538e-01 7.610890000000000155e-01 1.778869999999999951e+00 1.382430000000000048e+00 1.077469999999999928e+00 1.300379849308436198e-01 2.413024976414293032e-01 3.827539999999999831e-01 3.949970729419026716e-01 0.000000000000000000e+00 nan nan 4.157766075350000090e-01 3.353438297680000346e-02 1.037383764459999941e-01 2.191819999999999879e+01 4.524490000000000123e+01 6.292929999999999779e+01 7.608839999999999293e+01 4.711414537191837004e-01 6.710005242835614947e-01
1.376709999999999878e-01 9.405989999999999629e-01 7.383210000000000051e-01 1.838359999999999994e+00 1.658709999999999907e+00 4.049229999999999774e-01 1.566265436142563194e-01 2.666413700970343692e-01 9.025140000000000384e-01 4.308070413352045325e-01 0.000000000000000000e+00 nan nan 4.054007020639999737e-01 4.794516138809999661e-02 1.172392850369999989e-01 1.461229999999999940e+01 4.274770000000000181e+01 5.541879999999999740e+01 6.745990000000000464e+01 4.711414537191837004e-01 6.710005242835614947e-01
2.504140000000000255e-01 1.034960000000000102e+00 9.488429999999999920e-01 1.780780000000000030e+00 1.536149999999999904e+00 -5.157450000000000229e-02 1.850550622911680820e-01 2.960204243988021622e-01 3.827539999999999831e-01 4.673525237872563354e-01 0.000000000000000000e+00 nan nan 4.054007020639999737e-01 4.794516138809999661e-02 1.172392850369999989e-01 1.461229999999999940e+01 4.274770000000000181e+01 5.541879999999999740e+01 6.745990000000000464e+01 5.116433144755979656e-01 6.700014178737828674e-01
2.775220000000000117e-02 8.030720000000000081e-01 4.874330000000000052e-01 1.737659999999999982e+00 1.527209999999999956e+00 -3.445750000000000202e-01 2.155497396633228036e-01 3.290619713153163373e-01 1.682150000000000034e+00 5.044950857547663148e-01 0.000000000000000000e+00 nan nan 4.372573793489999971e-01 5.462220479080000246e-02 1.335451387759999942e-01 1.270010000000000083e+01 3.033370000000000033e+01 4.551599999999999824e+01 5.660320000000000107e+01 5.116433144755979656e-01 6.700014178737828674e-01
-4.182199999999999807e-01 -2.002490000000000173e-02 -6.763190000000000035e-01 1.676760000000000028e+00 1.340880000000000072e+00 -5.897310000000000052e-01 2.490227834906810767e-01 3.653468241103774439e-01 2.721670000000000034e+00 5.420895275449517658e-01 0.000000000000000000e+00 nan nan 4.372573793489999971e-01 5.462220479080000246e-02 1.335451387759999942e-01 1.270010000000000083e+01 3.033370000000000033e+01 4.551599999999999824e+01 5.660320000000000107e+01 4.964311778924539453e-01 6.593113090272396670e-01
-1.536450000000000038e-01 5.308890000000000553e-01 -5.982499999999999485e-01 1.288540000000000019e+00 1.226080000000000059e+00 -6.264260000000000383e-01 2.845171775172413708e-01 4.044190480962227552e-01 1.768780000000000019e+00 5.799855294860765120e-01 0.000000000000000000e+00 nan nan 4.332541953010000113e-01 5.154723194119999879e-02 1.512340616470000121e-01 1.099409999999999954e+01 2.818380000000000152e+01 3.953359999999999985e+01 5.540279999999999916e+01 4.964311778924539453e-01 6.593113090272396670e-01
-3.199560000000000182e-01 2.936929999999999819e-01 -2.924669999999999770e-01 1.631620000000000070e+00 1.288899999999999935e+00 -5.964340000000000197e-01 3.225189695333859907e-01 4.457911265557213953e-01 1.249020000000000019e+00 6.180293551093972715e-01 0.000000000000000000e+00 nan nan 4.332541953010000113e-01 5.154723194119999879e-02 1.512340616470000121e-01 1.099409999999999954e+01 2.818380000000000152e+01 3.953359999999999985e+01 5.540279999999999916e+01 5.251215055822692213e-01 6.305482555206398665e-01
-4.048990000000000089e-01 7.340939999999999965e-02 -4.908029999999999893e-01 1.167650000000000077e+00 1.038480000000000070e+00 -6.377829999999999888e-01 3.632131357930874493e-01 4.889494845015801561e-01 1.335650000000000004e+00 6.560655930447845119e-01 0.000000000000000000e+00 nan nan 4.031164970300000205e-01 4.246771888869999706e-02 1.464038937799999884e-01 1.646740000000000137e+01 3.032560000000000144e+01 4.309519999999999840e+01 5.631089999999999662e+01 5.251215055822692213e-01 6.305482555206398665e-01
-3.759080000000000199e-01 1.154410000000000019e-01 -4.891130000000000200e-01 1.345180000000000042e+00 1.068889999999999896e+00 -6.508800000000000141e-01 4.061385951320595211e-01 5.333603076861648251e-01 2.028659999999999908e+00 6.903348427742281856e-01 0.000000000000000000e+00 nan nan 4.031164970300000205e-01 4.246771888869999706e-02 1.464038937799999884e-01 1.646740000000000137e+01 3.032560000000000144e+01 4.309519999999999840e+01 5.631089999999999662e+01 5.138120403103503264e-01 6.294337407796987138e-01
-3.841709999999999847e-01 1.160840000000000066e-01 -8.273040000000000393e-01 8.868420000000000192e-01 8.239440000000000097e-01 -6.282649999999999624e-01 4.508089849438485786e-01 5.784755909302261578e-01 2.894919999999999938e+00 7.241702975066652836e-01 0.000000000000000000e+00 nan nan 3.283588080639999740e-01 3.640622488609999985e-02 1.724401247740000032e-01 1.114439999999999920e+01 3.040990000000000038e+01 4.263609999999999900e+01 5.347699999999999676e+01 5.138120403103503264e-01 6.294337407796987138e-01
-4.339310000000000112e-01 -5.435319999999999735e-02 -8.902189999999999825e-01 1.189589999999999925e+00 9.489210000000000145e-01 -6.366159999999999597e-01 4.967181718625045539e-01 6.237393472405536876e-01 2.808300000000000018e+00 7.571885880200150964e-01 0.000000000000000000e+00 nan nan 3.283588080639999740e-01 3.640622488609999985e-02 1.724401247740000032e-01 1.114439999999999920e+01 3.040990000000000038e+01 4.263609999999999900e+01 5.347699999999999676e+01 5.296142359511597508e-01 6.236534320788996721e-01
-4.740570000000000062e-01 -2.402070000000000038e-01 -7.725300000000000500e-01 1.209119999999999973e+00 8.396820000000000395e-01 -5.904420000000000224e-01 5.433459864558591867e-01 6.685939073647693132e-01 2.115289999999999893e+00 7.890156038893221258e-01 0.000000000000000000e+00 nan nan 2.584696333379999933e-01 4.321812462710000052e-02 1.835285666700000040e-01 1.560640000000000072e+01 3.861410000000000053e+01 5.123819999999999908e+01 5.576870000000000260e+01 5.296142359511597508e-01 6.236534320788996721e-01
-4.645039999999999725e-01 -2.114020000000000066e-01 -1.107010000000000050e+00 1.153380000000000072e+00 6.274349999999999650e-01 -4.542570000000000219e-01 5.901641169530401632e-01 7.124862384067893739e-01 2.115289999999999893e+00 8.192907323073571613e-01 0.000000000000000000e+00 nan nan 2.584696333379999933e-01 4.321812462710000052e-02 1.835285666700000040e-01 1.560640000000000072e+01 3.861410000000000053e+01 5.123819999999999908e+01 5.576870000000000260e+01 5.671295697227241028e-01 5.984086839823128390e-01
-5.069409999999999750e-01 -5.407859999999999889e-01 -1.530410000000000048e+00 7.021340000000000359e-01 5.527199999999999891e-01 -4.113419999999999854e-01 6.366420952279387979e-01 7.548742099105192338e-01 1.855410000000000004e+00 8.476709439718158601e-01 0.000000000000000000e+00 nan nan 3.337930721169999893e-01 5.474843022530000158e-02 1.636717412769999880e-01 2.806929999999999836e+01 5.588289999999999935e+01 6.293529999999999802e+01 5.944449999999999790e+01 5.671295697227241028e-01 5.984086839823128390e-01
-4.568610000000000171e-01 -5.873710000000000042e-02 -1.267399999999999916e-01 5.551469999999999461e-01 4.343250000000000166e-01 -3.944210000000000216e-01 6.822533072150424038e-01 7.952327364145448385e-01 3.624800000000000244e-02 8.738346797443827807e-01 0.000000000000000000e+00 nan nan 3.337930721169999893e-01 5.474843022530000158e-02 1.636717412769999880e-01 2.806929999999999836e+01 5.588289999999999935e+01 6.293529999999999802e+01 5.944449999999999790e+01 5.319537683552362228e-01 5.868414718189342016e-01
-2.791310000000000180e-01 4.794340000000000268e-01 4.212099999999999733e-01 5.592479999999999674e-01 5.606649999999999689e-01 -3.302950000000000330e-02 7.264809596572218142e-01 8.330597268802233391e-01 -3.102579999999999782e-01 8.974854940442567042e-01 0.000000000000000000e+00 nan nan 5.236629671829999833e-01 5.381308098080000296e-02 2.159160363669999916e-01 2.253790000000000049e+01 5.686339999999999861e+01 5.982970000000000255e+01 5.531479999999999819e+01 5.319537683552362228e-01 5.868414718189342016e-01
-2.811489999999999823e-01 4.089099999999999957e-01 5.210150000000000059e-01 3.775359999999999827e-01 5.277380000000000404e-01 2.051759999999999973e-01 7.688239355798338615e-01 8.678817735837770497e-01 2.961280000000000023e-01 9.219594888144497791e-01 0.000000000000000000e+00 nan nan 5.236629671829999833e-01 5.381308098080000296e-02 2.159160363669999916e-01 2.253790000000000049e+01 5.686339999999999861e+01 5.982970000000000255e+01 5.531479999999999819e+01 5.168865585581854383e-01 5.901256631857315638e-01
4.581339999999999857e-01 1.006760000000000099e+00 1.204919999999999991e+00 5.009599999999999609e-01 1.019249999999999989e+00 7.476570000000000160e-01 8.088024721462805378e-01 8.992595160149681188e-01 3.827539999999999831e-01 9.435335267889587429e-01 0.000000000000000000e+00 nan nan 5.885523856009999832e-01 5.858328026980000325e-02 2.209570037170000001e-01 1.953869999999999862e+01 4.162089999999999890e+01 4.940469999999999828e+01 4.826830000000000354e+01 5.168865585581854383e-01 5.901256631857315638e-01
1.889459999999999917e+00 1.458730000000000082e+00 1.526769999999999960e+00 9.489830000000000210e-01 1.073709999999999942e+00 1.193300000000000027e+00 8.459635965626515208e-01 9.267926190072381942e-01 2.961280000000000023e-01 9.622388058727078253e-01 0.000000000000000000e+00 nan nan 5.885523856009999832e-01 5.858328026980000325e-02 2.209570037170000001e-01 1.953869999999999862e+01 4.162089999999999890e+01 4.940469999999999828e+01 4.826830000000000354e+01 5.152561322146365086e-01 5.860237213581251936e-01
1.307830000000000048e+00 1.319110000000000005e+00 1.438479999999999981e+00 8.892820000000000169e-01 1.378030000000000088e+00 1.616610000000000102e+00 8.798862584404771869e-01 9.507293356337032098e-01 3.827539999999999831e-01 9.781390281551519683e-01 0.000000000000000000e+00 nan nan 6.204926985049999955e-01 5.432024142920000020e-02 2.000039814779999980e-01 1.375569999999999915e+01 2.922510000000000119e+01 3.770629999999999882e+01 4.713730000000000331e+01 5.152561322146365086e-01 5.860237213581251936e-01
1.589830000000000076e+00 1.397559999999999913e+00 1.477780000000000094e+00 9.426170000000000382e-01 1.465179999999999927e+00 1.448309999999999986e+00 9.101861004658736709e-01 9.702125133280410374e-01 4.693809999999999927e-01 9.877256030207323123e-01 0.000000000000000000e+00 nan nan 6.204926985049999955e-01 5.432024142920000020e-02 2.000039814779999980e-01 1.375569999999999915e+01 2.922510000000000119e+01 3.770629999999999882e+01 4.713730000000000331e+01 5.029580592232959502e-01 5.783144448364663237e-01
1.742310000000000025e+00 1.436530000000000085e+00 1.528029999999999999e+00 1.275779999999999914e+00 1.367229999999999945e+00 1.503049999999999997e+00 9.365198133214912568e-01 9.850213999018921918e-01 3.827539999999999831e-01 9.946113882472894518e-01 0.000000000000000000e+00 nan nan 6.592837934830000357e-01 4.017903377720000169e-02 1.737546990309999928e-01 6.414119999999999600e+00 2.232570000000000121e+01 3.595649999999999835e+01 4.302029999999999887e+01 5.029580592232959502e-01 5.783144448364663237e-01
1.668090000000000073e+00 1.409720000000000084e+00 1.493800000000000017e+00 1.086540000000000061e+00 1.278370000000000006e+00 1.538459999999999939e+00 9.585890255182577535e-01 9.949882047530441698e-01 2.095009999999999928e-01 9.987183651367861348e-01 0.000000000000000000e+00 nan nan 6.592837934830000357e-01 4.017903377720000169e-02 1.737546990309999928e-01 6.414119999999999600e+00 2.232570000000000121e+01 3.595649999999999835e+01 4.302029999999999887e+01 5.145729059373398417e-01 5.851532128030705326e-01
1.807819999999999983e+00 1.441330000000000000e+00 1.342689999999999939e+00 1.296729999999999938e+00 1.480429999999999913e+00 1.385790000000000077e+00 9.761436840635738799e-01 9.999999999999997780e-01 2.095009999999999928e-01 1.000000000000000000e+00 0.000000000000000000e+00 nan nan 7.005948229909999547e-01 2.648569821820000170e-02 1.418486539930000068e-01 7.644429999999999836e+00 1.663739999999999952e+01 2.829619999999999891e+01 3.717929999999999779e+01 5.145729059373398417e-01 5.851532128030705326e-01
1.879490000000000105e+00 1.472580000000000000e+00 1.514410000000000034e+00 1.416420000000000012e+00 1.549400000000000110e+00 1.144679999999999920e+00 9.889848876616355033e-01 1.000000000000000000e+00 3.827539999999999831e-01 9.984417714018151147e-01 0.000000000000000000e+00 nan nan 7.005948229909999547e-01 2.648569821820000170e-02 1.418486539930000068e-01 7.644429999999999836e+00 1.663739999999999952e+01 2.829619999999999891e+01 3.717929999999999779e+01 5.272850554603754070e-01 5.835309014050140686e-01
2.669639999999999791e+00 1.616470000000000073e+00 1.539120000000000044e+00 1.431289999999999951e+00 1.632239999999999913e+00 1.013810000000000100e+00 9.969671403445922175e-01 9.949882047530441698e-01 3.827539999999999831e-01 9.940613346948857787e-01 0.000000000000000000e+00 nan nan 7.196200600890000354e-01 2.281827109169999937e-02 1.112359656339999975e-01 6.237589999999999968e+00 1.948740000000000094e+01 2.495779999999999887e+01 2.610079999999999956e+01 5.272850554603754070e-01 5.835309014050140686e-01
2.693719999999999892e+00 1.606689999999999952e+00 1.393720000000000070e+00 1.612109999999999932e+00 1.773320000000000007e+00 9.779550000000000187e-01 1.000000000000000000e+00 9.850213999018923028e-01 2.095009999999999928e-01 9.869083219774349436e-01 0.000000000000000000e+00 nan nan 7.196200600890000354e-01 2.281827109169999937e-02 1.112359656339999975e-01 6.237589999999999968e+00 1.948740000000000094e+01 2.495779999999999887e+01 2.610079999999999956e+01 5.342001335396814321e-01 5.811271107359424759e-01
2.392139999999999933e+00 1.554259999999999975e+00 1.322719999999999896e+00 1.576440000000000063e+00 1.599639999999999951e+00 5.821730000000000516e-01 9.980491031160935167e-01 9.702125133280410374e-01 3.827539999999999831e-01 9.770637797417505155e-01 0.000000000000000000e+00 nan nan 6.733960887809999907e-01 4.088516704319999917e-02 1.239206894440000040e-01 1.216119999999999912e+01 2.375750000000000028e+01 2.431739999999999924e+01 2.261730000000000018e+01 5.342001335396814321e-01 5.811271107359424759e-01
2.488809999999999967e+00 1.581630000000000091e+00 1.237519999999999953e+00 1.505959999999999965e+00 1.723360000000000003e+00 2.583360000000000101e-01 9.911365541341060625e-01 9.507293356337032098e-01 2.961280000000000023e-01 9.646392505850420740e-01 0.000000000000000000e+00 nan nan 6.733960887809999907e-01 4.088516704319999917e-02 1.239206894440000040e-01 1.216119999999999912e+01 2.375750000000000028e+01 2.431739999999999924e+01 2.261730000000000018e+01 5.417570302431147233e-01 5.802203309910938245e-01
1.693230000000000013e+00 1.458259999999999890e+00 1.322969999999999979e+00 1.057220000000000049e+00 1.271439999999999904e+00 4.798100000000000143e-01 9.793406749961185431e-01 9.267926190072381942e-01 1.228749999999999981e-01 9.497755093872450871e-01 0.000000000000000000e+00 nan nan 6.098989069739999547e-01 7.661269427279999988e-02 1.225052092619999949e-01 1.057729999999999926e+01 2.264870000000000161e+01 2.137780000000000058e+01 2.268590000000000018e+01 5.417570302431147233e-01 5.802203309910938245e-01
2.704369999999999941e+00 1.607460000000000111e+00 9.769060000000000521e-01 1.099490000000000078e+00 1.542359999999999953e+00 1.797530000000000072e+00 9.627951177261578897e-01 8.986735760126506323e-01 4.693809999999999927e-01 9.326409682753804553e-01 4.002609541271262561e-02 nan nan 6.098989069739999547e-01 7.661269427279999988e-02 1.225052092619999949e-01 1.057729999999999926e+01 2.264870000000000161e+01 2.137780000000000058e+01 2.268590000000000018e+01 5.529578004254636081e-01 5.771273877159373011e-01
8.687110000000000110e-01 1.310950000000000060e+00 1.464669999999999916e+00 -1.717519999999999880e-01 1.304960000000000009e-01 3.026310000000000056e+00 9.416873500993623303e-01 8.666908066428685720e-01 1.228749999999999981e-01 9.134297684468604128e-01 8.135603683252157214e-02 nan nan 6.287217458860000496e-01 6.970465808629999760e-02 1.373882564199999934e-01 1.293490000000000073e+01 1.454279999999999973e+01 1.596330000000000027e+01 3.090780000000000172e+01 5.529578004254636081e-01 5.771273877159373011e-01
-2.097499999999999920e-01 4.930039999999999978e-01 7.856030000000000513e-01 4.582339999999999747e-01 6.512320000000000331e-01 2.810770000000000213e+00 9.162565315571797875e-01 8.312066884545179501e-01 -2.236319999999999975e-01 8.959636555915642120e-01 8.655664776465676891e-02 nan nan 6.287217458860000496e-01 6.970465808629999760e-02 1.373882564199999934e-01 1.293490000000000073e+01 1.454279999999999973e+01 1.596330000000000027e+01 3.090780000000000172e+01 6.140133850238870261e-01 6.195976535837584009e-01
3.100550000000000139e+00 1.829639999999999933e+00 1.903299999999999992e+00 2.393919999999999937e-01 6.453480000000000327e-01 5.064000000000000057e+00 8.867908034353320090e-01 7.926232706854069443e-01 -4.835110000000000241e-01 8.769946906213018645e-01 9.689894462900727756e-02 nan nan 7.198878826310000090e-01 3.505828832240000248e-02 1.172714825219999951e-01 1.374109999999999943e+01 1.553229999999999933e+01 2.332160000000000011e+01 3.571770000000000067e+01 6.140133850238870261e-01 6.195976535837584009e-01
2.959630000000000205e+00 1.798550000000000093e+00 1.885520000000000085e+00 1.798800000000000121e-01 5.158359999999999612e-01 4.648930000000000007e+00 8.536240242073476203e-01 7.513777188760112358e-01 -5.701380000000000337e-01 8.532919623628557604e-01 1.122657450695280223e-01 nan nan 7.198878826310000090e-01 3.505828832240000248e-02 1.172714825219999951e-01 1.374109999999999943e+01 1.553229999999999933e+01 2.332160000000000011e+01 3.571770000000000067e+01 5.391897557466058810e-01 5.743905615769394624e-01
1.825630000000000086e+00 1.462800000000000100e+00 1.664870000000000072e+00 1.071970000000000089e+00 1.562179999999999902e+00 3.047820000000000196e+00 8.171319867346518162e-01 7.079373616092171639e-01 -2.236319999999999975e-01 8.287281073179394442e-01 1.324829370969659026e-01 nan nan 6.266803673309999656e-01 3.819094949130000249e-02 1.180869847399999978e-01 9.516899999999999693e+00 2.251670000000000016e+01 2.296450000000000102e+01 3.744429999999999836e+01 5.391897557466058810e-01 5.743905615769394624e-01
5.593810000000000393e+00 2.034279999999999866e+00 2.000739999999999963e+00 1.365949999999999998e+00 1.461060000000000025e+00 2.538499999999999979e+00 7.777281603832888468e-01 6.627943954907440371e-01 -3.102579999999999782e-01 8.035814437794304155e-01 1.573214518472698664e-01 nan nan 6.266803673309999656e-01 3.819094949130000249e-02 1.180869847399999978e-01 9.516899999999999693e+00 2.251670000000000016e+01 2.296450000000000102e+01 3.744429999999999836e+01 5.321193989679142700e-01 5.637762924908744644e-01
1.825120000000000076e-01 9.757879999999999887e-01 1.070319999999999938e+00 2.691370000000000151e-01 7.567920000000000202e-01 1.712329999999999908e+00 7.358590062507897045e-01 6.164603083649278226e-01 -5.701380000000000337e-01 7.781368934933164949e-01 1.864998590233524212e-01 nan nan 4.299098539969999910e-01 4.696026947640000171e-02 1.615177089510000108e-01 2.714229999999999876e+01 4.215670000000000073e+01 4.298780000000000001e+01 4.167360000000000042e+01 5.321193989679142700e-01 5.637762924908744644e-01
1.832920000000000105e-01 9.896150000000000224e-01 1.135520000000000085e+00 -3.663790000000000102e-01 -1.073209999999999997e-01 6.818049999999999944e-01 6.919989185835407897e-01 5.694600839530659098e-01 -7.433910000000000240e-01 7.490786782620505457e-01 2.196875556128081719e-01 nan nan 4.299098539969999910e-01 4.696026947640000171e-02 1.615177089510000108e-01 2.714229999999999876e+01 4.215670000000000073e+01 4.298780000000000001e+01 4.167360000000000042e+01 8.413828085775953980e-01 6.119543246799068470e-01
3.455779999999999963e-01 1.122789999999999955e+00 1.171210000000000084e+00 -3.694959999999999911e-01 -1.955000000000000071e-01 1.101909999999999945e+00 6.466448497004138041e-01 5.223262535780817117e-01 -7.433910000000000240e-01 7.201818764012206664e-01 2.565085117521481717e-01 nan nan 3.301487597250000183e-01 4.803289677110000183e-02 2.042711161150000121e-01 1.994519999999999982e+01 4.492940000000000111e+01 4.368780000000000285e+01 4.393350000000000222e+01 8.413828085775953980e-01 6.119543246799068470e-01
-4.097439999999999971e-01 1.090750000000000053e-02 4.885109999999999730e-01 -2.614630000000000010e-01 -5.247179999999999900e-02 2.148420000000000052e-01 6.003106793244208372e-01 4.755928623718463921e-01 -7.433910000000000240e-01 6.914982598467630526e-01 2.965455312954061728e-01 nan nan 3.301487597250000183e-01 4.803289677110000183e-02 2.042711161150000121e-01 1.994519999999999982e+01 4.492940000000000111e+01 4.368780000000000285e+01 4.393350000000000222e+01 8.525939306732366330e-01 7.431834893544058129e-01
2.900449999999999973e-01 1.088580000000000103e+00 1.140819999999999945e+00 -4.424600000000000199e-01 -1.553609999999999991e-01 3.908960000000000212e-01 5.535213921201171949e-01 4.297894183304425963e-01 -8.300180000000000335e-01 6.630771850599075368e-01 3.393449788131754907e-01 nan nan 3.482110678770000134e-01 3.808307566710000119e-02 1.866086048939999964e-01 1.855219999999999914e+01 4.171979999999999933e+01 4.290740000000000265e+01 4.159100000000000108e+01 8.525939306732366330e-01 7.431834893544058129e-01
1.016470000000000012e-01 9.561610000000000387e-01 1.019740000000000091e+00 -3.728759999999999852e-01 -1.145990000000000064e-01 3.689370000000000149e-01 5.068071294075782163e-01 3.854348927769869482e-01 -5.701380000000000337e-01 6.386865113004187577e-01 3.844219194632886305e-01 nan nan 3.482110678770000134e-01 3.808307566710000119e-02 1.866086048939999964e-01 1.855219999999999914e+01 4.171979999999999933e+01 4.290740000000000265e+01 4.159100000000000108e+01 8.708598816776310647e-01 8.545624210689448663e-01
-4.738299999999999734e-01 -2.924570000000000225e-01 1.721159999999999912e-01 -1.154300000000000048e-01 -8.904739999999999878e-02 1.595949999999999869e-01 4.606971824494089374e-01 3.430318402091691032e-01 -5.701380000000000337e-01 6.149985195285949668e-01 4.312656134963480659e-01 nan nan 4.259980634130000055e-01 4.881447769209999732e-02 1.505285464730000133e-01 2.390269999999999939e+01 5.174799999999999756e+01 5.638110000000000355e+01 5.335479999999999734e+01 8.708598816776310647e-01 8.545624210689448663e-01
-1.081180000000000058e-01 7.598019999999999774e-01 8.172610000000000152e-01 -3.103870000000000240e-01 -1.869200000000000028e-01 3.973329999999999917e-01 4.157139953692455814e-01 3.030607041559828518e-01 -8.300180000000000335e-01 5.958856792758681076e-01 4.793453031411688547e-01 nan nan 4.259980634130000055e-01 4.881447769209999732e-02 1.505285464730000133e-01 2.390269999999999939e+01 5.174799999999999756e+01 5.638110000000000355e+01 5.335479999999999734e+01 7.957256950015786368e-01 8.343296919257034983e-01
-3.077119999999999855e-01 4.131710000000000105e-01 5.929159999999999986e-01 -9.225079999999999392e-02 5.113670000000000021e-02 3.462200000000000277e-01 3.723672456510759288e-01 2.659743735605660797e-01 -5.701380000000000337e-01 5.781187095334601178e-01 5.281162263024058445e-01 nan nan 5.347450906030000173e-01 4.971695405390000322e-02 9.864435450050000609e-02 2.092839999999999989e+01 5.115310000000000201e+01 5.194180000000000064e+01 5.255069999999999908e+01 7.957256950015786368e-01 8.343296919257034983e-01
-2.553489999999999926e-01 5.215530000000000443e-01 6.615100000000000424e-01 2.526999999999999802e-01 3.087869999999999782e-01 6.415470000000000374e-03 3.311480692896893174e-01 2.321930513675108942e-01 -5.701380000000000337e-01 5.584530800419287289e-01 5.770257889327703449e-01 nan nan 5.347450906030000173e-01 4.971695405390000322e-02 9.864435450050000609e-02 2.092839999999999989e+01 5.115310000000000201e+01 5.194180000000000064e+01 5.255069999999999908e+01 1.564536415442984163e-01 5.964071737818650298e-01
4.693109999999999782e-01 1.189079999999999915e+00 1.226809999999999956e+00 4.621639999999999776e-02 1.290229999999999988e-01 5.053440000000000154e-01 2.925234960236072768e-01 2.020994934555958578e-01 -8.300180000000000335e-01 5.407156853608153790e-01 6.255198261443906116e-01 nan nan 5.251673166779999846e-01 5.154730406889999894e-02 8.092655590679999345e-02 1.363010000000000055e+01 3.737129999999999797e+01 4.549770000000000181e+01 4.191530000000000200e+01 1.564536415442984163e-01 5.964071737818650298e-01
-2.851520000000000166e-01 4.642930000000000113e-01 5.959140000000000548e-01 -1.486190000000000011e-01 9.721599999999999686e-02 3.270700000000000274e-01 2.569311577015309656e-01 1.724801483211361175e-01 -2.236319999999999975e-01 5.215034221399448278e-01 6.730488811184247577e-01 nan nan 5.251673166779999846e-01 5.154730406889999894e-02 8.092655590679999345e-02 1.363010000000000055e+01 3.737129999999999797e+01 4.549770000000000181e+01 4.191530000000000200e+01 3.553190718474542598e-01 6.488388273194600764e-01
-4.077489999999999726e-01 1.359750000000000125e-01 3.078380000000000005e-01 -6.265840000000000298e-01 -1.445240000000000136e-01 -2.086570000000000091e-01 2.247743297386263217e-01 1.432951855664564844e-01 -2.236319999999999975e-01 5.044798101243851418e-01 7.190744306703704680e-01 nan nan 4.185107647469999970e-01 9.049953030679999677e-02 1.009835879420000054e-01 2.478800000000000026e+01 4.839410000000000167e+01 4.535940000000000083e+01 4.436910000000000309e+01 3.553190718474542598e-01 6.488388273194600764e-01
-2.106339999999999879e-01 6.419700000000000406e-01 6.437939999999999774e-01 -5.363919999999999799e-01 -3.362539999999999973e-01 3.165849999999999914e-02 1.947949401849239370e-01 1.177911389316261825e-01 -8.300180000000000335e-01 4.895620932648390156e-01 7.630749869329274127e-01 nan nan 4.185107647469999970e-01 9.049953030679999677e-02 1.009835879420000054e-01 2.478800000000000026e+01 4.839410000000000167e+01 4.535940000000000083e+01 4.436910000000000309e+01 5.431131308844157068e-01 7.329715007369645985e-01
3.572140000000000037e-02 8.806429999999999536e-01 1.014599999999999946e+00 -8.465479999999999672e-01 -8.540900000000000158e-01 -1.053160000000000068e-01 1.648782832610163895e-01 9.573042897480754654e-02 -7.433910000000000240e-01 4.766436548784187544e-01 8.045520060219109038e-01 nan nan 3.594473275639999965e-01 1.010004986359999968e-01 1.566532826270000123e-01 1.730590000000000117e+01 4.547670000000000101e+01 4.759689999999999799e+01 4.425630000000000308e+01 5.431131308844157068e-01 7.329715007369645985e-01
-4.255349999999999966e-01 4.006309999999999732e-02 3.336879999999999846e-01 -8.837080000000000490e-01 -7.836729999999999530e-01 -1.929490000000000094e-01 1.366776743583746345e-01 7.683646187371317993e-02 -7.433910000000000240e-01 4.655952256582646109e-01 8.430355367376668463e-01 nan nan 3.594473275639999965e-01 1.010004986359999968e-01 1.566532826270000123e-01 1.730590000000000117e+01 4.547670000000000101e+01 4.759689999999999799e+01 4.425630000000000308e+01 6.872842273073120900e-01 8.031958215589357630e-01
-2.091210000000000013e-01 6.237930000000000419e-01 7.007999999999999785e-01 -9.386619999999999964e-01 -9.376780000000000115e-01 -1.881589999999999929e-01 1.122400764134914297e-01 6.079676334413419703e-02 -8.300180000000000335e-01 4.562663483464457492e-01 8.780895452999468720e-01 nan nan 3.219469126660000069e-01 9.272480596300000655e-02 1.664262538569999950e-01 2.151610000000000156e+01 3.551670000000000016e+01 4.059700000000000131e+01 4.284440000000000026e+01 6.872842273073120900e-01 8.031958215589357630e-01
-5.086199999999999610e-01 -5.140940000000000509e-01 -1.818829999999999891e-01 -6.902179999999999982e-01 -7.177890000000000104e-01 -3.855370000000000186e-01 9.112912657147498319e-02 4.726651909843870847e-02 -5.701380000000000337e-01 4.484870824748115048e-01 9.093168557848694267e-01 nan nan 3.219469126660000069e-01 9.272480596300000655e-02 1.664262538569999950e-01 2.151610000000000156e+01 3.551670000000000016e+01 4.059700000000000131e+01 4.284440000000000026e+01 9.049228523661885237e-01 6.242832318289581739e-01
-3.773279999999999967e-01 2.734039999999999804e-01 3.730209999999999915e-01 -7.650400000000000533e-01 -8.426059999999999661e-01 -4.120269999999999766e-01 7.305811942918405411e-02 3.587248172923118705e-02 -5.701380000000000337e-01 4.420699298584007675e-01 9.363636502868400990e-01 nan nan 2.720727516600000007e-01 1.125699611790000054e-01 1.453002779260000044e-01 1.245439999999999969e+01 2.803869999999999862e+01 2.957999999999999829e+01 4.220499999999999829e+01 9.049228523661885237e-01 6.242832318289581739e-01
-3.175680000000000169e-01 4.358989999999999809e-01 4.933719999999999772e-01 -8.397769999999999957e-01 -9.510720000000000285e-01 -2.757600000000000051e-01 5.778657643372187014e-02 2.621719975162062344e-02 -8.300180000000000335e-01 4.368119590247977468e-01 9.589234778168007622e-01 nan nan 2.720727516600000007e-01 1.125699611790000054e-01 1.453002779260000044e-01 1.245439999999999969e+01 2.803869999999999862e+01 2.957999999999999829e+01 4.220499999999999829e+01 8.455183979378988468e-01 6.816411724167492636e-01
-5.217349999999999488e-01 -6.988790000000000280e-01 -3.520289999999999808e-01 -8.063019999999999632e-01 -8.159330000000000194e-01 -4.572609999999999730e-01 4.493971772692739730e-02 1.788352088735778445e-02 -7.433910000000000240e-01 4.324971045088019661e-01 9.767407265143872586e-01 nan nan 2.771652545400000167e-01 1.304574076130000093e-01 1.098399927820000038e-01 1.500549999999999962e+01 2.567820000000000036e+01 2.958010000000000161e+01 3.672699999999999676e+01 8.455183979378988468e-01 6.816411724167492636e-01
-4.047890000000000099e-01 1.873730000000000118e-01 2.843310000000000004e-01 -8.582229999999999581e-01 -8.976370000000000182e-01 -4.200139999999999985e-01 3.407786295642600827e-02 1.043931856683333326e-02 -7.433910000000000240e-01 4.288986149604844256e-01 9.896135198324447213e-01 nan nan 2.771652545400000167e-01 1.304574076130000093e-01 1.098399927820000038e-01 1.500549999999999962e+01 2.567820000000000036e+01 2.958010000000000161e+01 3.672699999999999676e+01 8.807925424816641646e-01 9.412637542000388269e-01
-3.756920000000000259e-01 2.880499999999999727e-01 3.555180000000000007e-01 -9.058319999999999705e-01 -1.048170000000000046e+00 -3.170430000000000192e-01 2.483334358260558261e-02 3.442388095780790636e-03 -5.701380000000000337e-01 4.257816223285872947e-01 9.973960038789723148e-01 nan nan 2.872846701890000021e-01 1.375337436229999988e-01 9.001963812909999363e-02 1.755890000000000128e+01 3.137890000000000157e+01 3.136309999999999931e+01 3.956009999999999849e+01 8.807925424816641646e-01 9.412637542000388269e-01
-5.263299999999999645e-01 -8.478010000000000268e-01 -3.551380000000000092e-01 -8.170560000000000045e-01 -8.185409999999999631e-01 -5.054039999999999644e-01 1.694655746448925360e-02 0.000000000000000000e+00 -5.701380000000000337e-01 4.229058030093932885e-01 1.000000000000000000e+00 nan nan 2.872846701890000021e-01 1.375337436229999988e-01 9.001963812909999363e-02 1.755890000000000128e+01 3.137890000000000157e+01 3.136309999999999931e+01 3.956009999999999849e+01 7.767402860233643125e-01 8.136089504106888137e-01
-3.371609999999999885e-01 3.856010000000000271e-01 4.630730000000000124e-01 -1.006769999999999943e+00 -1.092929999999999957e+00 -5.429690000000000349e-01 1.001271722290786315e-02 0.000000000000000000e+00 -8.300180000000000335e-01 4.200281008091841795e-01 9.973960038789723148e-01 nan nan 3.629163900710000168e-01 1.004537659980000025e-01 1.037631164980000048e-01 2.262920000000000087e+01 4.350679999999999836e+01 4.203450000000000131e+01 4.134810000000000230e+01 7.767402860233643125e-01 8.136089504106888137e-01
-4.120980000000000198e-01 1.753589999999999871e-01 2.270459999999999978e-01 -9.859510000000000218e-01 -1.034640000000000004e+00 -5.323849999999999971e-01 5.359916663197794584e-03 0.000000000000000000e+00 -8.300180000000000335e-01 4.169054808680362489e-01 9.896135198324448323e-01 nan nan 3.629163900710000168e-01 1.004537659980000025e-01 1.037631164980000048e-01 2.262920000000000087e+01 4.350679999999999836e+01 4.203450000000000131e+01 4.134810000000000230e+01 6.888473662144605214e-01 8.384448232768713094e-01
-5.447800000000000420e-01 -1.345469999999999944e+00 -1.066119999999999957e+00 -8.551229999999999665e-01 -9.734479999999999800e-01 -5.953960000000000363e-01 2.605049673337522798e-03 0.000000000000000000e+00 -5.037860000000000255e-02 4.132976833418944285e-01 9.767407265143873696e-01 nan nan 4.377975941380000124e-01 6.533538592410000068e-02 1.145895178300000011e-01 2.161820000000000164e+01 4.469539999999999935e+01 4.498060000000000258e+01 4.180380000000000251e+01 6.888473662144605214e-01 8.384448232768713094e-01
-5.514200000000000212e-01 -2.174549999999999983e+00 -1.838260000000000005e+00 -7.887870000000000159e-01 -9.252559999999999674e-01 -6.275380000000000402e-01 5.961327773718050338e-04 0.000000000000000000e+00 2.095009999999999928e-01 4.089699456426090229e-01 9.589234778168007622e-01 nan nan 4.377975941380000124e-01 6.533538592410000068e-02 1.145895178300000011e-01 2.161820000000000164e+01 4.469539999999999935e+01 4.498060000000000258e+01 4.180380000000000251e+01 6.064099047106381590e-01 6.561820945622891532e-01
-5.289490000000000025e-01 -7.617810000000000414e-01 -5.956380000000000008e-01 -8.474899999999999656e-01 -1.018610000000000015e+00 -6.019849999999999923e-01 0.000000000000000000e+00 0.000000000000000000e+00 -5.701380000000000337e-01 4.036956623918654952e-01 9.363636502868400990e-01 nan nan 4.756570946840000258e-01 4.613099714189999867e-02 1.058469751520000057e-01 2.191250000000000142e+01 4.598010000000000019e+01 4.569850000000000279e+01 4.503090000000000259e+01 6.064099047106381590e-01 6.561820945622891532e-01
-5.032860000000000111e-01 -3.217610000000000192e-01 -4.293219999999999814e-01 -5.954800000000000093e-01 -3.890799999999999814e-01 -6.018080000000000096e-01 0.000000000000000000e+00 0.000000000000000000e+00 -8.300180000000000335e-01 3.972589529506675987e-01 9.093168557848695377e-01 nan nan 4.756570946840000258e-01 4.613099714189999867e-02 1.058469751520000057e-01 2.191250000000000142e+01 4.598010000000000019e+01 4.569850000000000279e+01 4.503090000000000259e+01 3.293254175703024256e-01 4.270569886339280474e-01
-1.724540000000000101e-02 7.332600000000000229e-01 1.020299999999999985e+00 2.611439999999999872e-01 8.127670000000000172e-01 -5.444449999999999568e-01 0.000000000000000000e+00 0.000000000000000000e+00 -7.433910000000000240e-01 3.894571074332391358e-01 8.780895452999469830e-01 nan nan 3.775259969240000180e-01 3.752466309039999975e-02 9.152007637789999484e-02 2.105189999999999984e+01 3.912069999999999936e+01 4.655819999999999936e+01 4.993130000000000024e+01 3.293254175703024256e-01 4.270569886339280474e-01
-4.306809999999999805e-01 5.126950000000000257e-02 2.047160000000000091e-01 7.820019999999999749e-01 4.517320000000000224e-01 -6.105960000000000276e-01 0.000000000000000000e+00 0.000000000000000000e+00 9.025140000000000384e-01 3.838243609926963451e-01 8.430355367376670683e-01 nan nan 3.775259969240000180e-01 3.752466309039999975e-02 9.152007637789999484e-02 2.105189999999999984e+01 3.912069999999999936e+01 4.655819999999999936e+01 4.993130000000000024e+01 2.669913716802708725e-01 6.568415707403609805e-01
-5.405590000000000117e-01 -1.233470000000000066e+00 -1.361979999999999968e+00 1.066019999999999968e+00 3.319059999999999788e-01 -6.393069999999999586e-01 0.000000000000000000e+00 0.000000000000000000e+00 2.028659999999999908e+00 3.768204597775263176e-01 8.045520060219111258e-01 nan nan 3.560285450910000149e-01 5.112975606810000323e-02 7.950296909060000639e-02 1.681289999999999907e+01 3.193309999999999960e+01 4.251030000000000086e+01 5.079509999999999792e+01 2.669913716802708725e-01 6.568415707403609805e-01
-5.078449999999999909e-01 -4.374720000000000275e-01 -3.691240000000000077e-01 5.571749999999999758e-01 3.584160000000000124e-01 -6.629089999999999705e-01 0.000000000000000000e+00 0.000000000000000000e+00 4.693809999999999927e-01 3.685247607871138253e-01 7.630749869329276347e-01 nan nan 3.560285450910000149e-01 5.112975606810000323e-02 7.950296909060000639e-02 1.681289999999999907e+01 3.193309999999999960e+01 4.251030000000000086e+01 5.079509999999999792e+01 4.458154978493900078e-01 6.471736499698289569e-01
-5.137890000000000512e-01 -5.270709999999999562e-01 -6.463320000000000176e-01 7.086869999999999559e-01 7.503720000000000390e-01 -6.648779999999999690e-01 0.000000000000000000e+00 0.000000000000000000e+00 1.162390000000000034e+00 3.590312576058134475e-01 7.190744306703704680e-01 nan nan 3.683765308509999725e-01 4.043045804220000289e-02 7.020475809100000519e-02 1.480519999999999925e+01 2.826910000000000167e+01 3.412850000000000250e+01 4.539330000000000354e+01 4.458154978493900078e-01 6.471736499698289569e-01
-5.130649999999999933e-01 -6.273710000000000120e-01 -6.082079999999999709e-01 8.318389999999999951e-01 8.158189999999999609e-01 -6.736130000000000173e-01 0.000000000000000000e+00 0.000000000000000000e+00 1.942029999999999923e+00 3.484475154180805001e-01 6.730488811184249798e-01 nan nan 3.683765308509999725e-01 4.043045804220000289e-02 7.020475809100000519e-02 1.480519999999999925e+01 2.826910000000000167e+01 3.412850000000000250e+01 4.539330000000000354e+01 4.087142406095206626e-01 6.164552495952464461e-01
-5.235370000000000301e-01 -7.053139999999999965e-01 -7.932470000000000354e-01 7.069790000000000241e-01 4.717359999999999887e-01 -6.284760000000000346e-01 0.000000000000000000e+00 0.000000000000000000e+00 2.375169999999999781e+00 3.368934522519507757e-01 6.255198261443907226e-01 nan nan 3.678272947799999804e-01 4.965457019959999829e-02 7.175061388139999941e-02 1.322080000000000055e+01 2.417340000000000089e+01 3.440979999999999706e+01 4.349300000000000210e+01 4.087142406095206626e-01 6.164552495952464461e-01
-5.222799999999999665e-01 -7.624859999999999971e-01 -1.633539999999999992e+00 8.480180000000000495e-01 8.394559999999999800e-01 -6.385910000000000197e-01 0.000000000000000000e+00 0.000000000000000000e+00 2.635050000000000114e+00 3.244999802598661498e-01 5.770257889327705669e-01 nan nan 3.678272947799999804e-01 4.965457019959999829e-02 7.175061388139999941e-02 1.322080000000000055e+01 2.417340000000000089e+01 3.440979999999999706e+01 4.349300000000000210e+01 5.035481182809613543e-01 5.976997470908858023e-01
-4.874809999999999977e-01 -2.756879999999999886e-01 -3.007369999999999766e-01 4.921820000000000084e-01 6.235840000000000272e-01 -6.632860000000000422e-01 0.000000000000000000e+00 0.000000000000000000e+00 1.162390000000000034e+00 3.114075224316770196e-01 5.281162263024060666e-01 nan nan 3.655437175199999777e-01 6.123216036640000137e-02 9.566643654980000466e-02 1.995510000000000161e+01 3.775540000000000163e+01 3.834539999999999793e+01 4.386180000000000234e+01 5.035481182809613543e-01 5.976997470908858023e-01
-5.215100000000000291e-01 -6.279860000000000442e-01 -8.885769999999999502e-01 -4.371880000000000210e-02 2.236549999999999927e-01 -6.396600000000000064e-01 0.000000000000000000e+00 0.000000000000000000e+00 7.292610000000000481e-01 2.940429440443890208e-01 4.793453031411690768e-01 nan nan 3.655437175199999777e-01 6.123216036640000137e-02 9.566643654980000466e-02 1.995510000000000161e+01 3.775540000000000163e+01 3.834539999999999793e+01 4.386180000000000234e+01 5.053493511938343952e-01 6.121620596759993482e-01
-5.250770000000000159e-01 -7.319560000000000510e-01 -7.885330000000000394e-01 -7.096249999999999780e-02 -3.037729999999999944e-02 -6.406079999999999552e-01 0.000000000000000000e+00 0.000000000000000000e+00 1.249020000000000019e+00 2.759314274533554157e-01 4.312656134963481769e-01 nan nan 3.174666768330000055e-01 1.021513474290000056e-01 1.044462954400000032e-01 1.575210000000000043e+01 3.899240000000000350e+01 4.097059999999999746e+01 4.306000000000000227e+01 5.053493511938343952e-01 6.121620596759993482e-01
-5.438589999999999813e-01 -1.389229999999999965e+00 -1.760110000000000063e+00 -5.713580000000000325e-01 -3.566739999999999911e-01 -6.377969999999999473e-01 0.000000000000000000e+00 0.000000000000000000e+00 1.768780000000000019e+00 2.606066181222398415e-01 3.844219194632887415e-01 nan nan 3.174666768330000055e-01 1.021513474290000056e-01 1.044462954400000032e-01 1.575210000000000043e+01 3.899240000000000350e+01 4.097059999999999746e+01 4.306000000000000227e+01 4.153964006397482533e-01 6.266771303553586581e-01
-5.228390000000000537e-01 -6.916390000000000038e-01 -5.379650000000000265e-01 -5.451570000000000027e-01 -2.645850000000000146e-01 -6.451839999999999797e-01 0.000000000000000000e+00 0.000000000000000000e+00 5.560070000000000290e-01 2.445206747625781052e-01 3.393449788131757128e-01 nan nan 2.771853228769999844e-01 1.103120018799999963e-01 1.222255906499999933e-01 2.251450000000000173e+01 3.319590000000000174e+01 3.611169999999999902e+01 3.710060000000000002e+01 4.153964006397482533e-01 6.266771303553586581e-01
-5.145899999999999919e-01 -4.778580000000000050e-01 -5.587630000000000097e-01 -6.851429999999999465e-01 -4.068599999999999994e-01 -5.951480000000000103e-01 0.000000000000000000e+00 0.000000000000000000e+00 -8.300180000000000335e-01 2.315773350419207954e-01 2.965455312954062839e-01 nan nan 2.771853228769999844e-01 1.103120018799999963e-01 1.222255906499999933e-01 2.251450000000000173e+01 3.319590000000000174e+01 3.611169999999999902e+01 3.710060000000000002e+01 4.823629277281172856e-01 6.154759274708099248e-01
-4.953409999999999758e-01 -3.214150000000000063e-01 -1.747049999999999992e-01 -7.189349999999999907e-01 -4.894390000000000129e-01 -5.921809999999999574e-01 0.000000000000000000e+00 0.000000000000000000e+00 -2.236319999999999975e-01 2.185948174275070821e-01 2.565085117521482827e-01 nan nan 2.158647560389999887e-01 1.438097189599999992e-01 1.186300215350000048e-01 1.158309999999999995e+01 3.860580000000000211e+01 3.885430000000000206e+01 3.975679999999999836e+01 4.823629277281172856e-01 6.154759274708099248e-01
-5.486980000000000190e-01 -1.694879999999999942e+00 -1.708890000000000020e+00 -7.363359999999999905e-01 -4.835300000000000153e-01 -6.151370000000000449e-01 0.000000000000000000e+00 0.000000000000000000e+00 2.095009999999999928e-01 2.023917842877667184e-01 2.196875556128082829e-01 nan nan 2.158647560389999887e-01 1.438097189599999992e-01 1.186300215350000048e-01 1.158309999999999995e+01 3.860580000000000211e+01 3.885430000000000206e+01 3.975679999999999836e+01 5.529008649023556821e-01 6.008850170309723016e-01
-5.309000000000000385e-01 -7.736309999999999576e-01 -7.653900000000000148e-01 -8.513629999999999809e-01 -6.083319999999999839e-01 -6.412679999999999492e-01 0.000000000000000000e+00 0.000000000000000000e+00 -3.968849999999999878e-01 1.868732999642451764e-01 1.864998590233523101e-01 nan nan 1.956313171240000037e-01 1.006058073000000025e-01 1.216553883859999990e-01 2.093140000000000001e+01 3.395300000000000296e+01 3.924810000000000088e+01 3.896549999999999869e+01 5.529008649023556821e-01 6.008850170309723016e-01
-5.052820000000000089e-01 -3.860290000000000110e-01 -3.367550000000000265e-01 -7.963510000000000311e-01 -6.535410000000000386e-01 -6.414849999999999719e-01 0.000000000000000000e+00 0.000000000000000000e+00 -8.300180000000000335e-01 1.722151950851996682e-01 1.573214518472699774e-01 nan nan 1.956313171240000037e-01 1.006058073000000025e-01 1.216553883859999990e-01 2.093140000000000001e+01 3.395300000000000296e+01 3.924810000000000088e+01 3.896549999999999869e+01 5.954368766207214225e-01 5.580949052167862856e-01
-5.359380000000000255e-01 -8.902569999999999650e-01 -9.063510000000000177e-01 -9.173799999999999732e-01 -7.844510000000000094e-01 -6.788920000000000510e-01 0.000000000000000000e+00 0.000000000000000000e+00 -8.300180000000000335e-01 1.585835518359912655e-01 1.324829370969660136e-01 nan nan 2.313419818069999967e-01 8.126616954859999797e-02 1.253352470740000113e-01 1.805369999999999919e+01 3.397979999999999734e+01 3.370239999999999725e+01 3.570889999999999986e+01 5.954368766207214225e-01 5.580949052167862856e-01
-5.469420000000000393e-01 -1.448099999999999943e+00 -1.495079999999999965e+00 -9.111320000000000530e-01 -7.245519999999999738e-01 -6.813510000000000399e-01 0.000000000000000000e+00 0.000000000000000000e+00 -1.370049999999999879e-01 1.461328221815617612e-01 1.122657450695280223e-01 nan nan 2.313419818069999967e-01 8.126616954859999797e-02 1.253352470740000113e-01 1.805369999999999919e+01 3.397979999999999734e+01 3.370239999999999725e+01 3.570889999999999986e+01 4.835016381902784710e-01 5.675023328969799330e-01
-5.506839999999999513e-01 -1.956739999999999924e+00 -2.179640000000000022e+00 -8.137640000000000429e-01 -8.437230000000000008e-01 -6.883799999999999919e-01 0.000000000000000000e+00 0.000000000000000000e+00 1.228749999999999981e-01 1.350040778639549632e-01 9.689894462900738858e-02 nan nan 2.420336787669999934e-01 7.176399883039999428e-02 1.499382610699999951e-01 1.402069999999999972e+01 3.178719999999999857e+01 3.607330000000000325e+01 3.524199999999999733e+01 4.835016381902784710e-01 5.675023328969799330e-01
-5.451949999999999852e-01 -1.459950000000000081e+00 -1.022440000000000015e+00 -8.517390000000000239e-01 -7.830080000000000373e-01 -6.668150000000000466e-01 0.000000000000000000e+00 0.000000000000000000e+00 -3.968849999999999878e-01 1.253234120031101462e-01 8.655664776465687993e-02 nan nan 2.420336787669999934e-01 7.176399883039999428e-02 1.499382610699999951e-01 1.402069999999999972e+01 3.178719999999999857e+01 3.607330000000000325e+01 3.524199999999999733e+01 5.881905373160594142e-01 5.409749036340434358e-01
-5.291569999999999885e-01 -7.273840000000000305e-01 -7.071119999999999628e-01 -8.881860000000000310e-01 -7.980199999999999516e-01 -6.350989999999999691e-01 0.000000000000000000e+00 0.000000000000000000e+00 -7.433910000000000240e-01 1.172005104114282048e-01 8.135603683252157214e-02 nan nan 2.496459245669999938e-01 8.038615071450000427e-02 1.427270804200000132e-01 2.160539999999999949e+01 3.347500000000000142e+01 3.378479999999999706e+01 3.189000000000000057e+01 5.881905373160594142e-01 5.409749036340434358e-01
-5.421690000000000120e-01 -1.193489999999999940e+00 -1.001430000000000042e+00 -1.085660000000000069e+00 -9.087420000000000497e-01 -6.468479999999999785e-01 0.000000000000000000e+00 0.000000000000000000e+00 -5.037860000000000255e-02 1.107274088096897868e-01 4.002609541271262561e-02 nan nan 2.496459245669999938e-01 8.038615071450000427e-02 1.427270804200000132e-01 2.160539999999999949e+01 3.347500000000000142e+01 3.378479999999999706e+01 3.189000000000000057e+01 6.086614458517296544e-01 7.013232389513008869e-01
-5.243210000000000370e-01 -6.913989999999999858e-01 -4.765050000000000119e-01 -1.078400000000000025e+00 -1.059860000000000024e+00 -6.394950000000000356e-01 0.000000000000000000e+00 0.000000000000000000e+00 -5.037860000000000255e-02 1.059774500255628027e-01 0.000000000000000000e+00 nan nan 2.767232054050000056e-01 8.748822925829999320e-02 1.245001448620000062e-01 1.117109999999999914e+01 2.386840000000000117e+01 2.646280000000000143e+01 2.796509999999999962e+01 6.086614458517296544e-01 7.013232389513008869e-01
-4.804329999999999989e-01 -1.695309999999999873e-01 -1.006039999999999990e-01 -1.034030000000000005e+00 -9.702880000000000393e-01 -6.223579999999999668e-01 0.000000000000000000e+00 0.000000000000000000e+00 -8.300180000000000335e-01 9.928297548839015718e-02 0.000000000000000000e+00 nan nan 2.767232054050000056e-01 8.748822925829999320e-02 1.245001448620000062e-01 1.117109999999999914e+01 2.386840000000000117e+01 2.646280000000000143e+01 2.796509999999999962e+01 5.782216448155030886e-01 7.781654032202220961e-01
-5.437260000000000426e-01 -1.357769999999999921e+00 -9.164930000000000021e-01 -8.652389999999999803e-01 -1.046689999999999898e+00 -6.610850000000000337e-01 0.000000000000000000e+00 0.000000000000000000e+00 -7.433910000000000240e-01 9.404827101334645167e-02 0.000000000000000000e+00 nan nan 2.082881886409999883e-01 9.869449478950000076e-02 1.308274801390000019e-01 1.857290000000000063e+01 2.140640000000000143e+01 2.457629999999999981e+01 2.304860000000000042e+01 5.782216448155030886e-01 7.781654032202220961e-01
-5.246950000000000225e-01 -6.413759999999999462e-01 -6.010039999999999827e-01 -9.147089999999999943e-01 -9.859569999999999723e-01 -5.901889999999999636e-01 0.000000000000000000e+00 0.000000000000000000e+00 -7.433910000000000240e-01 9.005700751809186944e-02 0.000000000000000000e+00 nan nan 2.082881886409999883e-01 9.869449478950000076e-02 1.308274801390000019e-01 1.857290000000000063e+01 2.140640000000000143e+01 2.457629999999999981e+01 2.304860000000000042e+01 6.822894291437415770e-01 7.228980021169185699e-01
-5.299070000000000169e-01 -7.638449999999999962e-01 -6.566349999999999687e-01 -6.500259999999999927e-01 -7.756650000000000489e-01 -4.191540000000000266e-01 0.000000000000000000e+00 0.000000000000000000e+00 -8.300180000000000335e-01 8.707876723713203759e-02 0.000000000000000000e+00 nan nan 1.976529681149999940e-01 8.035185072179999721e-02 1.093663867139999940e-01 9.039839999999999876e+00 1.704560000000000031e+01 2.069490000000000052e+01 2.468130000000000024e+01 6.822894291437415770e-01 7.228980021169185699e-01
-5.458039999999999559e-01 -1.311330000000000107e+00 -1.371119999999999894e+00 -8.811510000000000176e-01 -1.035730000000000040e+00 -3.224250000000000171e-01 0.000000000000000000e+00 0.000000000000000000e+00 -8.300180000000000335e-01 8.487165444717059692e-02 0.000000000000000000e+00 nan nan 1.976529681149999940e-01 8.035185072179999721e-02 1.093663867139999940e-01 9.039839999999999876e+00 1.704560000000000031e+01 2.069490000000000052e+01 2.468130000000000024e+01 6.330867852650866601e-01 8.136518163622634692e-01
-4.670520000000000227e-01 -8.129469999999999752e-02 -1.704639999999999975e-02 -8.391349999999999643e-01 -8.870730000000000004e-01 -2.727229999999999932e-01 0.000000000000000000e+00 0.000000000000000000e+00 -8.300180000000000335e-01 8.318503624231199378e-02 0.000000000000000000e+00 nan nan 1.860017372420000037e-01 8.497101735730000494e-02 1.002241557600000027e-01 9.005020000000000024e+00 1.421160000000000068e+01 2.328160000000000096e+01 2.342770000000000152e+01 6.330867852650866601e-01 8.136518163622634692e-01
-3.391060000000000185e-01 3.994449999999999945e-01 4.130579999999999807e-01 -9.003600000000000492e-01 -9.652220000000000244e-01 -3.170660000000000145e-01 0.000000000000000000e+00 5.859400023174865524e-04 -8.300180000000000335e-01 8.548385980670047957e-02 0.000000000000000000e+00 nan nan 1.860017372420000037e-01 8.497101735730000494e-02 1.002241557600000027e-01 9.005020000000000024e+00 1.421160000000000068e+01 2.328160000000000096e+01 2.342770000000000152e+01 6.609593118048042726e-01 8.533885534719771737e-01
-3.726619999999999933e-01 3.105879999999999752e-01 3.301499999999999990e-01 -9.429180000000000339e-01 -9.853100000000000191e-01 -5.050930000000000142e-01 0.000000000000000000e+00 1.190966940908477767e-03 -8.300180000000000335e-01 8.813800343137212501e-02 0.000000000000000000e+00 nan nan 1.894750774070000088e-01 9.037601749939999651e-02 1.113366465230000019e-01 6.392540000000000333e+00 1.237449999999999939e+01 1.714999999999999858e+01 2.199830000000000041e+01 6.609593118048042726e-01 8.533885534719771737e-01
-4.951369999999999938e-01 -2.712629999999999764e-01 -2.475100000000000078e-01 -9.084170000000000300e-01 -1.001209999999999933e+00 -6.403959999999999653e-01 0.000000000000000000e+00 1.853038425705388903e-03 -8.300180000000000335e-01 9.111739460851786543e-02 0.000000000000000000e+00 nan nan 1.894750774070000088e-01 9.037601749939999651e-02 1.113366465230000019e-01 6.392540000000000333e+00 1.237449999999999939e+01 1.714999999999999858e+01 2.199830000000000041e+01 6.326571808634531280e-01 8.197420788667560965e-01
-5.456809999999999716e-01 -1.384980000000000100e+00 -1.167300000000000004e+00 -8.177060000000000439e-01 -9.158920000000000394e-01 -6.842679999999999874e-01 0.000000000000000000e+00 2.609465729138005230e-03 -3.968849999999999878e-01 9.438827564559582051e-02 0.000000000000000000e+00 nan nan 1.993304981540000020e-01 8.602986006809999753e-02 1.161589378239999970e-01 8.197609999999999175e+00 1.443769999999999953e+01 1.883599999999999852e+01 2.169719999999999871e+01 6.326571808634531280e-01 8.197420788667560965e-01
-5.502799999999999914e-01 -1.831090000000000106e+00 -1.713619999999999921e+00 -1.118829999999999991e+00 -1.206499999999999906e+00 -6.885480000000000489e-01 0.000000000000000000e+00 3.496491034508220075e-03 -3.968849999999999878e-01 9.791358615347856009e-02 0.000000000000000000e+00 nan nan 1.993304981540000020e-01 8.602986006809999753e-02 1.161589378239999970e-01 8.197609999999999175e+00 1.443769999999999953e+01 1.883599999999999852e+01 2.169719999999999871e+01 4.646870357813882579e-01 7.782544325042617395e-01
-5.504210000000000491e-01 -1.903669999999999973e+00 -1.655899999999999928e+00 -7.162849999999999495e-01 -9.573899999999999633e-01 -6.302569999999999562e-01 0.000000000000000000e+00 4.548876797572320996e-03 -5.037860000000000255e-02 1.016533829554689961e-01 0.000000000000000000e+00 nan nan 2.503880768619999864e-01 8.598013543660000535e-02 1.139553135389999999e-01 1.268190000000000062e+01 2.306009999999999849e+01 2.719539999999999935e+01 2.864450000000000074e+01 4.646870357813882579e-01 7.782544325042617395e-01
-5.486579999999999790e-01 -1.619350000000000067e+00 -1.469279999999999919e+00 -9.358710000000000084e-01 -1.062810000000000032e+00 -4.878629999999999911e-01 0.000000000000000000e+00 5.799511874025609082e-03 -5.037860000000000255e-02 1.018438151577850670e-01 0.000000000000000000e+00 nan nan 2.503880768619999864e-01 8.598013543660000535e-02 1.139553135389999999e-01 1.268190000000000062e+01 2.306009999999999849e+01 2.719539999999999935e+01 2.864450000000000074e+01 6.768702025351835960e-01 8.017614608716296942e-01
-5.267899999999999805e-01 -6.893500000000000183e-01 -6.131229999999999736e-01 -9.100789999999999713e-01 -9.964260000000000339e-01 -4.930700000000000083e-01 0.000000000000000000e+00 7.279038875626309135e-03 -8.300180000000000335e-01 1.018111598311740584e-01 0.000000000000000000e+00 nan nan 3.329896731270000076e-01 6.960439795520000084e-02 1.367843125290000017e-01 1.381259999999999977e+01 3.458670000000000044e+01 3.879740000000000322e+01 3.676230000000000331e+01 6.768702025351835960e-01 8.017614608716296942e-01
-4.380519999999999969e-01 8.268639999999999324e-02 9.462470000000000603e-02 -7.414819999999999744e-01 -9.125699999999999923e-01 -3.104410000000000225e-01 0.000000000000000000e+00 9.015506977160470115e-03 -8.300180000000000335e-01 1.012801465978108162e-01 0.000000000000000000e+00 nan nan 3.329896731270000076e-01 6.960439795520000084e-02 1.367843125290000017e-01 1.381259999999999977e+01 3.458670000000000044e+01 3.879740000000000322e+01 3.676230000000000331e+01 1.000000000000000000e+00 6.811432679023052827e-01
-3.458800000000000208e-01 3.750339999999999785e-01 4.167089999999999961e-01 -7.587089999999999668e-01 -9.018739999999999535e-01 1.734620000000000051e-01 0.000000000000000000e+00 1.103405410808322440e-02 -8.300180000000000335e-01 9.998115167408783144e-02 0.000000000000000000e+00 nan nan 4.227350475250000184e-01 5.285857171930000153e-02 9.740387869899999607e-02 1.676889999999999858e+01 3.467999999999999972e+01 3.790670000000000073e+01 3.471549999999999869e+01 1.000000000000000000e+00 6.811432679023052827e-01
-5.092510000000000092e-01 -5.375330000000000386e-01 -1.680500000000000049e-01 -7.654619999999999758e-01 -8.563929999999999598e-01 1.370129999999999959e-01 0.000000000000000000e+00 1.335662212973387497e-02 -7.433910000000000240e-01 1.013747303174876713e-01 0.000000000000000000e+00 nan nan 4.227350475250000184e-01 5.285857171930000153e-02 9.740387869899999607e-02 1.676889999999999858e+01 3.467999999999999972e+01 3.790670000000000073e+01 3.471549999999999869e+01 6.992406871600043150e-01 9.114521335703050786e-01
-2.633550000000000058e-01 5.359399999999999720e-01 6.129489999999999661e-01 -7.022319999999999673e-01 -6.427089999999999748e-01 2.472119999999999873e-01 0.000000000000000000e+00 1.600170822527902104e-02 -7.433910000000000240e-01 1.018410176057192862e-01 0.000000000000000000e+00 nan nan 4.169674526809999948e-01 5.350517952170000258e-02 9.223140741660000586e-02 1.367319999999999958e+01 3.224730000000000274e+01 3.742819999999999681e+01 3.591429999999999723e+01 6.992406871600043150e-01 9.114521335703050786e-01
3.124589999999999868e-01 1.111019999999999897e+00 1.136579999999999924e+00 -8.348710000000000298e-01 -8.307879999999999709e-01 1.110479999999999939e-01 0.000000000000000000e+00 1.898415531923602906e-02 -8.300180000000000335e-01 1.013747303174876713e-01 0.000000000000000000e+00 nan nan 4.169674526809999948e-01 5.350517952170000258e-02 9.223140741660000586e-02 1.367319999999999958e+01 3.224730000000000274e+01 3.742819999999999681e+01 3.591429999999999723e+01 6.790285764566437177e-01 9.227885290713586652e-01
-1.737990000000000021e-02 8.601929999999999854e-01 9.041820000000000412e-01 -7.748450000000000060e-01 -7.184359999999999635e-01 -2.230870000000000075e-01 0.000000000000000000e+00 2.231498390120845166e-02 -8.300180000000000335e-01 9.998115167408783144e-02 0.000000000000000000e+00 nan nan 2.535210767980000113e-01 7.744055592340000349e-02 9.096790581359999461e-02 2.045540000000000092e+01 4.646050000000000324e+01 5.379440000000000310e+01 4.548239999999999839e+01 6.790285764566437177e-01 9.227885290713586652e-01
-5.007460000000000244e-01 -4.107600000000000140e-01 -1.267510000000000026e-01 -9.008720000000000061e-01 -9.364470000000000294e-01 -5.431059999999999777e-01 0.000000000000000000e+00 2.600126715933370747e-02 -7.433910000000000240e-01 9.767607147839496573e-02 0.000000000000000000e+00 nan nan 2.535210767980000113e-01 7.744055592340000349e-02 9.096790581359999461e-02 2.045540000000000092e+01 4.646050000000000324e+01 5.379440000000000310e+01 4.548239999999999839e+01 7.987795094228290482e-01 8.712273840888181686e-01
-5.136810000000000542e-01 -4.910370000000000013e-01 -3.889420000000000099e-01 -8.087090000000000112e-01 -1.014699999999999935e+00 -6.721399999999999597e-01 0.000000000000000000e+00 3.004605083823641554e-02 -7.433910000000000240e-01 9.448560721008980590e-02 0.000000000000000000e+00 nan nan 1.993622786029999872e-01 8.103855771159999832e-02 8.208845296489999943e-02 2.260200000000000031e+01 6.202810000000000201e+01 6.254769999999999897e+01 5.057620000000000005e+01 7.987795094228290482e-01 8.712273840888181686e-01
-5.377229999999999510e-01 -1.001339999999999897e+00 -8.063280000000000447e-01 -8.320319999999999938e-01 -1.052959999999999896e+00 -6.660599999999999854e-01 0.000000000000000000e+00 3.444831872952369700e-02 3.624800000000000244e-02 9.044590810417696414e-02 0.000000000000000000e+00 nan nan 1.993622786029999872e-01 8.103855771159999832e-02 8.208845296489999943e-02 2.260200000000000031e+01 6.202810000000000201e+01 6.254769999999999897e+01 5.057620000000000005e+01 7.225117882412617210e-01 8.341879045474179799e-01
-5.466870000000000340e-01 -1.456290000000000084e+00 -1.231849999999999890e+00 -9.076370000000000271e-01 -9.816409999999999858e-01 -6.904130000000000544e-01 0.000000000000000000e+00 3.920300418583355651e-02 3.624800000000000244e-02 8.560274556570823812e-02 0.000000000000000000e+00 nan nan 2.190715643599999984e-01 7.769583435129999438e-02 8.058263679409999325e-02 1.897080000000000055e+01 4.346520000000000294e+01 4.517260000000000275e+01 3.703000000000000114e+01 7.225117882412617210e-01 8.341879045474179799e-01
-5.415320000000000134e-01 -1.083490000000000064e+00 -1.098419999999999952e+00 -9.123869999999999481e-01 -1.039579999999999949e+00 -6.846670000000000256e-01 0.000000000000000000e+00 4.430104752797325851e-02 -8.300180000000000335e-01 8.001099456147409139e-02 0.000000000000000000e+00 nan nan 2.190715643599999984e-01 7.769583435129999438e-02 8.058263679409999325e-02 1.897080000000000055e+01 4.346520000000000294e+01 4.517260000000000275e+01 3.703000000000000114e+01 9.053110491146525440e-01 1.000000000000000000e+00
-5.395560000000000356e-01 -1.045109999999999983e+00 -9.208570000000000366e-01 -1.002979999999999983e+00 -1.112020000000000008e+00 -6.850420000000000398e-01 0.000000000000000000e+00 4.972949869470444373e-02 -8.300180000000000335e-01 7.373401186470296409e-02 0.000000000000000000e+00 nan nan 2.193538237269999913e-01 7.036123686719999992e-02 8.128592559769999559e-02 2.128989999999999938e+01 4.578020000000000067e+01 4.288640000000000185e+01 3.645669999999999789e+01 9.053110491146525440e-01 1.000000000000000000e+00
-5.516849999999999810e-01 -2.138180000000000192e+00 -2.180309999999999970e+00 -9.405799999999999716e-01 -1.017879999999999896e+00 -6.686050000000000049e-01 0.000000000000000000e+00 5.547166397211189537e-02 -8.300180000000000335e-01 6.684291819750409758e-02 0.000000000000000000e+00 nan nan 2.193538237269999913e-01 7.036123686719999992e-02 8.128592559769999559e-02 2.128989999999999938e+01 4.578020000000000067e+01 4.288640000000000185e+01 3.645669999999999789e+01 7.316111200252586322e-01 8.082111378931715606e-01
-5.518039999999999612e-01 -2.282840000000000202e+00 -1.989130000000000065e+00 -7.836079999999999712e-01 -1.069600000000000106e+00 -6.693829999999999503e-01 0.000000000000000000e+00 6.150729514005315313e-02 -5.701380000000000337e-01 5.941579240466821066e-02 0.000000000000000000e+00 nan nan 2.471304519199999938e-01 6.465082108880000622e-02 1.016688392840000010e-01 2.061789999999999878e+01 5.614750000000000085e+01 5.841219999999999857e+01 4.793719999999999715e+01 7.316111200252586322e-01 8.082111378931715606e-01
-5.382510000000000350e-01 -9.938190000000000079e-01 -8.770590000000000330e-01 -9.055910000000000348e-01 -1.072990000000000110e+00 -6.407629999999999715e-01 0.000000000000000000e+00 6.781281889258217177e-02 -5.701380000000000337e-01 5.153678678915729616e-02 0.000000000000000000e+00 nan nan 2.471304519199999938e-01 6.465082108880000622e-02 1.016688392840000010e-01 2.061789999999999878e+01 5.614750000000000085e+01 5.841219999999999857e+01 4.793719999999999715e+01 6.936765337653532093e-01 7.999742804290552733e-01
-5.056479999999999864e-01 -3.717280000000000029e-01 -3.532259999999999844e-01 -8.163620000000000321e-01 -9.455409999999999648e-01 -5.964049999999999629e-01 0.000000000000000000e+00 7.436160393292678972e-02 -8.300180000000000335e-01 4.329517363288559739e-02 0.000000000000000000e+00 nan nan 3.262525407419999968e-01 4.446559807739999814e-02 9.869889845000000272e-02 2.030689999999999884e+01 4.495859999999999701e+01 4.806289999999999907e+01 -1.000000000000000000e+00 6.936765337653532093e-01 7.999742804290552733e-01
-5.234769999999999701e-01 -6.728169999999999984e-01 -4.660119999999999818e-01 -7.912099999999999689e-01 -8.883790000000000298e-01 -6.176599999999999868e-01 0.000000000000000000e+00 8.112426271672079636e-02 -7.433910000000000240e-01 3.478433370609534947e-02 0.000000000000000000e+00 nan nan 3.262525407419999968e-01 4.446559807739999814e-02 9.869889845000000272e-02 2.030689999999999884e+01 4.495859999999999701e+01 4.806289999999999907e+01 -1.000000000000000000e+00 6.754726942407129897e-01 8.578927757682072164e-01
-5.086429999999999563e-01 -4.476209999999999911e-01 -2.905530000000000057e-01 -9.079840000000000133e-01 -1.014909999999999979e+00 -6.217859999999999498e-01 0.000000000000000000e+00 8.806898442462562926e-02 -7.433910000000000240e-01 2.610069822591620792e-02 0.000000000000000000e+00 nan nan 3.478067118770000188e-01 3.776977891270000276e-02 8.621979187780000331e-02 1.471110000000000007e+01 2.798209999999999908e+01 -1.000000000000000000e+00 -1.000000000000000000e+00 6.754726942407129897e-01 8.578927757682072164e-01
-4.863330000000000153e-01 -2.151399999999999979e-01 -1.353610000000000091e-01 -9.081540000000000168e-01 -1.073090000000000099e+00 -5.914350000000000440e-01 0.000000000000000000e+00 9.516189539162411837e-02 -8.300180000000000335e-01 1.734265625214326256e-02 0.000000000000000000e+00 nan nan 3.478067118770000188e-01 3.776977891270000276e-02 8.621979187780000331e-02 1.471110000000000007e+01 2.798209999999999908e+01 -1.000000000000000000e+00 -1.000000000000000000e+00 7.408036190288870282e-01 8.260895370806967675e-01
-5.473710000000000520e-01 -1.628759999999999986e+00 -1.132030000000000092e+00 -8.099189999999999445e-01 -1.017349999999999977e+00 -6.461430000000000229e-01 0.000000000000000000e+00 1.023674429091789850e-01 -7.433910000000000240e-01 8.609439899875392932e-03 0.000000000000000000e+00 nan nan 3.048752753469999854e-01 4.771654688950000001e-02 8.019509257699999893e-02 1.163550000000000040e+01 -1.000000000000000000e+00 -1.000000000000000000e+00 -1.000000000000000000e+00 7.408036190288870282e-01 8.260895370806967675e-01
-5.090689999999999937e-01 -4.293230000000000102e-01 -3.462609999999999855e-01 -8.713880000000000514e-01 -1.015940000000000065e+00 -6.477460000000000440e-01 0.000000000000000000e+00 1.096487980516294147e-01 -8.300180000000000335e-01 0.000000000000000000e+00 0.000000000000000000e+00 nan nan 3.048752753469999854e-01 4.771654688950000001e-02 8.019509257699999893e-02 1.163550000000000040e+01 -1.000000000000000000e+00 -1.000000000000000000e+00 -1.000000000000000000e+00 0.000000000000000000e+00 0.000000000000000000e+00
