-4.157989999999999742e-01 -1.488690000000000069e+00 -1.541700000000000070e+00 -1.489230000000000054e+00 -1.265570000000000084e+00 -4.019349999999999867e-01 0.000000000000000000e+00 1.400681945736934608e-01 -4.347800000000000276e-02 8.746174964718522737e-03 0.000000000000000000e+00 nan 4.946370438234130029e-01 5.062022874310000142e-02 4.853055620689999961e-02 2.509470299209999936e-02 -1.000000000000000000e+00 -1.000000000000000000e+00 -1.000000000000000000e+00 -1.000000000000000000e+00 0.000000000000000000e+00 0.000000000000000000e+00
-4.153959999999999875e-01 -9.023470000000000102e-01 -9.453540000000000276e-01 -1.502999999999999892e+00 -1.346209999999999907e+00 -3.992009999999999725e-01 0.000000000000000000e+00 1.313032054869595067e-01 -1.399380000000000068e+00 1.231644390902975061e-02 0.000000000000000000e+00 nan 5.219560335919687377e-01 5.631684300450000291e-02 5.248571419370000324e-02 2.884687680679999880e-02 5.722990000000000244e+00 -1.000000000000000000e+00 -1.000000000000000000e+00 -1.000000000000000000e+00 0.000000000000000000e+00 0.000000000000000000e+00
-4.155909999999999882e-01 -1.042319999999999913e+00 -1.223009999999999931e+00 -1.343550000000000022e+00 -1.235400000000000054e+00 -3.973619999999999930e-01 9.715599190692758569e-04 1.240359041508897198e-01 -1.399380000000000068e+00 1.650312369466289120e-02 0.000000000000000000e+00 nan 5.482446623143140130e-01 5.631684300450000291e-02 5.248571419370000324e-02 2.884687680679999880e-02 5.722990000000000244e+00 -1.000000000000000000e+00 -1.000000000000000000e+00 -1.000000000000000000e+00 0.000000000000000000e+00 0.000000000000000000e+00
-4.146000000000000241e-01 -5.842650000000000343e-01 -5.876390000000000224e-01 -1.262110000000000065e+00 -1.066380000000000106e+00 -3.987129999999999841e-01 4.536870544147086903e-03 1.183587213987012943e-01 -1.399380000000000068e+00 2.147028999108402392e-02 0.000000000000000000e+00 nan 5.732050693226213856e-01 5.930476981760000182e-02 5.164094880790000286e-02 3.035060639359999854e-02 7.004319999999999879e+00 1.014499999999999957e+01 -1.000000000000000000e+00 -1.000000000000000000e+00 0.000000000000000000e+00 0.000000000000000000e+00
-4.143180000000000196e-01 -5.100829999999999531e-01 -5.403379999999999850e-01 -1.280540000000000012e+00 -1.123860000000000081e+00 -4.004059999999999842e-01 9.824302461144962528e-03 1.130050839159671972e-01 -1.399380000000000068e+00 2.737317524372540056e-02 0.000000000000000000e+00 nan 5.965544432318142798e-01 5.930476981760000182e-02 5.164094880790000286e-02 3.035060639359999854e-02 7.004319999999999879e+00 1.014499999999999957e+01 -1.000000000000000000e+00 -1.000000000000000000e+00 9.048910980294893047e-01 8.140068316320451247e-01
-4.142930000000000224e-01 -5.158819999999999517e-01 -4.993020000000000236e-01 -1.381559999999999899e+00 -1.278350000000000097e+00 -4.023860000000000214e-01 1.548835447247132180e-02 1.082040922946512218e-01 -1.399380000000000068e+00 3.435640982835108659e-02 0.000000000000000000e+00 nan 6.180282263055649761e-01 7.507395118279999724e-02 6.874302440460000607e-02 4.512487628580000298e-02 8.754770000000000607e+00 1.049169999999999980e+01 1.289750000000000085e+01 -1.000000000000000000e+00 9.048910980294893047e-01 8.140068316320451247e-01
-4.156309999999999727e-01 -1.149960000000000093e+00 -1.111799999999999899e+00 -1.425829999999999931e+00 -1.287579999999999947e+00 -4.032470000000000221e-01 2.187412844179048577e-02 1.041785854282810675e-01 -4.347800000000000276e-02 4.255238333110755722e-02 0.000000000000000000e+00 nan 6.373831120011597129e-01 7.507395118279999724e-02 6.874302440460000607e-02 4.512487628580000298e-02 8.754770000000000607e+00 1.049169999999999980e+01 1.289750000000000085e+01 -1.000000000000000000e+00 7.947338317397487639e-01 8.804298897141571434e-01
-4.158470000000000222e-01 -1.746490000000000098e+00 -1.823350000000000026e+00 -1.299479999999999968e+00 -1.362379999999999924e+00 -4.038869999999999960e-01 2.925902362650845134e-02 1.011426156582430069e-01 1.613739999999999952e+00 5.207974452161368006e-02 0.000000000000000000e+00 nan 6.543998017298472414e-01 7.545664820809999673e-02 7.087735997959999923e-02 4.014991702710000304e-02 1.042009999999999970e+01 1.405990000000000073e+01 1.437420000000000009e+01 1.516310000000000002e+01 7.947338317397487639e-01 8.804298897141571434e-01
-4.158200000000000229e-01 -1.603469999999999951e+00 -1.590750000000000108e+00 -1.287740000000000107e+00 -1.165759999999999907e+00 -4.037319999999999798e-01 3.790452435488034233e-02 9.929902347522290285e-02 7.098039999999999905e-01 6.304205701499021597e-02 0.000000000000000000e+00 nan 6.688854895974777337e-01 7.545664820809999673e-02 7.087735997959999923e-02 4.014991702710000304e-02 1.042009999999999970e+01 1.405990000000000073e+01 1.437420000000000009e+01 1.516310000000000002e+01 1.000000000000000000e+00 1.000000000000000000e+00
-4.156050000000000022e-01 -1.094810000000000061e+00 -1.133110000000000062e+00 -1.369820000000000038e+00 -1.240119999999999889e+00 -4.031399999999999983e-01 4.810245652865452470e-02 9.883713925539572287e-02 -1.941340000000000010e-01 7.552662585471892065e-02 0.000000000000000000e+00 nan 6.806760469723234230e-01 7.111835653930000112e-02 6.473572946840000508e-02 3.810011293300000212e-02 1.215249999999999986e+01 1.891779999999999973e+01 2.011230000000000118e+01 1.856790000000000163e+01 1.000000000000000000e+00 1.000000000000000000e+00
-4.156610000000000027e-01 -1.222439999999999971e+00 -1.106740000000000057e+00 -1.285439999999999916e+00 -1.188949999999999951e+00 -4.032319999999999793e-01 6.011153410996095126e-02 9.993063807161117751e-02 -6.461029999999999829e-01 8.960350831161489893e-02 0.000000000000000000e+00 nan 6.896378821280595428e-01 7.111835653930000112e-02 6.473572946840000508e-02 3.810011293300000212e-02 1.215249999999999986e+01 1.891779999999999973e+01 2.011230000000000118e+01 1.856790000000000163e+01 5.601858647621265064e-01 7.342647389813454772e-01
-4.156580000000000275e-01 -1.248439999999999994e+00 -1.055849999999999955e+00 -1.316580000000000084e+00 -1.227880000000000082e+00 -4.024849999999999817e-01 7.412645254228100722e-02 1.027355718854207067e-01 -1.248729999999999896e+00 1.053247201069540395e-01 0.000000000000000000e+00 nan 6.956694538914043324e-01 6.749384328839999614e-02 8.235756552640000061e-02 4.801919526440000252e-02 1.447610000000000063e+01 2.146430000000000149e+01 2.195779999999999887e+01 1.907280000000000086e+01 5.601858647621265064e-01 7.342647389813454772e-01
-4.152170000000000027e-01 -7.978750000000000009e-01 -8.407620000000000093e-01 -1.519509999999999916e+00 -1.232439999999999980e+00 -3.993539999999999868e-01 9.034154220606549490e-02 1.073886014159985969e-01 -1.248729999999999896e+00 1.227236460535673368e-01 0.000000000000000000e+00 nan 6.987024221441848759e-01 6.749384328839999614e-02 8.235756552640000061e-02 4.801919526440000252e-02 1.447610000000000063e+01 2.146430000000000149e+01 2.195779999999999887e+01 1.907280000000000086e+01 6.633681407955942522e-01 7.828540599224160790e-01
-4.152890000000000192e-01 -8.260359999999999925e-01 -9.070799999999999974e-01 -1.545530000000000070e+00 -1.274100000000000010e+00 -3.989659999999999873e-01 1.089329476704822275e-01 1.140054477195866500e-01 -1.399380000000000068e+00 1.418146617925715169e-01 0.000000000000000000e+00 nan 6.987024221441848759e-01 5.643466586760000070e-02 6.796339075410000319e-02 5.530617658360000022e-02 1.296390000000000065e+01 1.846709999999999852e+01 1.950590000000000046e+01 2.074070000000000036e+01 6.633681407955942522e-01 7.828540599224160790e-01
-4.149979999999999780e-01 -7.050359999999999960e-01 -7.324040000000000550e-01 -1.459330000000000016e+00 -1.292270000000000030e+00 -4.012549999999999728e-01 1.300174031358319882e-01 1.226795810236868123e-01 -1.399380000000000068e+00 1.625929709116101796e-01 0.000000000000000000e+00 nan 6.956694538914043324e-01 5.643466586760000070e-02 6.796339075410000319e-02 5.530617658360000022e-02 1.296390000000000065e+01 1.846709999999999852e+01 1.950590000000000046e+01 2.074070000000000036e+01 6.698268400459599370e-01 8.366333028822603435e-01
-4.139680000000000026e-01 -4.622149999999999870e-01 -4.100400000000000156e-01 -1.410309999999999953e+00 -1.178600000000000092e+00 -4.011620000000000186e-01 1.536977917817760053e-01 1.334811616720350536e-01 -1.399380000000000068e+00 1.850346592901230824e-01 0.000000000000000000e+00 nan 6.896378821280595428e-01 6.310724890909999441e-02 8.265915296419999725e-02 8.215791072479999846e-02 1.078170000000000073e+01 2.205110000000000170e+01 2.651439999999999841e+01 2.981559999999999988e+01 6.698268400459599370e-01 8.366333028822603435e-01
-4.152970000000000272e-01 -8.574720000000000120e-01 -8.370530000000000470e-01 -1.439789999999999903e+00 -1.252129999999999965e+00 -3.999170000000000225e-01 1.800313041049884655e-01 1.464562451798723242e-01 -9.474160000000000359e-01 2.090969660558879006e-01 0.000000000000000000e+00 nan 6.806760469723234230e-01 6.310724890909999441e-02 8.265915296419999725e-02 8.215791072479999846e-02 1.078170000000000073e+01 2.205110000000000170e+01 2.651439999999999841e+01 2.981559999999999988e+01 8.298568051710086824e-01 7.922442440852101031e-01
-4.157850000000000157e-01 -1.464630000000000098e+00 -1.465000000000000080e+00 -1.316259999999999986e+00 -1.236650000000000027e+00 -3.998889999999999945e-01 2.090362418742004458e-01 1.616262604065541453e-01 -4.954470000000000263e-01 2.347187680827880207e-01 0.000000000000000000e+00 nan 6.688854895974777337e-01 9.189682444079999568e-02 8.238943846269999871e-02 1.150614590279999960e-01 1.795139999999999958e+01 3.287740000000000151e+01 4.689990000000000236e+01 5.343489999999999895e+01 8.298568051710086824e-01 7.922442440852101031e-01
-4.155280000000000085e-01 -1.036939999999999973e+00 -9.878869999999999596e-01 -1.349839999999999929e+00 -1.270389999999999908e+00 -3.957189999999999874e-01 2.407197560818029602e-01 1.789877667580107579e-01 -9.474160000000000359e-01 2.618212725402557783e-01 0.000000000000000000e+00 nan 6.543998017298475744e-01 9.189682444079999568e-02 8.238943846269999871e-02 1.150614590279999960e-01 1.795139999999999958e+01 3.287740000000000151e+01 4.689990000000000236e+01 5.343489999999999895e+01 8.144035067294989050e-01 9.058697753240392281e-01
-4.134550000000000169e-01 -3.789210000000000078e-01 -3.352129999999999832e-01 -1.481829999999999981e+00 -1.269889999999999963e+00 -3.916990000000000194e-01 2.750586234530291163e-01 1.985124931700535944e-01 -1.399380000000000068e+00 2.903089096475263142e-01 0.000000000000000000e+00 nan 6.373831120011599349e-01 1.235108902450000046e-01 7.303998919779999821e-02 1.191722419960000029e-01 1.540540000000000020e+01 4.433689999999999998e+01 6.015780000000000172e+01 6.724099999999999966e+01 8.144035067294989050e-01 9.058697753240392281e-01
-4.138129999999999864e-01 -4.219959999999999822e-01 -4.241469999999999962e-01 -1.459600000000000009e+00 -1.227270000000000083e+00 -3.971469999999999723e-01 3.119588541490628808e-01 2.201476584308288409e-01 -1.399380000000000068e+00 3.200704155174415311e-01 0.000000000000000000e+00 nan 6.180282263055649761e-01 1.235108902450000046e-01 7.303998919779999821e-02 1.191722419960000029e-01 1.540540000000000020e+01 4.433689999999999998e+01 6.015780000000000172e+01 6.724099999999999966e+01 6.906556389607365620e-01 8.227118666507792222e-01
-4.127230000000000065e-01 -2.903040000000000065e-01 -2.418849999999999889e-01 -1.308640000000000025e+00 -1.225049999999999972e+00 -3.943869999999999876e-01 3.509692544004584525e-01 2.438165692130377371e-01 -1.399380000000000068e+00 3.509800928207508219e-01 0.000000000000000000e+00 nan 5.965544432318142798e-01 1.766162559189999870e-01 6.060007366390000177e-02 1.248929981820000035e-01 1.867160000000000153e+01 4.523109999999999786e+01 6.755339999999999634e+01 7.943569999999999709e+01 6.906556389607365620e-01 8.227118666507792222e-01
-4.133959999999999857e-01 -3.906049999999999800e-01 -2.740560000000000218e-01 -1.295539999999999914e+00 -1.142830000000000013e+00 -3.961660000000000181e-01 3.910470890555851620e-01 2.694194890399803644e-01 -1.248729999999999896e+00 3.828992349870767864e-01 0.000000000000000000e+00 nan 5.732050693226213856e-01 1.766162559189999870e-01 6.060007366390000177e-02 1.248929981820000035e-01 1.867160000000000153e+01 4.523109999999999786e+01 6.755339999999999634e+01 7.943569999999999709e+01 7.720018424502563814e-01 8.801551680766837027e-01
-4.147509999999999808e-01 -6.626530000000000475e-01 -5.416279999999999983e-01 -1.324359999999999982e+00 -1.086740000000000039e+00 -3.999090000000000145e-01 4.315646215899323623e-01 2.968347683396891368e-01 -1.248729999999999896e+00 4.156776978057826755e-01 0.000000000000000000e+00 nan 5.482446623143140130e-01 2.409948619629999900e-01 5.321034003539999724e-02 1.131035933779999947e-01 2.205649999999999977e+01 7.180660000000000309e+01 9.504460000000000264e+01 1.007009999999999934e+02 7.720018424502563814e-01 8.801551680766837027e-01
-4.124019999999999908e-01 -2.635919999999999930e-01 -1.906700000000000061e-01 -1.296510000000000051e+00 -1.183880000000000043e+00 -3.890109999999999957e-01 4.730857227912950158e-01 3.259202227831879961e-01 -1.399380000000000068e+00 4.491556006198726969e-01 0.000000000000000000e+00 nan 5.219560335919688487e-01 2.409948619629999900e-01 5.321034003539999724e-02 1.131035933779999947e-01 2.205649999999999977e+01 7.180660000000000309e+01 9.504460000000000264e+01 1.007009999999999934e+02 2.883890202112743273e-01 5.022043928982802274e-01
-4.147640000000000216e-01 -6.429470000000000462e-01 -5.999910000000000521e-01 -1.393599999999999950e+00 -1.135529999999999928e+00 -3.429710000000000258e-01 5.159027961447174571e-01 3.565147442897534935e-01 -1.098070000000000102e+00 4.831651378377217476e-01 0.000000000000000000e+00 nan 4.946370438234131139e-01 3.329740170170000235e-01 5.480270495220000010e-02 1.235611221390000014e-01 4.792560000000000286e+01 1.186280000000000001e+02 1.391030000000000086e+02 1.313340000000000032e+02 2.883890202112743273e-01 5.022043928982802274e-01
-4.150449999999999973e-01 -7.400600000000000511e-01 -7.095259999999999900e-01 -8.367329999999999490e-01 -8.001089999999999591e-01 -9.541789999999999994e-02 5.595307071002713073e-01 3.884401264458449132e-01 -6.461029999999999829e-01 5.175324802374796640e-01 0.000000000000000000e+00 nan 4.665972280788388549e-01 3.329740170170000235e-01 5.480270495220000010e-02 1.235611221390000014e-01 4.792560000000000286e+01 1.186280000000000001e+02 1.391030000000000086e+02 1.313340000000000032e+02 3.008761762070832901e-01 4.861580013504389619e-01
-2.993600000000000150e-01 7.767330000000000068e-01 9.731899999999999995e-01 1.509020000000000028e+00 1.694290000000000074e+00 2.242659999999999931e-01 6.034751339940013226e-01 4.215030836549777948e-01 5.591469999999999496e-01 5.520797445216136801e-01 0.000000000000000000e+00 nan 4.381542886747742394e-01 4.214958523949999813e-01 5.014755989860000124e-02 1.373532021489999866e-01 4.506759999999999877e+01 1.270649999999999977e+02 1.455680000000000121e+02 1.356719999999999970e+02 3.008761762070832901e-01 4.861580013504389619e-01
-1.886170000000000069e-01 9.820379999999999665e-01 1.517279999999999962e+00 5.526659999999999906e-01 9.502570000000000183e-01 7.947549999999999892e-01 6.472381689098993807e-01 4.554974411407647361e-01 4.084909999999999930e-01 5.866270088057476961e-01 0.000000000000000000e+00 nan 4.096304954798889453e-01 4.214958523949999813e-01 5.014755989860000124e-02 1.373532021489999866e-01 4.506759999999999877e+01 1.270649999999999977e+02 1.455680000000000121e+02 1.356719999999999970e+02 3.044547815127326418e-01 3.775072486793502602e-01
2.547070000000000167e+00 1.821579999999999977e+00 2.038710000000000022e+00 1.125909999999999966e+00 1.714429999999999898e+00 2.053189999999999849e+00 6.903239591755470084e-01 4.902064709895148642e-01 -4.347800000000000276e-02 6.209943512055056125e-01 0.000000000000000000e+00 nan 3.813490344686107925e-01 5.105504066960000475e-01 3.738190155070000159e-02 1.369826384770000127e-01 3.098120000000000118e+01 9.058259999999999934e+01 1.154770000000000039e+02 1.156020000000000039e+02 3.044547815127326418e-01 3.775072486793502602e-01
2.575849999999999973e+00 1.819360000000000088e+00 1.899310000000000054e+00 1.506629999999999914e+00 1.942679999999999962e+00 3.068410000000000082e+00 7.322443255710261445e-01 5.254053477640966419e-01 1.071779999999999955e-01 6.550038884233546632e-01 0.000000000000000000e+00 nan 3.536303458948958367e-01 5.105504066960000475e-01 3.738190155070000159e-02 1.369826384770000127e-01 3.098120000000000118e+01 9.058259999999999934e+01 1.154770000000000039e+02 1.156020000000000039e+02 3.429943866007298947e-01 3.808767261124571535e-01
2.988809999999999967e+00 1.861280000000000046e+00 1.857199999999999962e+00 1.214800000000000102e+00 1.736140000000000017e+00 3.115419999999999856e+00 7.725242935945474398e-01 5.615882088369759106e-01 1.071779999999999955e-01 6.884817912374449067e-01 0.000000000000000000e+00 nan 3.241511089219434316e-01 5.706140310559999484e-01 3.269078533249999974e-02 1.449320493319999903e-01 2.488899999999999935e+01 6.813979999999999393e+01 8.817109999999999559e+01 1.010919999999999987e+02 3.429943866007298947e-01 3.808767261124571535e-01
3.629249999999999865e+00 1.917319999999999913e+00 1.859839999999999938e+00 1.511179999999999968e+00 2.017500000000000071e+00 3.407270000000000021e+00 8.107074751133459545e-01 5.978655359288838067e-01 5.591469999999999496e-01 7.212602540561505737e-01 0.000000000000000000e+00 nan 2.956041731291942920e-01 5.706140310559999484e-01 3.269078533249999974e-02 1.449320493319999903e-01 2.488899999999999935e+01 6.813979999999999393e+01 8.817109999999999559e+01 1.010919999999999987e+02 3.627349250618789878e-01 3.895619017357112579e-01
3.914120000000000044e+00 1.939759999999999929e+00 1.875250000000000083e+00 1.617969999999999908e+00 2.105160000000000142e+00 4.019009999999999749e+00 8.463612394235884295e-01 6.340483970017629645e-01 5.591469999999999496e-01 7.531793962224766492e-01 0.000000000000000000e+00 nan 2.681176423308593293e-01 6.371059427890000126e-01 3.003401336430000165e-02 1.418495093059999879e-01 1.698410000000000153e+01 5.582789999999999964e+01 7.644230000000000302e+01 8.800310000000000343e+01 3.627349250618789878e-01 3.895619017357112579e-01
3.836069999999999869e+00 1.933599999999999985e+00 1.852719999999999922e+00 1.634540000000000104e+00 2.097750000000000004e+00 4.095600000000000129e+00 8.790816151291183100e-01 6.699489303552987884e-01 4.084909999999999930e-01 7.840890735257858291e-01 0.000000000000000000e+00 nan 2.418076055288471693e-01 6.371059427890000126e-01 3.003401336430000165e-02 1.418495093059999879e-01 1.698410000000000153e+01 5.582789999999999964e+01 7.644230000000000302e+01 8.800310000000000343e+01 3.743261643121433835e-01 3.877613165455243704e-01
3.799949999999999939e+00 1.930930000000000035e+00 1.809050000000000047e+00 1.545390000000000041e+00 2.065409999999999968e+00 4.232219999999999871e+00 9.084978672987933379e-01 7.053824731750488741e-01 4.084909999999999930e-01 8.138505793957012679e-01 0.000000000000000000e+00 nan 2.167768215779840579e-01 6.910590684849999832e-01 2.664833622070000158e-02 1.302587116099999942e-01 1.761799999999999855e+01 4.547409999999999997e+01 6.297690000000000055e+01 7.813049999999999784e+01 3.743261643121433835e-01 3.877613165455243704e-01
3.309769999999999879e+00 1.891089999999999938e+00 1.760129999999999972e+00 1.444600000000000106e+00 1.880149999999999988e+00 4.364810000000000301e+00 9.342766980413931277e-01 7.401696538359188171e-01 7.098039999999999905e-01 8.423382165029718038e-01 0.000000000000000000e+00 nan 1.931135548871298901e-01 6.910590684849999832e-01 2.664833622070000158e-02 1.302587116099999942e-01 1.761799999999999855e+01 4.547409999999999997e+01 6.297690000000000055e+01 7.813049999999999784e+01 3.803951144698146658e-01 3.860699580304776113e-01
3.077010000000000023e+00 1.869620000000000060e+00 1.729559999999999986e+00 1.306489999999999929e+00 1.855469999999999953e+00 3.298669999999999991e+00 9.561260229039059144e-01 7.741384242543473126e-01 8.604600000000000026e-01 8.694407209604395614e-01 0.000000000000000000e+00 nan 1.708905753481562151e-01 7.040213479260000184e-01 2.702891491490000062e-02 1.260912256860000080e-01 7.926249999999999574e+00 2.946539999999999893e+01 4.587060000000000315e+01 6.104299999999999926e+01 3.803951144698146658e-01 3.860699580304776113e-01
2.956440000000000179e+00 1.858170000000000099e+00 1.700029999999999930e+00 1.345709999999999962e+00 1.837960000000000038e+00 2.044560000000000155e+00 9.737982803050920788e-01 8.056739695063412920e-01 8.604600000000000026e-01 8.922969387943697761e-01 0.000000000000000000e+00 nan 1.501643338239941894e-01 7.040213479260000184e-01 2.702891491490000062e-02 1.260912256860000080e-01 7.926249999999999574e+00 2.946539999999999893e+01 4.587060000000000315e+01 6.104299999999999926e+01 3.968050697752109057e-01 3.923554566998981308e-01
2.766929999999999890e+00 1.839800000000000102e+00 1.639369999999999994e+00 1.402050000000000018e+00 1.471000000000000085e+00 1.701959999999999917e+00 9.870932365071205528e-01 8.345773315980974383e-01 8.604600000000000026e-01 9.135035727419785756e-01 0.000000000000000000e+00 nan 1.309743225378011688e-01 7.287816478419999466e-01 2.775624068050000157e-02 1.148689420550000062e-01 6.594450000000000145e+00 1.639870000000000161e+01 2.777819999999999823e+01 4.414139999999999731e+01 3.968050697752109057e-01 3.923554566998981308e-01
2.285369999999999902e+00 1.787339999999999929e+00 1.590619999999999923e+00 1.763840000000000074e+00 2.034819999999999851e+00 1.963519999999999932e+00 9.958602543438273003e-01 8.620203636914942624e-01 1.011120000000000019e+00 9.328203431668988799e-01 5.282452864353914812e-03 nan 1.133426276102916797e-01 7.287816478419999466e-01 2.775624068050000157e-02 1.148689420550000062e-01 6.594450000000000145e+00 1.639870000000000161e+01 2.777819999999999823e+01 4.414139999999999731e+01 4.178312740745989684e-01 4.018118388476255021e-01
1.695840000000000014e+00 1.706970000000000098e+00 1.595359999999999889e+00 1.793060000000000098e+00 1.713330000000000020e+00 1.494140000000000024e+00 1.000000000000000000e+00 8.876921252672347329e-01 1.161769999999999969e+00 9.500283833416263146e-01 1.073698109613618890e-02 nan 9.727367881516479908e-02 7.302610743280000261e-01 3.476029024329999745e-02 1.124307177180000061e-01 4.725299999999999834e+00 1.290409999999999968e+01 2.193390000000000128e+01 3.326219999999999999e+01 4.178312740745989684e-01 4.018118388476255021e-01
1.087480000000000002e+00 1.595909999999999940e+00 1.522729999999999917e+00 1.742639999999999967e+00 1.634470000000000089e+00 1.251679999999999904e+00 9.994655685031956782e-01 9.113017450087497195e-01 1.463090000000000002e+00 9.649327192949972432e-01 1.670578574753256440e-02 nan 8.275419938799821740e-02 7.302610743280000261e-01 3.476029024329999745e-02 1.124307177180000061e-01 4.725299999999999834e+00 1.290409999999999968e+01 2.193390000000000128e+01 3.326219999999999999e+01 4.244924403861045636e-01 4.040162317459057295e-01
6.732580000000000231e-01 1.491109999999999935e+00 1.405219999999999914e+00 1.616319999999999979e+00 1.588870000000000005e+00 8.405369999999999786e-01 9.942630151758209411e-01 9.325817164904428580e-01 1.312429999999999986e+00 9.773644789451894077e-01 2.352524091340035817e-02 nan 6.975335645729374701e-02 7.160739197790000343e-01 4.524156148300000069e-02 1.050851540409999951e-01 5.766420000000000101e+00 1.421400000000000041e+01 1.921640000000000015e+01 2.732979999999999876e+01 4.244924403861045636e-01 4.040162317459057295e-01
4.387690000000000201e-01 1.412959999999999994e+00 1.307330000000000103e+00 1.392309999999999937e+00 1.252389999999999892e+00 3.485630000000000117e-01 9.844512870259101156e-01 9.512909291323813354e-01 1.161769999999999969e+00 9.871828054878872827e-01 3.152208247836496557e-02 nan 5.822311039323224691e-02 7.160739197790000343e-01 4.524156148300000069e-02 1.050851540409999951e-01 5.766420000000000101e+00 1.421400000000000041e+01 1.921640000000000015e+01 2.732979999999999876e+01 4.320545851196833098e-01 4.022785346414056162e-01
3.546179999999999888e-01 1.378649999999999931e+00 1.200280000000000014e+00 1.545409999999999950e+00 1.426779999999999937e+00 5.092780000000000223e-02 9.731539119081885625e-01 9.672174000795097371e-01 1.011120000000000019e+00 9.942764533601575749e-01 4.100970606869047685e-02 nan 4.809875911587457864e-02 6.740942707639999698e-01 6.183582307620000273e-02 1.116031375499999950e-01 7.747510000000000119e+00 1.280160000000000053e+01 1.838710000000000022e+01 2.497719999999999985e+01 4.320545851196833098e-01 4.022785346414056162e-01
8.042719999999999869e-01 1.527770000000000072e+00 1.198250000000000037e+00 1.683370000000000033e+00 1.337919999999999998e+00 8.621669999999999334e-02 9.605914699281089542e-01 9.801806760521026840e-01 8.604600000000000026e-01 9.985650486971298090e-01 5.228461615460722189e-02 nan 3.929967119558130939e-02 6.740942707639999698e-01 6.183582307620000273e-02 1.116031375499999950e-01 7.747510000000000119e+00 1.280160000000000053e+01 1.838710000000000022e+01 2.497719999999999985e+01 4.197344644493148369e-01 4.014510598297388322e-01
-3.062980000000000147e-01 7.516869999999999941e-01 6.490669999999999495e-01 5.080360000000000431e-01 6.198919999999999986e-01 1.015510000000000024e-01 9.436062679063079717e-01 9.900338779535278189e-01 7.098039999999999905e-01 1.000000000000000000e+00 6.562306653618710239e-02 nan 3.173019943932930964e-02 6.592211701360000120e-01 5.739844512069999793e-02 1.228912230340000050e-01 9.573529999999999873e+00 1.635549999999999926e+01 1.945260000000000034e+01 2.525690000000000168e+01 4.197344644493148369e-01 4.014510598297388322e-01
2.648520000000000041e-02 1.200900000000000079e+00 1.387680000000000025e+00 1.134800000000000031e+00 1.216390000000000082e+00 1.306100000000000039e-01 9.230162793025283863e-01 9.966653650691027488e-01 4.084909999999999930e-01 9.985650486971298090e-01 8.127793027740359832e-02 nan 2.528076461162664934e-02 6.592211701360000120e-01 5.739844512069999793e-02 1.228912230340000050e-01 9.573529999999999873e+00 1.635549999999999926e+01 1.945260000000000034e+01 2.525690000000000168e+01 4.309663246660557778e-01 4.269604533238008370e-01
7.755800000000000471e-01 1.520659999999999901e+00 1.100289999999999990e+00 2.200050000000000061e+00 1.628659999999999997e+00 1.199739999999999973e-01 9.000754863608534384e-01 1.000000000000000000e+00 5.591469999999999496e-01 9.942764533601575749e-01 9.947583455327291269e-02 nan 1.982909701103741096e-02 6.010930117899999647e-01 5.515093265939999961e-02 1.669480097490000092e-01 1.024510000000000076e+01 1.720289999999999964e+01 2.100240000000000151e+01 2.369500000000000028e+01 4.309663246660557778e-01 4.269604533238008370e-01
-3.687810000000000255e-01 4.817250000000000143e-01 2.729420000000000179e-01 5.493080000000000185e-01 7.988459999999999450e-01 1.931990000000000096e-01 8.752622193526362615e-01 1.000000000000000000e+00 7.098039999999999905e-01 9.871828054878871717e-01 1.204145928734070559e-01 nan 1.524162183475463728e-02 6.010930117899999647e-01 5.515093265939999961e-02 1.669480097490000092e-01 1.024510000000000076e+01 1.720289999999999964e+01 2.100240000000000151e+01 2.369500000000000028e+01 4.142678537985351461e-01 4.048470164568190865e-01
4.403619999999999757e-01 1.416369999999999907e+00 1.247770000000000046e+00 1.108319999999999972e+00 1.050589999999999913e+00 -9.594940000000000413e-02 8.492480717987115346e-01 9.966653650691027488e-01 8.604600000000000026e-01 9.773644789451894077e-01 1.442609637759062480e-01 nan 1.137497263449027685e-02 6.069413383209999457e-01 4.290917580899999972e-02 1.684941316019999968e-01 1.374119999999999919e+01 2.456650000000000134e+01 2.340830000000000055e+01 2.337699999999999889e+01 4.142678537985351461e-01 4.048470164568190865e-01
-2.476609999999999923e-01 8.842569999999999597e-01 7.974689999999999834e-01 6.500070000000000014e-01 1.029390000000000027e+00 -1.191989999999999994e-01 8.218331157318283786e-01 9.900338779535280409e-01 7.098039999999999905e-01 9.649327192949972432e-01 1.711487613864897117e-01 nan 8.077615715620489745e-03 6.069413383209999457e-01 4.290917580899999972e-02 1.684941316019999968e-01 1.374119999999999919e+01 2.456650000000000134e+01 2.340830000000000055e+01 2.337699999999999889e+01 4.210353153171393359e-01 4.074717665594259630e-01
6.897710000000000230e-01 1.497309999999999919e+00 1.158860000000000001e+00 1.362800000000000011e+00 1.119410000000000016e+00 -8.336860000000000104e-02 7.940373787398589123e-01 9.801806760521026840e-01 5.591469999999999496e-01 9.500283833416263146e-01 2.011773392509815794e-01 nan 5.191567074495750944e-03 5.384131530000000332e-01 5.308043018869999796e-02 1.891282696949999897e-01 1.240649999999999942e+01 2.010630000000000095e+01 2.093149999999999977e+01 1.948910000000000053e+01 4.210353153171393359e-01 4.074717665594259630e-01
-3.967129999999999823e-01 1.857679999999999887e-01 -2.888330000000000064e-01 -9.417430000000000245e-02 3.842559999999999865e-01 -1.514330000000000120e-01 7.674373136448240373e-01 9.672174000795099591e-01 7.098039999999999905e-01 9.328203431668988799e-01 2.344104646199371977e-01 nan 2.554182420328898750e-03 5.384131530000000332e-01 5.308043018869999796e-02 1.891282696949999897e-01 1.240649999999999942e+01 2.010630000000000095e+01 2.093149999999999977e+01 1.948910000000000053e+01 4.019274864220526711e-01 4.091068567872794270e-01
-3.835870000000000113e-01 3.641190000000000260e-01 4.741890000000000341e-03 -1.406080000000000090e-03 3.490610000000000102e-01 -2.042799999999999894e-01 7.422592318800629307e-01 9.512909291323814465e-01 5.591469999999999496e-01 9.135035727419785756e-01 2.708755959402137092e-01 nan 0.000000000000000000e+00 5.598432894810000393e-01 6.279779010149999507e-02 1.721794539879999975e-01 8.280219999999999914e+00 2.409890000000000043e+01 1.870629999999999882e+01 1.710610000000000142e+01 4.019274864220526711e-01 4.091068567872794270e-01
4.736529999999999907e-01 1.425529999999999964e+00 1.111459999999999892e+00 9.572000000000000508e-01 1.089089999999999892e+00 -1.426179999999999948e-01 7.190658088011873117e-01 9.325817164904429690e-01 1.161769999999999969e+00 8.922969387943697761e-01 3.052811188754422922e-01 nan 2.554182420328898750e-03 5.598432894810000393e-01 6.279779010149999507e-02 1.721794539879999975e-01 8.280219999999999914e+00 2.409890000000000043e+01 1.870629999999999882e+01 1.710610000000000142e+01 4.099401203666677151e-01 4.079649415471793272e-01
-3.786080000000000001e-01 4.214080000000000048e-01 1.779030000000000056e-01 -3.710620000000000029e-01 1.137299999999999978e-01 -9.625590000000000535e-02 6.985369807339149029e-01 9.113017450087498306e-01 8.604600000000000026e-01 8.694407209604395614e-01 3.426917333347996308e-01 nan 5.191567074495750944e-03 5.964406861440000318e-01 5.355895195649999774e-02 1.888222061170000132e-01 1.418019999999999925e+01 2.375489999999999924e+01 2.168769999999999953e+01 2.157359999999999900e+01 4.099401203666677151e-01 4.079649415471793272e-01
-7.743990000000000595e-02 1.111050000000000093e+00 9.920529999999999626e-01 7.528909999999999769e-01 9.579830000000000290e-01 -2.221539999999999904e-01 6.815248004414782290e-01 8.876921252672347329e-01 4.084909999999999930e-01 8.423382165029718038e-01 3.826835621079381911e-01 nan 8.077615715620489745e-03 5.964406861440000318e-01 5.355895195649999774e-02 1.888222061170000132e-01 1.418019999999999925e+01 2.375489999999999924e+01 2.168769999999999953e+01 2.157359999999999900e+01 4.089429700905533593e-01 4.036058042393190215e-01
-1.098360000000000031e-01 1.081839999999999913e+00 7.660179999999999767e-01 8.427700000000000191e-01 5.961199999999999832e-01 -1.009379999999999999e-01 6.685107723937766533e-01 8.620203636914942624e-01 4.084909999999999930e-01 8.138505793957012679e-01 4.248034817949342123e-01 nan 1.137497263449027685e-02 6.117410255559999621e-01 4.305511629270000057e-02 2.100367289839999985e-01 1.299520000000000053e+01 2.075369999999999848e+01 2.002080000000000126e+01 2.542490000000000094e+01 4.089429700905533593e-01 4.036058042393190215e-01
-3.494709999999999761e-01 5.825449999999999795e-01 5.497030000000000527e-01 4.690179999999999905e-01 6.575109999999999566e-01 -6.498840000000000172e-02 6.596729694632963437e-01 8.345773315980975493e-01 2.578349999999999809e-01 7.840890735257859401e-01 4.685742568754681647e-01 nan 1.524162183475463728e-02 6.117410255559999621e-01 4.305511629270000057e-02 2.100367289839999985e-01 1.299520000000000053e+01 2.075369999999999848e+01 2.002080000000000126e+01 2.542490000000000094e+01 4.310827432262113179e-01 4.126318994849796917e-01
2.959689999999999890e-02 1.200609999999999955e+00 1.092160000000000020e+00 1.441810000000000036e+00 1.065989999999999993e+00 -9.415600000000000358e-02 6.554855983770382366e-01 8.056739695063415141e-01 1.011120000000000019e+00 7.531793962224766492e-01 5.134999469779633063e-01 nan 1.982909701103741096e-02 6.295584229770000428e-01 4.246450426989999832e-02 2.023327427980000093e-01 5.508280000000000065e+00 1.724080000000000013e+01 2.166450000000000031e+01 3.170860000000000056e+01 4.310827432262113179e-01 4.126318994849796917e-01
-2.440329999999999999e-01 8.907610000000000250e-01 4.609699999999999909e-01 9.257349999999999746e-01 1.086580000000000101e+00 -5.074979999999999769e-02 6.547379251228488961e-01 7.741384242543474237e-01 1.011120000000000019e+00 7.212602540561505737e-01 5.590715260821632615e-01 nan 2.272658219129775059e-02 6.295584229770000428e-01 4.246450426989999832e-02 2.023327427980000093e-01 5.508280000000000065e+00 1.724080000000000013e+01 2.166450000000000031e+01 3.170860000000000056e+01 4.300754695970399055e-01 4.156339781017066581e-01
7.293349999999999556e-01 1.507139999999999924e+00 1.171720000000000095e+00 1.777689999999999992e+00 1.346870000000000012e+00 -9.035289999999999988e-02 6.544035466647666333e-01 7.401696538359189281e-01 4.084909999999999930e-01 6.884817912374449067e-01 6.047726499873387063e-01 nan 2.653863236483366972e-02 5.701273514439999524e-01 6.248306897150000122e-02 1.968359717070000126e-01 1.804830000000000112e+01 2.462190000000000012e+01 3.004029999999999845e+01 3.809960000000000235e+01 4.300754695970399055e-01 4.156339781017066581e-01
-2.714929999999999843e-01 8.370750000000000135e-01 8.689019999999999522e-01 3.579280000000000239e-01 8.959190000000000209e-01 -1.416939999999999866e-01 6.557753340091938554e-01 7.053824731750489851e-01 2.578349999999999809e-01 6.550038884233548853e-01 6.500855066984010389e-01 nan 3.122205547996081965e-02 5.701273514439999524e-01 6.248306897150000122e-02 1.968359717070000126e-01 1.804830000000000112e+01 2.462190000000000012e+01 3.004029999999999845e+01 3.809960000000000235e+01 4.037547516488411148e-01 3.862553123882909167e-01
7.202029999999999543e-02 1.230620000000000047e+00 1.115240000000000009e+00 2.630910000000000193e-01 6.873230000000000173e-01 -2.014160000000000117e-01 6.618179895644659139e-01 6.699489303552988995e-01 7.098039999999999905e-01 6.209943512055058346e-01 6.944966834427153124e-01 nan 3.672378648138430179e-02 5.357382453650000320e-01 6.186449144689999680e-02 2.114997317239999952e-01 1.188269999999999982e+01 3.122019999999999840e+01 3.392430000000000234e+01 4.414110000000000156e+01 4.037547516488411148e-01 3.862553123882909167e-01
-2.824229999999999796e-01 8.085099999999999509e-01 8.051040000000000418e-01 6.324870000000000214e-01 6.928980000000000139e-01 -2.530910000000000104e-01 6.723843873911069524e-01 6.340483970017630755e-01 1.764399999999999968e+00 5.866270088057476961e-01 7.375029838419626671e-01 nan 4.553567097880650838e-02 5.357382453650000320e-01 6.186449144689999680e-02 2.114997317239999952e-01 1.188269999999999982e+01 3.122019999999999840e+01 3.392430000000000234e+01 4.414110000000000156e+01 3.991992427731912985e-01 3.674650143649628165e-01
1.046399999999999969e-01 1.250960000000000072e+00 9.980620000000000047e-01 1.107920000000000016e+00 6.869899999999999896e-01 -2.181200000000000083e-01 6.870096259026843288e-01 5.978655359288838067e-01 1.312429999999999986e+00 5.520797445216137911e-01 7.786171293281737293e-01 nan 5.511582652075197597e-02 4.600083055340000171e-01 8.773918726019999670e-02 2.147988040419999967e-01 2.632229999999999848e+01 4.277920000000000300e+01 4.913689999999999714e+01 4.928849999999999909e+01 3.991992427731912985e-01 3.674650143649628165e-01
-4.001149999999999984e-01 1.144680000000000003e-01 -2.321030000000000038e-01 1.526069999999999927e-01 4.219629999999999770e-01 -3.006139999999999923e-01 7.051893391578403225e-01 5.615882088369759106e-01 1.071779999999999955e-01 5.175324802374798860e-01 8.173732802046108636e-01 nan 6.555105049199194678e-02 4.600083055340000171e-01 8.773918726019999670e-02 2.147988040419999967e-01 2.632229999999999848e+01 4.277920000000000300e+01 4.913689999999999714e+01 4.928849999999999909e+01 3.269792420645566411e-01 3.055037004673577528e-01
-5.075749999999999706e-02 1.137420000000000098e+00 1.337509999999999977e+00 1.201310000000000100e+00 1.236499999999999932e+00 -2.815199999999999925e-01 7.263344538994973565e-01 5.254053477640967529e-01 4.084909999999999930e-01 4.831651378377218586e-01 8.533323137956718707e-01 nan 7.691845201032576629e-02 3.771940959719999875e-01 1.565706599789999931e-01 1.661770859720000104e-01 1.208660000000000068e+01 5.271269999999999811e+01 6.038989999999999725e+01 5.767249999999999943e+01 3.269792420645566411e-01 3.055037004673577528e-01
2.919669999999999765e-01 1.352279999999999927e+00 1.317970000000000086e+00 2.313790000000000013e+00 1.807290000000000063e+00 -2.349839999999999984e-01 7.498365573276597473e-01 4.895048144105609289e-01 1.161769999999999969e+00 4.491556006198726969e-01 8.860867998822692382e-01 nan 8.928457824946489652e-02 3.771940959719999875e-01 1.565706599789999931e-01 1.661770859720000104e-01 1.208660000000000068e+01 5.271269999999999811e+01 6.038989999999999725e+01 5.767249999999999943e+01 4.569985270521302878e-01 3.975420688194251095e-01
-4.008109999999999729e-01 1.373040000000000094e-01 7.539809999999999568e-02 4.265930000000000000e-01 5.455689999999999706e-01 -2.932060000000000222e-01 7.751042320209406977e-01 4.540712715908108432e-01 5.591469999999999496e-01 4.156776978057826755e-01 9.152656170490134357e-01 nan 1.027046604329640012e-01 3.486467566059999745e-01 1.853124512790000067e-01 1.631275727700000067e-01 3.283829999999999671e+01 4.807920000000000016e+01 5.708850000000000335e+01 5.469409999999999883e+01 4.569985270521302878e-01 3.975420688194251095e-01
-4.063629999999999742e-01 -3.126589999999999925e-02 1.212389999999999995e-01 2.028610000000000135e-01 -1.499630000000000130e-01 -2.924619999999999997e-01 8.015041617368670046e-01 4.192840909299409002e-01 1.071779999999999955e-01 3.828992349870768974e-01 9.405381576381413034e-01 nan 1.172219880423885918e-01 3.486467566059999745e-01 1.853124512790000067e-01 1.631275727700000067e-01 3.283829999999999671e+01 4.807920000000000016e+01 5.708850000000000335e+01 5.469409999999999883e+01 5.633949676811953466e-01 8.505017807257948537e-01
-3.160789999999999988e-01 7.166660000000000252e-01 1.118470000000000075e+00 7.964799999999999658e-01 6.869250000000000078e-01 -3.040070000000000272e-01 8.283825265387404491e-01 3.853153205115124047e-01 -4.347800000000000276e-02 3.509800928207509330e-01 9.616180736663831885e-01 nan 1.328674183301916667e-01 3.293854238319999794e-01 2.739765918029999914e-01 1.300412380239999999e-01 1.064710000000000001e+01 4.245729999999999649e+01 4.928540000000000276e+01 4.891290000000000049e+01 5.633949676811953466e-01 8.505017807257948537e-01
-1.263259999999999939e-01 1.060859999999999914e+00 1.567890000000000006e+00 2.117440000000000211e+00 1.480760000000000076e+00 -3.126869999999999927e-01 8.551120524311808246e-01 3.523277355040195236e-01 2.578349999999999809e-01 3.200704155174416421e-01 9.782665212620319517e-01 nan 1.496590266947130932e-01 3.293854238319999794e-01 2.739765918029999914e-01 1.300412380239999999e-01 1.064710000000000001e+01 4.245729999999999649e+01 4.928540000000000276e+01 4.891290000000000049e+01 4.509397002475158400e-01 3.607525386927222799e-01
-3.509579999999999922e-01 5.783179999999999987e-01 7.198280000000000234e-01 1.516270000000000007e+00 8.668120000000000269e-01 -3.059879999999999822e-01 8.810524532917959339e-01 3.204729938531887257e-01 4.084909999999999930e-01 2.903089096475263142e-01 9.902948668614469652e-01 nan 1.676019018786938375e-01 2.320858232809999977e-01 4.287567558420000147e-01 9.051545970869999402e-02 2.223189999999999955e+01 3.151249999999999929e+01 4.184660000000000224e+01 4.890780000000000172e+01 4.509397002475158400e-01 3.607525386927222799e-01
-4.111159999999999815e-01 -2.321630000000000082e-01 -9.686649999999999427e-02 -2.510620000000000074e-01 -2.492729999999999946e-01 -3.511670000000000069e-01 9.055880804511482474e-01 2.898899179368543688e-01 -4.954470000000000263e-01 2.618212725402558894e-01 9.975668245027037306e-01 nan 1.866880883117876255e-01 2.320858232809999977e-01 4.287567558420000147e-01 9.051545970869999402e-02 2.223189999999999955e+01 3.151249999999999929e+01 4.184660000000000224e+01 4.890780000000000172e+01 5.267636146444425460e-01 9.228727277541671770e-01
-4.107739999999999725e-01 -2.496980000000000033e-01 -1.491439999999999988e-01 -8.267439999999999511e-02 -4.178390000000000160e-01 -3.328249999999999820e-01 9.281279571997071987e-01 2.607029216519468617e-01 -4.954470000000000263e-01 2.347187680827880207e-01 1.000000000000000000e+00 nan 2.068966762503520185e-01 2.628375952399999993e-01 4.331028396480000042e-01 9.185904421660000263e-02 1.622070000000000078e+01 3.012539999999999907e+01 4.017549999999999955e+01 5.019489999999999696e+01 5.267636146444425460e-01 9.228727277541671770e-01
-3.719259999999999788e-01 4.516919999999999824e-01 7.099410000000000442e-01 4.022709999999999897e-01 4.437699999999999978e-01 -3.383039999999999936e-01 9.480839095024337082e-01 2.330206007553278225e-01 -3.447910000000000141e-01 2.090969660558879006e-01 9.975668245027037306e-01 nan 2.281940386931980980e-01 2.628375952399999993e-01 4.331028396480000042e-01 9.185904421660000263e-02 1.622070000000000078e+01 3.012539999999999907e+01 4.017549999999999955e+01 5.019489999999999696e+01 5.271078086483804714e-01 8.472117408746078215e-01
-2.339700000000000113e-01 9.091900000000000537e-01 1.482399999999999940e+00 6.005660000000000442e-01 4.746210000000000151e-01 -3.212700000000000000e-01 9.648954987531628280e-01 2.069345024304712899e-01 -4.954470000000000263e-01 1.850346592901230824e-01 9.902948668614469652e-01 nan 2.505342123889519046e-01 3.124408609500000100e-01 3.814344529450000021e-01 8.289880415189999907e-02 1.202570000000000050e+01 2.938569999999999993e+01 4.018730000000000047e+01 4.786970000000000169e+01 5.271078086483804714e-01 8.472117408746078215e-01
-3.520050000000000123e-01 5.690990000000000215e-01 9.440410000000000190e-01 5.019010000000000415e-01 6.220480000000000453e-01 -3.261040000000000050e-01 9.780781924733910060e-01 1.825180880212956547e-01 -4.954470000000000263e-01 1.625929709116101796e-01 9.782665212620319517e-01 nan 2.738594186180575152e-01 3.124408609500000100e-01 3.814344529450000021e-01 8.289880415189999907e-02 1.202570000000000050e+01 2.938569999999999993e+01 4.018730000000000047e+01 4.786970000000000169e+01 4.948851758679509993e-01 7.665892150242947789e-01
-4.132830000000000115e-01 -4.438770000000000215e-01 -3.892349999999999977e-01 -1.061760000000000065e-01 -3.574129999999999807e-01 -2.697350000000000025e-01 9.875282801885750805e-01 1.598259006857821740e-01 -3.447910000000000141e-01 1.418146617925715169e-01 9.616180736663831885e-01 nan 2.981007178487566911e-01 3.826795984799999939e-01 2.814698230189999761e-01 9.824968728529999418e-02 2.212549999999999883e+01 3.092160000000000153e+01 3.670430000000000348e+01 4.737069999999999936e+01 4.948851758679509993e-01 7.665892150242947789e-01
-4.132210000000000050e-01 -4.210729999999999751e-01 -1.752589999999999981e-01 -2.207099999999999895e-01 -5.407929999999999682e-01 -2.677370000000000028e-01 9.937920943613068880e-01 1.388929474002019715e-01 -7.967600000000000238e-01 1.227236460535674478e-01 9.405381576381413034e-01 nan 3.231787908495316053e-01 3.826795984799999939e-01 2.814698230189999761e-01 9.824968728529999418e-02 2.212549999999999883e+01 3.092160000000000153e+01 3.670430000000000348e+01 4.737069999999999936e+01 1.538294113776365046e-01 4.373700864545684297e-01
-3.790640000000000120e-01 3.996170000000000000e-01 7.701879999999999837e-01 -2.326199999999999934e-01 -2.670449999999999768e-01 -2.522400000000000198e-01 9.970669512185782457e-01 1.197343023160855058e-01 -7.967600000000000238e-01 1.053247201069540395e-01 9.152656170490135468e-01 nan 3.490048374076913928e-01 3.530898292569999986e-01 1.821155582850000065e-01 1.016886736019999987e-01 1.422990000000000066e+01 4.129090000000000060e+01 4.951619999999999777e+01 4.739000000000000057e+01 1.538294113776365046e-01 4.373700864545684297e-01
1.612460000000000004e-01 1.285940000000000083e+00 1.794229999999999992e+00 5.652070000000000149e-01 5.791100000000000136e-01 -2.553599999999999759e-01 9.963706561649747773e-01 1.023449359640635770e-01 -6.461029999999999829e-01 8.960350831161489893e-02 8.860867998822694602e-01 nan 3.754815824712647299e-01 3.530898292569999986e-01 1.821155582850000065e-01 1.016886736019999987e-01 1.422990000000000066e+01 4.129090000000000060e+01 4.951619999999999777e+01 4.739000000000000057e+01 1.824228220871317863e-01 4.367047967059883851e-01
-3.374019999999999797e-01 6.496049999999999880e-01 1.116149999999999975e+00 1.341900000000000037e-01 5.837200000000000027e-02 -2.959430000000000116e-01 9.909723102999333788e-01 8.669977223976432779e-02 1.071779999999999955e-01 7.552662585471903167e-02 8.533323137956719817e-01 nan 4.025043783142082665e-01 2.515882284259999824e-01 1.251023750670000045e-01 8.983186124729999888e-02 2.761739999999999995e+01 5.805279999999999774e+01 5.876239999999999952e+01 5.844180000000000064e+01 1.824228220871317863e-01 4.367047967059883851e-01
-4.113620000000000054e-01 -2.911460000000000159e-01 1.678920000000000065e-02 1.540650000000000075e-01 -1.359660000000000035e-01 -3.999759999999999982e-01 9.809330790391744825e-01 7.275397252609561161e-02 1.463090000000000002e+00 6.304205701499021597e-02 8.173732802046109747e-01 nan 4.299623902369575923e-01 2.515882284259999824e-01 1.251023750670000045e-01 8.983186124729999888e-02 2.761739999999999995e+01 5.805279999999999774e+01 5.876239999999999952e+01 5.844180000000000064e+01 6.411929359242367621e-01 8.209642398485390569e-01
-4.140159999999999951e-01 -5.729680000000000328e-01 -4.238450000000000273e-01 2.374090000000000089e-01 -6.855809999999999682e-02 -4.013820000000000165e-01 9.663667108843556619e-01 6.044344373269350257e-02 2.065710000000000157e+00 5.207974452161379109e-02 7.786171293281737293e-01 nan 4.577398523678603004e-01 1.783894238070000138e-01 8.614176974329999792e-02 7.755083911689999998e-02 2.592770000000000152e+01 5.557979999999999876e+01 6.630530000000000257e+01 5.910819999999999652e+01 6.411929359242367621e-01 8.209642398485390569e-01
-4.137589999999999879e-01 -5.225170000000000092e-01 -7.286970000000000391e-01 -8.645410000000000594e-02 6.142439999999999706e-02 -4.003729999999999789e-01 9.474382486070963560e-01 4.968556449624650373e-02 2.065710000000000157e+00 4.255238333110755722e-02 7.375029838419626671e-01 nan 4.857173793367601800e-01 1.783894238070000138e-01 8.614176974329999792e-02 7.755083911689999998e-02 2.592770000000000152e+01 5.557979999999999876e+01 6.630530000000000257e+01 5.910819999999999652e+01 5.755075596138952143e-01 4.815009731103785384e-01
-4.142179999999999751e-01 -5.400559999999999805e-01 -7.111089999999999911e-01 2.610780000000000045e-02 5.141650000000000213e-03 -3.993920000000000248e-01 9.243621592484279059e-01 4.038012131355528389e-02 5.591469999999999496e-01 3.435640982835108659e-02 6.944966834427153124e-01 nan 5.137733189589441807e-01 1.526615612739999905e-01 8.794910081310000627e-02 5.899371408609999784e-02 2.295299999999999940e+01 5.372549999999999670e+01 6.066299999999999670e+01 6.038369999999999749e+01 5.755075596138952143e-01 4.815009731103785384e-01
-4.132469999999999755e-01 -3.685510000000000175e-01 -3.270859999999999879e-01 -1.186500000000000055e-01 -1.853730000000000100e-01 -3.926810000000000023e-01 8.973999041215212635e-01 3.241044400056769526e-02 -1.941340000000000010e-01 2.737317524372540056e-02 6.500855066984010389e-01 nan 5.417851306030061487e-01 1.526615612739999905e-01 8.794910081310000627e-02 5.899371408609999784e-02 2.295299999999999940e+01 5.372549999999999670e+01 6.066299999999999670e+01 6.038369999999999749e+01 5.737410345054488880e-01 5.127960704876144415e-01
-4.133669999999999844e-01 -4.434810000000000141e-01 -3.784159999999999746e-01 -8.805730000000000501e-02 -4.443110000000000115e-02 -3.914320000000000022e-01 8.668569763505349357e-01 2.564472761218283825e-02 1.463090000000000002e+00 2.147028999108402392e-02 6.047726499873387063e-01 nan 5.696307736251638998e-01 1.439758838319999956e-01 8.285852893160000621e-02 6.920298146110000215e-02 3.191310000000000002e+01 4.808379999999999654e+01 5.472529999999999717e+01 5.247699999999999676e+01 5.737410345054488880e-01 5.127960704876144415e-01
-4.132390000000000230e-01 -4.073089999999999766e-01 -3.351160000000000250e-01 1.785690000000000055e-01 1.612169999999999992e-01 -3.922249999999999903e-01 8.330794395114488049e-01 1.993752584494568048e-02 1.463090000000000002e+00 1.650312369466289120e-02 5.590715260821632615e-01 nan 5.971900901385194249e-01 1.439758838319999956e-01 8.285852893160000621e-02 6.920298146110000215e-02 3.191310000000000002e+01 4.808379999999999654e+01 5.472529999999999717e+01 5.247699999999999676e+01 6.394517191984327997e-01 8.147714183580252456e-01
-4.071069999999999967e-01 3.121410000000000157e-02 1.134270000000000000e-01 4.178049999999999820e-01 2.931050000000000044e-01 -3.856319999999999748e-01 7.964500065934687623e-01 1.513139900178239738e-02 -4.954470000000000263e-01 1.231644390902975061e-02 5.134999469779633063e-01 nan 6.243461664499299069e-01 1.480864442410000092e-01 7.119859190730000453e-02 6.773837108510000204e-02 1.525629999999999953e+01 3.649210000000000065e+01 4.147039999999999793e+01 4.240599999999999881e+01 6.394517191984327997e-01 8.147714183580252456e-01
-4.092060000000000142e-01 -6.449779999999999403e-02 3.654650000000000259e-02 4.643010000000000193e-01 3.183190000000000186e-01 -3.939170000000000171e-01 7.573837037079339529e-01 1.105869784667845579e-02 1.071779999999999955e-01 8.746174964718522737e-03 4.685742568754682758e-01 nan 6.509866577388665476e-01 1.480864442410000092e-01 7.119859190730000453e-02 6.773837108510000204e-02 1.525629999999999953e+01 3.649210000000000065e+01 4.147039999999999793e+01 4.240599999999999881e+01 6.507443195335158581e-01 7.868855172048563329e-01
-4.149539999999999895e-01 -7.120090000000000030e-01 -8.662659999999999805e-01 2.396230000000000027e-01 -3.121319999999999997e-02 -3.980159999999999809e-01 7.163231676766405043e-01 7.543463137511086103e-03 1.312429999999999986e+00 5.621257011125702086e-03 4.248034817949343234e-01 nan 6.770050609691231625e-01 1.296088636309999931e-01 5.885859741260000139e-02 5.042663035600000038e-02 2.355339999999999989e+01 3.858500000000000085e+01 4.150460000000000349e+01 3.921690000000000254e+01 6.507443195335158581e-01 7.868855172048563329e-01
-4.150070000000000148e-01 -7.302929999999999700e-01 -8.213190000000000213e-01 -8.313969999999999694e-02 -2.668579999999999841e-01 -3.972829999999999973e-01 6.737336307797804347e-01 4.403419314573553400e-03 7.098039999999999905e-01 2.765584192969794408e-03 3.826835621079383021e-01 nan 7.023019216107719842e-01 1.296088636309999931e-01 5.885859741260000139e-02 5.042663035600000038e-02 2.355339999999999989e+01 3.858500000000000085e+01 4.150460000000000349e+01 3.921690000000000254e+01 7.919752180317164436e-01 9.117944949755729667e-01
-4.151320000000000010e-01 -8.683309999999999640e-01 -7.393960000000000532e-01 1.783770000000000078e-01 -1.610250000000000015e-01 -3.979650000000000132e-01 6.300976494883107071e-01 1.452039755499012763e-03 1.463090000000000002e+00 0.000000000000000000e+00 3.426917333347997419e-01 nan 7.267859604997277678e-01 1.300129186320000130e-01 6.946440447580000399e-02 5.340681876520000232e-02 1.412069999999999936e+01 3.142749999999999844e+01 3.665829999999999700e+01 3.497849999999999682e+01 7.919752180317164436e-01 9.117944949755729667e-01
-4.107709999999999972e-01 -1.622609999999999886e-01 -1.246200000000000085e-02 1.788109999999999977e-01 -9.746970000000000633e-02 -3.887639999999999985e-01 5.859096369063172549e-01 0.000000000000000000e+00 4.084909999999999930e-01 0.000000000000000000e+00 3.052811188754424032e-01 nan 7.503751080671505758e-01 1.300129186320000130e-01 6.946440447580000399e-02 5.340681876520000232e-02 1.412069999999999936e+01 3.142749999999999844e+01 3.665829999999999700e+01 3.497849999999999682e+01 7.935291527259658029e-01 9.001966080152521421e-01
-4.106870000000000243e-01 -1.474310000000000065e-01 -4.136349999999999749e-02 1.577979999999999938e-01 -1.522739999999999927e-01 -3.742440000000000211e-01 5.416702608729876411e-01 0.000000000000000000e+00 -7.967600000000000238e-01 0.000000000000000000e+00 2.708755959402138203e-01 nan 7.729974342204538607e-01 1.714930122649999944e-01 6.282093579399999905e-02 5.662239753529999670e-02 1.006310000000000038e+01 1.917000000000000171e+01 2.303879999999999839e+01 2.573199999999999932e+01 7.935291527259658029e-01 9.001966080152521421e-01
-4.149900000000000255e-01 -7.071279999999999788e-01 -9.054039999999999866e-01 -2.072730000000000128e-01 -1.138200000000000045e-01 -3.665619999999999989e-01 4.978807711959375437e-01 0.000000000000000000e+00 -4.954470000000000263e-01 0.000000000000000000e+00 2.344104646199373088e-01 nan 7.945919633399949333e-01 1.714930122649999944e-01 6.282093579399999905e-02 5.662239753529999670e-02 1.006310000000000038e+01 1.917000000000000171e+01 2.303879999999999839e+01 2.573199999999999932e+01 7.625871241072467166e-01 8.570818604281685849e-01
-4.124349999999999961e-01 -2.667030000000000234e-01 -2.495630000000000071e-01 2.358320000000000138e-01 -1.281710000000000071e-01 -3.605499999999999816e-01 4.550373202906000669e-01 0.000000000000000000e+00 -1.098070000000000102e+00 0.000000000000000000e+00 2.011773392509816905e-01 nan 8.151093651572112186e-01 1.470062508430000081e-01 8.433591818409999497e-02 5.106380841119999986e-02 8.433740000000000236e+00 1.422139999999999915e+01 1.905270000000000152e+01 2.382489999999999952e+01 7.625871241072467166e-01 8.570818604281685849e-01
-4.075810000000000266e-01 2.733350000000000016e-02 1.002949999999999953e-01 2.005710000000000132e-02 -1.488740000000000063e-01 -3.474369999999999958e-01 4.136253415751072193e-01 0.000000000000000000e+00 -1.399380000000000068e+00 0.000000000000000000e+00 1.711487613864898227e-01 nan 8.345125136862727722e-01 1.470062508430000081e-01 8.433591818409999497e-02 5.106380841119999986e-02 8.433740000000000236e+00 1.422139999999999915e+01 1.905270000000000152e+01 2.382489999999999952e+01 8.067806218775782634e-01 9.044564483457123716e-01
-4.005569999999999964e-01 2.172650000000000137e-01 3.721459999999999768e-01 4.515689999999999982e-01 -9.021479999999999777e-02 -3.574579999999999980e-01 3.741140493156924762e-01 0.000000000000000000e+00 -1.399380000000000068e+00 0.000000000000000000e+00 1.442609637759063590e-01 nan 8.527769078763383082e-01 1.382000049150000076e-01 1.016580935440000028e-01 5.328999893769999913e-02 6.933790000000000120e+00 1.363460000000000072e+01 1.566810000000000080e+01 1.987349999999999994e+01 8.067806218775782634e-01 9.044564483457123716e-01
-4.078510000000000191e-01 1.219119999999999926e-02 8.812230000000000063e-02 -1.831119999999999970e-01 -1.977069999999999939e-01 -3.828599999999999781e-01 3.369511222415663143e-01 0.000000000000000000e+00 -1.399380000000000068e+00 0.000000000000000000e+00 1.204145928734070559e-01 nan 8.698909492182500536e-01 1.382000049150000076e-01 1.016580935440000028e-01 5.328999893769999913e-02 6.933790000000000120e+00 1.363460000000000072e+01 1.566810000000000080e+01 1.987349999999999994e+01 7.878297049548751430e-01 9.610457957659770400e-01
-4.075269999999999726e-01 1.877490000000000062e-02 1.429960000000000120e-01 3.505570000000000214e-02 -2.324730000000000130e-01 -3.906729999999999925e-01 2.994471468856457763e-01 0.000000000000000000e+00 -1.399380000000000068e+00 0.000000000000000000e+00 9.947583455327291269e-02 nan 8.858560731602777016e-01 1.324304664890000038e-01 8.552284991149999849e-02 5.024686316149999665e-02 6.256179999999999630e+00 1.191389999999999993e+01 1.460749999999999993e+01 2.153209999999999980e+01 7.878297049548751430e-01 9.610457957659770400e-01
-4.141029999999999989e-01 -4.958449999999999802e-01 -4.559770000000000212e-01 5.203599999999999892e-02 -3.940719999999999779e-01 -3.931819999999999760e-01 2.617395201315682041e-01 0.000000000000000000e+00 -3.447910000000000141e-01 0.000000000000000000e+00 8.127793027740359832e-02 nan 9.006867328439156495e-01 1.324304664890000038e-01 8.552284991149999849e-02 5.024686316149999665e-02 6.256179999999999630e+00 1.191389999999999993e+01 1.460749999999999993e+01 2.153209999999999980e+01 7.289522835753659002e-01 8.687459453734229786e-01
-4.149010000000000198e-01 -7.460700000000000109e-01 -6.045690000000000230e-01 1.502870000000000039e-01 -2.397700000000000109e-01 -3.967149999999999843e-01 2.274811004590303609e-01 0.000000000000000000e+00 -4.347800000000000276e-02 0.000000000000000000e+00 6.562306653618710239e-02 nan 9.144102353440146658e-01 1.350773509479999968e-01 7.286335535509999572e-02 5.030563750269999995e-02 1.322809999999999953e+01 1.768659999999999854e+01 2.037229999999999919e+01 2.189969999999999928e+01 7.289522835753659002e-01 8.687459453734229786e-01
-4.136179999999999857e-01 -4.111799999999999899e-01 -4.688289999999999957e-01 7.662960000000000604e-02 -3.496250000000000191e-01 -3.904920000000000058e-01 1.964729149312772760e-01 0.000000000000000000e+00 -7.967600000000000238e-01 0.000000000000000000e+00 5.228461615460722189e-02 nan 9.270664322687125480e-01 1.350773509479999968e-01 7.286335535509999572e-02 5.030563750269999995e-02 1.322809999999999953e+01 1.768659999999999854e+01 2.037229999999999919e+01 2.189969999999999928e+01 9.681468696061512613e-02 5.888840343699939250e-01
-4.121830000000000216e-01 -2.462920000000000109e-01 -1.991559999999999997e-01 -3.776249999999999885e-01 -3.806919999999999749e-01 -3.907959999999999767e-01 1.680567950402134247e-01 0.000000000000000000e+00 -1.098070000000000102e+00 0.000000000000000000e+00 4.100970606869047685e-02 nan 9.387072682247903366e-01 1.267839434889999894e-01 5.509041863420000018e-02 5.145445287219999747e-02 9.247830000000000439e+00 2.083840000000000003e+01 1.847469999999999857e+01 2.404769999999999897e+01 9.681468696061512613e-02 5.888840343699939250e-01
-4.132020000000000137e-01 -3.441699999999999759e-01 -3.315259999999999874e-01 -2.749309999999999810e-01 -3.697710000000000163e-01 -3.937550000000000217e-01 1.423318069667675045e-01 0.000000000000000000e+00 -1.098070000000000102e+00 0.000000000000000000e+00 3.152208247836496557e-02 nan 9.493961922645212104e-01 1.267839434889999894e-01 5.509041863420000018e-02 5.145445287219999747e-02 9.247830000000000439e+00 2.083840000000000003e+01 1.847469999999999857e+01 2.404769999999999897e+01 8.631575750520086299e-01 6.699831857118270229e-01
-4.143749999999999933e-01 -5.324879999999999614e-01 -5.737510000000000110e-01 -1.370540000000000092e-01 -4.873120000000000229e-01 -4.003189999999999804e-01 1.191991573402054749e-01 0.000000000000000000e+00 -1.098070000000000102e+00 0.000000000000000000e+00 2.352524091340035817e-02 nan 9.592074389825547831e-01 1.542395546620000113e-01 6.390347306049999621e-02 5.750529563469999883e-02 2.441300000000000026e+01 2.510290000000000177e+01 2.501749999999999829e+01 2.216420000000000101e+01 8.631575750520086299e-01 6.699831857118270229e-01
-4.142609999999999904e-01 -5.488520000000000065e-01 -5.424860000000000237e-01 -8.104369999999999630e-02 -4.891440000000000232e-01 -3.990429999999999811e-01 9.944385499705998832e-02 0.000000000000000000e+00 -4.954470000000000263e-01 0.000000000000000000e+00 1.670578574753256440e-02 nan 9.682251874082981047e-01 1.542395546620000113e-01 6.390347306049999621e-02 5.750529563469999883e-02 2.441300000000000026e+01 2.510290000000000177e+01 2.501749999999999829e+01 2.216420000000000101e+01 6.517009763974023207e-01 5.780176351431862702e-01
-4.144229999999999858e-01 -5.905789999999999651e-01 -5.093839999999999479e-01 -1.790009999999999935e-01 -4.864859999999999740e-01 -4.002120000000000122e-01 8.262496950924447248e-02 0.000000000000000000e+00 5.591469999999999496e-01 0.000000000000000000e+00 1.073698109613618890e-02 nan 9.765426072238752031e-01 1.532179935880000066e-01 9.918393675969999768e-02 5.875390786439999707e-02 1.451329999999999920e+01 2.910569999999999879e+01 2.649239999999999995e+01 2.570019999999999882e+01 6.517009763974023207e-01 5.780176351431862702e-01
-4.147540000000000115e-01 -6.744259999999999700e-01 -5.918160000000000087e-01 -2.515379999999999838e-01 -4.437130000000000241e-01 -3.980929999999999747e-01 6.767251281327069101e-02 0.000000000000000000e+00 -3.447910000000000141e-01 0.000000000000000000e+00 5.282452864353914812e-03 nan 9.842608031144008951e-01 1.532179935880000066e-01 9.918393675969999768e-02 5.875390786439999707e-02 1.451329999999999920e+01 2.910569999999999879e+01 2.649239999999999995e+01 2.570019999999999882e+01 7.125018348577416560e-01 8.037560736651176985e-01
-4.128310000000000035e-01 -3.216100000000000070e-01 -2.133130000000000026e-01 -2.172300000000000064e-01 -4.948069999999999968e-01 -3.966850000000000098e-01 5.481232543072844798e-02 0.000000000000000000e+00 -1.248729999999999896e+00 0.000000000000000000e+00 0.000000000000000000e+00 nan 9.914876692114981127e-01 1.505848942209999930e-01 8.968148542050000116e-02 7.244563910470000478e-02 1.475859999999999950e+01 2.989120000000000132e+01 2.837049999999999983e+01 2.530039999999999978e+01 7.125018348577416560e-01 8.037560736651176985e-01
-4.153939999999999855e-01 -1.001630000000000020e+00 -8.288290000000000379e-01 -5.346859999999999946e-01 -5.598840000000000483e-01 -3.991819999999999813e-01 4.390729331487230880e-02 0.000000000000000000e+00 -1.248729999999999896e+00 0.000000000000000000e+00 0.000000000000000000e+00 nan 9.956992819555086083e-01 1.505848942209999930e-01 8.968148542050000116e-02 7.244563910470000478e-02 1.475859999999999950e+01 2.989120000000000132e+01 2.837049999999999983e+01 2.530039999999999978e+01 7.047878398283079493e-01 7.504865551892601072e-01
-4.125309999999999810e-01 -2.877830000000000110e-01 -1.884570000000000134e-01 -1.022079999999999933e-01 -1.971489999999999909e-01 -3.988200000000000078e-01 3.465644086292585246e-02 0.000000000000000000e+00 -1.399380000000000068e+00 0.000000000000000000e+00 0.000000000000000000e+00 nan 9.994021045114962476e-01 1.461571023759999921e-01 7.347174789999999511e-02 5.951528084830000342e-02 2.442210000000000036e+01 2.724360000000000070e+01 2.543049999999999855e+01 2.250270000000000081e+01 7.047878398283079493e-01 7.504865551892601072e-01
-4.131349999999999745e-01 -3.490159999999999929e-01 -2.741410000000000236e-01 -4.883109999999999951e-01 -4.560560000000000169e-01 -3.978740000000000054e-01 2.652514044464993059e-02 7.016565789540463172e-04 -1.399380000000000068e+00 0.000000000000000000e+00 0.000000000000000000e+00 nan 1.000000000000000000e+00 1.461571023759999921e-01 7.347174789999999511e-02 5.951528084830000342e-02 2.442210000000000036e+01 2.724360000000000070e+01 2.543049999999999855e+01 2.250270000000000081e+01 2.279171707252876100e-01 5.609319352318915541e-01
-4.151119999999999810e-01 -7.488289999999999669e-01 -8.326609999999999845e-01 -3.303050000000000153e-01 -7.137829999999999453e-01 -3.999539999999999762e-01 1.928948143049513675e-02 1.426169549954003912e-03 4.084909999999999930e-01 0.000000000000000000e+00 0.000000000000000000e+00 nan 9.999282343052977584e-01 1.278606452499999879e-01 8.758943522640000312e-02 5.166657076819999861e-02 7.017879999999999896e+00 2.765540000000000020e+01 2.388390000000000057e+01 2.293179999999999907e+01 2.279171707252876100e-01 5.609319352318915541e-01
-4.155880000000000130e-01 -1.165580000000000060e+00 -1.088640000000000052e+00 -5.945310000000000178e-02 -6.639000000000000457e-01 -4.019050000000000122e-01 1.298726551567208620e-02 2.218992725037005620e-03 1.764399999999999968e+00 0.000000000000000000e+00 0.000000000000000000e+00 nan 9.989922761862891631e-01 1.278606452499999879e-01 8.758943522640000312e-02 5.166657076819999861e-02 7.017879999999999896e+00 2.765540000000000020e+01 2.388390000000000057e+01 2.293179999999999907e+01 6.917843928265919873e-01 9.242959844302339745e-01
-4.123780000000000223e-01 -2.862350000000000172e-01 -1.331370000000000053e-01 -2.663130000000000219e-01 -6.382489999999999553e-01 -4.021910000000000207e-01 7.314700486710234983e-03 3.124805934332619550e-03 -4.347800000000000276e-02 0.000000000000000000e+00 0.000000000000000000e+00 nan 9.970073860473547267e-01 1.003910405529999939e-01 7.221640720329999819e-02 4.262651341570000002e-02 2.218029999999999902e+01 2.553440000000000154e+01 2.343049999999999855e+01 2.120759999999999934e+01 6.917843928265919873e-01 9.242959844302339745e-01
-4.152629999999999932e-01 -8.570149999999999713e-01 -8.572189999999999532e-01 -5.840779999999999861e-01 -5.802079999999999460e-01 -4.014449999999999963e-01 2.612129915924410462e-03 4.187008785733969951e-03 5.591469999999999496e-01 0.000000000000000000e+00 0.000000000000000000e+00 nan 9.964380937659601534e-01 1.003910405529999939e-01 7.221640720329999819e-02 4.262651341570000002e-02 2.218029999999999902e+01 2.553440000000000154e+01 2.343049999999999855e+01 2.120759999999999934e+01 2.502745959516711194e-01 5.274721637473355207e-01
-4.157179999999999764e-01 -1.328179999999999916e+00 -1.545460000000000056e+00 -7.142889999999999517e-01 -6.460789999999999589e-01 -4.031660000000000244e-01 3.159378575808835521e-04 5.447228929999381464e-03 1.463090000000000002e+00 0.000000000000000000e+00 0.000000000000000000e+00 nan 9.947366672308021185e-01 8.452911675520000112e-02 6.264064697139999638e-02 3.729672039169999731e-02 7.195979999999999599e+00 1.972060000000000102e+01 1.960020000000000095e+01 2.214809999999999945e+01 2.502745959516711194e-01 5.274721637473355207e-01
-4.155949999999999922e-01 -1.125189999999999912e+00 -1.138060000000000072e+00 -5.673150000000000137e-01 -7.350520000000000387e-01 -4.005920000000000036e-01 0.000000000000000000e+00 6.944850402834990000e-03 7.098039999999999905e-01 0.000000000000000000e+00 0.000000000000000000e+00 nan 9.919223842843796213e-01 8.452911675520000112e-02 6.264064697139999638e-02 3.729672039169999731e-02 7.195979999999999599e+00 1.972060000000000102e+01 1.960020000000000095e+01 2.214809999999999945e+01 7.466225963363584128e-01 9.800379976433517548e-01
-4.146739999999999871e-01 -6.328470000000000484e-01 -5.699509999999999854e-01 -6.797339999999999494e-01 -7.605309999999999571e-01 -3.991620000000000168e-01 0.000000000000000000e+00 8.716567388033724662e-03 4.084909999999999930e-01 0.000000000000000000e+00 0.000000000000000000e+00 nan 9.880271318770059708e-01 7.179996006399999575e-02 5.599539819350000253e-02 3.088622416970000090e-02 1.279749999999999943e+01 1.540569999999999951e+01 1.686309999999999931e+01 2.081599999999999895e+01 7.466225963363584128e-01 9.800379976433517548e-01
-4.156409999999999827e-01 -1.120549999999999935e+00 -1.414719999999999978e+00 -7.724579999999999780e-01 -7.186209999999999543e-01 -4.011149999999999993e-01 0.000000000000000000e+00 1.079596845771024771e-02 -4.954470000000000263e-01 0.000000000000000000e+00 0.000000000000000000e+00 nan 9.804576601207539710e-01 7.179996006399999575e-02 5.599539819350000253e-02 3.088622416970000090e-02 1.279749999999999943e+01 1.540569999999999951e+01 1.686309999999999931e+01 2.081599999999999895e+01 6.351088007369800614e-01 6.494816697779719483e-01
-4.142009999999999859e-01 -4.993569999999999953e-01 -4.889490000000000225e-01 -7.710320000000000507e-01 -7.317939999999999445e-01 -4.019610000000000127e-01 0.000000000000000000e+00 1.321315600035755100e-02 -1.098070000000000102e+00 0.000000000000000000e+00 0.000000000000000000e+00 nan 9.716585722004608128e-01 6.564512073759999622e-02 5.704749387290000001e-02 3.447793474900000266e-02 8.297150000000000247e+00 1.470700000000000074e+01 1.847939999999999827e+01 2.438769999999999882e+01 6.351088007369800614e-01 6.494816697779719483e-01
-4.144439999999999791e-01 -5.654479999999999507e-01 -5.192390000000000061e-01 -7.668629999999999614e-01 -7.516690000000000316e-01 -4.022700000000000164e-01 0.000000000000000000e+00 1.599440514875805075e-02 -7.967600000000000238e-01 0.000000000000000000e+00 0.000000000000000000e+00 nan 9.615342209231029225e-01 6.564512073759999622e-02 5.704749387290000001e-02 3.447793474900000266e-02 8.297150000000000247e+00 1.470700000000000074e+01 1.847939999999999827e+01 2.438769999999999882e+01 1.178054595243036573e-01 5.680415988137321737e-01
-4.157060000000000199e-01 -1.327509999999999968e+00 -1.238080000000000069e+00 -7.711189999999999989e-01 -8.384500000000000286e-01 -4.037040000000000073e-01 0.000000000000000000e+00 1.916186607222858385e-02 1.071779999999999955e-01 0.000000000000000000e+00 0.000000000000000000e+00 nan 9.500039748590415334e-01 9.043373609570000415e-02 5.716897292419999971e-02 5.674019871819999811e-02 1.326609999999999978e+01 1.864600000000000080e+01 2.272080000000000055e+01 2.961240000000000094e+01 1.178054595243036573e-01 5.680415988137321737e-01
-4.155980000000000230e-01 -1.088789999999999925e+00 -1.189710000000000045e+00 -5.903260000000000174e-01 -7.854710000000000303e-01 -4.028390000000000026e-01 0.000000000000000000e+00 2.273331300635228480e-02 5.591469999999999496e-01 0.000000000000000000e+00 0.000000000000000000e+00 nan 9.370031319283370630e-01 9.043373609570000415e-02 5.716897292419999971e-02 5.674019871819999811e-02 1.326609999999999978e+01 1.864600000000000080e+01 2.272080000000000055e+01 2.961240000000000094e+01 3.889493478029792950e-01 5.347605618884961887e-01
-4.158120000000000149e-01 -1.546480000000000077e+00 -1.938369999999999926e+00 -3.986790000000000056e-01 -8.178069999999999506e-01 -4.021850000000000147e-01 0.000000000000000000e+00 2.672194286378692940e-02 1.915049999999999919e+00 0.000000000000000000e+00 0.000000000000000000e+00 nan 9.224836525011704813e-01 7.317031999919999807e-02 4.816451098050000129e-02 4.897375139849999975e-02 1.621760000000000090e+01 2.294180000000000064e+01 2.664910000000000068e+01 2.814880000000000138e+01 3.889493478029792950e-01 5.347605618884961887e-01
-4.157239999999999824e-01 -1.359369999999999967e+00 -1.257789999999999964e+00 -6.963059999999999805e-01 -7.670379999999999976e-01 -4.020489999999999897e-01 0.000000000000000000e+00 3.113622570797147660e-02 1.312429999999999986e+00 0.000000000000000000e+00 0.000000000000000000e+00 nan 9.064147037060436007e-01 7.317031999919999807e-02 4.816451098050000129e-02 4.897375139849999975e-02 1.621760000000000090e+01 2.294180000000000064e+01 2.664910000000000068e+01 2.814880000000000138e+01 6.483248381528929905e-01 8.856098820351908651e-01
-4.144289999999999918e-01 -5.581369999999999942e-01 -5.072929999999999939e-01 -8.296160000000000201e-01 -8.311809999999999476e-01 -3.998729999999999785e-01 0.000000000000000000e+00 3.597980878392248449e-02 -6.461029999999999829e-01 0.000000000000000000e+00 0.000000000000000000e+00 nan 8.887830087785341115e-01 6.799704470280000523e-02 5.224793106529999898e-02 5.539836551169999984e-02 1.456170000000000009e+01 2.949230000000000018e+01 3.233400000000000318e+01 3.333950000000000102e+01 6.483248381528929905e-01 8.856098820351908651e-01
-4.142500000000000071e-01 -5.131790000000000518e-01 -4.867190000000000127e-01 -7.044259999999999966e-01 -7.570989999999999664e-01 -4.011310000000000153e-01 0.000000000000000000e+00 4.125147519349114944e-02 -1.399380000000000068e+00 0.000000000000000000e+00 0.000000000000000000e+00 nan 8.695929974923410910e-01 6.799704470280000523e-02 5.224793106529999898e-02 5.539836551169999984e-02 1.456170000000000009e+01 2.949230000000000018e+01 3.233400000000000318e+01 3.333950000000000102e+01 4.339375287882851762e-01 6.425871496471647903e-01
-4.155229999999999757e-01 -1.002420000000000089e+00 -1.160760000000000014e+00 -5.442599999999999660e-01 -5.007310000000000372e-01 -4.022620000000000084e-01 0.000000000000000000e+00 4.694515768330531635e-02 -6.461029999999999829e-01 0.000000000000000000e+00 0.000000000000000000e+00 nan 8.488667559681790653e-01 7.245352395159999903e-02 4.784118309209999670e-02 5.979859288870000011e-02 1.943949999999999889e+01 3.321269999999999811e+01 3.717770000000000152e+01 3.621949999999999648e+01 4.339375287882851762e-01 6.425871496471647903e-01
-4.147629999999999928e-01 -6.616849999999999676e-01 -6.478699999999999459e-01 -1.010059999999999986e-01 -7.888720000000000454e-02 -4.028329999999999966e-01 0.000000000000000000e+00 5.305000738917431402e-02 -4.954470000000000263e-01 0.000000000000000000e+00 0.000000000000000000e+00 nan 8.266437764292055013e-01 7.245352395159999903e-02 4.784118309209999670e-02 5.979859288870000011e-02 1.943949999999999889e+01 3.321269999999999811e+01 3.717770000000000152e+01 3.621949999999999648e+01 5.275987912716448847e-01 7.634117117474943370e-01
-4.153419999999999890e-01 -9.731070000000000553e-01 -8.075229999999999908e-01 -3.188630000000000075e-01 -2.065440000000000054e-01 -4.028950000000000031e-01 0.000000000000000000e+00 5.955051675805600464e-02 -9.474160000000000359e-01 0.000000000000000000e+00 0.000000000000000000e+00 nan 8.029805097383513335e-01 9.633630746969999714e-02 4.823879640380000083e-02 7.098263335349999648e-02 1.385870000000000068e+01 3.602000000000000313e+01 4.003040000000000020e+01 3.616060000000000230e+01 5.275987912716448847e-01 7.634117117474943370e-01
-4.148680000000000145e-01 -6.824160000000000226e-01 -6.682040000000000202e-01 -4.307929999999999815e-01 -5.471289999999999765e-01 -4.012780000000000236e-01 0.000000000000000000e+00 6.642669525482802761e-02 -1.941340000000000010e-01 0.000000000000000000e+00 0.000000000000000000e+00 nan 7.779497257874882221e-01 9.633630746969999714e-02 4.823879640380000083e-02 7.098263335349999648e-02 1.385870000000000068e+01 3.602000000000000313e+01 4.003040000000000020e+01 3.616060000000000230e+01 5.688919483911460961e-01 7.799645178800758138e-01
-4.157609999999999917e-01 -1.375809999999999977e+00 -1.783500000000000085e+00 -7.363840000000000385e-01 -6.884120000000000239e-01 -4.029200000000000004e-01 0.000000000000000000e+00 7.365429586304006460e-02 1.613739999999999952e+00 0.000000000000000000e+00 0.000000000000000000e+00 nan 7.516396889854759511e-01 1.117835619769999983e-01 5.385166355479999861e-02 5.869549571499999702e-02 2.552939999999999898e+01 3.959859999999999758e+01 3.861240000000000094e+01 3.600690000000000168e+01 5.688919483911460961e-01 7.799645178800758138e-01
-4.151329999999999742e-01 -7.815950000000000397e-01 -7.647300000000000209e-01 -9.008350000000000524e-01 -8.233200000000000518e-01 -4.032169999999999921e-01 0.000000000000000000e+00 8.120508981329743747e-02 7.098039999999999905e-01 0.000000000000000000e+00 0.000000000000000000e+00 nan 7.241531581871409884e-01 1.117835619769999983e-01 5.385166355479999861e-02 5.869549571499999702e-02 2.552939999999999898e+01 3.959859999999999758e+01 3.861240000000000094e+01 3.600690000000000168e+01 6.273340655892044593e-01 8.740450940673365476e-01
-4.149070000000000258e-01 -6.900009999999999755e-01 -6.703369999999999607e-01 -7.427899999999999503e-01 -6.586800000000000432e-01 -4.020139999999999825e-01 0.000000000000000000e+00 8.904718642649878113e-02 8.604600000000000026e-01 0.000000000000000000e+00 0.000000000000000000e+00 nan 6.956062223943919598e-01 1.009320783259999993e-01 6.620887909009999517e-02 4.224436289930000310e-02 1.509210000000000029e+01 3.447879999999999967e+01 3.589529999999999887e+01 -1.000000000000000000e+00 6.273340655892044593e-01 8.740450940673365476e-01
-4.154030000000000222e-01 -9.914520000000000000e-01 -1.095579999999999998e+00 1.456759999999999999e-01 5.688409999999999994e-02 -4.020730000000000137e-01 0.000000000000000000e+00 9.714539444797298806e-02 2.517679999999999918e+00 0.000000000000000000e+00 0.000000000000000000e+00 nan 6.661269854214395547e-01 1.009320783259999993e-01 6.620887909009999517e-02 4.224436289930000310e-02 1.509210000000000029e+01 3.447879999999999967e+01 3.589529999999999887e+01 -1.000000000000000000e+00 6.476921285868304512e-01 9.628629304523971255e-01
-4.155730000000000257e-01 -1.144509999999999916e+00 -1.051160000000000094e+00 -5.049420000000000019e-01 -4.430410000000000181e-01 -4.012549999999999728e-01 0.000000000000000000e+00 1.054616207784561110e-01 4.084909999999999930e-01 0.000000000000000000e+00 0.000000000000000000e+00 nan 6.358541144273957002e-01 7.599525240200000198e-02 6.950164897860000579e-02 3.551091909350000131e-02 1.630180000000000007e+01 2.672710000000000008e+01 -1.000000000000000000e+00 -1.000000000000000000e+00 6.476921285868304512e-01 9.628629304523971255e-01
-4.143080000000000096e-01 -5.344480000000000341e-01 -4.710320000000000062e-01 -8.533220000000000249e-01 -7.947309999999999652e-01 -3.983180000000000054e-01 0.000000000000000000e+00 1.139553020841276298e-01 -1.248729999999999896e+00 0.000000000000000000e+00 0.000000000000000000e+00 nan 6.049352687619508062e-01 7.599525240200000198e-02 6.950164897860000579e-02 3.551091909350000131e-02 1.630180000000000007e+01 2.672710000000000008e+01 -1.000000000000000000e+00 -1.000000000000000000e+00 5.768438422174193558e-01 7.351087632892455703e-01
-4.147819999999999840e-01 -6.208770000000000122e-01 -6.987740000000000062e-01 -1.118149999999999977e+00 -9.572239999999999638e-01 -3.945359999999999978e-01 0.000000000000000000e+00 1.225838643953907070e-01 -1.399380000000000068e+00 0.000000000000000000e+00 0.000000000000000000e+00 nan 5.735254269259407733e-01 5.054650394420000248e-02 6.246372931590000316e-02 2.245337004970000133e-02 9.844139999999999446e+00 -1.000000000000000000e+00 -1.000000000000000000e+00 -1.000000000000000000e+00 5.768438422174193558e-01 7.351087632892455703e-01
-4.142379999999999951e-01 -5.133039999999999825e-01 -4.690659999999999830e-01 -1.147820000000000062e+00 -9.968770000000000131e-01 -3.983999999999999764e-01 0.000000000000000000e+00 1.313032054869593956e-01 -1.098070000000000102e+00 0.000000000000000000e+00 0.000000000000000000e+00 nan 5.417851306030061487e-01 5.054650394420000248e-02 6.246372931590000316e-02 2.245337004970000133e-02 9.844139999999999446e+00 -1.000000000000000000e+00 -1.000000000000000000e+00 -1.000000000000000000e+00 0.000000000000000000e+00 0.000000000000000000e+00
