-4.927239999999999953e-01 1.796429999999999971e-01 8.383659999999999723e-02 -9.524359999999999493e-01 -9.645399999999999530e-01 -4.972039999999999793e-01 0.000000000000000000e+00 1.801469716267821708e-01 -7.839629999999999654e-01 1.191430605752752392e-02 nan nan 3.861764436891679253e-02 1.143053230159999933e-01 3.862575225960000053e-02 1.034388075959999931e-01 -1.000000000000000000e+00 -1.000000000000000000e+00 -1.000000000000000000e+00 -1.000000000000000000e+00 0.000000000000000000e+00 0.000000000000000000e+00
-5.133640000000000425e-01 -1.682140000000000024e-02 -1.467269999999999963e-01 -9.382329999999999837e-01 -8.780710000000000459e-01 -5.297500000000000542e-01 9.502607109712624123e-04 1.725512694461924790e-01 -7.839629999999999654e-01 1.677783520961995123e-02 nan nan 3.861764436891679253e-02 2.115890563729999896e-01 3.752663012310000074e-02 9.796321457430000323e-02 1.598910000000000053e+01 -1.000000000000000000e+00 -1.000000000000000000e+00 -1.000000000000000000e+00 0.000000000000000000e+00 0.000000000000000000e+00
-5.236979999999999968e-01 -1.971670000000000089e-01 -2.890869999999999829e-01 -9.249519999999999964e-01 -9.648700000000000054e-01 -5.517929999999999779e-01 3.381748060657385757e-03 1.655340091279990933e-01 -7.839629999999999654e-01 2.248105799353583567e-02 nan nan 3.841652397663708474e-02 2.115890563729999896e-01 3.752663012310000074e-02 9.796321457430000323e-02 1.598910000000000053e+01 -1.000000000000000000e+00 -1.000000000000000000e+00 -1.000000000000000000e+00 0.000000000000000000e+00 0.000000000000000000e+00
-5.351529999999999898e-01 -5.815540000000000154e-01 -6.354440000000000088e-01 -1.043520000000000003e+00 -1.093830000000000080e+00 -3.721559999999999868e-01 6.484389823314784529e-03 1.593159264035742817e-01 -7.839629999999999654e-01 2.924748328606963099e-02 nan nan 3.801656196648572905e-02 3.825199762979999973e-01 2.460214396410000115e-02 8.111636058320000064e-02 2.771770000000000067e+01 5.084069999999999823e+01 -1.000000000000000000e+00 -1.000000000000000000e+00 0.000000000000000000e+00 0.000000000000000000e+00
-5.401510000000000478e-01 -1.210730000000000084e+00 -9.350840000000000263e-01 -8.205580000000000096e-01 -1.117150000000000087e+00 -3.665649999999999742e-01 9.946348862495679732e-03 1.541087020028181209e-01 -6.826820000000000110e-01 3.728857345475899976e-02 nan nan 3.742229006785446899e-02 3.825199762979999973e-01 2.460214396410000115e-02 8.111636058320000064e-02 2.771770000000000067e+01 5.084069999999999823e+01 -1.000000000000000000e+00 -1.000000000000000000e+00 5.466378511015608233e-01 8.188148127359218265e-01
-5.345419999999999616e-01 -6.687180000000000346e-01 -5.549039999999999528e-01 4.693209999999999882e-01 8.099659999999999638e-01 -3.029530000000000070e-02 1.390589221394722408e-02 1.501125632269044718e-01 -3.788380000000000081e-01 4.680134840476468661e-02 nan nan 3.664044161881385708e-02 4.251152021560000160e-01 1.811876234220000104e-02 8.078456158989999469e-02 2.460790000000000077e+01 5.561809999999999832e+01 5.520879999999999654e+01 -1.000000000000000000e+00 5.466378511015608233e-01 8.188148127359218265e-01
6.952519999999999811e-01 1.358430000000000026e+00 1.353599999999999914e+00 1.735610000000000097e+00 2.156039999999999957e+00 1.186060000000000031e-01 1.849595703473450037e-02 1.475140152929528270e-01 -4.801190000000000180e-01 5.796615326461906914e-02 nan nan 3.567987527470228848e-02 4.251152021560000160e-01 1.811876234220000104e-02 8.078456158989999469e-02 2.460790000000000077e+01 5.561809999999999832e+01 5.520879999999999654e+01 -1.000000000000000000e+00 1.944098743843493127e-01 5.754543030745267185e-01
-3.157650000000000179e-01 6.660019999999999829e-01 7.542159999999999975e-01 8.378830000000000444e-01 1.179999999999999938e+00 1.614700000000000024e-01 2.388369179604621362e-02 1.464837281553941217e-01 -2.775569999999999982e-01 7.094461500385929043e-02 nan nan 3.455147463602126212e-02 3.488777977079999815e-01 1.842167356109999932e-02 6.121345778409999910e-02 2.671030000000000015e+01 5.941779999999999973e+01 5.980720000000000169e+01 5.148830000000000240e+01 1.944098743843493127e-01 5.754543030745267185e-01
2.010760000000000047e-01 1.196320000000000050e+00 1.129999999999999893e+00 1.082449999999999912e+00 1.277230000000000087e+00 -9.317290000000000294e-02 3.024203219206289539e-02 1.471746027471910745e-01 -2.775569999999999982e-01 8.587781113487791274e-02 nan nan 3.326802493289315876e-02 3.488777977079999815e-01 1.842167356109999932e-02 6.121345778409999910e-02 2.671030000000000015e+01 5.941779999999999973e+01 5.980720000000000169e+01 5.148830000000000240e+01 8.039930475985657132e-01 9.024402565146009136e-01
-3.913019999999999693e-02 1.064550000000000107e+00 9.402519999999999767e-01 1.602859999999999951e+00 1.570060000000000011e+00 -1.592230000000000034e-01 3.771115832518145972e-02 1.497200385511714416e-01 -7.839629999999999654e-01 1.028846712483362236e-01 nan nan 3.184406816329510281e-02 2.402282157010000030e-01 2.358574834879999943e-02 5.095876800469999884e-02 2.339549999999999841e+01 5.122899999999999920e+01 5.495029999999999859e+01 5.584029999999999916e+01 8.039930475985657132e-01 9.024402565146009136e-01
-4.345700000000000118e-01 4.828370000000000162e-01 3.072489999999999943e-01 1.479719999999999924e+00 1.380549999999999944e+00 -4.195409999999999973e-01 4.641837560402384266e-02 1.542324221305838572e-01 -7.839629999999999654e-01 1.220606294933810343e-01 nan nan 3.029573832641052622e-02 2.402282157010000030e-01 2.358574834879999943e-02 5.095876800469999884e-02 2.339549999999999841e+01 5.122899999999999920e+01 5.495029999999999859e+01 5.584029999999999916e+01 8.818585334381600083e-01 9.701864922891262344e-01
-4.853089999999999904e-01 1.690889999999999893e-01 1.619420000000000026e-01 1.626579999999999915e+00 1.406130000000000102e+00 -4.696989999999999776e-01 5.649732242502825130e-02 1.608018537444287910e-01 9.378180000000000405e-01 1.434765432705999988e-01 nan nan 2.864057861797275617e-02 1.841456827580000011e-01 2.780848380320000146e-02 5.092329125089999770e-02 1.956680000000000064e+01 3.386099999999999710e+01 4.172560000000000002e+01 4.905599999999999739e+01 8.818585334381600083e-01 9.701864922891262344e-01
-5.185790000000000122e-01 -1.818180000000000074e-01 -4.003099999999999992e-01 1.750990000000000046e+00 1.388139999999999930e+00 -4.604320000000000079e-01 6.806013280501799212e-02 1.694951264755220066e-01 2.963439999999999852e+00 1.671778903893605950e-01 nan nan 2.689734265884657916e-02 1.841456827580000011e-01 2.780848380320000146e-02 5.092329125089999770e-02 1.956680000000000064e+01 3.386099999999999710e+01 4.172560000000000002e+01 4.905599999999999739e+01 7.724428242544325585e-01 8.811585254620208918e-01
-4.937230000000000230e-01 1.376479999999999926e-01 -8.844860000000000222e-02 1.887820000000000054e+00 1.401389999999999914e+00 -4.050210000000000199e-01 8.118756045847230762e-02 1.803549694381768598e-01 1.646789999999999976e+00 1.931842537860585240e-01 nan nan 2.508578200901079303e-02 1.440648321519999997e-01 2.281444922090000021e-02 6.988701789739999726e-02 8.053259999999999863e+00 2.222840000000000060e+01 3.104769999999999897e+01 4.175390000000000157e+01 7.724428242544325585e-01 8.811585254620208918e-01
-3.995449999999999835e-01 5.679490000000000371e-01 4.838000000000000078e-01 1.552310000000000079e+00 1.285730000000000040e+00 -4.421689999999999787e-01 9.594391562070825330e-02 1.933995636402656704e-01 -3.788380000000000081e-01 2.214890996416214453e-01 nan nan 2.322642237449079605e-02 1.440648321519999997e-01 2.281444922090000021e-02 6.988701789739999726e-02 8.053259999999999863e+00 2.222840000000000060e+01 3.104769999999999897e+01 4.175390000000000157e+01 4.937474219353201743e-01 7.612589983581943276e-01
-4.362989999999999924e-01 4.635580000000000256e-01 3.319550000000000001e-01 1.623559999999999892e+00 1.294790000000000108e+00 -4.964759999999999729e-01 1.123700229334064771e-01 2.086223359851356873e-01 -7.839629999999999654e-01 2.520598514122918132e-01 nan nan 2.134033104290811167e-02 1.388060806670000091e-01 1.960475154180000082e-02 9.841388346670000564e-02 1.731990000000000052e+01 2.770730000000000004e+01 3.343780000000000285e+01 4.384490000000000265e+01 4.937474219353201743e-01 7.612589983581943276e-01
-5.020599999999999508e-01 7.295609999999999595e-02 -5.643290000000000112e-02 1.570370000000000044e+00 1.156009999999999982e+00 -5.357490000000000308e-01 1.304813743569303019e-01 2.259920337474207175e-01 1.748070000000000013e+00 2.848382589348841254e-01 nan nan 1.944887818269347424e-02 1.388060806670000091e-01 1.960475154180000082e-02 9.841388346670000564e-02 1.731990000000000052e+01 2.770730000000000004e+01 3.343780000000000285e+01 4.384490000000000265e+01 2.791819293971647964e-01 7.642703787379144797e-01
-5.328180000000000138e-01 -5.970220000000000526e-01 -8.167969999999999953e-01 1.499989999999999934e+00 1.090289999999999981e+00 -5.536090000000000177e-01 1.502785919413999194e-01 2.454530786789070884e-01 4.381380000000000052e+00 3.197410584244083642e-01 nan nan 1.757349471053915035e-02 1.354617236329999919e-01 2.293430361769999842e-02 1.780551051060000056e-01 1.158999999999999986e+01 2.855770000000000053e+01 3.466349999999999909e+01 4.437879999999999825e+01 2.791819293971647964e-01 7.642703787379144797e-01
-5.302519999999999456e-01 -4.650980000000000114e-01 -7.284899999999999709e-01 1.586600000000000010e+00 9.753300000000000303e-01 -5.577980000000000160e-01 1.717428046453556290e-01 2.669261967322944518e-01 5.090349999999999930e+00 3.566609158860258866e-01 nan nan 1.573542947055017738e-02 1.354617236329999919e-01 2.293430361769999842e-02 1.780551051060000056e-01 1.158999999999999986e+01 2.855770000000000053e+01 3.466349999999999909e+01 4.437879999999999825e+01 9.716051515461336940e-01 9.429156785428622900e-01
-5.253139999999999477e-01 -3.040610000000000257e-01 -3.800290000000000057e-01 1.452900000000000080e+00 8.757000000000000339e-01 -5.511239999999999473e-01 1.948313443687732516e-01 2.903093162678274108e-01 3.368570000000000064e+00 3.954676432520982665e-01 nan nan 1.395550847634918767e-02 1.520706678079999929e-01 3.250931027190000211e-02 2.183300866679999952e-01 1.835279999999999845e+01 3.212180000000000035e+01 4.052309999999999945e+01 5.299179999999999779e+01 9.716051515461336940e-01 9.429156785428622900e-01
-5.192630000000000301e-01 -1.475930000000000020e-01 -2.714219999999999966e-01 1.401480000000000059e+00 9.224689999999999834e-01 -5.395999999999999686e-01 2.194866074942750656e-01 3.154787245657604267e-01 1.444220000000000059e+00 4.360096734650148464e-01 nan nan 1.225389894402051372e-02 1.520706678079999929e-01 3.250931027190000211e-02 2.183300866679999952e-01 1.835279999999999845e+01 3.212180000000000035e+01 4.052309999999999945e+01 5.299179999999999779e+01 1.000000000000000000e+00 9.924140156883656250e-01
-5.323630000000000306e-01 -5.744249999999999634e-01 -6.849530000000000340e-01 1.442350000000000021e+00 6.530639999999999779e-01 -5.504639999999999533e-01 2.456336987486876788e-01 3.422904695409045850e-01 2.558320000000000149e+00 4.781157777925185703e-01 nan nan 1.064988078949447026e-02 1.530879862360000065e-01 5.640426436709999880e-02 2.081908659910000070e-01 1.765240000000000009e+01 4.195020000000000238e+01 5.931419999999999959e+01 6.941779999999999973e+01 1.000000000000000000e+00 9.924140156883656250e-01
-5.226800000000000335e-01 -2.077450000000000130e-01 -3.247019999999999906e-01 1.218399999999999928e+00 6.581339999999999968e-01 -5.542190000000000172e-01 2.731806478431608731e-01 3.705819907772742727e-01 1.140379999999999949e+00 5.178296428548573305e-01 nan nan 9.161628179394809557e-03 1.530879862360000065e-01 5.640426436709999880e-02 2.081908659910000070e-01 1.765240000000000009e+01 4.195020000000000238e+01 5.931419999999999959e+01 6.941779999999999973e+01 8.966129959138776639e-01 1.000000000000000000e+00
-5.184959999999999569e-01 -1.171819999999999945e-01 -2.354729999999999879e-01 1.174679999999999946e+00 4.051370000000000249e-01 -5.566929999999999934e-01 3.020241950620934368e-01 4.001739614025553449e-01 -5.814009999999999456e-01 5.585913792253063281e-01 nan nan 7.806003610469347542e-03 1.935223242140000077e-01 4.818716364779999928e-02 2.033299766899999972e-01 2.090559999999999974e+01 6.478470000000000084e+01 8.314440000000000452e+01 8.679930000000000234e+01 8.966129959138776639e-01 1.000000000000000000e+00
-5.343710000000000404e-01 -5.777999999999999803e-01 -7.132760000000000211e-01 1.059669999999999890e+00 4.149729999999999808e-01 -5.596929999999999961e-01 3.320461008400967806e-01 4.308723199332240572e-01 2.051909999999999901e+00 5.999391401432245807e-01 nan nan 6.598366850764536551e-03 1.935223242140000077e-01 4.818716364779999928e-02 2.033299766899999972e-01 2.090559999999999974e+01 6.478470000000000084e+01 8.314440000000000452e+01 8.679930000000000234e+01 1.239057547691992944e-01 8.002918765698889825e-01
-5.393280000000000296e-01 -1.065120000000000067e+00 -1.231060000000000043e+00 8.626629999999999576e-01 3.340569999999999928e-01 -5.515440000000000342e-01 3.631110783592496061e-01 4.624704690686985975e-01 3.571130000000000138e+00 6.414044389556854409e-01 nan nan 5.552400907314569700e-03 2.591443709469999912e-01 4.853740875749999739e-02 2.259879032630000006e-01 2.806169999999999831e+01 7.304840000000000089e+01 8.836920000000000641e+01 8.729810000000000514e+01 1.239057547691992944e-01 8.002918765698889825e-01
-5.333639999999999493e-01 -5.979290000000000438e-01 -4.748910000000000076e-01 7.518719999999999848e-01 3.834019999999999789e-02 -4.737729999999999997e-01 3.950744016226709343e-01 4.947516165213065031e-01 1.950630000000000086e+00 6.825174572584509214e-01 nan nan 4.679956992205802635e-03 2.591443709469999912e-01 4.853740875749999739e-02 2.259879032630000006e-01 2.806169999999999831e+01 7.304840000000000089e+01 8.836920000000000641e+01 8.729810000000000514e+01 8.434898798842205281e-02 7.815837110421958167e-01
-5.294210000000000305e-01 -4.746900000000000008e-01 -3.199790000000000134e-01 8.660360000000000280e-01 -4.401010000000000338e-02 -2.266749999999999876e-01 4.277789857187013212e-01 5.274912313595299107e-01 6.339740000000000375e-01 7.228123681262222933e-01 nan nan 3.990920243607254392e-03 3.898413796399999853e-01 4.505103774630000307e-02 2.405294283580000081e-01 2.639260000000000161e+01 6.958530000000000371e+01 7.966540000000000532e+01 7.804970000000000141e+01 8.434898798842205281e-02 7.815837110421958167e-01
-4.809820000000000206e-01 1.385349999999999915e-01 2.949689999999999812e-01 5.237140000000000128e-01 -6.848740000000000383e-02 2.796919999999999962e-01 4.610530647137444094e-01 5.604595880331778579e-01 -1.762759999999999883e-01 7.618326141178379807e-01 nan nan 3.493097723205496052e-03 3.898413796399999853e-01 4.505103774630000307e-02 2.405294283580000081e-01 2.639260000000000161e+01 6.958530000000000371e+01 7.966540000000000532e+01 7.804970000000000141e+01 8.460635376159464371e-02 8.285337412121297485e-01
-2.148930000000000007e-01 7.705790000000000139e-01 9.179829999999999934e-01 5.501030000000000086e-01 4.772310000000000163e-01 1.077490000000000059e+00 4.947222937761971417e-01 5.934243692556628869e-01 -2.775569999999999982e-01 7.991360802545137698e-01 nan nan 3.192129959076694945e-03 4.703366500689999952e-01 4.547075808519999984e-02 2.749098294000000275e-01 2.370649999999999835e+01 6.221410000000000196e+01 7.524250000000000682e+01 7.589130000000000109e+01 8.460635376159464371e-02 8.285337412121297485e-01
6.085080000000000489e-01 1.244960000000000067e+00 1.378400000000000070e+00 5.394750000000000378e-01 7.292130000000000001e-01 1.682549999999999990e+00 5.286117110254022755e-01 6.261532982516887502e-01 -2.775569999999999982e-01 8.343001033592124527e-01 nan nan 3.091427036248872717e-03 4.703366500689999952e-01 4.547075808519999984e-02 2.749098294000000275e-01 2.370649999999999835e+01 6.221410000000000196e+01 7.524250000000000682e+01 7.589130000000000109e+01 8.788864875917967723e-02 8.189242664496301227e-01
1.403000000000000025e+00 1.447940000000000005e+00 1.575720000000000010e+00 1.077409999999999979e+00 9.029019999999999824e-01 2.570819999999999883e+00 5.625426608418852004e-01 6.593165822976987389e-01 -3.788380000000000081e-01 8.669262609993272362e-01 nan nan 0.000000000000000000e+00 5.032544805180000358e-01 4.474582774819999692e-02 2.827040883470000043e-01 1.686270000000000024e+01 5.180890000000000128e+01 6.783969999999999345e+01 7.453279999999999461e+01 8.788864875917967723e-02 8.189242664496301227e-01
1.600940000000000030e+00 1.487179999999999946e+00 1.649440000000000017e+00 1.381269999999999998e+00 1.204890000000000017e+00 2.884790000000000187e+00 5.963370398275888995e-01 6.918749171053248936e-01 -2.775569999999999982e-01 8.966448857720442644e-01 nan nan 0.000000000000000000e+00 5.032544805180000358e-01 4.474582774819999692e-02 2.827040883470000043e-01 1.686270000000000024e+01 5.180890000000000128e+01 6.783969999999999345e+01 7.453279999999999461e+01 9.659325278607266974e-02 8.193396292606260900e-01
1.439079999999999915e+00 1.453699999999999992e+00 1.629150000000000098e+00 1.310319999999999929e+00 8.481520000000000170e-01 2.651629999999999932e+00 6.298200189493823320e-01 7.236672778680066642e-01 -3.788380000000000081e-01 9.231192537837287215e-01 nan nan 0.000000000000000000e+00 5.261928735040000138e-01 4.026441899270000180e-02 2.966112161500000233e-01 1.430170000000000030e+01 3.344420000000000215e+01 5.148640000000000327e+01 6.835009999999999764e+01 9.659325278607266974e-02 8.193396292606260900e-01
1.432260000000000089e+00 1.456520000000000037e+00 1.613739999999999952e+00 1.214339999999999975e+00 8.412159999999999638e-01 2.444310000000000205e+00 6.628221377663618963e-01 7.545413185711807857e-01 -3.788380000000000081e-01 9.460493998661878567e-01 nan nan 0.000000000000000000e+00 5.261928735040000138e-01 4.026441899270000180e-02 2.966112161500000233e-01 1.430170000000000030e+01 3.344420000000000215e+01 5.148640000000000327e+01 6.835009999999999764e+01 1.188007460081862421e-01 7.821113340723797602e-01
1.661040000000000072e+00 1.518909999999999982e+00 1.631070000000000020e+00 8.272559999999999913e-01 7.724900000000000100e-01 2.441149999999999931e+00 6.951788034123207449e-01 7.843550981335000172e-01 -3.788380000000000081e-01 9.651755163018856942e-01 nan nan 0.000000000000000000e+00 6.100853990839999463e-01 3.565595087779999811e-02 2.264370909450000025e-01 8.046440000000000481e+00 2.419040000000000035e+01 4.012530000000000285e+01 5.955100000000000193e+01 1.188007460081862421e-01 7.821113340723797602e-01
1.740529999999999911e+00 1.531749999999999945e+00 1.639629999999999921e+00 1.032299999999999995e+00 9.377729999999999677e-01 2.470699999999999896e+00 7.267341886696765396e-01 8.129786886560023129e-01 -3.788380000000000081e-01 9.802808965491972559e-01 nan nan 0.000000000000000000e+00 6.100853990839999463e-01 3.565595087779999811e-02 2.264370909450000025e-01 8.046440000000000481e+00 2.419040000000000035e+01 4.012530000000000285e+01 5.955100000000000193e+01 1.259682065131169093e-01 7.670488191628194174e-01
1.771139999999999937e+00 1.512150000000000105e+00 1.666390000000000038e+00 1.079919999999999991e+00 1.052240000000000064e+00 2.447430000000000216e+00 7.573459493411105470e-01 8.402956475571214945e-01 -3.788380000000000081e-01 9.911943906141169602e-01 nan nan 0.000000000000000000e+00 6.829943603810000319e-01 3.275320113719999704e-02 1.593709545570000108e-01 8.247249999999999304e+00 2.227530000000000143e+01 3.621280000000000143e+01 5.354590000000000316e+01 1.259682065131169093e-01 7.670488191628194174e-01
2.386760000000000215e+00 1.615210000000000035e+00 1.734979999999999967e+00 1.180739999999999901e+00 1.176250000000000018e+00 2.398410000000000153e+00 7.868778892051464524e-01 8.662043369136656068e-01 -3.788380000000000081e-01 9.977923442480782779e-01 nan nan 0.000000000000000000e+00 6.829943603810000319e-01 3.275320113719999704e-02 1.593709545570000108e-01 8.247249999999999304e+00 2.227530000000000143e+01 3.621280000000000143e+01 5.354590000000000316e+01 1.331920759546331157e-01 7.624770217363849856e-01
2.683120000000000172e+00 1.658190000000000053e+00 1.745800000000000018e+00 1.195419999999999927e+00 1.248399999999999954e+00 2.427319999999999922e+00 8.151828851999346481e-01 8.906190750590986527e-01 -3.788380000000000081e-01 1.000000000000000000e+00 nan nan 0.000000000000000000e+00 6.834140598279999645e-01 3.372577593070000268e-02 1.354269355009999898e-01 1.091070000000000029e+01 2.795880000000000010e+01 3.908539999999999992e+01 5.303379999999999939e+01 1.331920759546331157e-01 7.624770217363849856e-01
2.478779999999999983e+00 1.619310000000000027e+00 1.693319999999999936e+00 1.118530000000000024e+00 1.228639999999999954e+00 2.342109999999999914e+00 8.421686498346010463e-01 9.121121023733829158e-01 -3.788380000000000081e-01 9.977923442480782779e-01 nan nan 3.091427036248872717e-03 6.834140598279999645e-01 3.372577593070000268e-02 1.354269355009999898e-01 1.091070000000000029e+01 2.795880000000000010e+01 3.908539999999999992e+01 5.303379999999999939e+01 1.411034293107885640e-01 7.464350364144085592e-01
2.530539999999999790e+00 1.620319999999999983e+00 1.643350000000000088e+00 1.077499999999999902e+00 1.053199999999999914e+00 2.041710000000000136e+00 8.677449661888217980e-01 9.305880983601565459e-01 -1.762759999999999883e-01 9.911943906141169602e-01 nan nan 6.283556995325678685e-03 6.609982757590000535e-01 3.134259976380000118e-02 1.482290575530000043e-01 9.766239999999999810e+00 2.950590000000000046e+01 4.548149999999999693e+01 5.624369999999999692e+01 1.411034293107885640e-01 7.464350364144085592e-01
2.821979999999999933e+00 1.657999999999999918e+00 1.609329999999999927e+00 9.851159999999999917e-01 1.150830000000000020e+00 2.146689999999999987e+00 8.917514333501553869e-01 9.472409996774560081e-01 1.275679999999999870e-01 9.802808965491972559e-01 nan nan 9.776654718531174737e-03 6.609982757590000535e-01 3.134259976380000118e-02 1.482290575530000043e-01 9.766239999999999810e+00 2.950590000000000046e+01 4.548149999999999693e+01 5.624369999999999692e+01 1.449216092059384398e-01 6.820622202264849943e-01
3.128169999999999895e+00 1.688989999999999991e+00 1.580729999999999968e+00 8.921289999999999498e-01 1.304270000000000040e+00 2.489549999999999930e+00 9.132030235777944815e-01 9.618821222991948972e-01 1.275679999999999870e-01 9.651755163018856942e-01 nan nan 1.376757496213842913e-02 6.204038239329999760e-01 3.454306155100000247e-02 1.621606443920000085e-01 1.055680000000000085e+01 3.677490000000000236e+01 5.331900000000000261e+01 6.402540000000000475e+01 1.449216092059384398e-01 6.820622202264849943e-01
3.315479999999999983e+00 1.706979999999999942e+00 1.555260000000000087e+00 9.887350000000000305e-01 1.521730000000000027e+00 2.575089999999999879e+00 9.316625396501272416e-01 9.743455764557726884e-01 2.628669999999999965e-02 9.460493998661879678e-01 nan nan 1.844753195434423176e-02 6.204038239329999760e-01 3.454306155100000247e-02 1.621606443920000085e-01 1.055680000000000085e+01 3.677490000000000236e+01 5.331900000000000261e+01 6.402540000000000475e+01 1.438004815912961032e-01 6.056270434868024077e-01
3.337470000000000159e+00 1.709049999999999958e+00 1.511710000000000109e+00 1.005649999999999933e+00 1.521849999999999925e+00 2.359519999999999840e+00 9.479295665436465734e-01 9.844901462314522567e-01 2.628669999999999965e-02 9.231192537837291656e-01 nan nan 2.399993286165880146e-02 5.709785401239999558e-01 3.642259949650000078e-02 1.711576471410000133e-01 1.221219999999999928e+01 4.176189999999999714e+01 6.570610000000000639e+01 7.293309999999999604e+01 1.438004815912961032e-01 6.056270434868024077e-01
2.858589999999999964e+00 1.659080000000000110e+00 1.481230000000000047e+00 1.032780000000000031e+00 1.597679999999999989e+00 1.982830000000000092e+00 9.622515046399561234e-01 9.922008895971106135e-01 2.628669999999999965e-02 8.966448857720443755e-01 nan nan 3.059829971242322699e-02 5.709785401239999558e-01 3.642259949650000078e-02 1.711576471410000133e-01 1.221219999999999928e+01 4.176189999999999714e+01 6.570610000000000639e+01 7.293309999999999604e+01 1.432751733693410356e-01 5.536870465739583969e-01
2.305930000000000035e+00 1.590889999999999915e+00 1.427519999999999900e+00 9.699759999999999494e-01 1.519589999999999996e+00 1.448099999999999943e+00 9.744660806576691536e-01 9.973904407493580093e-01 2.628669999999999965e-02 8.669262609993273472e-01 nan nan 3.840430332289268556e-02 5.372301621830000151e-01 3.948166332900000103e-02 1.826053230149999873e-01 1.438930000000000042e+01 4.960540000000000305e+01 7.205219999999999914e+01 8.227469999999999573e+01 1.432751733693410356e-01 5.536870465739583969e-01
1.559490000000000043e+00 1.477200000000000069e+00 1.351150000000000073e+00 1.032040000000000068e+00 1.583329999999999904e+00 1.024010000000000087e+00 9.844348985698078147e-01 1.000000000000000000e+00 1.275679999999999870e-01 8.343001033592124527e-01 nan nan 4.756593150228738409e-02 5.372301621830000151e-01 3.948166332900000103e-02 1.826053230149999873e-01 1.438930000000000042e+01 4.960540000000000305e+01 7.205219999999999914e+01 8.227469999999999573e+01 1.455033263644792685e-01 4.944473289084097001e-01
1.280389999999999917e+00 1.421310000000000073e+00 1.306629999999999958e+00 8.546080000000000343e-01 1.294629999999999947e+00 8.879740000000000411e-01 9.920450076860899413e-01 1.000000000000000000e+00 1.275679999999999870e-01 7.991360802545137698e-01 nan nan 5.821581229178174333e-02 5.249553040229999468e-01 4.329631056680000034e-02 1.873372531880000136e-01 1.534210000000000029e+01 5.310309999999999775e+01 8.075039999999999907e+01 8.723969999999999914e+01 1.455033263644792685e-01 4.944473289084097001e-01
8.461119999999999752e-01 1.316650000000000098e+00 1.287719999999999976e+00 6.301120000000000054e-01 1.136339999999999906e+00 7.841540000000000177e-01 9.972101824293829742e-01 9.973904407493580093e-01 2.628669999999999965e-02 7.618326141178379807e-01 nan nan 7.046971123580247909e-02 5.249553040229999468e-01 4.329631056680000034e-02 1.873372531880000136e-01 1.534210000000000029e+01 5.310309999999999775e+01 8.075039999999999907e+01 8.723969999999999914e+01 1.527589258328250210e-01 4.509661395113873095e-01
8.398560000000000469e-01 1.315530000000000088e+00 1.284810000000000008e+00 6.318740000000000467e-01 1.072990000000000110e+00 6.672799999999999843e-01 9.998718993059462212e-01 9.922008895971106135e-01 2.628669999999999965e-02 7.228123681262224043e-01 nan nan 8.442521971215144472e-02 4.943649317330000015e-01 4.935808841750000120e-02 2.082842414609999970e-01 1.779939999999999856e+01 5.726559999999999917e+01 8.094209999999999638e+01 9.175690000000000168e+01 1.527589258328250210e-01 4.509661395113873095e-01
6.297460000000000280e-01 1.252240000000000020e+00 1.269339999999999913e+00 8.873780000000000001e-01 1.351900000000000102e+00 5.131850000000000023e-01 1.000000000000000000e+00 9.844901462314524787e-01 2.628669999999999965e-02 6.825174572584511434e-01 nan nan 1.001606491827018441e-01 4.943649317330000015e-01 4.935808841750000120e-02 2.082842414609999970e-01 1.779939999999999856e+01 5.726559999999999917e+01 8.094209999999999638e+01 9.175690000000000168e+01 1.623801750792369658e-01 4.046251210305488177e-01
5.825829999999999620e-01 1.236220000000000097e+00 1.239649999999999919e+00 7.827009999999999801e-01 1.287979999999999903e+00 3.891069999999999807e-01 9.975930330794942069e-01 9.743455764557727994e-01 1.275679999999999870e-01 6.414044389556856629e-01 nan nan 1.177341438932409945e-01 4.637777393529999848e-01 5.779980483299999861e-02 2.256827485150000034e-01 1.555729999999999968e+01 5.361339999999999861e+01 8.308599999999999852e+01 9.842340000000000089e+01 1.623801750792369658e-01 4.046251210305488177e-01
5.556299999999999573e-01 1.227119999999999989e+00 1.229970000000000008e+00 7.218940000000000357e-01 8.306609999999999827e-01 2.879530000000000145e-01 9.926782704414136571e-01 9.618821222991948972e-01 2.628669999999999965e-02 5.999391401432246917e-01 nan nan 1.371830220759342467e-01 4.637777393529999848e-01 5.779980483299999861e-02 2.256827485150000034e-01 1.555729999999999968e+01 5.361339999999999861e+01 8.308599999999999852e+01 9.842340000000000089e+01 1.760311377329953908e-01 3.829701247491685834e-01
5.583770000000000122e-01 1.229459999999999997e+00 1.226599999999999913e+00 7.413039999999999630e-01 8.691119999999999957e-01 2.170700000000000129e-01 9.853113983102868012e-01 9.472409996774561192e-01 1.275679999999999870e-01 5.585913792253063281e-01 nan nan 1.585233531188424694e-01 4.491528647540000141e-01 6.642501511850000540e-02 2.253946792950000111e-01 1.778640000000000043e+01 5.869050000000000011e+01 9.584019999999999584e+01 1.068229999999999933e+02 1.760311377329953908e-01 3.829701247491685834e-01
4.827099999999999724e-01 1.203009999999999913e+00 1.201719999999999899e+00 7.559519999999999573e-01 9.752220000000000333e-01 1.604420000000000013e-01 9.755758862910124396e-01 9.305880983601566570e-01 1.275679999999999870e-01 5.178296428548574415e-01 nan nan 1.817497754933332654e-01 4.491528647540000141e-01 6.642501511850000540e-02 2.253946792950000111e-01 1.778640000000000043e+01 5.869050000000000011e+01 9.584019999999999584e+01 1.068229999999999933e+02 1.778820559647162902e-01 3.455257286389852300e-01
3.795839999999999770e-01 1.162279999999999980e+00 1.166719999999999979e+00 7.333420000000000494e-01 9.372359999999999580e-01 1.096960000000000018e-01 9.635820416248823683e-01 9.121121023733831379e-01 2.628669999999999965e-02 4.781157777925186814e-01 nan nan 2.068355575023439474e-01 4.149800281430000015e-01 7.522421252630000221e-02 2.348899886330000075e-01 1.721590000000000131e+01 6.920520000000000493e+01 1.011129999999999995e+02 1.108880000000000052e+02 1.778820559647162902e-01 3.455257286389852300e-01
2.979129999999999834e-01 1.125159999999999938e+00 1.124349999999999961e+00 5.595769999999999911e-01 9.316839999999999566e-01 1.260449999999999904e-01 9.494657593644605376e-01 8.906190750590986527e-01 2.628669999999999965e-02 4.360096734650149575e-01 nan nan 2.337329001611906376e-01 4.149800281430000015e-01 7.522421252630000221e-02 2.348899886330000075e-01 1.721590000000000131e+01 6.920520000000000493e+01 1.011129999999999995e+02 1.108880000000000052e+02 1.727558938524834664e-01 3.252178549878618208e-01
2.199010000000000131e-01 1.087630000000000097e+00 1.108049999999999979e+00 6.936189999999999856e-01 9.216720000000000468e-01 1.259629999999999916e-01 9.333869826283378579e-01 8.662043369136657178e-01 2.628669999999999965e-02 3.954676432520982665e-01 nan nan 2.623734787791633938e-01 3.771335493540000083e-01 9.005923973380000613e-02 2.338377204700000100e-01 2.530959999999999965e+01 7.035280000000000200e+01 1.017309999999999945e+02 1.033289999999999935e+02 1.727558938524834664e-01 3.252178549878618208e-01
1.484169999999999934e-01 1.050669999999999993e+00 1.096719999999999917e+00 4.981749999999999790e-01 8.088250000000000162e-01 8.186559999999999671e-02 9.155278903816881364e-01 8.402956475571214945e-01 2.628669999999999965e-02 3.566609158860258866e-01 nan nan 2.926692171055739200e-01 3.771335493540000083e-01 9.005923973380000613e-02 2.338377204700000100e-01 2.530959999999999965e+01 7.035280000000000200e+01 1.017309999999999945e+02 1.033289999999999935e+02 1.521384275303815370e-01 2.911524914752395832e-01
4.017400000000000138e-02 9.849379999999999802e-01 1.055020000000000069e+00 4.525689999999999991e-01 7.565819999999999768e-01 -2.735529999999999906e-02 8.951096179183397616e-01 8.129786886560024239e-01 -7.499450000000000560e-02 3.197410584244084752e-01 nan nan 3.245132852688690228e-01 3.421552015470000208e-01 9.302925256970000223e-02 2.324322186049999905e-01 2.381909999999999883e+01 7.518290000000000362e+01 9.438060000000000116e+01 1.004939999999999998e+02 1.521384275303815370e-01 2.911524914752395832e-01
-6.237630000000000258e-02 9.118800000000000239e-01 1.009130000000000082e+00 -1.447199999999999875e-01 1.703119999999999912e-01 -1.639819999999999889e-01 8.717435825528734306e-01 7.843550981335002392e-01 -2.775569999999999982e-01 2.848382589348841254e-01 nan nan 3.577813102017621816e-01 3.421552015470000208e-01 9.302925256970000223e-02 2.324322186049999905e-01 2.381909999999999883e+01 7.518290000000000362e+01 9.438060000000000116e+01 1.004939999999999998e+02 1.187866437740398018e-01 2.812848182086075122e-01
-1.812539999999999984e-01 8.022270000000000234e-01 8.991660000000000208e-01 1.046279999999999988e-01 7.745760000000000145e-02 -3.152880000000000127e-01 8.464125005815755776e-01 7.545413185711808968e-01 -3.788380000000000081e-01 2.520598514122919243e-01 nan nan 3.923327848377834437e-01 3.317626986619999774e-01 8.165971348809999975e-02 1.938933904890000059e-01 3.366009999999999991e+01 8.700449999999999307e+01 1.042199999999999989e+02 9.821210000000000662e+01 1.187866437740398018e-01 2.812848182086075122e-01
-3.441060000000000230e-01 5.732410000000000005e-01 7.267900000000000471e-01 -3.475739999999999941e-01 -1.893680000000000085e-01 -4.326720000000000010e-01 8.196611991923461460e-01 7.236672778680067752e-01 -3.788380000000000081e-01 2.214890996416214453e-01 nan nan 4.280126601124856212e-01 3.317626986619999774e-01 8.165971348809999975e-02 1.938933904890000059e-01 3.366009999999999991e+01 8.700449999999999307e+01 1.042199999999999989e+02 9.821210000000000662e+01 1.330722069643882621e-01 3.336093063721707885e-01
-4.520100000000000229e-01 2.738929999999999976e-01 4.591520000000000046e-01 -4.811830000000000274e-01 -1.926819999999999922e-01 -5.057989999999999986e-01 7.916137662848956591e-01 6.918749171053250047e-01 -3.788380000000000081e-01 1.931842537860585240e-01 nan nan 4.646531017312994782e-01 3.366669486519999754e-01 7.948351222039999608e-02 1.737200650390000045e-01 3.508930000000000149e+01 8.488769999999999527e+01 9.384499999999999886e+01 9.317730000000000246e+01 1.330722069643882621e-01 3.336093063721707885e-01
-5.035950000000000149e-01 -2.111880000000000007e-02 1.250769999999999937e-01 -6.002309999999999590e-01 -5.058639999999999803e-01 -5.290430000000000410e-01 7.624118886304296350e-01 6.593165822976989610e-01 -1.762759999999999883e-01 1.671778903893608170e-01 nan nan 5.020753917991538362e-01 3.366669486519999754e-01 7.948351222039999608e-02 1.737200650390000045e-01 3.508930000000000149e+01 8.488769999999999527e+01 9.384499999999999886e+01 9.317730000000000246e+01 3.612675088050825156e-01 6.111249877215385595e-01
-5.107490000000000085e-01 -4.508190000000000114e-02 -5.433389999999999748e-03 -6.173340000000000494e-01 -6.025030000000000108e-01 -5.408129999999999882e-01 7.321708169267956423e-01 6.261532982516888612e-01 -1.762759999999999883e-01 1.434765432705999988e-01 nan nan 5.400919537656396763e-01 2.783854920450000159e-01 9.406514805719999595e-02 1.760544780199999881e-01 2.203859999999999886e+01 5.225189999999999912e+01 6.449620000000000175e+01 7.021059999999999945e+01 3.612675088050825156e-01 6.111249877215385595e-01
-5.002490000000000547e-01 -7.639739999999999465e-04 -4.515430000000000138e-02 7.423419999999999463e-01 1.264999999999999902e+00 -5.557919999999999527e-01 7.010025494758278519e-01 5.925529440904515610e-01 4.314120000000000177e-01 1.220606294933810343e-01 nan nan 5.785084777422766500e-01 2.783854920450000159e-01 9.406514805719999595e-02 1.760544780199999881e-01 2.203859999999999886e+01 5.225189999999999912e+01 6.449620000000000175e+01 7.021059999999999945e+01 3.267769696414154490e-01 4.516649593758331749e-01
-5.024530000000000385e-01 1.277149999999999987e-02 -3.465139999999999887e-02 6.232250000000000290e-01 6.738169999999999993e-01 -5.575679999999999525e-01 6.690511107361417631e-01 5.586883511161935267e-01 3.301299999999999790e-01 1.028846712483363346e-01 nan nan 6.171261221111934425e-01 1.724774697410000057e-01 1.438028307960000085e-01 1.691539031769999923e-01 2.199780000000000157e+01 3.694689999999999941e+01 4.865659999999999741e+01 5.797840000000000060e+01 3.267769696414154490e-01 4.516649593758331749e-01
-5.351669999999999483e-01 -6.847119999999999873e-01 -5.134900000000000020e-01 -6.886120000000000019e-01 -5.567149999999999599e-01 -5.553500000000000103e-01 6.364699237738979942e-01 5.247353445624574064e-01 -4.801190000000000180e-01 8.587781113487791274e-02 nan nan 6.557437664801104571e-01 1.724774697410000057e-01 1.438028307960000085e-01 1.691539031769999923e-01 2.199780000000000157e+01 3.694689999999999941e+01 4.865659999999999741e+01 5.797840000000000060e+01 3.351254922561106575e-01 6.143159844519596735e-01
-5.249200000000000532e-01 -2.827979999999999938e-01 -2.159389999999999921e-01 -6.850789999999999935e-01 -6.471289999999999543e-01 -5.616870000000000474e-01 6.033985206648687649e-01 4.908707514239691871e-01 -5.814009999999999456e-01 7.094461500385951247e-02 nan nan 6.941602904567473198e-01 1.310462879279999937e-01 1.347575740320000048e-01 1.633732420879999980e-01 1.439029999999999987e+01 3.292819999999999681e+01 4.343480000000000274e+01 5.012160000000000082e+01 3.351254922561106575e-01 6.143159844519596735e-01
-5.351679999999999771e-01 -6.260400000000000409e-01 -5.715970000000000217e-01 -6.023469999999999658e-01 -5.562259999999999982e-01 -5.615210000000000479e-01 5.699865899033411676e-01 4.572703969361326948e-01 -7.499450000000000560e-02 5.796615326461906914e-02 nan nan 7.290854253869842871e-01 1.310462879279999937e-01 1.347575740320000048e-01 1.633732420879999980e-01 1.439029999999999987e+01 3.292819999999999681e+01 4.343480000000000274e+01 5.012160000000000082e+01 3.347588341683030988e-01 6.067833237444395511e-01
-5.398539999999999450e-01 -1.132290000000000019e+00 -9.702680000000000193e-01 -7.361480000000000246e-01 -6.239770000000000039e-01 -5.659309999999999619e-01 5.364014101224232611e-01 4.241071124048545471e-01 3.301299999999999790e-01 4.680134840476468661e-02 nan nan 7.633155854957618391e-01 1.189233266969999953e-01 1.287800768279999952e-01 1.174031224940000062e-01 9.504200000000000870e+00 2.678470000000000084e+01 3.762700000000000244e+01 4.123069999999999879e+01 3.347588341683030988e-01 6.067833237444395511e-01
-5.368340000000000334e-01 -7.331079999999999819e-01 -7.235639999999999850e-01 -8.586890000000000356e-01 -6.297730000000000272e-01 -5.644339999999999913e-01 5.028104722619191058e-01 3.915487769587898681e-01 6.339740000000000375e-01 3.728857345475899976e-02 nan nan 7.964629293913703112e-01 1.189233266969999953e-01 1.287800768279999952e-01 1.174031224940000062e-01 9.504200000000000870e+00 2.678470000000000084e+01 3.762700000000000244e+01 4.123069999999999879e+01 3.315999337194994734e-01 6.229740538568401265e-01
-5.407889999999999642e-01 -1.319760000000000044e+00 -1.398069999999999924e+00 -8.053299999999999903e-01 -5.255349999999999744e-01 -5.645040000000000058e-01 4.693860015702815414e-01 3.597564154117328661e-01 4.314120000000000177e-01 2.924748328606963099e-02 nan nan 8.281518844224652343e-01 1.427532901599999904e-01 8.532797837659999995e-02 9.560602989970000409e-02 9.850189999999999557e+00 2.094069999999999965e+01 2.834919999999999973e+01 3.160160000000000124e+01 3.315999337194994734e-01 6.229740538568401265e-01
-5.366290000000000227e-01 -7.511830000000000451e-01 -6.980450000000000266e-01 -6.527910000000000101e-01 -4.368730000000000113e-01 -5.656229999999999869e-01 4.363047788051734877e-01 3.288823737871339192e-01 3.301299999999999790e-01 2.248105799353583567e-02 nan nan 8.580234020662806937e-01 1.427532901599999904e-01 8.532797837659999995e-02 9.560602989970000409e-02 9.850189999999999557e+00 2.094069999999999965e+01 2.834919999999999973e+01 3.160160000000000124e+01 3.409779194268851565e-01 5.972917222120874836e-01
-5.413259999999999739e-01 -1.534909999999999997e+00 -1.984480000000000022e+00 -6.772650000000000059e-01 -6.220890000000000031e-01 -5.642300000000000093e-01 4.037355960531907595e-01 2.990685931767805839e-01 7.352549999999999919e-01 1.677783520961995123e-02 nan nan 8.857390260918592828e-01 1.506498431470000010e-01 6.694994420670000168e-02 9.312834553740000076e-02 1.090249999999999986e+01 2.431350000000000122e+01 2.745919999999999916e+01 2.923689999999999856e+01 3.409779194268851565e-01 5.972917222120874836e-01
-5.397990000000000288e-01 -1.092200000000000060e+00 -1.181710000000000038e+00 -4.367050000000000098e-01 -2.465340000000000031e-01 -5.656609999999999694e-01 3.718418549275479545e-01 2.704450014915097400e-01 3.301299999999999790e-01 1.191430605752752392e-02 nan nan 9.109847274043897380e-01 1.506498431470000010e-01 6.694994420670000168e-02 9.312834553740000076e-02 1.090249999999999986e+01 2.431350000000000122e+01 2.745919999999999916e+01 2.923689999999999856e+01 3.422435949415286727e-01 5.751736525265565003e-01
-5.387720000000000287e-01 -9.895300000000000207e-01 -9.897789999999999644e-01 -6.342379999999999685e-01 -3.993129999999999735e-01 -5.656670000000000309e-01 3.407844200951450908e-01 2.431280413260618056e-01 1.275679999999999870e-01 7.657447596090882769e-03 nan nan 9.334744621203310277e-01 1.829805826020000081e-01 7.158509156740000545e-02 1.093098520509999949e-01 8.185819999999999652e+00 2.481680000000000064e+01 3.093410000000000082e+01 2.960010000000000119e+01 3.422435949415286727e-01 5.751736525265565003e-01
-5.372639999999999638e-01 -7.836530000000000440e-01 -7.775560000000000249e-01 -8.455359999999999543e-01 -5.357709999999999972e-01 -5.585679999999999534e-01 3.107114702058859645e-01 2.172193506179541655e-01 1.275679999999999870e-01 3.767363062804118812e-03 nan nan 9.529534125589090854e-01 1.829805826020000081e-01 7.158509156740000545e-02 1.093098520509999949e-01 8.185819999999999652e+00 2.481680000000000064e+01 3.093410000000000082e+01 2.960010000000000119e+01 3.545266408830819449e-01 5.480487770652371360e-01
-5.389859999999999651e-01 -9.877050000000000551e-01 -9.246419999999999639e-01 -8.412230000000000540e-01 -5.171599999999999531e-01 -5.585419999999999829e-01 2.817596864800715473e-01 1.928046110490367893e-01 3.301299999999999790e-01 0.000000000000000000e+00 nan nan 9.692008744282614163e-01 1.684430035499999978e-01 8.572270794349999556e-02 1.162285968859999991e-01 1.329840000000000089e+01 2.706640000000000157e+01 3.140180000000000149e+01 3.128280000000000172e+01 3.545266408830819449e-01 5.480487770652371360e-01
-5.372949999999999671e-01 -7.782430000000000181e-01 -8.821149999999999824e-01 -8.418820000000000192e-01 -5.061350000000000016e-01 -5.581859999999999600e-01 2.540532997460438480e-01 1.699525772377996624e-01 1.275679999999999870e-01 0.000000000000000000e+00 nan nan 9.820327574932515846e-01 1.684430035499999978e-01 8.572270794349999556e-02 1.162285968859999991e-01 1.329840000000000089e+01 2.706640000000000157e+01 3.140180000000000149e+01 3.128280000000000172e+01 3.846278596686680817e-01 5.515260373545879391e-01
-5.163799999999999502e-01 -9.516739999999999922e-02 -1.162870000000000015e-01 -6.642529999999999824e-01 -4.050670000000000104e-01 -5.527300000000000546e-01 2.276977617639555085e-01 1.487142977220731188e-01 -5.814009999999999456e-01 0.000000000000000000e+00 nan nan 9.913036713913930820e-01 1.633481016730000124e-01 9.124424555269999848e-02 1.117264662480000059e-01 1.121349999999999980e+01 2.454029999999999845e+01 2.819129999999999825e+01 2.796320000000000050e+01 3.846278596686680817e-01 5.515260373545879391e-01
-5.333269999999999955e-01 -5.438690000000000468e-01 -5.205950000000000299e-01 -7.242690000000000516e-01 -4.532840000000000202e-01 -5.561930000000000485e-01 2.027832386681328591e-01 1.291225365586956553e-01 -7.499450000000000560e-02 0.000000000000000000e+00 nan nan 9.969085729637511273e-01 1.633481016730000124e-01 9.124424555269999848e-02 1.117264662480000059e-01 1.121349999999999980e+01 2.454029999999999845e+01 2.819129999999999825e+01 2.796320000000000050e+01 3.914110342931079733e-01 5.596705162566830705e-01
-5.383090000000000375e-01 -8.436019999999999630e-01 -8.951820000000000332e-01 -4.729229999999999823e-01 -2.766370000000000218e-01 -5.614580000000000126e-01 1.793871085758163009e-01 1.111914020936581871e-01 -7.499450000000000560e-02 0.000000000000000000e+00 nan nan 9.987839564359052291e-01 1.361687479810000101e-01 7.790459741699999607e-02 9.618392754650000043e-02 1.293490000000000073e+01 2.135089999999999932e+01 2.279060000000000130e+01 2.314399999999999835e+01 3.914110342931079733e-01 5.596705162566830705e-01
-5.347640000000000171e-01 -5.639999999999999458e-01 -6.160050000000000248e-01 -7.973550000000000360e-01 -8.920470000000000343e-01 -5.522780000000000467e-01 1.575670504900161806e-01 9.491618710890703525e-02 -5.814009999999999456e-01 0.000000000000000000e+00 nan nan 1.000000000000000000e+00 1.361687479810000101e-01 7.790459741699999607e-02 9.618392754650000043e-02 1.293490000000000073e+01 2.135089999999999932e+01 2.279060000000000130e+01 2.314399999999999835e+01 3.353123468585511580e-01 5.151088222499754510e-01
-5.403729999999999922e-01 -1.141159999999999952e+00 -1.309809999999999919e+00 -7.906830000000000247e-01 -7.186069999999999958e-01 -5.577739999999999920e-01 1.373649519798092467e-01 8.027342215700461470e-02 2.628669999999999965e-02 0.000000000000000000e+00 nan nan 9.975872283867188717e-01 1.274395745530000068e-01 6.912704587930000588e-02 1.096914600329999961e-01 1.443660000000000032e+01 2.135369999999999990e+01 2.332890000000000086e+01 2.476539999999999964e+01 3.353123468585511580e-01 5.151088222499754510e-01
-5.369760000000000089e-01 -7.181920000000000526e-01 -7.631759999999999655e-01 -8.705270000000000508e-01 -7.648869999999999836e-01 -5.588980000000000059e-01 1.188108291224185820e-01 6.722114147934743489e-02 -1.762759999999999883e-01 0.000000000000000000e+00 nan nan 9.918094122117828704e-01 1.274395745530000068e-01 6.912704587930000588e-02 1.096914600329999961e-01 1.443660000000000032e+01 2.135369999999999990e+01 2.332890000000000086e+01 2.476539999999999964e+01 4.032287065078284938e-01 5.543662209000462804e-01
-5.321190000000000087e-01 -4.366430000000000033e-01 -5.180470000000000352e-01 -7.343300000000000383e-01 -6.580610000000000070e-01 -5.507199999999999873e-01 1.019124217439296709e-01 5.569935849497964497e-02 -2.775569999999999982e-01 0.000000000000000000e+00 nan nan 9.829684493903998455e-01 1.280014360399999995e-01 5.519964884709999825e-02 1.459029970200000081e-01 1.206569999999999965e+01 1.987000000000000099e+01 2.323789999999999978e+01 2.402339999999999876e+01 4.032287065078284938e-01 5.543662209000462804e-01
-5.402439999999999465e-01 -1.188830000000000053e+00 -1.079490000000000061e+00 -8.419029999999999569e-01 -7.296510000000000495e-01 -5.543970000000000287e-01 8.665486251457288347e-02 4.563074547252432556e-02 5.326929999999999721e-01 0.000000000000000000e+00 nan nan 9.714009445132533171e-01 1.280014360399999995e-01 5.519964884709999825e-02 1.459029970200000081e-01 1.206569999999999965e+01 1.987000000000000099e+01 2.323789999999999978e+01 2.402339999999999876e+01 3.792408062247262235e-01 5.715476474467815482e-01
-5.326980000000000048e-01 -4.942810000000000259e-01 -4.762770000000000059e-01 -1.032299999999999995e+00 -9.335890000000000022e-01 -5.511709999999999665e-01 7.300580361045339028e-02 3.692150968427898583e-02 2.628669999999999965e-02 0.000000000000000000e+00 nan nan 9.574743949819899402e-01 1.258122724619999966e-01 5.811746658490000300e-02 1.582310959340000045e-01 9.370530000000000470e+00 1.771979999999999933e+01 1.931840000000000046e+01 2.047380000000000067e+01 3.792408062247262235e-01 5.715476474467815482e-01
-5.249960000000000182e-01 -2.251749999999999863e-01 -3.209219999999999851e-01 -1.096349999999999936e+00 -9.624570000000000070e-01 -5.474849999999999994e-01 6.091355650487950690e-02 2.946245611529774155e-02 -7.839629999999999654e-01 0.000000000000000000e+00 nan nan 9.415830271168132981e-01 1.258122724619999966e-01 5.811746658490000300e-02 1.582310959340000045e-01 9.370530000000000470e+00 1.771979999999999933e+01 1.931840000000000046e+01 2.047380000000000067e+01 3.683961881661103055e-01 5.846063174438347332e-01
-5.342900000000000427e-01 -5.290489999999999915e-01 -6.174589999999999801e-01 -1.007880000000000109e+00 -9.869390000000000107e-01 -5.592430000000000456e-01 5.030688009298456276e-02 2.313022468654346575e-02 -7.839629999999999654e-01 0.000000000000000000e+00 nan nan 9.241433294147520794e-01 8.650904687150000327e-02 5.841289303040000241e-02 1.081111606050000062e-01 1.308910000000000018e+01 1.673440000000000083e+01 1.726520000000000010e+01 1.744000000000000128e+01 3.683961881661103055e-01 5.846063174438347332e-01
-5.396959999999999535e-01 -9.814889999999999448e-01 -1.116149999999999975e+00 -1.067099999999999937e+00 -1.119739999999999958e+00 -5.635839999999999739e-01 4.109556574911665816e-02 1.778868797387456180e-02 -7.839629999999999654e-01 0.000000000000000000e+00 nan nan 9.024979065323193161e-01 8.650904687150000327e-02 5.841289303040000241e-02 1.081111606050000062e-01 1.308910000000000018e+01 1.673440000000000083e+01 1.726520000000000010e+01 1.744000000000000128e+01 3.475213560708355631e-01 6.997600437814854857e-01
-5.394649999999999723e-01 -9.786099999999999799e-01 -9.929519999999999458e-01 -1.021730000000000027e+00 -1.114980000000000082e+00 -5.652679999999999927e-01 3.317386591018456343e-02 1.329049358615463916e-02 -6.826820000000000110e-01 0.000000000000000000e+00 nan nan 8.800841397189215209e-01 7.081252457629999553e-02 6.674135343520000430e-02 1.074302673020000043e-01 9.272259999999999280e+00 1.859090000000000131e+01 1.794040000000000035e+01 1.722810000000000130e+01 3.475213560708355631e-01 6.997600437814854857e-01
-5.414290000000000491e-01 -1.620489999999999986e+00 -1.462749999999999995e+00 -9.601880000000000415e-01 -9.833819999999999784e-01 -5.651399999999999757e-01 2.641968032429853341e-02 9.478733726723476138e-03 -6.826820000000000110e-01 0.000000000000000000e+00 nan nan 8.571559859086415045e-01 7.081252457629999553e-02 6.674135343520000430e-02 1.074302673020000043e-01 9.272259999999999280e+00 1.859090000000000131e+01 1.794040000000000035e+01 1.722810000000000130e+01 3.660657939734102140e-01 6.968917951812301226e-01
-5.391569999999999974e-01 -9.249439999999999884e-01 -9.622290000000000010e-01 -9.477179999999999493e-01 -1.001009999999999955e+00 -5.658300000000000551e-01 2.069286933341196733e-02 6.188723021429809457e-03 -7.839629999999999654e-01 0.000000000000000000e+00 nan nan 8.339732302457751878e-01 8.255335262650000117e-02 6.947507900119999358e-02 1.351144623589999871e-01 7.213359999999999772e+00 1.511469999999999914e+01 1.965869999999999962e+01 1.795929999999999893e+01 3.660657939734102140e-01 6.968917951812301226e-01
-5.406189999999999607e-01 -1.279979999999999896e+00 -1.106020000000000003e+00 -9.446909999999999474e-01 -1.076759999999999939e+00 -5.654550000000000409e-01 1.584589377604628258e-02 3.249864469725527449e-03 -6.826820000000000110e-01 0.000000000000000000e+00 nan nan 8.107985426153420105e-01 8.255335262650000117e-02 6.947507900119999358e-02 1.351144623589999871e-01 7.213359999999999772e+00 1.511469999999999914e+01 1.965869999999999962e+01 1.795929999999999893e+01 3.971400669151010643e-01 7.173287680844195879e-01
-5.402379999999999960e-01 -1.112929999999999975e+00 -1.127520000000000078e+00 -8.627519999999999634e-01 -9.657850000000000046e-01 -5.635689999999999866e-01 1.174513333421911554e-02 4.875823768490938903e-04 -6.826820000000000110e-01 0.000000000000000000e+00 nan nan 7.878945014883298459e-01 1.068972214510000018e-01 6.560797294440000316e-02 1.287328029800000051e-01 8.694819999999999993e+00 1.564860000000000007e+01 1.760579999999999856e+01 1.896590000000000131e+01 3.971400669151010643e-01 7.173287680844195879e-01
-5.401029999999999998e-01 -1.149329999999999963e+00 -9.944979999999999931e-01 -1.071730000000000071e+00 -1.127869999999999928e+00 -5.524630000000000374e-01 8.207830306317442925e-03 0.000000000000000000e+00 -6.826820000000000110e-01 0.000000000000000000e+00 nan nan 7.623284888436215878e-01 1.068972214510000018e-01 6.560797294440000316e-02 1.287328029800000051e-01 8.694819999999999993e+00 1.564860000000000007e+01 1.760579999999999856e+01 1.896590000000000131e+01 4.515006539911086136e-01 6.861344596775325044e-01
-5.402810000000000112e-01 -1.166220000000000034e+00 -1.060019999999999962e+00 -8.827920000000000211e-01 -1.025630000000000042e+00 -5.408589999999999787e-01 5.057126515523813204e-03 8.998117517728942971e-04 -5.814009999999999456e-01 0.000000000000000000e+00 nan nan 7.372451719071433374e-01 1.236739362359999955e-01 6.577011340239999337e-02 1.336805083450000042e-01 5.356390000000000207e+00 1.325719999999999921e+01 1.865930000000000177e+01 1.947970000000000113e+01 4.515006539911086136e-01 6.861344596775325044e-01
-5.357140000000000235e-01 -6.321539999999999937e-01 -6.309190000000000076e-01 -9.225550000000000139e-01 -9.544599999999999751e-01 -5.356600000000000250e-01 2.200657189699195548e-03 1.884461631861178432e-03 -6.826820000000000110e-01 0.000000000000000000e+00 nan nan 7.126923217333225313e-01 1.236739362359999955e-01 6.577011340239999337e-02 1.336805083450000042e-01 5.356390000000000207e+00 1.325719999999999921e+01 1.865930000000000177e+01 1.947970000000000113e+01 4.464309008154616620e-01 7.224141560136396745e-01
-5.032330000000000414e-01 8.549969999999999792e-02 6.663170000000000377e-04 -1.010389999999999899e+00 -1.087630000000000097e+00 -5.196769999999999445e-01 4.180929604108429842e-04 3.009439932125879125e-03 -7.839629999999999654e-01 0.000000000000000000e+00 nan nan 6.887116989762018804e-01 1.626256936819999999e-01 6.853755897999999624e-02 1.172635312669999957e-01 5.598840000000000039e+00 1.241820000000000057e+01 1.553069999999999951e+01 1.699899999999999878e+01 4.464309008154616620e-01 7.224141560136396745e-01
-5.088430000000000453e-01 2.149430000000000091e-02 -4.721249999999999752e-02 -1.004960000000000075e+00 -1.039600000000000080e+00 -5.313719999999999555e-01 0.000000000000000000e+00 4.328646967354576880e-03 -7.839629999999999654e-01 0.000000000000000000e+00 nan nan 6.653385807245422168e-01 1.626256936819999999e-01 6.853755897999999624e-02 1.172635312669999957e-01 5.598840000000000039e+00 1.241820000000000057e+01 1.553069999999999951e+01 1.699899999999999878e+01 4.423236251203096492e-01 6.617206685096053143e-01
-5.366849999999999676e-01 -6.638129999999999864e-01 -7.657169999999999810e-01 -1.105569999999999942e+00 -1.247549999999999937e+00 -5.554189999999999960e-01 0.000000000000000000e+00 5.893782363158184268e-03 -7.839629999999999654e-01 0.000000000000000000e+00 nan nan 6.426013607983114273e-01 1.684100076070000063e-01 6.562702015209999351e-02 1.159135240170000025e-01 6.104250000000000398e+00 1.067919999999999980e+01 1.294860000000000078e+01 1.486079999999999934e+01 4.423236251203096492e-01 6.617206685096053143e-01
-5.364790000000000392e-01 -6.629479999999999817e-01 -7.190320000000000045e-01 -8.990019999999999678e-01 -9.964340000000000419e-01 -5.493019999999999570e-01 0.000000000000000000e+00 7.753759278553928880e-03 -7.839629999999999654e-01 0.000000000000000000e+00 nan nan 6.205212280353578080e-01 1.684100076070000063e-01 6.562702015209999351e-02 1.159135240170000025e-01 6.104250000000000398e+00 1.067919999999999980e+01 1.294860000000000078e+01 1.486079999999999934e+01 5.008055901256156517e-01 6.507668776223285434e-01
-5.373750000000000471e-01 -7.678730000000000278e-01 -7.096759999999999735e-01 -1.012520000000000087e+00 -1.081080000000000041e+00 -5.520100000000000007e-01 0.000000000000000000e+00 9.954150200329969778e-03 -6.826820000000000110e-01 0.000000000000000000e+00 nan nan 5.991119262134115830e-01 1.539372097860000066e-01 6.110560729870000152e-02 9.804969846830000058e-02 7.090410000000000323e+00 1.122569999999999979e+01 1.308039999999999914e+01 1.338339999999999996e+01 5.008055901256156517e-01 6.507668776223285434e-01
-5.328540000000000498e-01 -4.855599999999999916e-01 -4.962400000000000144e-01 -1.133420000000000094e+00 -1.013209999999999944e+00 -5.572089999999999543e-01 0.000000000000000000e+00 1.253667058855922889e-02 -6.826820000000000110e-01 0.000000000000000000e+00 nan nan 5.783795983275901165e-01 1.539372097860000066e-01 6.110560729870000152e-02 9.804969846830000058e-02 7.090410000000000323e+00 1.122569999999999979e+01 1.308039999999999914e+01 1.338339999999999996e+01 4.701015008302691367e-01 6.892777458147987257e-01
-5.140040000000000164e-01 -4.140139999999999793e-02 -1.144899999999999946e-01 -1.035139999999999949e+00 -1.074529999999999985e+00 -5.527440000000000131e-01 0.000000000000000000e+00 1.553870622376829491e-02 -7.839629999999999654e-01 0.000000000000000000e+00 nan nan 5.583227169878099971e-01 1.445487970519999943e-01 5.382901673990000274e-02 1.277344900429999985e-01 4.867899999999999672e+00 1.126880000000000059e+01 1.254829999999999934e+01 1.456209999999999916e+01 4.701015008302691367e-01 6.892777458147987257e-01
-5.369049999999999656e-01 -7.418179999999999774e-01 -6.568439999999999834e-01 -9.856139999999999901e-01 -1.114370000000000083e+00 -5.528349999999999653e-01 0.000000000000000000e+00 1.899288961110623397e-02 -4.801190000000000180e-01 0.000000000000000000e+00 nan nan 5.389321017247264978e-01 1.445487970519999943e-01 5.382901673990000274e-02 1.277344900429999985e-01 4.867899999999999672e+00 1.126880000000000059e+01 1.254829999999999934e+01 1.456209999999999916e+01 4.611042754448374525e-01 6.858706481624405882e-01
-5.407870000000000177e-01 -1.294499999999999984e+00 -1.191950000000000065e+00 -1.058230000000000004e+00 -1.236769999999999925e+00 -5.560100000000000042e-01 0.000000000000000000e+00 2.292673024102109824e-02 2.288489999999999969e-01 0.000000000000000000e+00 nan nan 5.201910230081189246e-01 1.098702782729999994e-01 5.298419493789999907e-02 1.232671732110000029e-01 6.854980000000000295e+00 1.236650000000000027e+01 1.377720000000000056e+01 1.647840000000000060e+01 4.611042754448374525e-01 6.858706481624405882e-01
-5.392350000000000199e-01 -9.592039999999999456e-01 -9.121500000000000163e-01 -9.626620000000000177e-01 -1.081350000000000033e+00 -5.549979999999999913e-01 0.000000000000000000e+00 2.736230289574137498e-02 -7.499450000000000560e-02 0.000000000000000000e+00 nan nan 5.020753917991540582e-01 1.098702782729999994e-01 5.298419493789999907e-02 1.232671732110000029e-01 6.854980000000000295e+00 1.236650000000000027e+01 1.377720000000000056e+01 1.647840000000000060e+01 4.954502667085033396e-01 7.056986093765348356e-01
-5.286079999999999668e-01 -3.172940000000000205e-01 -4.032930000000000126e-01 -1.274410000000000043e+00 -1.276559999999999917e+00 -5.555839999999999668e-01 0.000000000000000000e+00 3.231599753317238033e-02 -7.839629999999999654e-01 0.000000000000000000e+00 nan nan 4.845540324888202299e-01 7.938806470919999858e-02 5.999265476010000320e-02 1.167936035020000068e-01 5.529530000000000278e+00 1.144989999999999952e+01 1.376040000000000063e+01 1.813370000000000104e+01 4.954502667085033396e-01 7.056986093765348356e-01
-5.249430000000000485e-01 -2.326479999999999937e-01 -2.946829999999999727e-01 -9.135429999999999939e-01 -9.824239999999999640e-01 -5.598980000000000068e-01 0.000000000000000000e+00 3.779833358212458805e-02 -7.839629999999999654e-01 0.000000000000000000e+00 nan nan 4.675890361300359954e-01 7.938806470919999858e-02 5.999265476010000320e-02 1.167936035020000068e-01 5.529530000000000278e+00 1.144989999999999952e+01 1.376040000000000063e+01 1.813370000000000104e+01 4.888468955694306173e-01 6.832718240882365013e-01
-5.390909999999999869e-01 -9.155489999999999462e-01 -9.413070000000000048e-01 -1.095750000000000002e+00 -1.164570000000000105e+00 -5.621350000000000513e-01 0.000000000000000000e+00 4.381384075298100367e-02 1.275679999999999870e-01 0.000000000000000000e+00 nan nan 4.511361899611670001e-01 7.523969441460000296e-02 6.532799561570000468e-02 1.049116023849999968e-01 8.311310000000000642e+00 1.520260000000000034e+01 1.787600000000000122e+01 2.284590000000000032e+01 4.888468955694306173e-01 6.832718240882365013e-01
-5.411289999999999711e-01 -1.439480000000000093e+00 -1.300019999999999953e+00 -9.370230000000000503e-01 -1.067890000000000006e+00 -5.660840000000000316e-01 0.000000000000000000e+00 5.036100771426954559e-02 3.301299999999999790e-01 0.000000000000000000e+00 nan nan 4.351454783542826332e-01 7.523969441460000296e-02 6.532799561570000468e-02 1.049116023849999968e-01 8.311310000000000642e+00 1.520260000000000034e+01 1.787600000000000122e+01 2.284590000000000032e+01 4.882228717084504677e-01 6.822109650169092543e-01
-5.415699999999999958e-01 -1.755519999999999969e+00 -1.512100000000000000e+00 -1.067919999999999980e+00 -1.152309999999999945e+00 -5.658290000000000264e-01 0.000000000000000000e+00 5.743229921665216064e-02 -2.775569999999999982e-01 0.000000000000000000e+00 nan nan 4.195616495122050926e-01 9.115935353689999521e-02 7.001857839540000239e-02 1.080916417490000031e-01 1.185989999999999966e+01 2.445459999999999923e+01 2.728069999999999951e+01 2.773780000000000001e+01 4.882228717084504677e-01 6.822109650169092543e-01
-5.378469999999999640e-01 -7.981260000000000021e-01 -7.691480000000000539e-01 -1.127480000000000038e+00 -1.072670000000000012e+00 -5.660929999999999573e-01 0.000000000000000000e+00 6.501424147031020784e-02 -4.801190000000000180e-01 0.000000000000000000e+00 nan nan 4.043248414934492718e-01 9.115935353689999521e-02 7.001857839540000239e-02 1.080916417490000031e-01 1.185989999999999966e+01 2.445459999999999923e+01 2.728069999999999951e+01 2.773780000000000001e+01 4.868761083474649753e-01 7.371847943533109682e-01
-5.404120000000000035e-01 -1.140239999999999920e+00 -1.186909999999999910e+00 -9.400359999999999827e-01 -1.049560000000000048e+00 -5.662040000000000406e-01 0.000000000000000000e+00 7.308757480836769460e-02 -2.775569999999999982e-01 0.000000000000000000e+00 nan nan 3.893712604719397063e-01 1.137138091910000065e-01 6.326963058619999858e-02 1.012356718119999943e-01 1.562100000000000044e+01 3.017770000000000152e+01 2.967200000000000060e+01 2.889590000000000103e+01 4.868761083474649753e-01 7.371847943533109682e-01
-5.416710000000000136e-01 -1.836840000000000028e+00 -1.670630000000000059e+00 -1.005819999999999936e+00 -1.035090000000000066e+00 -5.654789999999999539e-01 0.000000000000000000e+00 8.162747190661245877e-02 -2.775569999999999982e-01 0.000000000000000000e+00 nan nan 3.746339035465500178e-01 1.137138091910000065e-01 6.326963058619999858e-02 1.012356718119999943e-01 1.562100000000000044e+01 3.017770000000000152e+01 2.967200000000000060e+01 2.889590000000000103e+01 4.068741340346844204e-01 7.321274714788880145e-01
-5.413850000000000051e-01 -1.523830000000000018e+00 -1.517339999999999911e+00 -1.033460000000000045e+00 -1.231630000000000003e+00 -5.645289999999999475e-01 0.000000000000000000e+00 9.060381908699999265e-02 -3.788380000000000081e-01 0.000000000000000000e+00 nan nan 3.600433179107458415e-01 1.787248372399999896e-01 5.942493347970000117e-02 1.064204607380000028e-01 2.255649999999999977e+01 3.903320000000000078e+01 3.824439999999999884e+01 3.237420000000000186e+01 4.068741340346844204e-01 7.321274714788880145e-01
-5.413419999999999899e-01 -1.606549999999999923e+00 -1.329520000000000035e+00 -1.184749999999999970e+00 -1.361560000000000104e+00 -5.553799999999999848e-01 0.000000000000000000e+00 9.998155751765835930e-02 -1.762759999999999883e-01 0.000000000000000000e+00 nan nan 3.455283877806355486e-01 1.787248372399999896e-01 5.942493347970000117e-02 1.064204607380000028e-01 2.255649999999999977e+01 3.903320000000000078e+01 3.824439999999999884e+01 3.237420000000000186e+01 1.209865923008852651e-01 5.967640991819036511e-01
-5.345309999999999784e-01 -6.365030000000000410e-01 -4.712049999999999850e-01 -9.420690000000000452e-01 -1.014480000000000048e+00 -5.538650000000000517e-01 0.000000000000000000e+00 1.097210804434624043e-01 -4.801190000000000180e-01 0.000000000000000000e+00 nan nan 3.310171401652172163e-01 2.239876494609999991e-01 6.602039293099999651e-02 1.081530044379999944e-01 2.273949999999999960e+01 4.441340000000000288e+01 4.197209999999999752e+01 -1.000000000000000000e+00 1.209865923008852651e-01 5.967640991819036511e-01
-5.302780000000000271e-01 -5.003349999999999742e-01 -2.470610000000000028e-01 -1.013660000000000005e+00 -1.013600000000000056e+00 -5.379859999999999642e-01 0.000000000000000000e+00 1.197786819463950714e-01 -5.814009999999999456e-01 0.000000000000000000e+00 nan nan 3.164375603491260680e-01 2.239876494609999991e-01 6.602039293099999651e-02 1.081530044379999944e-01 2.273949999999999960e+01 4.441340000000000288e+01 4.197209999999999752e+01 -1.000000000000000000e+00 5.449914152649633081e-01 7.879460589646801738e-01
-5.065429999999999655e-01 4.530089999999999811e-02 -1.848110000000000031e-02 -9.706099999999999728e-01 -1.068929999999999936e+00 -5.105189999999999451e-01 0.000000000000000000e+00 1.301070521510631073e-01 -6.826820000000000110e-01 0.000000000000000000e+00 nan nan 3.017184078481351950e-01 2.201202174130000022e-01 5.708691597490000297e-02 1.006438380809999977e-01 1.453589999999999982e+01 3.264639999999999986e+01 -1.000000000000000000e+00 -1.000000000000000000e+00 5.449914152649633081e-01 7.879460589646801738e-01
-5.279620000000000424e-01 -3.287689999999999779e-01 -3.226120000000000099e-01 -8.885840000000000405e-01 -9.513530000000000042e-01 -5.039439999999999475e-01 0.000000000000000000e+00 1.406558132644881720e-01 -6.826820000000000110e-01 0.000000000000000000e+00 nan nan 2.867900235923075414e-01 2.201202174130000022e-01 5.708691597490000297e-02 1.006438380809999977e-01 1.453589999999999982e+01 3.264639999999999986e+01 -1.000000000000000000e+00 -1.000000000000000000e+00 5.481150601284008328e-01 7.208284804176079419e-01
-5.234389999999999876e-01 -2.219899999999999929e-01 -2.180479999999999918e-01 -8.264580000000000259e-01 -8.451710000000000056e-01 -5.222729999999999873e-01 0.000000000000000000e+00 1.513720903766326842e-01 -6.826820000000000110e-01 0.000000000000000000e+00 nan nan 2.715851191910939599e-01 1.980006570620000128e-01 4.216570804320000226e-02 1.245603909210000054e-01 1.225569999999999915e+01 -1.000000000000000000e+00 -1.000000000000000000e+00 -1.000000000000000000e+00 5.481150601284008328e-01 7.208284804176079419e-01
-4.646330000000000182e-01 3.491839999999999944e-01 2.586439999999999850e-01 -9.148159999999999625e-01 -1.074079999999999924e+00 -4.831480000000000219e-01 0.000000000000000000e+00 1.622011105542573439e-01 -7.839629999999999654e-01 0.000000000000000000e+00 nan nan 2.560395393376837525e-01 1.980006570620000128e-01 4.216570804320000226e-02 1.245603909210000054e-01 1.225569999999999915e+01 -1.000000000000000000e+00 -1.000000000000000000e+00 -1.000000000000000000e+00 0.000000000000000000e+00 0.000000000000000000e+00
