-6.659340000000000259e-01 -1.387189999999999923e+00 -1.092889999999999917e+00 -7.976309999999999789e-01 -8.410999999999999588e-01 -6.300909999999999567e-01 0.000000000000000000e+00 1.494559616236053046e-01 -2.995300000000000185e-01 6.316935867804018834e-03 0.000000000000000000e+00 nan 0.000000000000000000e+00 2.640792021639999931e-01 6.630559728509999307e-02 1.391715823640000127e-01 -1.000000000000000000e+00 -1.000000000000000000e+00 -1.000000000000000000e+00 -1.000000000000000000e+00 0.000000000000000000e+00 0.000000000000000000e+00
-6.475389999999999757e-01 -8.317790000000000461e-01 -3.372249999999999970e-01 -5.115250000000000075e-01 -7.970709999999999740e-01 -5.879879999999999551e-01 0.000000000000000000e+00 1.430679267300870583e-01 -5.089399999999999480e-01 7.071720482332066737e-03 0.000000000000000000e+00 nan 0.000000000000000000e+00 2.768612033330000166e-01 6.811887940970000332e-02 1.439654754359999955e-01 4.821480000000000210e+00 -1.000000000000000000e+00 -1.000000000000000000e+00 -1.000000000000000000e+00 0.000000000000000000e+00 0.000000000000000000e+00
-5.755989999999999718e-01 -1.433460000000000012e-01 3.038629999999999942e-01 -6.992310000000000469e-01 -8.686439999999999717e-01 -5.674970000000000292e-01 3.410700244920183977e-04 1.369119753931368200e-01 -6.764689999999999870e-01 1.111431431739151598e-02 0.000000000000000000e+00 nan 0.000000000000000000e+00 2.768612033330000166e-01 6.811887940970000332e-02 1.439654754359999955e-01 4.821480000000000210e+00 -1.000000000000000000e+00 -1.000000000000000000e+00 -1.000000000000000000e+00 0.000000000000000000e+00 0.000000000000000000e+00
-6.629000000000000448e-01 -1.272860000000000102e+00 -9.992830000000000323e-01 -4.294549999999999756e-01 -6.309669999999999446e-01 -6.217380000000000129e-01 2.595496534423147317e-03 1.312175617311432951e-01 -1.738830000000000098e-01 1.560604666694531684e-02 0.000000000000000000e+00 nan 0.000000000000000000e+00 2.333526389330000117e-01 7.237969175500000296e-02 1.644708350190000057e-01 4.088799999999999990e+00 1.015060000000000073e+01 -1.000000000000000000e+00 -1.000000000000000000e+00 0.000000000000000000e+00 0.000000000000000000e+00
-6.392550000000000177e-01 -6.887780000000000014e-01 -5.941100000000000270e-01 -5.626970000000000027e-01 -6.879129999999999967e-01 -6.388970000000000482e-01 6.536554341758593623e-03 1.262089104562168496e-01 -3.414119999999999933e-01 2.071943217402927306e-02 0.000000000000000000e+00 nan 0.000000000000000000e+00 2.333526389330000117e-01 7.237969175500000296e-02 1.644708350190000057e-01 4.088799999999999990e+00 1.015060000000000073e+01 -1.000000000000000000e+00 -1.000000000000000000e+00 4.268478315817854085e-01 6.532157860481628830e-01
-6.439139999999999864e-01 -7.688160000000000549e-01 -3.050820000000000198e-01 -5.396320000000000006e-01 -6.340059999999999585e-01 -5.950400000000000134e-01 1.079126952941966699e-02 1.221024763186059348e-01 -4.251759999999999984e-01 2.661994190300542851e-02 0.000000000000000000e+00 nan 0.000000000000000000e+00 2.452181599809999946e-01 7.228008523649999406e-02 1.730232638089999886e-01 8.502319999999999212e+00 1.213729999999999976e+01 1.314819999999999922e+01 -1.000000000000000000e+00 4.268478315817854085e-01 6.532157860481628830e-01
-6.716330000000000355e-01 -1.663459999999999939e+00 -1.861499999999999932e+00 -4.572370000000000045e-01 -6.843829999999999636e-01 -6.464349999999999818e-01 1.556054218353875029e-02 1.191044915878851640e-01 -2.157650000000000123e-01 3.346412848628177450e-02 0.000000000000000000e+00 nan 0.000000000000000000e+00 2.452181599809999946e-01 7.228008523649999406e-02 1.730232638089999886e-01 8.502319999999999212e+00 1.213729999999999976e+01 1.314819999999999922e+01 -1.000000000000000000e+00 4.369864013974937844e-01 6.815868883498017450e-01
-6.623869999999999481e-01 -1.203519999999999923e+00 -1.180169999999999941e+00 -5.026350000000000540e-01 -6.192389999999999839e-01 -6.385750000000000037e-01 2.107438709088793605e-02 1.174086293589353680e-01 -4.251759999999999984e-01 4.139785232043380336e-02 0.000000000000000000e+00 nan 0.000000000000000000e+00 2.552628725130000054e-01 7.768066733919999634e-02 1.654834887290000112e-01 6.894210000000000171e+00 1.284120000000000061e+01 1.547439999999999927e+01 1.507310000000000016e+01 4.369864013974937844e-01 6.815868883498017450e-01
-6.254509999999999792e-01 -5.026279999999999637e-01 -2.073339999999999905e-01 -7.162979999999999903e-01 -6.416749999999999954e-01 -5.913770000000000415e-01 2.755039193011543652e-02 1.171938091583902830e-01 -7.183509999999999618e-01 5.055462890962714173e-02 0.000000000000000000e+00 nan 0.000000000000000000e+00 2.552628725130000054e-01 7.768066733919999634e-02 1.654834887290000112e-01 6.894210000000000171e+00 1.284120000000000061e+01 1.547439999999999927e+01 1.507310000000000016e+01 4.549325125117253954e-01 6.680152062008165581e-01
-6.613250000000000517e-01 -1.186120000000000063e+00 -7.921810000000000240e-01 -4.656390000000000251e-01 -5.760809999999999542e-01 -6.184490000000000265e-01 3.518391394997266719e-02 1.186221697149077992e-01 -1.738830000000000098e-01 6.105411608160582482e-02 0.000000000000000000e+00 nan 0.000000000000000000e+00 3.296687730119999826e-01 6.474779472019999427e-02 1.772594362200000107e-01 9.808730000000000615e+00 1.588390000000000057e+01 1.742470000000000141e+01 1.761110000000000042e+01 4.549325125117253954e-01 6.680152062008165581e-01
-6.482520000000000504e-01 -9.276820000000000066e-01 -5.326790000000000136e-01 -3.523040000000000060e-01 -3.457939999999999903e-01 -5.799450000000000438e-01 4.415372894472247012e-02 1.218372318625864370e-01 2.030559999999999865e-01 7.300075821669127496e-02 0.000000000000000000e+00 nan 0.000000000000000000e+00 3.296687730119999826e-01 6.474779472019999427e-02 1.772594362200000107e-01 9.808730000000000615e+00 1.588390000000000057e+01 1.742470000000000141e+01 1.761110000000000042e+01 4.552751456190705648e-01 6.522838885273061216e-01
-6.260409999999999586e-01 -5.317809999999999482e-01 -2.521630000000000260e-01 -2.650910000000000211e-01 -3.241569999999999729e-01 -4.773830000000000018e-01 5.462979907801057688e-02 1.269622723925670771e-01 -9.011890000000000178e-02 8.648260285121855961e-02 0.000000000000000000e+00 nan 0.000000000000000000e+00 3.674991689930000027e-01 6.012541931289999697e-02 1.575296071550000010e-01 7.428849999999999731e+00 1.645959999999999823e+01 2.180280000000000129e+01 2.055330000000000013e+01 4.552751456190705648e-01 6.522838885273061216e-01
-6.512280000000000291e-01 -9.824819999999999665e-01 -5.727740000000000054e-01 -2.242069999999999896e-01 -3.126360000000000250e-01 -5.199899999999999523e-01 6.677681664258749983e-02 1.340989272777306507e-01 -3.414119999999999933e-01 1.015703030637687965e-01 0.000000000000000000e+00 nan 0.000000000000000000e+00 3.674991689930000027e-01 6.012541931289999697e-02 1.575296071550000010e-01 7.428849999999999731e+00 1.645959999999999823e+01 2.180280000000000129e+01 2.055330000000000013e+01 4.273477389023383477e-01 6.590142595112715718e-01
-5.734310000000000240e-01 -1.065829999999999972e-01 1.628769999999999940e-01 -2.965499999999999803e-01 -3.130919999999999814e-01 -4.287170000000000147e-01 8.072619828062166381e-02 1.433260400965135073e-01 -7.602330000000000476e-01 1.183163169475563992e-01 0.000000000000000000e+00 nan 0.000000000000000000e+00 4.568148737769999745e-01 4.915674295610000105e-02 1.111777264029999990e-01 1.056329999999999991e+01 1.672569999999999979e+01 1.922840000000000060e+01 2.260519999999999996e+01 4.273477389023383477e-01 6.590142595112715718e-01
-5.291569999999999885e-01 6.657050000000000467e-02 4.397159999999999958e-01 -1.574280000000000124e-01 -3.631889999999999841e-01 -1.247159999999999935e-01 9.657677302082134929e-02 1.546987687036590620e-01 -3.832940000000000236e-01 1.367543132392724514e-01 0.000000000000000000e+00 nan 0.000000000000000000e+00 4.568148737769999745e-01 4.915674295610000105e-02 1.111777264029999990e-01 1.056329999999999991e+01 1.672569999999999979e+01 1.922840000000000060e+01 2.260519999999999996e+01 4.713508169833682260e-01 6.768164605644637621e-01
-6.294579999999999620e-01 -6.501219999999999777e-01 -8.843520000000000270e-01 1.171770000000000034e-01 9.516910000000000647e-02 -1.683040000000000092e-01 1.144089236074251614e-01 1.682479602696848042e-01 4.124669999999999725e-01 1.568987898388443103e-01 0.000000000000000000e+00 nan 0.000000000000000000e+00 3.692824755870000031e-01 4.210545464769999829e-02 1.450618830969999939e-01 9.346650000000000347e+00 1.630580000000000140e+01 2.362379999999999924e+01 2.766079999999999828e+01 4.713508169833682260e-01 6.768164605644637621e-01
-5.875380000000000047e-01 -2.423220000000000096e-01 6.493259999999999310e-02 -1.435339999999999949e-01 -2.333810000000000051e-01 -6.420560000000000156e-02 1.342708597397029857e-01 1.839798017701127497e-01 -6.354529999999999727e-03 1.787449095424360479e-01 0.000000000000000000e+00 nan 0.000000000000000000e+00 3.692824755870000031e-01 4.210545464769999829e-02 1.450618830969999939e-01 9.346650000000000347e+00 1.630580000000000140e+01 2.362379999999999924e+01 2.766079999999999828e+01 4.373402683772109611e-01 6.637033311638365074e-01
-2.879579999999999917e-01 5.879739999999999966e-01 9.194510000000000183e-01 1.950419999999999932e-02 1.389350000000000029e-01 1.733890000000000084e-02 1.561763957802272396e-01 2.018757498845661358e-01 -8.021160000000000512e-01 2.022685548499014718e-01 0.000000000000000000e+00 nan 0.000000000000000000e+00 2.688397587860000271e-01 3.824461151990000279e-02 1.868188523319999905e-01 1.165349999999999930e+01 2.177359999999999829e+01 2.905120000000000147e+01 3.820439999999999969e+01 4.373402683772109611e-01 6.637033311638365074e-01
-4.280260000000000176e-01 3.609359999999999791e-01 6.733109999999999928e-01 1.453089999999999937e-01 2.288320000000000076e-01 -3.134629999999999916e-01 1.801143355101739729e-01 2.218927410999980143e-01 -8.439980000000000260e-01 2.274266012256970226e-01 0.000000000000000000e+00 nan 0.000000000000000000e+00 2.688397587860000271e-01 3.824461151990000279e-02 1.868188523319999905e-01 1.165349999999999930e+01 2.177359999999999829e+01 2.905120000000000147e+01 3.820439999999999969e+01 4.853426050226643529e-01 6.754518963374949170e-01
-5.873479999999999812e-01 -2.467030000000000056e-01 -2.765920000000000045e-01 1.775150000000000061e-01 2.336499999999999966e-01 -5.799790000000000223e-01 2.060558122600979480e-01 2.439636796375014294e-01 -5.089399999999999480e-01 2.541574057171018808e-01 0.000000000000000000e+00 nan 0.000000000000000000e+00 2.497064641410000063e-01 3.415646430469999884e-02 1.603303979759999887e-01 8.432499999999999218e+00 2.472119999999999962e+01 3.662989999999999924e+01 4.501109999999999900e+01 4.853426050226643529e-01 6.754518963374949170e-01
-5.777480000000000393e-01 -2.925719999999999987e-01 -7.874710000000000321e-01 2.621850000000000014e-01 4.662780000000000258e-01 -6.237660000000000426e-01 2.339370231993460614e-01 2.679981976742945582e-01 2.030559999999999865e-01 2.823815053935023744e-01 0.000000000000000000e+00 nan 0.000000000000000000e+00 2.497064641410000063e-01 3.415646430469999884e-02 1.603303979759999887e-01 8.432499999999999218e+00 2.472119999999999962e+01 3.662989999999999924e+01 4.501109999999999900e+01 5.006993085551554312e-01 6.810580734867759389e-01
-5.954669999999999686e-01 -3.978400000000000269e-01 -1.175869999999999971e+00 5.206889999999999574e-01 5.614660000000000206e-01 -6.526910000000000212e-01 2.636796424219154389e-01 2.938836792472623305e-01 6.637600000000000167e-01 3.120025176931490174e-01 0.000000000000000000e+00 nan 0.000000000000000000e+00 2.093376191669999997e-01 4.732720520090000216e-02 1.537756935769999944e-01 1.748359999999999914e+01 3.442920000000000158e+01 4.845530000000000115e+01 5.770980000000000132e+01 5.006993085551554312e-01 6.810580734867759389e-01
-5.692690000000000250e-01 -2.631430000000000158e-01 -9.578759999999999497e-01 2.786069999999999935e-01 4.940780000000000172e-01 -6.532660000000000133e-01 2.951762851616531735e-01 3.214865362368171109e-01 6.637600000000000167e-01 3.429082324760927003e-01 0.000000000000000000e+00 nan 0.000000000000000000e+00 2.093376191669999997e-01 4.732720520090000216e-02 1.537756935769999944e-01 1.748359999999999914e+01 3.442920000000000158e+01 4.845530000000000115e+01 5.770980000000000132e+01 5.833974600214567596e-01 6.689101236613217427e-01
-5.822060000000000013e-01 -2.820810000000000262e-01 -5.496640000000000414e-01 5.604980000000000517e-01 6.328899999999999526e-01 -6.197329999999999783e-01 3.282828243949469371e-01 3.506537219736729494e-01 5.381139999999999812e-01 3.749718834099076137e-01 0.000000000000000000e+00 nan 0.000000000000000000e+00 2.186328323710000077e-01 5.756902245300000304e-02 1.504963664470000129e-01 2.252590000000000003e+01 5.175169999999999959e+01 5.927940000000000254e+01 6.765560000000000684e+01 5.833974600214567596e-01 6.689101236613217427e-01
-5.904359999999999609e-01 -3.342589999999999728e-01 -7.074329999999999785e-01 4.918719999999999759e-01 6.606840000000000490e-01 -6.114709999999999868e-01 3.628346733314671280e-01 3.812144653187632404e-01 4.962309999999999777e-01 4.080535842828904025e-01 0.000000000000000000e+00 nan 0.000000000000000000e+00 2.186328323710000077e-01 5.756902245300000304e-02 1.504963664470000129e-01 2.252590000000000003e+01 5.175169999999999959e+01 5.927940000000000254e+01 6.765560000000000684e+01 5.696977526638320466e-01 6.575350570972131603e-01
-5.957700000000000218e-01 -4.139860000000000206e-01 -1.024289999999999923e+00 2.983259999999999801e-01 5.044650000000000523e-01 -5.507870000000000266e-01 3.986590965920178142e-01 4.129822055684820858e-01 4.962309999999999777e-01 4.420019139707355160e-01 0.000000000000000000e+00 nan 0.000000000000000000e+00 3.129477165660000115e-01 6.733581289529999570e-02 1.683101937900000067e-01 2.474940000000000140e+01 6.845789999999999509e+01 8.295709999999999695e+01 7.260920000000000130e+01 5.696977526638320466e-01 6.575350570972131603e-01
-5.986230000000000162e-01 -4.269470000000000209e-01 -1.565679999999999961e+00 2.937899999999999956e-01 2.720069999999999988e-01 -3.313599999999999879e-01 4.355641271985305485e-01 4.457567062620032550e-01 4.543490000000000029e-01 4.766556320983769135e-01 0.000000000000000000e+00 nan 0.000000000000000000e+00 3.129477165660000115e-01 6.733581289529999570e-02 1.683101937900000067e-01 2.474940000000000140e+01 6.845789999999999509e+01 8.295709999999999695e+01 7.260920000000000130e+01 5.284694410586801006e-01 6.727153718714868891e-01
-5.571620000000000461e-01 -1.404100000000000070e-01 -2.621299999999999741e-01 3.765690000000000009e-02 2.830289999999999750e-01 1.103890000000000010e-01 4.733378420813131315e-01 4.793263239403907638e-01 2.868209999999999926e-01 5.118455059578672639e-01 0.000000000000000000e+00 nan 0.000000000000000000e+00 4.432645534390000086e-01 9.303414147140000312e-02 1.695965443899999925e-01 3.774980000000000047e+01 8.306879999999999598e+01 8.685099999999999909e+01 7.706220000000000425e+01 5.284694410586801006e-01 6.727153718714868891e-01
-4.289220000000000255e-01 2.910470000000000002e-01 6.109609999999999763e-01 -2.573169999999999971e-02 2.607900000000000218e-01 1.271930000000000005e+00 5.117550955113716604e-01 5.134704061515578122e-01 -2.576470000000000149e-01 5.473962279825803634e-01 0.000000000000000000e+00 nan 0.000000000000000000e+00 4.432645534390000086e-01 9.303414147140000312e-02 1.695965443899999925e-01 3.774980000000000047e+01 8.306879999999999598e+01 8.685099999999999909e+01 7.706220000000000425e+01 2.189931080192998314e-01 6.636108810129578428e-01
-1.123659999999999937e-01 6.506629999999999914e-01 1.230410000000000004e+00 -2.143319999999999947e-01 2.692470000000000141e-01 2.526370000000000005e+00 5.505738703602176543e-01 5.479617915307166687e-01 -4.251759999999999984e-01 5.831284020519903466e-01 0.000000000000000000e+00 nan 0.000000000000000000e+00 5.053683664970000100e-01 1.020622661399999964e-01 2.072875762170000025e-01 2.331009999999999849e+01 6.621299999999999386e+01 7.424099999999999966e+01 7.091410000000000480e+01 2.189931080192998314e-01 6.636108810129578428e-01
1.133170000000000011e+00 1.252490000000000103e+00 1.866730000000000000e+00 -4.986670000000000269e-01 2.057670000000000055e-01 4.073769999999999669e+00 5.895480526441202462e-01 5.825693836294106864e-01 -5.927050000000000374e-01 6.188605761214003298e-01 0.000000000000000000e+00 nan 0.000000000000000000e+00 5.053683664970000100e-01 1.020622661399999964e-01 2.072875762170000025e-01 2.331009999999999849e+01 6.621299999999999386e+01 7.424099999999999966e+01 7.091410000000000480e+01 3.689203686956912254e-01 6.190499082894502791e-01
1.628300000000000081e+00 1.383469999999999978e+00 2.020760000000000112e+00 -3.803839999999999999e-01 3.189069999999999960e-01 4.677900000000000169e+00 6.284281280504659950e-01 6.178265226036813162e-01 -7.602330000000000476e-01 6.544112981461134293e-01 0.000000000000000000e+00 nan 0.000000000000000000e+00 5.189668436990000355e-01 1.135749470340000067e-01 2.149798264530000114e-01 2.150329999999999941e+01 4.631179999999999808e+01 6.127060000000000173e+01 6.306969999999999743e+01 3.689203686956912254e-01 6.190499082894502791e-01
1.607990000000000030e+00 1.379250000000000087e+00 1.980189999999999895e+00 -4.247310000000000252e-01 1.519310000000000105e-01 3.787230000000000096e+00 6.669628591913032700e-01 6.528085572457826835e-01 -7.183509999999999618e-01 6.896011720056040017e-01 0.000000000000000000e+00 nan 0.000000000000000000e+00 5.189668436990000355e-01 1.135749470340000067e-01 2.149798264530000114e-01 2.150329999999999941e+01 4.631179999999999808e+01 6.127060000000000173e+01 6.306969999999999743e+01 4.693455707649705211e-01 6.315565647003136274e-01
1.543299999999999894e+00 1.362309999999999910e+00 1.874719999999999942e+00 -2.640910000000000202e-01 5.341169999999999529e-01 3.092639999999999834e+00 7.049187248588062449e-01 6.873355492528649968e-01 -5.927050000000000374e-01 7.242548901332455102e-01 0.000000000000000000e+00 nan 0.000000000000000000e+00 6.320356278400000027e-01 6.662899608029999865e-02 1.705043337150000116e-01 1.064589999999999925e+01 3.206080000000000041e+01 4.317719999999999914e+01 5.757229999999999848e+01 4.693455707649705211e-01 6.315565647003136274e-01
1.606989999999999919e+00 1.378430000000000044e+00 1.734820000000000029e+00 -1.099109999999999948e-01 4.488440000000000207e-01 3.000410000000000021e+00 7.420434024179030086e-01 7.212327161369582740e-01 -5.927050000000000374e-01 7.582032198210902907e-01 0.000000000000000000e+00 nan 0.000000000000000000e+00 6.320356278400000027e-01 6.662899608029999865e-02 1.705043337150000116e-01 1.064589999999999925e+01 3.206080000000000041e+01 4.317719999999999914e+01 5.757229999999999848e+01 4.889767627349985712e-01 6.337346902550144989e-01
1.943810000000000038e+00 1.453189999999999982e+00 1.715700000000000003e+00 -5.181890000000000107e-02 4.757750000000000035e-01 2.100309999999999899e+00 7.773123070888569019e-01 7.543324115804019847e-01 -6.345870000000000122e-01 7.912849206940733016e-01 0.000000000000000000e+00 nan 0.000000000000000000e+00 6.806813631629999861e-01 4.365751675480000066e-02 1.505011229300000086e-01 7.486250000000000071e+00 2.022129999999999939e+01 3.420199999999999818e+01 4.304350000000000165e+01 4.889767627349985712e-01 6.337346902550144989e-01
2.069519999999999804e+00 1.477430000000000021e+00 1.651129999999999987e+00 -2.688510000000000066e-01 3.167550000000000088e-01 2.208450000000000024e+00 8.101319107979318979e-01 7.864760249356115285e-01 -6.345870000000000122e-01 8.204274525192996048e-01 2.022309447605852295e-02 nan 0.000000000000000000e+00 6.806813631629999861e-01 4.365751675480000066e-02 1.505011229300000086e-01 7.486250000000000071e+00 2.022129999999999939e+01 3.420199999999999818e+01 4.304350000000000165e+01 4.859155325136351733e-01 6.216791905804390783e-01
2.237560000000000215e+00 1.509689999999999976e+00 1.642220000000000013e+00 -4.840749999999999914e-02 4.648809999999999887e-01 2.221150000000000180e+00 8.409950642249273134e-01 8.175157783470924366e-01 -6.345870000000000122e-01 8.483168930343338854e-01 4.110495420792970034e-02 nan 0.000000000000000000e+00 7.301818652970000212e-01 3.310227111780000148e-02 1.124140342530000058e-01 6.203039999999999665e+00 1.261090000000000089e+01 1.991169999999999973e+01 3.448149999999999693e+01 4.859155325136351733e-01 6.216791905804390783e-01
2.451090000000000213e+00 1.547919999999999963e+00 1.597939999999999916e+00 2.173279999999999934e-01 6.771920000000000162e-01 1.994369999999999976e+00 8.699433948526056337e-01 8.459015086883764356e-01 -6.345870000000000122e-01 8.746372437340859118e-01 4.373255115760343870e-02 nan 4.002609541271262561e-02 7.301818652970000212e-01 3.310227111780000148e-02 1.124140342530000058e-01 6.203039999999999665e+00 1.261090000000000089e+01 1.991169999999999973e+01 3.448149999999999693e+01 4.962563120320390153e-01 6.286758179989350159e-01
2.444510000000000183e+00 1.546880000000000033e+00 1.573010000000000019e+00 1.495599999999999985e-01 6.934390000000000276e-01 1.587420000000000053e+00 8.966489065277889470e-01 8.714659000953299817e-01 -6.345870000000000122e-01 8.990902845280490663e-01 4.895797333357654324e-02 nan 8.135603683252157214e-02 7.263006639179999668e-01 3.543780395409999728e-02 1.040256681560000063e-01 4.282610000000000028e+00 1.537410000000000032e+01 1.930750000000000099e+01 2.297909999999999897e+01 4.962563120320390153e-01 6.286758179989350159e-01
2.153000000000000025e+00 1.493740000000000068e+00 1.499949999999999894e+00 2.077930000000000055e-01 5.596090000000000231e-01 1.012529999999999930e+00 9.208090151322169126e-01 8.953802751102586388e-01 -5.508229999999999515e-01 9.213989526930882468e-01 7.694510909068097426e-02 nan 8.655664776465676891e-02 7.263006639179999668e-01 3.543780395409999728e-02 1.040256681560000063e-01 4.282610000000000028e+00 1.537410000000000032e+01 1.930750000000000099e+01 2.297909999999999897e+01 4.886116618829093872e-01 6.219232589787586640e-01
1.911210000000000075e+00 1.445270000000000055e+00 1.307500000000000107e+00 1.250060000000000060e-01 4.763760000000000217e-01 6.598640000000000061e-01 9.421499769815113723e-01 9.173736743085437739e-01 -2.157650000000000123e-01 9.413104821048020598e-01 1.080416595186034501e-01 nan 9.689894462900727756e-02 6.570488669749999788e-01 5.439596420810000055e-02 1.157100529659999960e-01 8.130449999999999733e+00 1.634329999999999927e+01 1.910889999999999844e+01 1.950179999999999936e+01 4.886116618829093872e-01 6.219232589787586640e-01
1.563530000000000086e+00 1.367129999999999956e+00 1.161529999999999951e+00 -9.830310000000000437e-02 2.787580000000000058e-01 4.496399999999999841e-01 9.604299904505043672e-01 9.371969036891526494e-01 -1.738830000000000098e-01 9.585992671787124664e-01 1.232188600521639810e-01 nan 1.122657450695280223e-01 6.570488669749999788e-01 5.439596420810000055e-02 1.157100529659999960e-01 8.130449999999999733e+00 1.634329999999999927e+01 1.910889999999999844e+01 1.950179999999999936e+01 4.979694775687653063e-01 6.091244600911189799e-01
1.596249999999999947e+00 1.375080000000000080e+00 1.065150000000000041e+00 2.049610000000000043e-01 1.018850000000000033e+00 4.979770000000000030e-01 9.754419356822695564e-01 9.546253581422420309e-01 -2.576470000000000149e-01 9.730694190716838721e-01 1.431866066766867007e-01 nan 1.324829370969659026e-01 6.257948680179999945e-01 6.291181125540000474e-02 1.287533733500000055e-01 3.988280000000000047e+00 1.352919999999999945e+01 1.367130000000000045e+01 1.320829999999999949e+01 4.979694775687653063e-01 6.091244600911189799e-01
1.464290000000000092e+00 1.342600000000000016e+00 1.027050000000000018e+00 5.429690000000000211e-02 7.616709999999999869e-01 6.934019999999999628e-01 9.870157213388617290e-01 9.694615663148015150e-01 -2.995300000000000185e-01 9.845569851807898232e-01 1.677186568442093906e-01 nan 1.573214518472698664e-01 6.257948680179999945e-01 6.291181125540000474e-02 1.287533733500000055e-01 3.988280000000000047e+00 1.352919999999999945e+01 1.367130000000000045e+01 1.320829999999999949e+01 5.171625485162862912e-01 6.143423466067097216e-01
1.880360000000000031e+00 1.438779999999999948e+00 1.235630000000000006e+00 1.890160000000000104e-02 6.922599999999999865e-01 7.705870000000000219e-01 9.950202118041419075e-01 9.815374280399881135e-01 -2.995300000000000185e-01 9.929318067918153634e-01 1.965370526238241489e-01 nan 1.864998590233524212e-01 6.657869759590000491e-01 5.383062293799999870e-02 1.309815805419999868e-01 3.897590000000000110e+00 8.364069999999999894e+00 9.209709999999999397e+00 1.023620000000000019e+01 5.171625485162862912e-01 6.143423466067097216e-01
2.429829999999999934e+00 1.544610000000000039e+00 1.275150000000000006e+00 2.979129999999999834e-01 1.201570000000000027e+00 1.103750000000000009e+00 9.993647130027060177e-01 9.907161189791857669e-01 -3.832940000000000236e-01 9.980989938294988484e-01 2.293152700761009744e-01 nan 2.196875556128081719e-01 6.657869759590000491e-01 5.383062293799999870e-02 1.309815805419999868e-01 3.897590000000000110e+00 8.364069999999999894e+00 9.209709999999999397e+00 1.023620000000000019e+01 5.139665118264591381e-01 6.165907342760783560e-01
2.278799999999999937e+00 1.517779999999999907e+00 1.368509999999999893e+00 2.655299999999999883e-01 8.906760000000000232e-01 1.325169999999999959e+00 1.000000000000000000e+00 9.968936408964347295e-01 -1.738830000000000098e-01 1.000000000000000000e+00 2.656819188997946446e-01 nan 2.565085117521481717e-01 7.150872894730000429e-01 3.764777384230000301e-02 1.363851494689999888e-01 4.096070000000000100e+00 8.818479999999999208e+00 9.410140000000000171e+00 1.090080000000000027e+01 5.139665118264591381e-01 6.165907342760783560e-01
2.260850000000000026e+00 1.514450000000000074e+00 1.300620000000000109e+00 2.639369999999999772e-01 1.178039999999999976e+00 1.483090000000000019e+00 9.969188747404966744e-01 1.000000000000000000e+00 -6.354529999999999727e-03 9.986132861438037356e-01 3.052249504323570894e-01 nan 2.965455312954061728e-01 7.150872894730000429e-01 3.764777384230000301e-02 1.363851494689999888e-01 4.096070000000000100e+00 8.818479999999999208e+00 9.410140000000000171e+00 1.090080000000000027e+01 5.090236079827896720e-01 6.249852079758594359e-01
1.686190000000000078e+00 1.397829999999999906e+00 1.238930000000000087e+00 8.750410000000000132e-02 6.028200000000000225e-01 1.030720000000000081e+00 9.901562476045414618e-01 1.000000000000000000e+00 -2.157650000000000123e-01 9.939545642830032168e-01 3.474963263259306379e-01 nan 3.393449788131754907e-01 7.351481165319999622e-01 3.057422851910000100e-02 1.429533256580000078e-01 2.145169999999999799e+00 7.098810000000000286e+00 8.646819999999999951e+00 1.123109999999999964e+01 5.090236079827896720e-01 6.249852079758594359e-01
1.154249999999999998e+00 1.261759999999999993e+00 1.279859999999999998e+00 1.752019999999999966e-02 6.026510000000000478e-01 1.182779999999999943e+00 9.797887418597932552e-01 9.968936408964347295e-01 -1.320010000000000072e-01 9.860766195978123427e-01 3.920170950008564636e-01 nan 3.844219194632886305e-01 7.351481165319999622e-01 3.057422851910000100e-02 1.429533256580000078e-01 2.145169999999999799e+00 7.098810000000000286e+00 8.646819999999999951e+00 1.123109999999999964e+01 4.943128521116871843e-01 6.130480444944086393e-01
1.062780000000000058e+00 1.230240000000000000e+00 1.008280000000000065e+00 -1.264500000000000068e-01 3.195770000000000000e-01 1.156679999999999930e+00 9.659338254889852093e-01 9.907161189791857669e-01 -1.738830000000000098e-01 9.750687123493811947e-01 4.382828183584509540e-01 nan 4.312656134963480659e-01 7.246802951949999905e-01 3.112438144820000099e-02 1.505677314170000003e-01 3.954689999999999817e+00 6.373190000000000133e+00 8.721690000000000609e+00 1.020609999999999928e+01 4.943128521116871843e-01 6.130480444944086393e-01
1.874980000000000091e+00 1.437629999999999963e+00 1.143049999999999899e+00 2.848869999999999875e-02 5.362770000000000037e-01 1.070160000000000000e+00 9.487484802307425413e-01 9.815374280399881135e-01 -1.738830000000000098e-01 9.639766856339596623e-01 4.857692872662275896e-01 nan 4.793453031411688547e-01 7.246802951949999905e-01 3.112438144820000099e-02 1.505677314170000003e-01 3.954689999999999817e+00 6.373190000000000133e+00 8.721690000000000609e+00 1.020609999999999928e+01 4.868086253672071484e-01 6.085623631737767658e-01
2.473720000000000141e+00 1.551830000000000043e+00 1.192399999999999904e+00 1.601740000000000108e-01 7.302699999999999747e-01 8.166020000000000501e-01 9.284274229137560175e-01 9.694615663148016260e-01 -9.011890000000000178e-02 9.501333500438350343e-01 5.339384610568310707e-01 nan 5.281162263024058445e-01 7.207414999279999623e-01 3.647046501210000208e-02 1.433850177900000133e-01 2.296609999999999818e+00 8.427839999999999776e+00 9.217859999999999943e+00 1.170429999999999993e+01 4.868086253672071484e-01 6.085623631737767658e-01
2.047280000000000211e+00 1.473209999999999908e+00 1.224660000000000082e+00 3.160569999999999768e-01 6.433940000000000214e-01 1.114789999999999948e+00 9.052008992373103968e-01 9.546253581422421419e-01 -1.738830000000000098e-01 9.339189638681214545e-01 5.822445637437885235e-01 nan 5.770257889327703449e-01 7.207414999279999623e-01 3.647046501210000208e-02 1.433850177900000133e-01 2.296609999999999818e+00 8.427839999999999776e+00 9.217859999999999943e+00 1.170429999999999993e+01 4.846404879994158366e-01 6.204514525767705901e-01
9.469199999999999839e-01 1.194220000000000059e+00 1.006310000000000038e+00 -8.916960000000000164e-02 4.435250000000000026e-01 5.753260000000000041e-01 8.793320749955072513e-01 9.371969036891526494e-01 -2.576470000000000149e-01 9.157406503464916581e-01 6.301402678815174463e-01 nan 6.255198261443906116e-01 7.226577698610000544e-01 4.835580335030000010e-02 1.201862953439999937e-01 5.927880000000000038e+00 1.053810000000000002e+01 1.224280000000000079e+01 1.321770000000000067e+01 4.846404879994158366e-01 6.204514525767705901e-01
4.617040000000000033e-01 1.005649999999999933e+00 9.399469999999999770e-01 -3.534780000000000144e-01 9.750459999999999683e-02 2.221849999999999936e-01 8.511140543036639361e-01 9.173736743085439960e-01 -3.414119999999999933e-01 8.931066656916044622e-01 6.770828960039849687e-01 nan 6.730488811184247577e-01 7.226577698610000544e-01 4.835580335030000010e-02 1.201862953439999937e-01 5.927880000000000038e+00 1.053810000000000002e+01 1.224280000000000079e+01 1.321770000000000067e+01 4.901450854616841157e-01 6.270117152831193863e-01
1.082160000000000011e+00 1.236150000000000082e+00 9.590229999999999588e-01 -9.016789999999999528e-02 2.897620000000000196e-01 9.461189999999999878e-02 8.208665586115682089e-01 8.953802751102588608e-01 -3.414119999999999933e-01 8.692897362615908952e-01 7.225405693772414262e-01 nan 7.190744306703704680e-01 7.750873974809999734e-01 4.490083005449999748e-02 9.096517632530000397e-02 4.580530000000000435e+00 1.489760000000000062e+01 1.713680000000000092e+01 1.914199999999999946e+01 4.901450854616841157e-01 6.270117152831193863e-01
1.618800000000000017e+00 1.381089999999999929e+00 1.261900000000000022e+00 2.236159999999999884e-02 3.812860000000000138e-01 -1.440210000000000101e-01 7.889323041316975704e-01 8.714659000953302037e-01 -2.995300000000000185e-01 8.415434431157454709e-01 7.659982343980028530e-01 nan 7.630749869329274127e-01 7.750873974809999734e-01 4.490083005449999748e-02 9.096517632530000397e-02 4.580530000000000435e+00 1.489760000000000062e+01 1.713680000000000092e+01 1.914199999999999946e+01 4.874040206029219835e-01 6.311719720726585159e-01
8.004350000000000076e-01 1.141850000000000032e+00 1.030089999999999950e+00 -1.742400000000000060e-01 3.182550000000000101e-01 1.835060000000000024e-01 7.556731187275892436e-01 8.459015086883764356e-01 -3.832940000000000236e-01 8.128798741854934562e-01 8.069634983567822717e-01 nan 8.045520060219109038e-01 7.862113625479999479e-01 3.336740832309999932e-02 1.023625086999999934e-01 1.037490000000000023e+01 1.911199999999999832e+01 2.389349999999999952e+01 2.624810000000000088e+01 4.874040206029219835e-01 6.311719720726585159e-01
-5.489229999999999804e-02 6.740310000000000468e-01 5.197640000000000038e-01 -4.632000000000000006e-01 1.262260000000000049e-01 5.478140000000000231e-01 7.214658422595685572e-01 8.175157783470925477e-01 -1.738830000000000098e-01 7.864166656627430418e-01 8.449722084440376424e-01 nan 8.430355367376668463e-01 7.862113625479999479e-01 3.336740832309999932e-02 1.023625086999999934e-01 1.037490000000000023e+01 1.911199999999999832e+01 2.389349999999999952e+01 2.624810000000000088e+01 4.684356271028404795e-01 6.520324241169161983e-01
1.961929999999999952e+00 1.463479999999999892e+00 1.381119999999999903e+00 -5.236469999999999736e-01 1.705000000000000127e-01 6.278989999999999849e-01 6.866980568385516737e-01 7.864760249356115285e-01 -1.320010000000000072e-01 7.595325371656300728e-01 8.795937107869705729e-01 nan 8.780895452999468720e-01 7.642734038549999775e-01 3.450519598329999937e-02 1.069241829780000069e-01 5.960829999999999629e+00 2.131099999999999994e+01 3.021760000000000090e+01 3.572469999999999857e+01 4.684356271028404795e-01 6.520324241169161983e-01
1.106729999999999992e+00 1.251169999999999893e+00 1.091169999999999973e+00 -2.777660000000000129e-01 5.102680000000000549e-01 4.909740000000000215e-01 6.514115150198408477e-01 7.543324115804022068e-01 -2.995300000000000185e-01 7.295158223444704326e-01 9.104357299299852269e-01 nan 9.093168557848694267e-01 7.642734038549999775e-01 3.450519598329999937e-02 1.069241829780000069e-01 5.960829999999999629e+00 2.131099999999999994e+01 3.021760000000000090e+01 3.572469999999999857e+01 4.630152836833620889e-01 6.478684693213420109e-01
-1.981729999999999881e-01 5.329009999999999581e-01 4.707870000000000110e-01 -5.823169999999999735e-01 -2.334400000000000017e-02 -1.811329999999999885e-01 6.143568007036235290e-01 7.212327161369584960e-01 -2.576470000000000149e-01 6.994043339154848438e-01 9.371488134723453545e-01 nan 9.363636502868400990e-01 7.026966634589999483e-01 5.292684617679999787e-02 9.250887519200000353e-02 1.138809999999999967e+01 2.592859999999999943e+01 3.732509999999999906e+01 4.369360000000000355e+01 4.630152836833620889e-01 6.478684693213420109e-01
2.194669999999999899e+00 1.505900000000000016e+00 1.360710000000000086e+00 8.816960000000000075e-02 6.893479999999999608e-01 -2.944289999999999963e-01 5.760411330954369191e-01 6.873355492528649968e-01 -2.995300000000000185e-01 6.693158393091523939e-01 9.594302915035098911e-01 nan 9.589234778168007622e-01 7.026966634589999483e-01 5.292684617679999787e-02 9.250887519200000353e-02 1.138809999999999967e+01 2.592859999999999943e+01 3.732509999999999906e+01 4.369360000000000355e+01 4.367448731414962371e-01 6.523097745695520810e-01
-5.116270000000000540e-01 -2.164610000000000145e-02 -1.772249999999999936e-01 -7.354479999999999906e-01 -2.737649999999999806e-01 -2.287319999999999909e-01 5.381744157018804042e-01 6.528085572457829056e-01 -4.251759999999999984e-01 6.393678454267532896e-01 9.770277059741587777e-01 nan 9.767407265143872586e-01 4.609950827859999878e-01 1.256093301010000052e-01 8.578813311310000411e-02 1.175200000000000067e+01 3.990950000000000131e+01 5.321280000000000143e+01 5.435799999999999699e+01 4.367448731414962371e-01 6.523097745695520810e-01
1.088920000000000110e+00 1.242080000000000073e+00 1.254750000000000032e+00 -4.998489999999999878e-01 -1.909730000000000108e-02 -5.444830000000000503e-01 5.009366423344954189e-01 6.178265226036814273e-01 -4.251759999999999984e-01 6.096762672402240568e-01 9.897416711467692529e-01 nan 9.896135198324447213e-01 4.609950827859999878e-01 1.256093301010000052e-01 8.578813311310000411e-02 1.175200000000000067e+01 3.990950000000000131e+01 5.321280000000000143e+01 5.435799999999999699e+01 4.043857037740195004e-01 6.306653452458435005e-01
-5.882359999999999811e-01 -3.253670000000000173e-01 -1.748899999999999899e-01 -1.000590000000000090e+00 -6.218839999999999923e-01 -5.630819999999999714e-01 4.644675271358600366e-01 5.825693836294107975e-01 -5.089399999999999480e-01 5.803541144292093668e-01 9.974281327156928612e-01 nan 9.973960038789723148e-01 2.617094667930000007e-01 1.359641000990000070e-01 1.017544836439999989e-01 2.896499999999999986e+01 5.737199999999999989e+01 6.455329999999999302e+01 6.391929999999999978e+01 4.043857037740195004e-01 6.306653452458435005e-01
-5.890079999999999760e-01 -2.083440000000000014e-01 1.760269999999999890e-01 -1.980029999999999957e+00 -1.922700000000000076e+00 -5.533580000000000165e-01 4.289027659173064722e-01 5.472201956678308665e-01 -8.021160000000000512e-01 5.515102109362335359e-01 1.000000000000000000e+00 nan 1.000000000000000000e+00 2.617094667930000007e-01 1.359641000990000070e-01 1.017544836439999989e-01 2.896499999999999986e+01 5.737199999999999989e+01 6.455329999999999302e+01 6.391929999999999978e+01 2.737694697050547799e-01 6.088840896988343410e-01
-6.177449999999999886e-01 -4.390789999999999971e-01 -6.995110000000000217e-02 -1.828570000000000029e+00 -1.676979999999999915e+00 -5.581500000000000350e-01 3.943801636114017128e-01 5.119630570156081806e-01 -8.021160000000000512e-01 5.232479619479493138e-01 9.974281327156929722e-01 nan 9.973960038789723148e-01 2.185066203569999976e-01 1.509069430149999891e-01 1.008409125969999959e-01 1.796839999999999904e+01 5.398250000000000171e+01 6.320329999999999870e+01 6.088629999999999853e+01 2.737694697050547799e-01 6.088840896988343410e-01
-6.749500000000000499e-01 -1.869450000000000056e+00 -1.414490000000000025e+00 -1.976089999999999902e+00 -2.266480000000000050e+00 -6.584259999999999557e-01 3.610304524276158888e-01 4.769810230139539531e-01 -6.345870000000000122e-01 4.956641822730537550e-01 9.897416711467692529e-01 nan 9.896135198324448323e-01 2.185066203569999976e-01 1.509069430149999891e-01 1.008409125969999959e-01 1.796839999999999904e+01 5.398250000000000171e+01 6.320329999999999870e+01 6.088629999999999853e+01 4.219049277381160534e-01 7.954078161055558871e-01
-6.699669999999999792e-01 -1.421710000000000029e+00 -1.024920000000000053e+00 -1.973600000000000021e+00 -2.291770000000000085e+00 -6.490409999999999791e-01 3.289655948595074930e-01 4.424540319584616688e-01 -8.021160000000000512e-01 4.688479993918205357e-01 9.770277059741587777e-01 nan 9.767407265143873696e-01 2.359161389659999997e-01 1.041614001639999953e-01 9.775110699139999415e-02 2.713190000000000168e+01 5.504429999999999978e+01 6.006580000000000297e+01 6.266530000000000200e+01 4.219049277381160534e-01 7.954078161055558871e-01
-6.570850000000000302e-01 -9.789689999999999781e-01 -5.092079999999999940e-01 -1.899559999999999915e+00 -2.139120000000000132e+00 -6.425790000000000113e-01 2.982710475844793097e-01 4.085568663263188238e-01 -9.277619999999999756e-01 4.428798436061353039e-01 9.594302915035101131e-01 nan 9.589234778168007622e-01 2.359161389659999997e-01 1.041614001639999953e-01 9.775110699139999415e-02 2.713190000000000168e+01 5.504429999999999978e+01 6.006580000000000297e+01 6.266530000000000200e+01 5.717535513079036180e-01 7.738484409206556336e-01
-6.691820000000000546e-01 -1.436409999999999965e+00 -8.457799999999999763e-01 -2.020099999999999785e+00 -2.370000000000000107e+00 -6.385140000000000260e-01 2.690305873272575976e-01 3.754571724210011840e-01 -9.277619999999999756e-01 4.178305367320364061e-01 9.371488134723455765e-01 nan 9.363636502868400990e-01 2.604344358719999919e-01 7.979537750750000102e-02 1.058966132189999992e-01 2.827420000000000044e+01 5.669619999999999749e+01 6.305109999999999815e+01 6.726370000000000005e+01 5.717535513079036180e-01 7.738484409206556336e-01
-6.620479999999999698e-01 -1.074470000000000036e+00 -7.308630000000000404e-01 -1.448830000000000062e+00 -1.791749999999999954e+00 -6.331489999999999618e-01 2.413236462974703844e-01 3.433135608726659571e-01 -5.508229999999999515e-01 3.937604896602405757e-01 9.104357299299852269e-01 nan 9.093168557848695377e-01 2.604344358719999919e-01 7.979537750750000102e-02 1.058966132189999992e-01 2.827420000000000044e+01 5.669619999999999749e+01 6.305109999999999815e+01 6.726370000000000005e+01 4.444232249077418873e-01 7.287660493461926015e-01
-6.722970000000000335e-01 -1.720699999999999896e+00 -1.432539999999999925e+00 -4.402920000000000167e-01 -7.633630000000000138e-01 -6.561979999999999480e-01 2.152090624802143193e-01 3.122738095163347660e-01 -2.157650000000000123e-01 3.707190178766124333e-01 8.795937107869706839e-01 nan 8.780895452999469830e-01 2.341992943510000091e-01 7.431589143769999628e-02 1.220599168209999946e-01 2.422990000000000066e+01 4.911110000000000042e+01 5.610629999999999740e+01 6.218319999999999936e+01 4.444232249077418873e-01 7.287660493461926015e-01
-6.568030000000000257e-01 -9.923910000000000231e-01 -8.276649999999999840e-01 -4.779189999999999827e-02 -4.990390000000000104e-01 -6.596619999999999706e-01 1.907370672967921843e-01 2.824731890099732023e-01 -2.576470000000000149e-01 3.487437826980034350e-01 8.449722084440378644e-01 nan 8.430355367376670683e-01 2.341992943510000091e-01 7.431589143769999628e-02 1.220599168209999946e-01 2.422990000000000066e+01 4.911110000000000042e+01 5.610629999999999740e+01 6.218319999999999936e+01 4.290889891199946016e-01 8.486775930418318792e-01
-6.536969999999999725e-01 -9.056999999999999496e-01 -5.836209999999999454e-01 -2.096989999999999965e-01 -8.439100000000000490e-01 -6.456229999999999469e-01 1.679507194930288660e-01 2.540329301638855064e-01 -3.832940000000000236e-01 3.278603645544837519e-01 8.069634983567823827e-01 nan 8.045520060219111258e-01 2.271776948489999948e-01 6.365852355340000102e-02 1.474467425050000058e-01 2.028099999999999881e+01 4.349419999999999931e+01 4.953670000000000329e+01 5.482710000000000150e+01 4.290889891199946016e-01 8.486775930418318792e-01
-6.696670000000000122e-01 -1.502639999999999976e+00 -1.874349999999999961e+00 2.276690000000000103e-01 -6.275340000000000362e-01 -6.646389999999999798e-01 1.468759542346398383e-01 2.270588503471920871e-01 3.287030000000000229e-01 3.080819731528480210e-01 7.659982343980030750e-01 nan 7.630749869329276347e-01 2.271776948489999948e-01 6.365852355340000102e-02 1.474467425050000058e-01 2.028099999999999881e+01 4.349419999999999931e+01 4.953670000000000329e+01 5.482710000000000150e+01 4.646161104963686395e-01 7.968204544109815934e-01
-6.745219999999999549e-01 -1.906169999999999920e+00 -1.482709999999999972e+00 -4.541810000000000014e-01 -1.229859999999999953e+00 -6.681899999999999507e-01 1.275136018403570937e-01 2.016401545347549229e-01 3.287030000000000229e-01 2.894092978053591780e-01 7.225405693772416482e-01 nan 7.190744306703704680e-01 2.730155205220000103e-01 7.147062646500000616e-02 1.621830243340000033e-01 2.334570000000000078e+01 4.793090000000000117e+01 5.376140000000000185e+01 5.406689999999999685e+01 4.646161104963686395e-01 7.968204544109815934e-01
-6.626030000000000530e-01 -1.109299999999999953e+00 -7.110840000000000494e-01 -1.210199999999999942e+00 -1.807250000000000023e+00 -6.229759999999999742e-01 1.098568467915221891e-01 1.778484245791674967e-01 -5.508229999999999515e-01 2.718304996195649581e-01 6.770828960039851907e-01 nan 6.730488811184249798e-01 2.730155205220000103e-01 7.147062646500000616e-02 1.621830243340000033e-01 2.334570000000000078e+01 4.793090000000000117e+01 5.376140000000000185e+01 5.406689999999999685e+01 6.512107305948896530e-01 9.692547778237974310e-01
-6.764369999999999550e-01 -2.155460000000000154e+00 -1.399829999999999908e+00 -1.694329999999999892e+00 -2.152849999999999930e+00 -5.728579999999999783e-01 9.387145466162782892e-02 1.557368081597630960e-01 -7.602330000000000476e-01 2.553213456376796087e-01 6.301402678815175573e-01 nan 6.255198261443907226e-01 3.341353966350000260e-01 5.933273174099999714e-02 1.188877188750000063e-01 1.452149999999999963e+01 3.748239999999999839e+01 4.855729999999999791e+01 5.802029999999999887e+01 6.512107305948896530e-01 9.692547778237974310e-01
-6.753179999999999739e-01 -1.986609999999999987e+00 -1.225940000000000030e+00 -1.771260000000000057e+00 -2.152859999999999996e+00 -6.014779999999999571e-01 7.951132779017622276e-02 1.353394165981705033e-01 -8.439980000000000260e-01 2.398454834056794605e-01 5.822445637437885235e-01 nan 5.770257889327705669e-01 3.341353966350000260e-01 5.933273174099999714e-02 1.188877188750000063e-01 1.452149999999999963e+01 3.748239999999999839e+01 4.855729999999999791e+01 5.802029999999999887e+01 7.227367959872608161e-01 8.738092420566830887e-01
-6.068059999999999565e-01 -3.130510000000000237e-01 8.410960000000000658e-02 -1.705419999999999936e+00 -1.896249999999999991e+00 -5.890750000000000153e-01 6.672852464465250932e-02 1.166709383634098041e-01 -8.439980000000000260e-01 2.253548528611317714e-01 5.339384610568311818e-01 nan 5.281162263024060666e-01 3.948461102790000177e-01 4.830181841919999747e-02 9.383170098529999836e-02 1.881480000000000175e+01 3.501599999999999824e+01 5.073190000000000310e+01 5.874210000000000065e+01 7.227367959872608161e-01 8.738092420566830887e-01
-6.162069999999999492e-01 -3.825990000000000224e-01 -2.681359999999999820e-03 -1.934439999999999937e+00 -2.289340000000000153e+00 -6.094619999999999482e-01 5.545960539931937827e-02 9.972647264566980585e-02 -9.696439999999999504e-01 2.117902308729069372e-01 4.857692872662277006e-01 nan 4.793453031411690768e-01 3.948461102790000177e-01 4.830181841919999747e-02 9.383170098529999836e-02 1.881480000000000175e+01 3.501599999999999824e+01 5.073190000000000310e+01 5.874210000000000065e+01 7.341953458066763361e-01 8.406825039938465860e-01
-6.756079999999999863e-01 -1.856200000000000072e+00 -1.531439999999999912e+00 -1.942849999999999966e+00 -2.361650000000000027e+00 -5.076779999999999626e-01 4.561554166156112089e-02 8.448158488444079683e-02 -8.021160000000000512e-01 1.990819022629169988e-01 4.382828183584512871e-01 nan 4.312656134963481769e-01 3.348469495379999827e-01 3.078593041400000049e-02 7.006916646270000548e-02 1.575980000000000025e+01 4.344959999999999667e+01 5.362660000000000338e+01 6.188389999999999702e+01 7.341953458066763361e-01 8.406825039938465860e-01
-6.354710000000000081e-01 -7.592119999999999980e-01 -9.709560000000000413e-01 7.533370000000000344e-01 7.562050000000000161e-01 -4.059590000000000143e-01 3.709549125092592714e-02 7.089258362184880369e-02 -6.354529999999999727e-03 1.871504497069419459e-01 3.920170950008566857e-01 nan 3.844219194632887415e-01 3.348469495379999827e-01 3.078593041400000049e-02 7.006916646270000548e-02 1.575980000000000025e+01 4.344959999999999667e+01 5.362660000000000338e+01 6.188389999999999702e+01 6.106508343958705343e-01 7.780604697946866821e-01
-6.143969999999999709e-01 -5.322890000000000121e-01 -1.283390000000000031e+00 1.341180000000000039e+00 1.151389999999999914e+00 -3.214670000000000027e-01 2.979111341936957480e-02 5.889701554433168784e-02 2.255279999999999951e+00 1.759076535646458828e-01 3.474963263259307489e-01 nan 3.393449788131757128e-01 2.999260545979999804e-01 1.815575955320000018e-02 5.930800268479999998e-02 2.472490000000000165e+01 5.098169999999999646e+01 5.815189999999999770e+01 5.977170000000000272e+01 6.106508343958705343e-01 7.780604697946866821e-01
3.532379999999999964e-01 9.777879999999999905e-01 7.552219999999999489e-01 2.584750000000000103e+00 1.749589999999999979e+00 -2.028570000000000095e-01 2.358371545497983668e-02 4.841437310363683189e-02 2.757870000000000044e+00 1.652574914433524444e-01 3.052249504323572005e-01 nan 2.965455312954062839e-01 2.999260545979999804e-01 1.815575955320000018e-02 5.930800268479999998e-02 2.472490000000000165e+01 5.098169999999999646e+01 5.815189999999999770e+01 5.977170000000000272e+01 2.094611673116781869e-01 9.726680373942371283e-01
4.254930000000000101e-01 9.989430000000000254e-01 1.479219999999999979e+00 2.368300000000000072e+00 1.843830000000000080e+00 -1.581539999999999890e-01 1.835211437742245710e-02 3.934700669951229912e-02 1.585169999999999968e+00 1.550972261701226707e-01 2.656819188997947556e-01 nan 2.565085117521482827e-01 2.449673288249999970e-01 1.175880480350000035e-02 4.067223652799999839e-02 1.945579999999999998e+01 4.573080000000000211e+01 5.198369999999999891e+01 5.278920000000000101e+01 2.094611673116781869e-01 9.726680373942371283e-01
5.566149999999999709e-01 1.084529999999999994e+00 9.354820000000000357e-01 2.642230000000000079e+00 1.874679999999999902e+00 -2.145710000000000117e-01 1.396415274208728796e-02 3.158123108869559381e-02 2.506580000000000030e+00 1.453185698449762642e-01 2.293152700761010854e-01 nan 2.196875556128082829e-01 2.449673288249999970e-01 1.175880480350000035e-02 4.067223652799999839e-02 1.945579999999999998e+01 4.573080000000000211e+01 5.198369999999999891e+01 5.278920000000000101e+01 9.649727859441789013e-01 9.954218685284895729e-01
1.389430000000000109e-01 8.224810000000000176e-01 -3.928369999999999918e-01 2.569859999999999811e+00 1.694339999999999957e+00 -2.473799999999999888e-01 1.028016941613008051e-02 2.498861348414727068e-02 3.260450000000000070e+00 1.358089107860684930e-01 1.965370526238242599e-01 nan 1.864998590233523101e-01 2.005377675870000098e-01 9.346787673010000658e-03 3.290854118540000040e-02 1.562579999999999991e+01 4.736910000000000309e+01 5.188110000000000355e+01 5.103470000000000084e+01 9.649727859441789013e-01 9.954218685284895729e-01
5.630399999999999849e-01 1.047339999999999938e+00 -7.921770000000000200e-01 2.757420000000000204e+00 1.890099999999999891e+00 -8.351490000000000302e-02 7.155683128977963214e-03 1.942742874984637602e-02 2.967280000000000140e+00 1.264525894650413429e-01 1.677186568442095016e-01 nan 1.573214518472699774e-01 2.005377675870000098e-01 9.346787673010000658e-03 3.290854118540000040e-02 1.562579999999999991e+01 4.736910000000000309e+01 5.188110000000000355e+01 5.103470000000000084e+01 8.917841074407554247e-01 9.669102419975149632e-01
-5.247799999999999687e-02 6.776079999999999881e-01 -7.512539999999999774e-01 2.440620000000000012e+00 1.711649999999999894e+00 -3.557839999999999892e-01 4.425855465453265580e-03 1.474426520321270306e-02 3.134809999999999874e+00 1.171322089756968721e-01 1.431866066766867007e-01 nan 1.324829370969660136e-01 1.749229041589999978e-01 8.671979734329999384e-03 2.844126211280000038e-02 2.086039999999999850e+01 4.303770000000000095e+01 5.303869999999999862e+01 5.118860000000000099e+01 8.917841074407554247e-01 9.669102419975149632e-01
-2.261209999999999887e-01 5.103490000000000526e-01 -5.514729999999999910e-01 2.301709999999999923e+00 1.741319999999999979e+00 -5.651969999999999494e-01 1.946673356444494907e-03 1.077576283077019692e-02 2.883509999999999796e+00 1.077299651878522724e-01 1.232188600521639810e-01 nan 1.122657450695280223e-01 1.749229041589999978e-01 8.671979734329999384e-03 2.844126211280000038e-02 2.086039999999999850e+01 4.303770000000000095e+01 5.303869999999999862e+01 5.118860000000000099e+01 1.000000000000000000e+00 1.000000000000000000e+00
-3.081340000000000190e-01 4.233180000000000276e-01 -1.692049999999999943e-01 2.076150000000000162e+00 1.645440000000000014e+00 -5.551800000000000068e-01 3.789742941056051251e-04 7.350464222374841761e-03 2.339049999999999851e+00 9.812898151520821344e-02 1.080416595186035611e-01 nan 9.689894462900738858e-02 1.427663383739999903e-01 8.297012765510000318e-03 2.285521429660000020e-02 8.828260000000000218e+00 3.185079999999999956e+01 4.084440000000000026e+01 4.475500000000000256e+01 1.000000000000000000e+00 1.000000000000000000e+00
-2.095720000000000083e-01 5.460070000000000201e-01 -8.882900000000000518e-02 2.079990000000000006e+00 1.882619999999999960e+00 -5.815860000000000474e-01 0.000000000000000000e+00 4.290757252182975101e-03 2.255279999999999951e+00 9.123090744168127486e-02 7.694510909068097426e-02 nan 8.655664776465687993e-02 1.427663383739999903e-01 8.297012765510000318e-03 2.285521429660000020e-02 8.828260000000000218e+00 3.185079999999999956e+01 4.084440000000000026e+01 4.475500000000000256e+01 9.694213994034814874e-01 9.708782024732264260e-01
-4.837000000000000188e-01 5.882049999999999779e-02 -7.958030000000000381e-01 1.758450000000000069e+00 1.530559999999999921e+00 -6.069729999999999848e-01 0.000000000000000000e+00 1.414887495007177698e-03 2.841629999999999878e+00 8.419278179426670228e-02 4.895797333357665426e-02 nan 8.135603683252157214e-02 1.431721338820000078e-01 1.176389110259999995e-02 2.754112988369999959e-02 1.565779999999999994e+01 2.916479999999999961e+01 3.517660000000000053e+01 3.973100000000000165e+01 9.694213994034814874e-01 9.708782024732264260e-01
-4.090639999999999832e-01 2.204430000000000001e-01 -1.436860000000000026e+00 2.031019999999999825e+00 1.730399999999999938e+00 -6.050590000000000135e-01 0.000000000000000000e+00 0.000000000000000000e+00 2.967280000000000140e+00 7.709434934884207280e-02 4.373255115760343870e-02 nan 4.002609541271262561e-02 1.431721338820000078e-01 1.176389110259999995e-02 2.754112988369999959e-02 1.565779999999999994e+01 2.916479999999999961e+01 3.517660000000000053e+01 3.973100000000000165e+01 9.763807833379205547e-01 9.346340453227620637e-01
-4.000130000000000075e-01 2.440400000000000069e-01 -7.405199999999999561e-01 2.010689999999999866e+00 1.723910000000000053e+00 -6.277080000000000437e-01 0.000000000000000000e+00 0.000000000000000000e+00 2.715990000000000126e+00 7.001603818140356150e-02 4.110495420792970034e-02 nan 0.000000000000000000e+00 1.886689779690000068e-01 2.100966585610000020e-02 3.987863588690000044e-02 1.028240000000000087e+01 2.646950000000000003e+01 2.884130000000000038e+01 3.479849999999999710e+01 9.763807833379205547e-01 9.346340453227620637e-01
-4.464879999999999960e-01 1.403240000000000043e-01 -1.537770000000000081e+00 1.928870000000000084e+00 1.610300000000000065e+00 -6.128190000000000026e-01 0.000000000000000000e+00 0.000000000000000000e+00 2.506580000000000030e+00 6.303804838582816039e-02 2.022309447605852295e-02 nan 0.000000000000000000e+00 1.886689779690000068e-01 2.100966585610000020e-02 3.987863588690000044e-02 1.028240000000000087e+01 2.646950000000000003e+01 2.884130000000000038e+01 3.479849999999999710e+01 9.826549010576691723e-01 9.827377078279392331e-01
-3.980710000000000082e-01 2.452759999999999940e-01 -1.579020000000000090e+00 1.980329999999999924e+00 1.518699999999999939e+00 -5.582350000000000367e-01 0.000000000000000000e+00 0.000000000000000000e+00 2.171520000000000117e+00 5.623944337476260991e-02 0.000000000000000000e+00 nan 0.000000000000000000e+00 2.312138920360000127e-01 4.214267788269999981e-02 6.772129502720000693e-02 1.331140000000000079e+01 2.699640000000000128e+01 2.884809999999999874e+01 3.291360000000000241e+01 9.826549010576691723e-01 9.827377078279392331e-01
-4.970129999999999826e-01 2.944420000000000023e-02 -2.766939999999999955e-01 1.732019999999999893e+00 1.442930000000000046e+00 -4.879290000000000016e-01 0.000000000000000000e+00 0.000000000000000000e+00 1.962110000000000021e+00 4.969725405956737507e-02 0.000000000000000000e+00 nan 0.000000000000000000e+00 2.312138920360000127e-01 4.214267788269999981e-02 6.772129502720000693e-02 1.331140000000000079e+01 2.699640000000000128e+01 2.884809999999999874e+01 3.291360000000000241e+01 9.775434891284200400e-01 9.862877936216791763e-01
-5.192569999999999686e-01 -9.606120000000000110e-04 1.359990000000000088e-01 1.536739999999999995e+00 1.346549999999999914e+00 -3.711800000000000099e-01 0.000000000000000000e+00 0.000000000000000000e+00 1.375760000000000094e+00 4.348560605930962275e-02 0.000000000000000000e+00 nan 0.000000000000000000e+00 2.737591903889999845e-01 5.744428644189999988e-02 1.098169473260000029e-01 1.610140000000000171e+01 2.949690000000000012e+01 3.103940000000000055e+01 3.297639999999999816e+01 9.775434891284200400e-01 9.862877936216791763e-01
-5.170590000000000463e-01 2.866950000000000054e-02 6.938629999999999798e-02 1.520929999999999893e+00 1.166709999999999914e+00 -2.087150000000000116e-01 0.000000000000000000e+00 0.000000000000000000e+00 8.731710000000000305e-01 3.767487982788086942e-02 0.000000000000000000e+00 nan 0.000000000000000000e+00 2.737591903889999845e-01 5.744428644189999988e-02 1.098169473260000029e-01 1.610140000000000171e+01 2.949690000000000012e+01 3.103940000000000055e+01 3.297639999999999816e+01 4.831182982930131153e-01 7.501183361931247351e-01
-5.832230000000000469e-01 -3.006860000000000088e-01 -1.090980000000000005e-01 1.197389999999999954e+00 9.595470000000000388e-01 -2.903830000000000022e-01 0.000000000000000000e+00 0.000000000000000000e+00 3.705849999999999977e-01 3.233091321533176909e-02 0.000000000000000000e+00 nan 0.000000000000000000e+00 2.599819395660000199e-01 5.075113955629999979e-02 1.400552189189999963e-01 1.596390000000000065e+01 3.565670000000000073e+01 3.559980000000000189e+01 3.572259999999999991e+01 4.831182982930131153e-01 7.501183361931247351e-01
-5.436539999999999706e-01 -2.576710000000000111e-02 6.659370000000000567e-02 1.036960000000000104e+00 8.833339999999999526e-01 -3.373749999999999805e-01 0.000000000000000000e+00 0.000000000000000000e+00 -4.823670000000000041e-02 2.751425549872310583e-02 0.000000000000000000e+00 nan 0.000000000000000000e+00 2.599819395660000199e-01 5.075113955629999979e-02 1.400552189189999963e-01 1.596390000000000065e+01 3.565670000000000073e+01 3.559980000000000189e+01 3.572259999999999991e+01 4.933972915133710835e-01 6.861946038695935224e-01
-5.198190000000000310e-01 8.302450000000000108e-02 2.876489999999999880e-01 6.858680000000000332e-01 5.974220000000000086e-01 -3.152869999999999839e-01 0.000000000000000000e+00 0.000000000000000000e+00 -2.995300000000000185e-01 2.327948133462276470e-02 0.000000000000000000e+00 nan 0.000000000000000000e+00 2.344637341649999929e-01 4.020473483709999934e-02 1.248344790350000011e-01 1.907130000000000081e+01 3.833700000000000330e+01 4.178600000000000136e+01 3.699170000000000158e+01 4.933972915133710835e-01 6.861946038695935224e-01
-5.931750000000000078e-01 -2.648679999999999923e-01 -1.102500000000000008e-01 4.171300000000000008e-01 4.683410000000000073e-01 -3.434079999999999910e-01 0.000000000000000000e+00 0.000000000000000000e+00 -1.320010000000000072e-01 1.967457240643988303e-02 0.000000000000000000e+00 nan 0.000000000000000000e+00 2.344637341649999929e-01 4.020473483709999934e-02 1.248344790350000011e-01 1.907130000000000081e+01 3.833700000000000330e+01 4.178600000000000136e+01 3.699170000000000158e+01 5.071644021052277296e-01 6.793828767528549140e-01
-6.262720000000000509e-01 -5.818090000000000206e-01 -7.972460000000000102e-01 6.010539999999999772e-01 5.415299999999999558e-01 -5.119620000000000282e-01 0.000000000000000000e+00 0.000000000000000000e+00 3.705849999999999977e-01 1.674037377277948213e-02 0.000000000000000000e+00 nan 0.000000000000000000e+00 2.631300478129999787e-01 3.926036273349999689e-02 1.097498248059999987e-01 1.939949999999999974e+01 4.079410000000000025e+01 3.907880000000000109e+01 3.708299999999999841e+01 5.071644021052277296e-01 6.793828767528549140e-01
-6.311080000000000023e-01 -5.865380000000000038e-01 -5.562939999999999552e-01 3.625650000000000261e-01 6.822040000000000048e-02 -5.323579999999999979e-01 0.000000000000000000e+00 0.000000000000000000e+00 3.552759999999999946e-02 1.451013107660692469e-02 0.000000000000000000e+00 nan 0.000000000000000000e+00 2.631300478129999787e-01 3.926036273349999689e-02 1.097498248059999987e-01 1.939949999999999974e+01 4.079410000000000025e+01 3.907880000000000109e+01 3.708299999999999841e+01 4.992276712744266876e-01 6.468478196556417537e-01
-6.101659999999999862e-01 -3.565650000000000208e-01 -1.241420000000000023e-01 8.793779999999999653e-02 -1.046649999999999942e-01 -3.202119999999999966e-01 0.000000000000000000e+00 0.000000000000000000e+00 -4.251759999999999984e-01 1.300911385883007920e-02 0.000000000000000000e+00 nan 0.000000000000000000e+00 2.659645594260000023e-01 4.532302013259999901e-02 1.159904152679999967e-01 1.272610000000000063e+01 2.855320000000000036e+01 3.049470000000000169e+01 3.234980000000000189e+01 4.992276712744266876e-01 6.468478196556417537e-01
-5.876829999999999554e-01 -3.305859999999999910e-01 -4.845300000000000162e-01 2.106080000000000192e-03 4.237350000000000144e-02 -2.927660000000000262e-01 0.000000000000000000e+00 0.000000000000000000e+00 -1.738830000000000098e-01 9.238054976392517936e-03 0.000000000000000000e+00 nan 0.000000000000000000e+00 2.659645594260000023e-01 4.532302013259999901e-02 1.159904152679999967e-01 1.272610000000000063e+01 2.855320000000000036e+01 3.049470000000000169e+01 3.234980000000000189e+01 4.840619435722590680e-01 6.448582924087331580e-01
-5.500730000000000341e-01 -7.245160000000000489e-02 1.759229999999999960e-01 2.799749999999999739e-01 4.207509999999999861e-01 -9.360949999999999827e-02 0.000000000000000000e+00 0.000000000000000000e+00 -2.995300000000000185e-01 5.937393376497901443e-03 0.000000000000000000e+00 nan 0.000000000000000000e+00 2.543097769459999880e-01 7.702099159660000249e-02 1.337833100470000036e-01 2.382010000000000005e+01 3.423539999999999850e+01 3.430250000000000199e+01 3.622299999999999898e+01 4.840619435722590680e-01 6.448582924087331580e-01
-3.825999999999999956e-01 4.303339999999999943e-01 6.838509999999999867e-01 5.061820000000000208e-01 6.075620000000000465e-01 2.521709999999999785e-01 0.000000000000000000e+00 7.415958628859131707e-04 -7.602330000000000476e-01 2.921119108588499103e-03 0.000000000000000000e+00 nan 0.000000000000000000e+00 2.543097769459999880e-01 7.702099159660000249e-02 1.337833100470000036e-01 2.382010000000000005e+01 3.423539999999999850e+01 3.430250000000000199e+01 3.622299999999999898e+01 4.806299955626204268e-01 6.561446068279983557e-01
-4.626799999999999802e-01 2.651760000000000228e-01 5.458169999999999966e-01 1.983920000000000128e-01 1.956620000000000026e-01 2.719670000000000143e-01 0.000000000000000000e+00 1.507349135949742625e-03 -5.508229999999999515e-01 0.000000000000000000e+00 0.000000000000000000e+00 nan 0.000000000000000000e+00 2.851631742230000266e-01 8.904526354630000473e-02 1.221765823229999937e-01 1.355010000000000048e+01 3.826350000000000051e+01 3.650699999999999790e+01 3.716299999999999670e+01 4.806299955626204268e-01 6.561446068279983557e-01
-5.711969999999999548e-01 -1.181370000000000059e-01 5.335190000000000071e-02 8.245230000000000614e-02 -1.573910000000000031e-01 1.021529999999999938e-01 0.000000000000000000e+00 2.345300926436810762e-03 -3.832940000000000236e-01 0.000000000000000000e+00 0.000000000000000000e+00 nan 0.000000000000000000e+00 2.851631742230000266e-01 8.904526354630000473e-02 1.221765823229999937e-01 1.355010000000000048e+01 3.826350000000000051e+01 3.650699999999999790e+01 3.716299999999999670e+01 4.860896575354007876e-01 6.848707177090113118e-01
-5.649269999999999570e-01 -9.568880000000000441e-02 3.292969999999999925e-02 -1.938799999999999968e-01 -2.275339999999999863e-01 -7.818269999999999387e-02 0.000000000000000000e+00 3.302674303541586198e-03 -5.508229999999999515e-01 0.000000000000000000e+00 0.000000000000000000e+00 nan 0.000000000000000000e+00 3.319846905050000130e-01 9.348229366440000132e-02 1.138336597320000060e-01 1.460139999999999993e+01 2.956850000000000023e+01 3.067800000000000082e+01 3.009990000000000165e+01 4.860896575354007876e-01 6.848707177090113118e-01
-5.157239999999999602e-01 1.257159999999999944e-01 4.169490000000000141e-01 -2.131770000000000054e-01 -3.446000000000000174e-01 -2.323209999999999997e-01 0.000000000000000000e+00 4.425339242163373044e-03 -8.021160000000000512e-01 0.000000000000000000e+00 0.000000000000000000e+00 nan 0.000000000000000000e+00 3.319846905050000130e-01 9.348229366440000132e-02 1.138336597320000060e-01 1.460139999999999993e+01 2.956850000000000023e+01 3.067800000000000082e+01 3.009990000000000165e+01 4.711654580892307154e-01 6.994482574995563029e-01
-5.567199999999999926e-01 -2.540919999999999984e-02 2.331419999999999881e-01 -2.359950000000000103e-01 -2.656609999999999805e-01 -4.467459999999999765e-01 0.000000000000000000e+00 5.757292897762167350e-03 -8.439980000000000260e-01 0.000000000000000000e+00 0.000000000000000000e+00 nan 0.000000000000000000e+00 3.385814811510000077e-01 8.684522351710000088e-02 1.485508399830000048e-01 1.308079999999999998e+01 2.863419999999999987e+01 3.140970000000000084e+01 3.248479999999999990e+01 4.711654580892307154e-01 6.994482574995563029e-01
-5.922169999999999934e-01 -2.817600000000000104e-01 -2.021469999999999934e-01 -6.860149999999999582e-02 -4.262529999999999930e-01 -5.115610000000000435e-01 0.000000000000000000e+00 7.340161101006992261e-03 -5.508229999999999515e-01 0.000000000000000000e+00 0.000000000000000000e+00 nan 0.000000000000000000e+00 3.385814811510000077e-01 8.684522351710000088e-02 1.485508399830000048e-01 1.308079999999999998e+01 2.863419999999999987e+01 3.140970000000000084e+01 3.248479999999999990e+01 4.920773115096639394e-01 6.278437666410272566e-01
-6.341550000000000242e-01 -6.974329999999999696e-01 -7.120109999999999495e-01 -2.363530000000000075e-01 -5.155650000000000510e-01 -5.994089999999999696e-01 0.000000000000000000e+00 9.212726720482455889e-03 -2.157650000000000123e-01 0.000000000000000000e+00 0.000000000000000000e+00 nan 0.000000000000000000e+00 3.845415106960000107e-01 8.314730310970000482e-02 1.660778223830000067e-01 1.166339999999999932e+01 3.260589999999999833e+01 3.349830000000000041e+01 3.215019999999999811e+01 4.920773115096639394e-01 6.278437666410272566e-01
-6.375330000000000163e-01 -7.844480000000000341e-01 -1.051509999999999945e+00 -1.975729999999999986e-01 -3.396120000000000250e-01 -5.280920000000000059e-01 0.000000000000000000e+00 1.141049023728923917e-02 -9.011890000000000178e-02 0.000000000000000000e+00 0.000000000000000000e+00 nan 0.000000000000000000e+00 3.845415106960000107e-01 8.314730310970000482e-02 1.660778223830000067e-01 1.166339999999999932e+01 3.260589999999999833e+01 3.349830000000000041e+01 3.215019999999999811e+01 4.853706897035943157e-01 6.216791905804390783e-01
-5.859010000000000051e-01 -2.807749999999999968e-01 -2.632399999999999740e-01 -3.710979999999999834e-01 -3.225910000000000166e-01 -4.345439999999999858e-01 0.000000000000000000e+00 1.396526751040905179e-02 -2.576470000000000149e-01 0.000000000000000000e+00 0.000000000000000000e+00 nan 0.000000000000000000e+00 4.002599320770000024e-01 8.185097040019999326e-02 1.566056266499999960e-01 1.077480000000000082e+01 2.715589999999999904e+01 3.400189999999999912e+01 3.231060000000000088e+01 4.853706897035943157e-01 6.216791905804390783e-01
-6.030130000000000212e-01 -3.614330000000000043e-01 9.528440000000000520e-02 -3.505940000000000167e-01 -5.286340000000000483e-01 -4.339299999999999824e-01 0.000000000000000000e+00 1.690482929030934223e-02 -4.670579999999999732e-01 0.000000000000000000e+00 0.000000000000000000e+00 nan 0.000000000000000000e+00 4.002599320770000024e-01 8.185097040019999326e-02 1.566056266499999960e-01 1.077480000000000082e+01 2.715589999999999904e+01 3.400189999999999912e+01 3.231060000000000088e+01 4.738615874585049292e-01 6.304693509259807760e-01
-4.888939999999999952e-01 1.598569999999999991e-01 5.768839999999999524e-01 -3.277300000000000213e-01 -5.854489999999999972e-01 -3.107710000000000194e-01 0.000000000000000000e+00 2.025258656524320244e-02 -6.764689999999999870e-01 0.000000000000000000e+00 0.000000000000000000e+00 nan 0.000000000000000000e+00 3.424327776109999943e-01 1.064755263850000050e-01 1.380694907689999917e-01 1.138860000000000028e+01 2.587750000000000128e+01 2.708490000000000109e+01 2.934890000000000043e+01 4.738615874585049292e-01 6.304693509259807760e-01
-4.935089999999999755e-01 1.807110000000000105e-01 4.968420000000000059e-01 -3.260919999999999930e-01 -3.589809999999999945e-01 -3.369899999999999979e-02 0.000000000000000000e+00 2.402732530539875011e-02 -7.602330000000000476e-01 0.000000000000000000e+00 0.000000000000000000e+00 nan 0.000000000000000000e+00 3.424327776109999943e-01 1.064755263850000050e-01 1.380694907689999917e-01 1.138860000000000028e+01 2.587750000000000128e+01 2.708490000000000109e+01 2.934890000000000043e+01 4.639364612178641378e-01 6.244859771611147581e-01
-6.463879999999999626e-01 -7.651499999999999968e-01 -7.744410000000000460e-01 -2.897279999999999855e-01 -5.542510000000000492e-01 -1.765450000000000075e-01 0.000000000000000000e+00 2.824299361034976474e-02 -5.508229999999999515e-01 0.000000000000000000e+00 0.000000000000000000e+00 nan 0.000000000000000000e+00 2.909957987410000113e-01 1.166905867970000066e-01 1.388079575249999975e-01 8.708610000000000184e+00 2.292310000000000159e+01 2.775829999999999842e+01 2.695189999999999841e+01 4.639364612178641378e-01 6.244859771611147581e-01
-5.746820000000000261e-01 -1.360000000000000098e-01 1.283080000000000054e-01 -4.016660000000000230e-01 -5.468509999999999760e-01 -2.147689999999999877e-01 0.000000000000000000e+00 3.290854367151430093e-02 -7.183509999999999618e-01 0.000000000000000000e+00 0.000000000000000000e+00 nan 0.000000000000000000e+00 2.909957987410000113e-01 1.166905867970000066e-01 1.388079575249999975e-01 8.708610000000000184e+00 2.292310000000000159e+01 2.775829999999999842e+01 2.695189999999999841e+01 4.437548095016092820e-01 6.112508135613277105e-01
-5.452919999999999989e-01 7.907559999999999893e-04 3.252280000000000171e-01 -4.024920000000000164e-01 -5.370540000000000314e-01 -2.350659999999999972e-01 0.000000000000000000e+00 3.802783034024936892e-02 -8.021160000000000512e-01 0.000000000000000000e+00 0.000000000000000000e+00 nan 0.000000000000000000e+00 2.851413371100000038e-01 1.210325929480000062e-01 1.348759939020000020e-01 1.160989999999999966e+01 2.503290000000000148e+01 2.862849999999999895e+01 3.013729999999999976e+01 4.437548095016092820e-01 6.112508135613277105e-01
-6.204600000000000115e-01 -4.184430000000000094e-01 -1.517110000000000125e-01 -1.873630000000000018e-01 -5.506499999999999728e-01 -4.370800000000000241e-01 0.000000000000000000e+00 4.359956745084370144e-02 -8.858800000000000008e-01 0.000000000000000000e+00 0.000000000000000000e+00 nan 0.000000000000000000e+00 2.851413371100000038e-01 1.210325929480000062e-01 1.348759939020000020e-01 1.160989999999999966e+01 2.503290000000000148e+01 2.862849999999999895e+01 3.013729999999999976e+01 4.627793723635506007e-01 6.444958878172889483e-01
-5.842950000000000088e-01 -1.643219999999999958e-01 1.449840000000000018e-01 -1.944069999999999965e-01 -6.317770000000000330e-01 -5.231099999999999639e-01 0.000000000000000000e+00 4.961734239329007590e-02 -8.858800000000000008e-01 0.000000000000000000e+00 0.000000000000000000e+00 nan 0.000000000000000000e+00 2.390997871420000032e-01 1.013829914049999975e-01 1.338729617689999873e-01 8.558310000000000528e+00 2.129410000000000025e+01 2.520530000000000115e+01 2.837999999999999901e+01 4.627793723635506007e-01 6.444958878172889483e-01
-6.327509999999999524e-01 -6.022929999999999673e-01 -2.908109999999999862e-01 -5.274250000000000327e-01 -5.335259999999999447e-01 -5.768269999999999786e-01 0.000000000000000000e+00 5.606968877071838442e-02 -1.320010000000000072e-01 0.000000000000000000e+00 0.000000000000000000e+00 nan 0.000000000000000000e+00 2.390997871420000032e-01 1.013829914049999975e-01 1.338729617689999873e-01 8.558310000000000528e+00 2.129410000000000025e+01 2.520530000000000115e+01 2.837999999999999901e+01 4.505007498609808758e-01 6.522690965031654464e-01
-6.680779999999999497e-01 -1.463349999999999929e+00 -1.240420000000000078e+00 -4.339999999999999969e-01 -6.460550000000000459e-01 -6.438300000000000134e-01 0.000000000000000000e+00 6.294021631825486018e-02 -6.354529999999999727e-03 0.000000000000000000e+00 0.000000000000000000e+00 nan 0.000000000000000000e+00 2.070073925279999894e-01 1.017671568090000034e-01 1.272707308390000069e-01 1.092650000000000077e+01 1.717770000000000152e+01 2.023710000000000164e+01 2.468380000000000152e+01 4.505007498609808758e-01 6.522690965031654464e-01
-6.207949999999999857e-01 -4.743729999999999891e-01 -2.039699999999999847e-02 -2.326219999999999954e-01 -6.180940000000000323e-01 -6.207869999999999777e-01 0.000000000000000000e+00 7.020779661127085625e-02 -6.345870000000000122e-01 0.000000000000000000e+00 0.000000000000000000e+00 nan 0.000000000000000000e+00 2.070073925279999894e-01 1.017671568090000034e-01 1.272707308390000069e-01 1.092650000000000077e+01 1.717770000000000152e+01 2.023710000000000164e+01 2.468380000000000152e+01 4.521408952272893966e-01 6.459159221347849922e-01
-6.617079999999999629e-01 -1.134840000000000071e+00 -1.010499999999999954e+00 -5.335950000000000415e-01 -6.411350000000000104e-01 -6.020980000000000221e-01 0.000000000000000000e+00 7.784680245887798389e-02 -3.414119999999999933e-01 0.000000000000000000e+00 0.000000000000000000e+00 nan 0.000000000000000000e+00 1.992755067460000029e-01 7.579461675920000363e-02 1.323940795480000043e-01 7.825789999999999580e+00 2.107280000000000086e+01 2.409369999999999834e+01 2.661730000000000018e+01 4.521408952272893966e-01 6.459159221347849922e-01
-6.619000000000000439e-01 -1.136870000000000047e+00 -8.834260000000000446e-01 -5.775580000000000158e-01 -6.344610000000000527e-01 -6.153520000000000101e-01 0.000000000000000000e+00 8.582739827023966317e-02 -2.157650000000000123e-01 0.000000000000000000e+00 0.000000000000000000e+00 nan 0.000000000000000000e+00 1.992755067460000029e-01 7.579461675920000363e-02 1.323940795480000043e-01 7.825789999999999580e+00 2.107280000000000086e+01 2.409369999999999834e+01 2.661730000000000018e+01 4.576791943066734758e-01 7.033940299390568640e-01
-6.655410000000000492e-01 -1.247829999999999995e+00 -1.117429999999999923e+00 -4.359399999999999942e-01 -8.805359999999999854e-01 -5.938759999999999595e-01 0.000000000000000000e+00 9.411587810373789331e-02 -2.576470000000000149e-01 0.000000000000000000e+00 0.000000000000000000e+00 nan 0.000000000000000000e+00 1.799039928520000109e-01 5.881352266630000131e-02 1.781831043110000123e-01 1.598770000000000024e+01 2.426559999999999917e+01 2.569669999999999987e+01 -1.000000000000000000e+00 4.576791943066734758e-01 7.033940299390568640e-01
-6.717859999999999943e-01 -1.604400000000000048e+00 -1.522270000000000012e+00 -2.824699999999999989e-01 -6.649929999999999453e-01 -6.242510000000000003e-01 0.000000000000000000e+00 1.026750475687594477e-01 -4.823670000000000041e-02 0.000000000000000000e+00 0.000000000000000000e+00 nan 0.000000000000000000e+00 1.799039928520000109e-01 5.881352266630000131e-02 1.781831043110000123e-01 1.598770000000000024e+01 2.426559999999999917e+01 2.569669999999999987e+01 -1.000000000000000000e+00 4.625827795970409717e-01 6.827295722146619061e-01
-6.502559999999999452e-01 -8.187050000000000161e-01 -4.868450000000000277e-01 -4.976849999999999885e-01 -7.500940000000000385e-01 -5.838069999999999649e-01 0.000000000000000000e+00 1.114646452530041465e-01 -5.089399999999999480e-01 0.000000000000000000e+00 0.000000000000000000e+00 nan 0.000000000000000000e+00 2.276907572240000066e-01 4.765512984760000154e-02 1.981128247320000091e-01 9.145400000000000418e+00 2.196839999999999904e+01 -1.000000000000000000e+00 -1.000000000000000000e+00 4.625827795970409717e-01 6.827295722146619061e-01
-6.301299999999999679e-01 -5.640100000000000113e-01 -1.174020000000000064e-01 -4.454879999999999951e-01 -7.973240000000000327e-01 -5.675609999999999822e-01 0.000000000000000000e+00 1.204417989003729872e-01 -2.995300000000000185e-01 0.000000000000000000e+00 0.000000000000000000e+00 nan 0.000000000000000000e+00 2.276907572240000066e-01 4.765512984760000154e-02 1.981128247320000091e-01 9.145400000000000418e+00 2.196839999999999904e+01 -1.000000000000000000e+00 -1.000000000000000000e+00 4.414574826015401632e-01 7.464129341459085909e-01
-6.771329999999999849e-01 -2.251619999999999955e+00 -2.856549999999999923e+00 -7.462269999999999737e-01 -9.307809999999999695e-01 -6.055230000000000334e-01 0.000000000000000000e+00 1.295615111707619782e-01 4.543490000000000029e-01 0.000000000000000000e+00 0.000000000000000000e+00 nan 0.000000000000000000e+00 2.321162055719999950e-01 4.323661529100000095e-02 2.005041351200000099e-01 7.497620000000000395e+00 -1.000000000000000000e+00 -1.000000000000000000e+00 -1.000000000000000000e+00 4.414574826015401632e-01 7.464129341459085909e-01
-6.477810000000000512e-01 -8.083949999999999747e-01 -3.434019999999999850e-01 -7.077329999999999455e-01 -9.248459999999999459e-01 -6.008019999999999472e-01 0.000000000000000000e+00 1.387771694779039722e-01 -2.157650000000000123e-01 0.000000000000000000e+00 0.000000000000000000e+00 nan 0.000000000000000000e+00 2.321162055719999950e-01 4.323661529100000095e-02 2.005041351200000099e-01 7.497620000000000395e+00 -1.000000000000000000e+00 -1.000000000000000000e+00 -1.000000000000000000e+00 0.000000000000000000e+00 0.000000000000000000e+00
